30    200
422      2118
263      1768
249      1762
144      1344
430      2086
410      2157
209      1618
152      1389
444      2339
314      1942
33      703
67      898
368      2057
339      1975
359      2060
328      1963
184      1435
237      1641
405      2105
266      1805
45      736
257      1650
164      1411
141      1321
356      1889
45      781
416      2166
297      1950
373      2024
365      2095
5   5   15   23   10   33   25   31   27   15   32   29   27   13   18   9   35   20   16   16   9   31   27   24   9   21   35   25   18   6   26   16   22   16   16   26   15   9   13   22   32   11   27   6   14   6   19   15   23   35   8   12   34   21   27   16   17   5   17   25   16   15   28   26   34   29   9   21   15   25   13   32   26   33   32   34   15   17   26   35   24   5   32   33   32   34   15   30   19   34   35   31   24   24   18   16   27   9   22   31   11   33   20   12   8   30   19   15   18   35   20   12   29   27   18   27   15   9   24   12   35   22   10   9   29   26   26   30   27   33   5   18   27   23   6   22   19   8   12   11   34   26   17   32   8   9   6   5   22   19   27   15   6   34   7   21   12   21   23   8   11   22   26   9   26   26   12   17   21   26   24   21   13   28   5   6   9   35   25   6   30   23   35   15   8   32   19   33   12   21   15   25   34   12   16   31   27   21   18   27   
23   11   62   75   11   268   139   99   108   51   73   99   94   66   126   54   212   95   29   63   78   142   96   101   73   167   203   158   77   20   141   41   7   53   87   47   53   53   99   112   139   92   181   32   47   43   32   116   40   299   65   81   72   77   15   99   89   25   62   98   139   29   156   103   94   280   56   61   138   114   103   51   187   97   289   201   36   119   135   218   136   24   215   56   256   70   67   101   28   143   249   87   88   184   128   94   36   37   37   41   31   236   191   58   4   277   72   53   94   87   141   16   119   180   103   166   53   38   143   6   286   121   68   66   184   202   33   73   142   245   11   65   151   185   34   37   136   38   70   30   129   104   42   157   32   32   18   16   52   94   88   67   22   267   11   154   110   140   168   56   83   177   170   27   200   173   61   42   164   165   116   115   119   129   30   28   39   99   51   13   90   175   69   57   19   125   59   117   2   116   24   28   25   18   27   184   209   129   28   205   
17   38   57   184   59   139   86   267   103   100   212   201   247   124   101   59   145   149   133   61   44   74   202   75   17   118   47   17   169   46   108   73   160   81   156   215   125   19   9   99   199   31   208   53   77   2   164   12   120   112   15   20   166   111   182   28   172   10   108   116   72   94   206   159   147   164   55   180   80   142   83   263   8   244   177   357   87   21   121   357   157   48   30   286   129   229   82   182   160   188   66   270   204   64   58   97   180   54   124   249   86   145   125   25   56   172   118   133   71   275   103   69   151   37   34   86   56   24   41   87   102   32   30   65   295   28   200   244   52   155   34   60   102   48   57   190   62   30   126   85   113   171   103   71   52   69   43   38   196   80   155   58   51   172   57   145   66   20   39   12   74   142   161   47   77   39   90   119   30   241   121   88   69   68   4   14   28   144   122   50   121   144   294   71   43   211   149   259   85   131   90   200   229   74   113   308   139   99   152   59   
37   22   51   91   62   133   205   147   191   42   250   85   259   55   30   0   87   41   94   112   36   168   85   156   55   56   229   161   85   55   62   72   135   121   68   150   60   68   91   47   56   61   31   19   111   38   128   108   126   339   68   93   172   169   174   77   84   32   42   194   71   109   34   55   159   140   5   189   67   39   28   190   168   288   130   169   110   94   229   152   11   22   181   244   129   141   26   81   130   293   284   164   232   215   70   7   129   17   101   228   96   95   85   63   45   126   166   72   48   158   43   74   64   201   84   92   63   46   172   80   182   131   87   11   122   168   145   147   174   95   39   94   229   198   22   164   74   23   60   45   156   57   61   200   17   30   52   18   136   47   77   46   25   102   53   26   52   119   185   62   17   49   19   66   239   196   21   66   129   78   42   49   57   167   29   28   36   180   134   33   140   43   282   116   56   73   171   117   71   12   102   158   224   54   122   129   76   40   133   231   
27   21   22   95   48   108   155   151   139   39   203   84   227   67   36   17   39   59   87   82   33   105   91   109   41   60   157   111   96   46   15   46   114   93   85   139   65   49   67   3   56   46   85   26   87   27   117   80   91   269   52   69   118   132   142   46   99   22   37   148   61   87   76   48   100   135   15   164   63   28   39   174   119   240   127   207   86   64   179   199   46   26   121   218   102   119   15   64   117   231   213   163   199   167   46   24   106   15   74   198   81   72   89   38   37   125   134   76   12   152   40   57   30   147   49   47   35   27   123   67   137   86   67   27   162   123   129   142   119   78   32   60   175   153   30   146   49   7   73   44   90   58   46   135   17   33   43   19   130   8   54   15   27   95   46   59   50   79   139   46   31   69   50   51   186   144   35   60   93   120   11   12   54   110   19   16   18   118   94   32   86   63   246   88   43   74   145   125   60   33   80   141   182   42   100   168   73   23   118   177   
27   9   35   42   33   189   161   79   134   8   158   23   177   44   74   26   125   39   48   79   55   127   36   112   60   108   193   144   58   37   77   34   68   82   59   76   32   55   88   55   41   72   99   18   75   37   73   104   63   305   63   81   84   117   92   76   67   25   10   136   100   66   72   23   83   205   29   125   99   40   64   97   162   191   203   150   69   96   173   151   62   17   177   144   180   38   24   10   74   209   249   88   160   190   89   45   47   9   37   133   63   152   135   50   20   196   116   41   52   67   86   40   39   176   78   109   38   33   143   43   218   110   73   39   125   171   68   69   140   158   25   62   179   181   22   97   95   21   53   18   103   25   9   155   8   14   35   7   76   48   12   36   14   175   32   90   79   116   165   55   49   112   91   43   208   170   27   18   135   100   50   63   86   126   26   22   27   103   69   17   78   107   175   80   34   29   115   55   35   52   59   83   122   18   74   124   136   73   79   206   
26   39   58   185   69   81   132   272   145   98   254   199   282   121   79   51   112   141   142   86   28   107   199   111   4   85   107   61   168   55   91   83   177   105   151   228   124   36   24   87   188   9   183   51   98   9   178   30   141   171   27   43   193   145   208   25   169   18   105   157   42   113   187   153   171   109   46   206   52   131   64   281   41   291   120   347   107   14   168   342   139   47   41   314   74   239   76   180   175   244   132   279   238   108   33   83   193   51   137   279   101   99   89   36   61   117   149   135   61   283   77   81   144   89   37   63   63   32   86   98   35   63   49   54   281   27   215   253   95   107   41   78   153   86   55   209   34   28   123   86   136   164   106   119   50   69   51   38   207   72   155   56   51   119   64   119   44   27   81   27   59   110   133   60   125   89   84   123   12   224   109   74   45   106   11   17   30   176   145   53   143   113   332   95   53   204   176   257   94   116   108   218   263   80   133   296   98   78   169   108   
36   32   56   142   72   56   197   216   194   71   281   145   295   87   14   22   59   89   125   114   14   159   145   155   39   8   203   137   128   61   57   85   169   129   108   200   94   62   73   54   118   38   88   34   118   30   163   86   147   300   57   82   201   178   209   59   125   30   74   201   32   124   103   103   181   69   17   216   30   79   13   250   134   320   52   253   122   70   229   238   67   34   141   300   56   200   47   133   164   305   250   231   258   192   38   35   172   34   128   275   109   30   40   58   57   54   177   106   45   230   9   86   100   177   68   62   69   44   155   97   110   117   80   20   192   127   192   209   161   22   44   98   223   171   37   200   40   24   89   68   162   110   88   189   33   50   58   29   180   50   119   49   38   18   64   40   22   92   161   54   17   24   45   71   215   173   50   99   93   141   65   45   25   160   25   26   36   199   155   45   156   23   333   120   61   138   191   191   90   56   116   202   267   72   140   205   10   29   163   203   
35   30   51   129   68   71   195   199   188   63   269   129   283   80   4   17   52   78   116   111   19   155   130   151   41   18   203   138   118   58   49   79   159   124   99   186   86   62   75   45   101   42   75   30   114   31   154   89   139   303   58   83   189   173   197   59   116   30   65   195   40   118   88   89   170   85   12   207   38   66   13   234   137   309   70   235   117   72   225   219   54   32   144   284   70   183   39   118   154   297   252   214   249   194   41   26   160   29   119   261   104   38   50   56   54   71   172   97   40   212   6   82   86   178   68   62   64   43   155   92   122   116   80   16   177   132   179   193   159   33   43   93   220   174   34   190   44   21   83   62   154   96   79   185   29   45   55   26   169   44   106   44   35   36   61   32   29   94   163   55   14   25   31   69   216   174   44   90   98   127   53   39   32   156   25   25   34   188   146   42   147   19   318   117   59   121   184   172   84   44   111   190   253   67   134   189   24   21   154   205   
38   9   68   20   49   240   215   42   191   25   205   41   198   15   92   31   183   29   47   112   67   197   24   165   78   130   271   200   22   44   123   69   88   112   23   75   9   76   117   94   76   92   94   7   100   50   75   137   107   384   81   108   153   156   126   110   29   36   34   186   124   89   68   60   157   241   36   144   119   75   74   100   219   234   242   73   94   132   226   76   75   6   246   156   231   78   47   69   79   272   328   63   186   244   121   59   79   22   78   155   76   201   156   77   28   232   148   19   86   59   110   60   94   237   117   160   72   54   197   55   283   159   95   41   65   227   79   57   200   204   31   102   237   233   9   106   128   37   26   15   180   49   43   227   15   5   43   4   66   84   71   68   4   218   37   99   93   161   217   73   55   128   111   60   267   229   21   31   179   59   89   99   102   189   37   36   47   179   119   15   145   125   200   110   49   59   138   21   47   68   83   94   165   37   94   57   169   103   87   267   
36   21   48   87   59   133   200   142   185   39   243   80   253   54   31   1   84   39   91   109   37   162   81   152   55   58   223   157   83   53   58   68   130   118   67   145   58   66   90   43   49   60   35   19   108   38   125   106   121   333   66   91   164   165   168   75   82   31   38   189   72   106   33   50   151   142   5   184   68   34   29   184   165   281   132   168   107   92   224   151   7   22   177   237   129   134   22   75   127   286   278   159   226   211   69   6   123   15   96   221   94   95   87   61   43   128   162   69   45   152   43   72   58   197   81   90   60   44   168   77   181   127   85   13   122   166   140   142   170   95   38   91   224   195   22   159   73   22   59   43   150   52   57   194   15   29   51   17   132   43   71   43   24   103   52   30   52   116   182   61   19   52   21   65   234   192   20   63   127   79   37   46   58   162   28   27   35   173   129   32   134   46   275   113   54   67   167   112   69   7   99   153   217   52   118   128   78   39   130   227   
15   43   79   212   63   206   61   302   97   120   208   240   240   142   137   75   212   181   146   58   62   104   238   78   33   161   69   49   191   44   156   88   171   76   178   235   143   13   26   138   250   52   258   62   71   14   175   29   134   44   6   8   191   101   192   59   194   12   132   105   104   94   254   198   178   222   72   176   111   183   109   286   60   234   243   404   85   56   94   410   200   54   95   298   195   265   107   223   170   164   12   301   195   15   95   126   204   68   144   258   83   213   166   39   61   233   107   150   103   312   143   73   196   26   67   139   73   33   36   91   171   55   13   82   339   75   220   274   62   222   34   74   72   14   66   197   101   43   143   97   151   209   122   86   64   81   40   45   213   113   191   82   58   242   58   186   90   62   8   4   95   187   211   45   24   24   110   139   69   284   162   127   96   85   12   22   41   170   138   56   149   190   298   65   43   258   143   302   92   168   92   215   240   85   114   354   195   140   158   4   
39   32   62   140   76   76   212   214   208   72   293   145   302   84   14   20   77   85   126   123   18   177   143   169   45   12   226   153   125   63   68   90   173   136   103   202   92   68   82   61   118   45   76   32   125   34   165   97   155   324   63   90   213   188   216   69   121   33   75   214   41   129   96   104   195   77   15   222   35   81   4   253   151   332   60   243   128   81   243   225   63   33   162   305   77   204   49   136   166   322   274   230   266   208   50   34   177   34   134   282   112   53   41   65   59   60   186   104   53   231   18   90   106   195   80   79   75   49   171   100   133   131   87   15   181   145   195   209   177   44   46   107   239   186   35   204   53   27   86   68   179   110   90   207   33   49   60   29   181   58   123   55   38   38   65   28   26   106   177   60   10   9   38   75   232   190   48   100   108   130   70   54   30   176   28   29   40   214   164   46   169   9   342   128   65   138   198   188   92   54   122   205   277   75   145   195   26   37   166   221   
29   24   30   107   54   89   165   168   152   47   224   99   246   72   25   16   23   65   97   90   27   116   105   120   39   46   166   115   104   50   14   56   129   102   91   155   72   52   67   14   70   42   81   28   95   27   130   80   106   274   52   71   140   144   160   46   106   24   47   161   52   97   79   62   121   116   13   178   54   40   31   194   119   261   106   219   95   62   191   207   46   28   121   241   84   141   22   82   130   250   220   181   215   171   39   22   124   19   89   219   89   51   76   42   43   105   145   84   16   173   26   65   49   152   50   42   43   31   129   75   123   92   70   23   169   120   146   160   128   57   35   69   186   155   32   161   42   10   77   51   107   71   58   146   21   37   47   21   143   17   71   23   30   72   51   50   42   79   143   48   25   55   40   56   191   149   38   70   90   123   23   11   46   121   20   18   22   139   110   35   104   49   270   96   48   90   157   142   68   34   90   157   205   51   111   177   54   9   131   181   
23   24   17   115   47   95   132   177   120   52   196   110   227   81   46   27   36   81   96   71   31   76   117   90   32   66   120   83   113   45   19   44   120   85   103   153   78   40   52   22   91   37   115   33   80   20   126   63   88   229   43   55   114   120   144   28   117   17   53   132   55   84   108   73   92   129   24   163   60   56   46   190   89   233   125   244   81   45   159   238   73   32   84   229   87   139   31   89   124   212   174   186   196   140   33   42   118   24   78   204   80   67   90   26   40   123   125   89   8   178   46   56   55   117   28   24   28   20   98   69   107   63   56   35   195   93   142   163   92   77   31   48   152   127   37   153   36   4   86   53   69   84   56   105   25   41   42   23   143   14   73   11   32   96   47   77   48   55   113   37   40   81   74   47   157   115   49   72   70   150   38   16   52   85   14   10   11   105   90   35   76   77   251   79   40   106   142   156   63   58   77   150   184   47   99   203   76   32   123   146   
42   24   68   93   69   164   233   148   219   49   276   96   275   50   46   10   127   42   98   129   43   203   91   182   65   72   269   191   81   59   93   87   147   137   60   158   60   78   107   73   78   73   0   16   124   45   135   126   145   380   77   107   202   189   192   95   76   38   52   220   85   122   32   73   192   159   14   202   78   63   34   201   199   313   152   149   123   114   257   126   31   20   219   258   160   158   40   102   138   326   325   168   248   243   89   26   145   24   118   244   104   129   96   76   49   145   184   71   69   167   62   84   93   233   105   124   79   56   200   87   219   157   99   11   99   198   156   154   205   126   43   114   259   225   19   173   95   33   53   48   194   70   72   236   21   31   57   19   140   69   98   63   25   131   57   31   60   143   212   72   21   59   43   75   269   227   20   73   153   56   69   74   67   198   35   35   46   215   157   35   171   56   301   131   63   89   185   121   78   33   114   169   248   62   133   109   99   64   142   263   
32   2   60   10   36   243   189   26   162   22   163   36   163   30   99   36   182   45   28   95   69   172   27   141   75   138   244   182   31   36   121   54   59   92   42   44   11   68   110   92   81   90   118   15   83   47   52   129   80   354   75   98   116   130   90   103   45   32   32   156   126   70   91   59   125   250   40   116   123   77   81   61   205   190   252   110   75   125   196   120   88   11   230   115   233   39   47   58   56   230   299   37   154   223   120   66   45   22   54   115   61   205   165   68   17   242   123   16   83   14   116   45   88   215   108   155   61   47   177   39   278   143   86   48   103   215   45   22   178   210   25   86   208   216   17   78   127   35   38   0   153   52   29   199   16   8   35   2   44   80   58   62   5   228   28   113   97   150   199   67   62   140   124   49   243   208   32   12   170   93   88   98   106   164   34   32   42   144   91   8   117   137   155   92   39   62   112   25   31   77   64   62   120   23   72   97   177   106   65   244   
24   17   14   81   39   135   143   131   122   30   176   67   203   63   52   22   67   55   74   72   40   94   77   96   45   79   151   110   87   41   34   32   95   81   80   117   56   47   69   20   48   53   96   25   76   28   101   82   71   264   52   67   89   116   117   50   92   20   28   131   74   74   79   36   73   160   21   145   76   27   50   147   123   212   155   197   74   69   163   192   54   24   127   189   127   92   13   44   101   207   208   141   178   163   58   33   83   12   54   170   72   100   107   35   30   152   119   67   21   127   58   46   14   143   50   62   25   24   117   56   158   82   64   33   158   130   107   120   111   107   28   49   162   152   29   127   62   8   69   37   71   48   32   123   14   28   38   16   112   16   33   12   23   125   40   74   60   83   137   45   40   87   69   44   180   139   34   47   101   120   19   28   65   99   19   14   15   92   73   27   64   82   215   78   36   60   128   107   49   41   67   119   152   32   86   161   97   42   102   173   
33   38   60   173   75   13   175   258   180   90   283   183   303   109   49   39   80   122   141   107   9   142   183   142   21   44   166   106   156   61   74   89   183   124   136   226   116   52   51   73   163   16   142   44   115   21   180   61   154   244   44   66   210   171   221   42   154   26   95   190   11   125   154   137   188   53   34   222   22   112   39   281   93   322   53   314   121   44   210   303   110   43   96   324   9   234   65   167   179   291   202   270   261   157   18   63   195   45   142   293   110   47   47   50   63   55   172   127   53   272   44   89   130   141   54   54   70   41   128   103   40   96   68   38   247   81   216   245   137   49   45   94   198   134   48   216   19   26   111   82   158   146   103   164   44   63   57   36   204   63   146   54   47   53   67   83   19   63   128   43   40   68   95   70   178   139   71   118   56   191   92   59   19   142   19   23   35   200   160   52   160   71   351   114   61   182   194   238   98   91   119   222   281   81   144   262   46   53   175   163   
6   36   69   185   47   221   18   262   52   105   152   211   192   128   135   71   208   164   122   32   67   79   210   43   42   164   59   55   170   33   148   69   137   48   162   197   126   5   41   128   225   61   245   57   46   18   145   47   100   91   20   16   145   64   149   61   175   7   116   60   114   68   236   177   137   240   69   139   119   166   109   239   81   175   257   368   59   65   51   377   187   49   110   244   209   223   97   195   139   104   51   259   152   42   101   120   167   61   115   207   64   217   175   32   49   247   73   131   97   267   143   54   175   39   65   139   59   26   25   72   196   47   9   80   312   100   182   235   41   228   25   54   28   55   60   161   107   39   130   84   119   187   103   55   57   72   30   39   181   104   165   73   51   249   46   182   96   72   40   12   94   188   203   29   45   35   101   118   88   264   149   120   103   57   12   19   35   125   102   47   115   190   238   38   29   230   109   265   73   157   67   176   185   69   86   324   200   136   129   49   
15   37   57   184   57   149   77   266   95   100   203   201   239   124   105   60   152   151   132   57   47   69   202   69   20   123   37   11   169   45   112   71   156   76   156   212   124   16   11   102   201   34   212   54   72   4   161   14   116   104   14   16   161   105   177   31   172   9   108   108   77   90   209   160   143   174   56   174   85   144   86   259   18   235   188   358   83   26   112   359   160   48   39   280   139   227   83   182   157   176   54   268   197   57   64   99   177   55   122   243   83   154   131   24   55   181   112   133   73   273   108   67   153   28   37   92   55   23   33   84   114   28   26   66   297   37   197   242   44   164   33   57   93   43   57   186   67   31   126   84   110   172   102   63   52   69   41   38   194   82   155   59   51   182   55   149   70   25   32   9   76   148   166   44   69   30   91   119   37   243   124   91   74   62   4   14   28   139   118   50   118   150   287   66   41   212   144   259   83   134   87   197   222   73   110   310   147   103   149   51   
16   22   74   127   16   293   103   171   76   81   2   158   69   95   149   69   247   136   64   44   85   137   154   82   73   191   183   147   118   8   169   54   55   27   123   104   87   44   93   138   196   95   231   45   20   41   67   109   53   254   57   70   95   37   46   102   128   22   94   57   151   6   210   149   114   305   70   42   151   154   120   121   178   33   319   279   11   119   87   298   177   36   212   100   279   141   90   155   60   72   213   157   50   154   139   119   93   52   70   69   14   268   212   57   22   306   29   87   111   167   165   18   162   157   106   184   62   38   123   23   297   112   54   81   250   196   92   142   125   278   1   64   109   162   47   64   147   45   98   55   140   153   73   138   47   52   5   27   98   114   133   81   35   302   14   187   121   138   146   49   99   207   209   12   165   150   85   78   162   222   149   137   130   116   28   29   44   107   62   26   105   207   76   32   9   187   26   190   30   151   14   79   52   41   13   254   239   154   49   175   
31   13   38   54   44   166   179   97   157   14   196   34   210   43   55   15   103   23   65   92   47   142   42   130   58   87   207   150   62   44   64   49   95   98   55   103   37   60   90   44   3   67   66   15   90   38   94   106   89   320   65   86   119   139   126   75   67   28   10   160   89   84   40   9   112   179   18   151   86   18   50   132   164   231   174   144   86   95   197   136   33   17   177   183   159   78   13   27   96   244   264   112   189   201   80   27   80   2   63   171   77   127   116   54   30   169   137   49   45   97   67   54   32   186   79   98   47   38   155   58   203   117   79   28   111   170   98   95   153   131   31   74   200   189   19   123   85   20   51   26   122   11   30   172   2   16   42   10   97   41   31   36   16   145   41   64   68   116   174   58   36   87   62   53   221   181   15   35   132   79   34   52   74   142   27   24   29   133   95   23   101   81   218   95   43   16   138   66   50   27   77   113   164   33   93   112   111   56   100   217   
6   29   43   148   35   183   48   213   38   80   132   162   180   106   107   56   153   129   100   22   56   27   164   16   37   134   40   45   140   32   106   43   110   42   135   161   101   13   40   91   169   52   199   47   43   16   122   48   68   141   27   25   94   61   118   43   147   2   87   58   96   57   187   131   81   208   54   127   102   123   90   195   72   163   218   311   49   52   72   317   146   41   85   208   171   168   71   143   117   110   87   212   145   76   79   93   126   45   81   175   59   171   150   14   39   211   73   108   67   212   113   40   125   53   42   100   33   10   31   58   166   23   25   65   263   91   146   189   16   182   22   23   60   77   50   138   83   26   110   66   60   142   75   8   43   57   28   31   150   73   119   48   41   203   40   147   82   55   60   19   77   154   160   24   85   51   80   91   77   218   108   86   88   8   8   10   20   70   67   38   65   154   209   35   23   174   102   210   58   121   53   145   148   51   74   271   162   103   110   80   
10   20   40   114   16   212   75   163   39   62   81   126   135   88   110   52   165   110   71   22   63   61   129   34   51   143   107   90   113   23   109   23   68   27   113   113   79   28   64   89   144   67   185   40   29   27   86   76   26   202   42   48   38   45   67   62   122   11   69   47   111   31   166   108   42   234   52   92   115   108   92   136   118   114   242   263   26   78   80   273   134   33   135   145   200   116   62   111   81   92   152   159   110   118   95   88   80   38   45   116   41   189   164   28   24   233   55   84   70   155   119   18   107   105   61   118   27   16   76   35   210   61   41   64   227   135   98   138   67   199   14   20   85   121   43   96   100   27   93   49   56   116   52   68   35   44   20   23   110   72   91   47   32   221   26   145   92   88   104   34   76   159   157   14   129   100   69   65   111   192   100   89   99   52   17   15   22   26   22   28   37   157   144   27   11   142   74   164   35   112   26   97   83   31   46   232   175   106   76   130   
20   24   87   134   22   321   122   176   100   88   26   172   45   98   163   75   275   145   65   58   93   164   165   103   81   208   214   169   121   4   190   67   59   39   127   106   92   52   105   155   215   104   247   47   30   46   65   122   71   280   64   80   121   51   56   116   131   26   103   76   164   19   225   165   142   329   76   24   164   171   130   123   201   14   346   285   24   134   104   307   192   37   241   90   306   156   101   173   57   91   242   160   30   173   155   130   104   58   84   62   4   295   228   68   25   331   36   89   126   176   181   27   182   180   122   207   74   46   144   24   328   132   61   87   258   220   96   148   149   305   2   80   128   181   49   58   164   52   100   58   169   167   83   167   51   55   4   29   98   129   150   93   37   329   12   201   131   157   165   55   107   223   228   20   185   172   91   85   181   232   167   154   141   141   33   35   51   137   82   27   130   224   58   43   16   204   11   201   33   164   25   79   64   47   13   262   260   170   44   197   
22   16   11   80   34   146   133   129   109   31   159   68   190   64   61   26   81   61   69   64   44   83   78   85   45   89   141   105   87   38   44   24   85   73   83   110   56   43   68   30   58   55   109   26   69   27   95   80   59   255   50   63   71   105   105   50   94   18   30   118   80   67   90   42   55   172   26   135   82   38   57   137   120   194   169   202   66   68   151   200   66   25   125   176   138   83   20   44   93   190   198   136   166   155   63   42   73   14   44   156   66   113   116   32   27   165   109   66   27   121   68   40   25   136   49   68   18   21   109   51   165   76   60   38   165   129   99   115   102   121   25   41   150   147   30   118   67   9   71   35   57   53   28   112   15   28   35   15   107   23   31   13   23   140   37   85   65   81   131   43   45   99   82   39   172   132   38   44   101   128   32   36   71   88   18   13   13   74   60   26   49   94   199   70   32   66   119   108   44   52   59   110   136   27   78   168   109   52   95   166   
32   12   41   48   44   174   182   90   160   12   195   28   207   40   59   16   112   19   62   94   49   147   35   133   60   92   213   155   58   44   71   50   92   99   52   98   33   62   93   50   12   70   68   14   90   39   91   109   89   327   66   88   120   139   124   79   63   29   9   162   93   84   40   11   115   186   20   149   90   24   52   126   170   230   182   136   86   99   199   128   36   16   185   178   167   74   17   26   93   246   270   105   188   205   85   30   77   4   63   167   76   135   120   56   29   176   137   45   50   90   72   54   38   191   83   105   49   39   159   57   212   122   81   29   105   176   94   89   158   139   30   76   203   193   18   120   90   22   48   24   127   5   29   178   1   14   42   9   92   46   32   39   14   153   40   68   71   121   178   60   38   91   67   53   226   186   14   32   137   75   40   57   77   146   28   25   31   136   96   22   104   86   214   96   43   9   137   57   48   31   77   109   162   32   92   105   118   61   98   222   
23   9   59   68   13   262   142   91   111   47   82   90   102   62   121   51   205   89   26   65   76   141   88   102   73   162   204   158   72   21   136   39   8   57   82   41   49   54   99   107   130   91   173   30   50   43   32   116   40   302   65   82   70   81   22   97   85   25   57   102   136   33   148   96   91   274   53   67   135   108   99   46   186   107   282   192   39   118   140   208   129   23   213   60   250   60   64   93   28   150   251   79   95   186   125   89   28   34   33   48   34   230   186   58   2   271   77   49   90   77   137   18   112   181   101   161   51   38   145   10   281   120   69   64   176   201   27   65   143   238   12   64   155   186   32   40   133   36   67   27   126   96   38   158   29   30   20   14   48   90   80   64   20   259   13   148   108   139   169   56   80   171   163   29   202   174   58   36   162   157   111   111   117   129   30   28   38   98   51   11   88   169   78   59   21   116   65   107   2   110   28   27   34   15   32   174   204   125   31   207   
17   44   82   219   66   206   70   311   107   124   219   248   250   145   138   76   217   185   151   64   62   113   245   86   32   161   78   52   196   46   160   93   179   82   183   244   147   16   25   142   257   51   262   64   76   13   181   27   141   39   4   12   202   109   202   61   199   13   136   114   104   99   259   204   188   220   73   184   110   188   110   297   60   246   242   413   91   56   104   419   204   56   97   310   194   275   110   231   176   176   24   310   203   18   96   129   212   70   151   269   88   214   165   42   64   232   114   155   106   322   145   77   203   33   70   142   77   36   44   95   169   60   16   83   346   72   228   284   71   224   35   80   82   5   68   205   101   45   146   100   160   215   127   96   65   84   43   46   220   116   198   85   60   243   60   188   90   63   12   6   96   188   214   48   28   31   112   144   68   289   167   130   95   93   13   24   43   181   146   58   158   192   311   70   46   266   150   311   96   172   98   224   252   89   120   362   196   142   165   8   
36   40   67   180   80   16   190   267   196   95   301   192   317   112   50   40   93   126   147   116   5   160   191   156   25   41   186   120   161   64   84   98   194   133   139   237   120   57   58   81   172   20   142   45   123   24   188   69   165   262   48   73   228   183   235   51   158   29   101   204   1   134   158   145   205   36   34   234   14   119   37   294   108   341   37   319   130   54   225   307   113   44   115   339   20   248   70   178   187   311   221   280   274   170   28   66   206   48   152   308   116   54   37   57   67   39   183   131   61   285   45   96   140   156   64   68   78   46   143   109   56   109   74   38   250   94   227   256   153   51   48   104   214   146   49   226   29   30   113   86   177   153   110   183   46   66   61   37   213   71   156   62   49   50   71   82   13   75   140   48   39   63   96   75   192   154   73   124   66   193   99   67   12   158   22   26   40   219   173   54   175   68   369   123   66   192   204   247   103   95   127   233   298   86   153   267   44   59   184   177   
