50 50
58268.0 12500.0
58268.0 12500.0
58268.0 12500.0
58268.0 12500.0
58268.0 12500.0
58268.0 12500.0
58268.0 12500.0
58268.0 12500.0
58268.0 12500.0
58268.0 12500.0
58268.0 12500.0
58268.0 12500.0
58268.0 12500.0
58268.0 12500.0
58268.0 12500.0
58268.0 12500.0
58268.0 12500.0
58268.0 12500.0
58268.0 12500.0
58268.0 12500.0
58268.0 12500.0
58268.0 12500.0
58268.0 0.0
58268.0 12500.0
58268.0 12500.0
58268.0 12500.0
58268.0 12500.0
58268.0 12500.0
58268.0 12500.0
58268.0 12500.0
58268.0 12500.0
58268.0 12500.0
58268.0 12500.0
58268.0 12500.0
58268.0 12500.0
58268.0 12500.0
58268.0 12500.0
58268.0 12500.0
58268.0 12500.0
58268.0 12500.0
58268.0 12500.0
58268.0 12500.0
58268.0 12500.0
58268.0 12500.0
58268.0 12500.0
58268.0 12500.0
58268.0 12500.0
58268.0 12500.0
58268.0 12500.0
58268.0 12500.0
146.0 87.0 672.0 1337.0 31.0 559.0 2370.0 1089.0 33.0 32.0 5495.0 904.0 1466.0 143.0 615.0 564.0 226.0 3016.0 253.0 195.0 38.0 807.0 551.0 304.0 814.0 337.0 4368.0 577.0 482.0 495.0 231.0 322.0 685.0 12912.0 325.0 366.0 3671.0 2213.0 705.0 328.0 1681.0 1117.0 275.0 500.0 2241.0 733.0 222.0 49.0 1464.0 222.0 
2609.75000 2368.57500 38119.20000 94158.22500 1432.20000 29389.42500 181956.75000 70158.82500 1719.30000 1038.40000 282030.87500 50691.80000 87703.45000 8994.70000 22109.25000 16807.20000 10299.95000 175305.00000 14104.75000 4719.00000 2204.00000 33087.00000 29547.37500 19258.40000 32600.70000 19133.17500 175156.80000 31417.65000 22292.50000 35887.50000 12035.10000 16816.45000 33291.00000 946126.80000 11074.37500 15829.50000 260549.22500 137814.57500 45190.50000 22574.60000 80057.62500 58028.15000 11687.50000 19812.50000 107792.10000 50320.45000 13547.55000 1568.00000 101089.20000 7969.80000 
3292.30000 1148.40000 28711.20000 75406.80000 1277.97500 21549.45000 151443.00000 56137.95000 1555.12500 879.20000 211282.75000 38013.20000 68425.55000 7014.15000 13806.75000 14001.30000 7390.20000 136474.00000 10872.67500 4738.50000 1718.55000 23443.35000 21819.60000 15154.40000 22120.45000 14415.17500 190444.80000 23339.65000 15532.45000 29205.00000 8916.60000 12300.40000 24043.50000 772783.20000 6516.25000 11730.30000 211357.82500 108160.37500 41683.12500 17974.40000 56481.60000 43758.47500 10319.37500 14312.50000 115691.62500 46673.77500 12443.10000 1572.90000 81178.80000 4856.25000 
6739.72500 3204.86250 4914.00000 32372.11250 1715.46250 6421.51250 81972.37500 33391.46250 2020.83750 1459.60000 141015.43750 17684.50000 38207.62500 1953.73750 17181.56250 25640.85000 7031.42500 78453.70000 9452.71250 8597.06250 1581.27500 23170.98750 12087.56250 4883.00000 24063.87500 4124.03750 281463.00000 11056.76250 8585.62500 12480.18750 3727.76250 4673.02500 13451.68750 372672.60000 9745.93750 12055.12500 97602.71250 60774.51250 54470.06250 7146.30000 38011.61250 39723.31250 16111.56250 16981.25000 168663.26250 57109.86250 15576.07500 2542.48750 34056.30000 7095.67500 
8933.37500 4509.86250 17161.20000 11548.33750 1883.63750 15994.38750 45118.87500 20160.11250 2186.66250 1709.20000 156813.56250 20961.50000 29484.92500 3076.28750 27575.06250 30561.75000 8472.17500 73100.30000 10186.41250 11897.43750 1691.47500 37575.93750 14277.78750 8660.20000 31410.22500 7502.46250 355282.20000 15023.63750 15815.62500 18630.56250 7937.73750 8907.32500 25678.93750 171891.00000 14620.93750 14909.92500 40426.88750 37261.38750 59493.18750 4104.10000 53182.63750 42962.61250 18256.56250 25818.75000 190737.11250 60151.81250 16502.92500 3371.81250 14036.10000 9693.07500 
6803.60000 4028.10000 44553.60000 94124.80000 566.52500 35203.02500 179349.75000 68960.92500 797.77500 1024.80000 275986.37500 51754.00000 86090.85000 10270.97500 34163.25000 19556.70000 10011.80000 171987.40000 10309.75000 10320.37500 1302.45000 50155.05000 30208.57500 22473.20000 36263.70000 21736.50000 238383.60000 33379.45000 27305.30000 41122.12500 15528.97500 19038.25000 45466.87500 941607.60000 17265.62500 14887.05000 259264.37500 137095.35000 29821.50000 23542.20000 85773.02500 45043.02500 9625.00000 30875.00000 120397.72500 29943.05000 7348.20000 2975.52500 101528.40000 10916.85000 
5984.17500 2752.46250 7030.80000 35112.96250 1580.61250 3514.71250 86890.12500 32030.21250 1877.28750 1320.40000 123980.93750 16554.50000 36375.12500 2400.61250 13983.56250 22905.45000 6048.32500 74683.70000 8668.41250 7583.06250 1463.47500 19559.66250 10393.23750 5240.20000 20115.97500 4258.83750 258749.40000 9282.48750 6079.22500 13061.81250 2988.56250 3674.82500 10386.31250 399465.00000 8055.93750 10463.02500 105128.26250 58008.26250 51403.31250 8089.30000 30699.26250 36260.61250 14832.81250 14743.75000 157010.06250 53921.31250 14610.37500 2287.68750 37057.50000 5941.27500 
10355.05000 5457.07500 26409.60000 29982.22500 2152.17500 23701.60000 28499.25000 26544.37500 2480.77500 1995.20000 205925.12500 32069.40000 42477.35000 5044.32500 36054.37500 35602.50000 10492.05000 92515.80000 12441.27500 14113.12500 2030.15000 48702.45000 19877.32500 12851.60000 39682.50000 12148.85000 406770.00000 22113.52500 22449.15000 25455.37500 11116.87500 13346.90000 35106.25000 229188.00000 18070.00000 18181.05000 73603.55000 63568.42500 65177.25000 8618.20000 70728.07500 52917.87500 20714.37500 32575.00000 210766.05000 66703.00000 18481.50000 3928.57500 34221.00000 11999.10000 
7650.40000 3845.40000 19622.40000 21024.32500 1577.90000 16197.02500 43134.00000 6370.65000 1869.45000 1402.40000 104130.25000 15322.80000 15319.70000 4089.80000 25399.50000 25154.40000 6305.40000 36644.40000 7754.45000 10500.75000 1326.20000 36072.90000 9670.05000 10822.40000 24603.15000 8180.67500 325852.80000 11424.60000 14122.60000 22151.25000 8229.37500 7880.95000 25927.25000 203364.00000 12049.37500 11400.90000 59561.97500 27330.55000 52117.12500 6428.80000 39587.55000 32225.45000 15620.00000 23312.50000 169251.52500 53124.17500 14368.95000 3020.85000 24448.80000 7886.55000 
8084.75000 4791.52500 50450.40000 105322.17500 838.55000 40108.25000 199791.00000 78353.55000 697.95000 1305.60000 324205.00000 59686.60000 98955.00000 11525.80000 39559.87500 24505.80000 12559.95000 198000.40000 12529.82500 12031.50000 1635.90000 57236.47500 34960.95000 25140.80000 43406.55000 24693.67500 225170.40000 38298.37500 31534.85000 45465.75000 17556.00000 21863.80000 51477.75000 1052973.60000 20125.62500 18098.70000 291477.40000 156514.42500 27688.87500 26371.20000 100523.80000 54677.15000 8793.12500 35262.50000 113618.70000 27725.72500 6676.65000 3140.90000 114155.40000 12864.90000 
4246.77500 2504.51250 35490.00000 79267.38750 876.13750 27663.51250 153664.87500 57158.88750 1127.36250 464.40000 216434.31250 41572.70000 70203.07500 8342.26250 23393.06250 9679.65000 6963.62500 139301.50000 10040.93750 6905.43750 1593.62500 36022.46250 23989.16250 18677.00000 26098.87500 17191.21250 205569.00000 25597.16250 21286.32500 34940.81250 12413.36250 14695.27500 34720.93750 801673.80000 11582.18750 9950.62500 219479.91250 113056.63750 32544.56250 19848.10000 63100.53750 40086.33750 7559.06250 22118.75000 103562.21250 37172.26250 9565.42500 2117.41250 85625.70000 7029.07500 
5219.50000 2396.85000 13876.80000 29681.40000 1061.75000 10383.42500 65767.50000 16770.60000 1324.95000 869.60000 12638.50000 8429.80000 15832.80000 3428.42500 16297.50000 15763.80000 2542.50000 27445.60000 3542.00000 7254.00000 693.50000 26166.97500 3801.90000 8930.00000 11050.05000 5611.05000 253234.80000 5582.47500 7458.95000 19069.87500 5826.97500 4330.90000 17347.62500 322800.00000 7198.75000 5307.00000 83331.70000 30982.00000 40378.87500 7822.80000 15801.40000 13627.40000 11041.25000 16250.00000 131938.87500 40919.72500 10672.65000 2205.00000 31329.60000 4190.25000 
5776.12500 2628.48750 9147.60000 21275.01250 1250.46250 7483.61250 58805.62500 13571.66250 1525.83750 1050.80000 46089.31250 1231.70000 11526.42500 2289.78750 15828.56250 18421.65000 3918.27500 23562.50000 5082.13750 7875.56250 924.82500 23493.78750 2252.21250 6798.20000 13644.67500 2952.96250 264755.40000 2430.61250 6609.42500 15598.68750 4628.66250 2861.77500 15249.81250 261306.60000 7592.81250 7379.47500 65940.33750 20497.91250 44494.31250 5211.10000 16494.81250 20427.13750 12598.43750 16268.75000 144628.53750 45381.86250 12024.07500 2361.18750 21905.10000 4847.92500 
6641.17500 3220.08750 14977.20000 20071.71250 1363.61250 12332.93750 48555.37500 8861.73750 1646.28750 1181.20000 66146.06250 9073.90000 5185.97500 3530.31250 21148.31250 21255.75000 4743.17500 23034.70000 6005.58750 9152.81250 1063.52500 30494.51250 5847.48750 9435.40000 18976.37500 5851.16250 294457.80000 7436.08750 10790.77500 19892.81250 6632.58750 5655.12500 21192.18750 229995.00000 9802.81250 8870.92500 56946.38750 15076.06250 47243.81250 5621.10000 27925.61250 24504.18750 13719.06250 19856.25000 153760.61250 48057.31250 12834.37500 2682.13750 20807.10000 6351.97500 
7816.47500 3859.53750 9987.60000 28595.08750 1923.93750 10627.98750 75277.12500 34044.86250 2242.76250 1674.80000 165880.31250 20938.90000 43485.22500 1217.28750 21809.43750 29433.75000 8551.27500 89311.30000 10597.53750 10064.43750 1760.82500 29263.83750 14071.16250 4715.80000 29538.02500 5337.23750 314332.20000 13292.63750 12212.67500 12207.93750 5471.81250 6838.47500 18623.43750 336196.20000 12191.56250 14516.47500 87232.13750 61549.06250 59211.18750 5744.10000 49316.33750 44777.73750 17960.93750 20756.25000 185526.78750 62039.28750 17069.02500 2911.21250 29883.90000 8766.22500 
4374.52500 1838.96250 21848.40000 64292.98750 1524.03750 15840.66250 138615.37500 51550.53750 1817.06250 1133.20000 198300.81250 32781.30000 62653.17500 5553.76250 7310.81250 18478.05000 6856.27500 126332.70000 10274.96250 5467.31250 1628.77500 14919.41250 19650.03750 11943.40000 20197.37500 11613.86250 211356.60000 19279.01250 11525.82500 23976.56250 6476.66250 9623.77500 16808.18750 681269.40000 5780.93750 10865.62500 185247.83750 97731.61250 47631.56250 15256.10000 49862.66250 41119.56250 12502.18750 9331.25000 134768.13750 52583.58750 14205.22500 1756.03750 69009.30000 4903.42500 
3847.10000 2266.35000 35330.40000 80186.57500 955.57500 27251.25000 155294.25000 57907.57500 1211.92500 546.40000 220212.12500 41335.40000 71210.95000 8308.30000 21709.50000 8135.70000 7119.00000 141375.00000 10214.87500 6371.62500 1619.75000 33813.30000 23844.52500 18148.80000 24684.55000 17111.17500 210756.00000 25460.12500 20448.85000 34080.75000 11884.95000 14610.75000 32845.75000 810550.80000 10692.50000 10202.25000 222003.72500 114578.07500 34351.12500 19762.00000 62659.27500 40854.27500 7885.62500 20750.00000 109304.77500 39050.57500 10134.30000 1983.27500 86632.20000 6421.35000 
5033.35000 2285.92500 20546.40000 47630.62500 1016.80000 15232.75000 97584.75000 31390.42500 1359.60000 738.40000 86408.87500 20566.00000 35513.85000 5162.30000 15513.37500 13451.40000 1531.15000 67935.40000 4313.65000 7005.37500 733.40000 25682.77500 11199.07500 11947.20000 10012.20000 9697.17500 242970.00000 12766.12500 11037.80000 23982.75000 7270.72500 7526.75000 22433.75000 496143.60000 6792.50000 3806.40000 132614.87500 60691.52500 38581.12500 12226.20000 25677.27500 14800.25000 9913.75000 16000.00000 122750.77500 40589.87500 10572.75000 2142.52500 50983.80000 3907.20000 
6429.47500 3117.86250 15111.60000 25921.08750 1318.66250 12444.73750 53176.87500 10985.28750 1593.48750 1134.80000 58178.31250 9254.70000 11563.07500 3558.91250 20779.31250 20437.95000 4415.47500 11423.10000 5638.73750 8870.06250 1008.42500 30655.91250 6260.73750 9496.20000 17796.07500 5918.56250 289434.60000 7551.48750 10887.17500 19991.81250 6678.78750 5719.52500 21329.18750 258078.60000 9607.81250 8340.22500 73007.01250 24757.93750 46820.81250 7047.90000 26917.01250 22884.53750 13320.31250 19556.25000 150511.16250 46994.46250 12512.47500 2611.08750 27212.10000 6030.07500 
6719.65000 3299.47500 25670.40000 53179.17500 949.37500 20193.87500 107361.00000 35882.55000 1205.32500 1066.40000 109075.75000 24295.00000 41561.10000 5938.07500 22678.12500 19232.40000 4164.05000 80376.40000 2061.95000 9277.12500 555.75000 35084.32500 13471.95000 14265.20000 19495.30000 11525.40000 287742.00000 15708.82500 16351.85000 27757.12500 9817.50000 9982.00000 29985.87500 549405.60000 10578.75000 7557.90000 147849.52500 69875.47500 37823.25000 13579.20000 44210.30000 13348.15000 12732.50000 21825.00000 145721.02500 38262.60000 9867.90000 2713.37500 57059.40000 6493.50000 
3660.95000 2596.95000 37312.80000 95094.12500 1655.40000 28704.65000 187467.00000 72690.75000 1956.90000 1268.80000 294806.75000 52228.60000 91111.90000 8844.55000 21463.50000 20868.00000 10825.40000 182317.20000 14718.27500 3656.25000 2296.15000 31815.97500 30993.75000 19106.40000 34493.25000 19369.07500 170788.80000 32571.65000 22629.90000 35640.00000 11792.55000 17041.85000 32571.75000 987768.00000 11927.50000 17293.50000 269818.50000 142959.80000 48504.00000 22804.20000 82915.32500 60736.87500 13667.50000 17087.50000 113954.85000 53765.55000 15145.95000 1300.95000 102699.60000 8552.55000 
7358.40000 3680.10000 29954.40000 61702.55000 814.52500 23757.50000 122469.75000 42824.92500 1061.77500 1206.40000 144106.37500 30058.00000 50906.85000 6878.30000 25368.75000 21699.90000 5152.80000 99603.40000 4237.75000 10130.25000 390.45000 38614.95000 16984.57500 16203.20000 23056.55000 13673.77500 273327.60000 19387.20000 18460.60000 30912.75000 10828.12500 12034.75000 32982.75000 631719.60000 12000.62500 9159.15000 171160.37500 83983.35000 35461.50000 15670.20000 51564.67500 18235.02500 11825.00000 24012.50000 138325.72500 35074.05000 8902.20000 2927.75000 66392.40000 7464.75000 
5396.52500 2582.81250 23679.60000 69206.46250 1789.08750 17769.21250 147325.12500 57376.68750 2099.21250 1406.80000 241573.93750 37595.10000 70496.27500 5947.01250 12569.06250 23300.25000 8788.57500 144881.10000 12438.11250 6729.93750 1953.67500 11166.86250 22873.38750 11616.60000 27157.07500 12852.33750 239639.40000 22351.53750 14092.47500 23444.43750 6101.28750 11338.42500 15695.06250 728398.20000 8559.68750 13994.92500 198738.76250 109515.83750 53659.31250 16305.70000 61965.86250 50669.91250 14853.43750 9543.75000 149278.61250 58814.08750 16103.32500 2073.31250 74352.90000 6801.52500 
5219.50000 2296.80000 9828.00000 23096.67500 1133.05000 7029.42500 56998.50000 12741.30000 1395.90000 928.80000 25277.00000 2463.40000 10371.95000 2434.57500 14621.62500 16271.40000 3062.30000 22846.20000 4123.90000 7312.50000 780.90000 22333.72500 0.00000 7106.00000 10541.30000 3268.90000 248102.40000 1601.17500 5916.55000 16099.87500 4440.97500 2398.90000 14693.25000 261790.80000 6353.75000 5984.10000 65986.22500 20525.57500 42775.87500 5658.00000 10086.00000 16196.50000 11550.00000 14550.00000 136084.72500 42605.62500 11183.25000 2174.37500 23899.80000 4001.55000 
8345.72500 4205.36250 13734.00000 42165.63750 2087.46250 12654.36250 99391.87500 45125.43750 2416.83750 1875.60000 212999.93750 29549.50000 57448.87500 2672.31250 24038.81250 32126.85000 9992.02500 118038.70000 12767.01250 10878.56250 2079.07500 29102.43750 19319.43750 3553.00000 33424.87500 8547.16250 332568.60000 18629.88750 13959.92500 10314.56250 5425.61250 8891.22500 18486.43750 467575.80000 13369.68750 16447.12500 124584.56250 84066.33750 64357.68750 9081.50000 58183.61250 54356.01250 19329.06250 20656.25000 193650.41250 65905.86250 18240.07500 3115.78750 44780.10000 9570.97500 
4182.90000 1779.15000 19303.20000 48700.22500 1015.25000 13919.10000 102384.00000 33595.65000 1275.45000 768.80000 97536.25000 19775.00000 38482.50000 4897.75000 11931.00000 12619.50000 2712.00000 74042.80000 5635.57500 5869.50000 931.95000 20982.00000 10703.17500 10898.40000 5270.65000 9073.72500 222222.00000 11698.67500 8953.15000 22275.00000 6843.37500 6931.05000 19385.50000 512606.40000 4891.25000 4154.10000 137295.40000 63513.10000 39250.87500 11939.20000 22567.42500 20636.57500 10071.87500 13087.50000 124879.72500 40553.22500 10561.65000 1857.10000 51935.40000 2614.05000 
6387.50000 2994.97500 6568.80000 24701.07500 1583.32500 6260.80000 68433.75000 25346.47500 1880.17500 1323.20000 105504.00000 11074.00000 27377.55000 1741.02500 16866.37500 23236.80000 6068.10000 56173.00000 7817.70000 8497.12500 1335.70000 23524.05000 8017.05000 5631.60000 20594.20000 1634.45000 279224.40000 6794.17500 7422.80000 13699.12500 4123.35000 3300.50000 13751.37500 298912.80000 8961.87500 10495.05000 76540.35000 44425.97500 51465.00000 5543.20000 30846.35000 32504.70000 15090.62500 17100.00000 163256.85000 53307.42500 14424.45000 2517.37500 25656.60000 6560.10000 
7391.25000 5115.60000 57472.80000 135170.70000 2005.70000 45474.65000 259515.00000 105796.35000 1940.40000 1950.40000 461992.12500 79235.60000 135275.15000 13134.55000 39913.50000 35094.90000 17458.50000 274079.00000 21789.62500 9506.25000 3066.60000 56025.97500 46945.20000 28226.40000 59259.20000 29479.07500 124051.20000 49650.85000 37089.90000 50490.00000 18722.55000 26701.85000 53121.75000 1361570.40000 21336.25000 26946.75000 378755.42500 209073.17500 40960.50000 32644.20000 133135.20000 91957.02500 13193.12500 32087.50000 89976.15000 45922.45000 14940.60000 2006.55000 147937.20000 14979.45000 
5542.52500 2491.46250 8895.60000 25118.88750 1269.83750 6253.81250 65619.37500 16702.53750 1538.21250 999.60000 48149.93750 3830.70000 15741.17500 2275.48750 14091.18750 17533.35000 3782.67500 32233.50000 5177.01250 7622.06250 939.07500 21214.01250 2293.53750 6684.20000 12362.62500 2801.31250 257875.80000 800.58750 5247.77500 15413.06250 4120.46250 1952.12500 13742.81250 298428.60000 7495.31250 6793.87500 76494.46250 26860.28750 44335.68750 6154.10000 13847.23750 20846.01250 12158.43750 14856.25000 141042.93750 46572.98750 12384.82500 2297.48750 26114.10000 4498.27500 
5038.82500 2189.13750 11180.40000 40527.81250 1379.88750 6966.53750 96429.37500 32220.78750 1663.61250 1145.20000 106122.18750 16712.70000 36631.67500 3283.63750 11169.93750 19253.55000 5031.32500 75211.50000 8073.86250 6695.81250 1298.17500 17380.76250 10145.28750 7117.40000 14845.32500 5623.68750 238875.00000 9022.83750 2958.27500 16118.43750 3693.11250 3900.22500 10951.43750 451435.80000 5951.56250 8459.17500 119995.81250 58395.53750 48318.93750 9417.70000 23134.76250 31401.66250 13052.18750 12481.25000 142499.58750 49175.13750 13172.92500 2064.73750 42986.70000 4503.82500 
10349.57500 5399.43750 22957.20000 60515.96250 2512.93750 20326.63750 131920.12500 60071.96250 2869.76250 2314.80000 288418.81250 41956.90000 77569.72500 4634.98750 32479.68750 39867.75000 13093.87500 159433.30000 16239.43750 13554.93750 2600.62500 40178.51250 26881.91250 7725.40000 44597.02500 13172.48750 392519.40000 26549.21250 20575.37500 8049.93750 8596.08750 13310.67500 27888.06250 644793.00000 17830.31250 21470.47500 174969.03750 114439.76250 73399.31250 13583.30000 81255.33750 69686.83750 23103.43750 27518.75000 224408.13750 75966.28750 21287.02500 3788.31250 64873.50000 12617.92500 
6400.27500 3046.08750 12390.00000 47246.23750 1815.43750 9090.73750 108338.62500 42892.98750 2127.26250 1562.80000 178793.56250 25571.90000 50998.47500 3544.61250 15843.93750 26303.55000 7754.62500 104768.30000 11122.51250 8172.93750 1756.07500 17905.31250 15889.46250 6509.40000 26668.67500 7620.41250 271962.60000 15038.06250 9380.92500 15128.43750 2220.48750 6886.77500 8982.06250 516318.60000 10200.93750 13235.47500 138442.58750 80082.93750 57395.81250 10795.30000 43390.81250 44861.51250 16310.93750 13718.75000 164573.43750 59473.78750 16292.02500 2435.91250 50343.30000 7978.12500 
5558.95000 2499.07500 7341.60000 30416.75000 1381.82500 4947.15000 78565.50000 24339.15000 1665.67500 1115.20000 81738.12500 10170.00000 26021.50000 2352.35000 13360.87500 19556.70000 4593.45000 53383.20000 6723.47500 7390.50000 1171.35000 20255.70000 6157.42500 5973.60000 15282.85000 3075.12500 254436.00000 4846.80000 4675.40000 14256.00000 3580.50000 1199.45000 12141.62500 354111.60000 7109.37500 8116.05000 92233.87500 42378.95000 46882.50000 6937.20000 19877.82500 27673.67500 14031.87500 14262.50000 150483.15000 49220.95000 13186.80000 2239.30000 31915.20000 5294.70000 
6051.70000 2838.37500 15489.60000 52911.77500 1823.57500 10956.40000 118381.50000 46527.52500 2135.92500 1500.80000 185456.25000 28589.00000 55891.25000 4204.20000 14375.62500 24957.00000 8294.20000 114834.20000 11726.55000 7707.37500 1846.80000 15978.60000 17728.42500 7911.60000 26495.70000 8745.15000 261534.00000 16963.80000 9917.15000 17411.62500 3285.97500 7961.45000 7346.62500 575875.20000 9514.37500 13697.55000 155375.07500 87468.82500 55712.62500 12308.20000 47404.20000 47528.35000 15654.37500 12525.00000 160511.62500 61003.92500 16755.45000 2318.92500 56510.40000 7448.10000 
9568.47500 4940.51250 21294.00000 19804.31250 2008.41250 19446.21250 37594.12500 21820.83750 2327.73750 1846.80000 180442.06250 26227.30000 35788.72500 3955.73750 31372.68750 32986.95000 9443.97500 79433.90000 11267.98750 13238.06250 1853.92500 42538.98750 16757.28750 10537.40000 35297.07500 9583.43750 380835.00000 18384.66250 18779.92500 21687.18750 9358.38750 10895.67500 30148.56250 130895.40000 16229.68750 16483.72500 45566.28750 46721.96250 61907.81250 6121.30000 61209.41250 47737.78750 19439.06250 28893.75000 200373.41250 63303.71250 17451.97500 3664.58750 23076.30000 10753.12500 
3792.35000 1446.37500 21806.40000 61669.12500 1383.37500 15805.72500 126439.50000 44649.00000 1668.15000 988.80000 162789.37500 28724.60000 53362.40000 5544.82500 9640.12500 15933.00000 5401.40000 107218.80000 8646.27500 5406.37500 1384.15000 17975.92500 16158.07500 11924.40000 14936.90000 10952.50000 205405.20000 18146.65000 10579.90000 23945.62500 7288.05000 8991.85000 19402.62500 640112.40000 3176.87500 8500.35000 173638.30000 85421.80000 44450.25000 14604.20000 39209.32500 33928.87500 11261.25000 11225.00000 123367.05000 49184.30000 13197.90000 1740.72500 66429.00000 3124.65000 
4898.30000 2351.17500 22713.60000 53847.67500 947.82500 17035.52500 108605.25000 36454.27500 1203.67500 667.20000 111960.62500 24385.40000 42330.75000 5623.47500 15974.62500 12196.50000 2666.80000 81959.80000 5230.77500 7151.62500 871.15000 26288.02500 13513.27500 12593.20000 10622.70000 10784.00000 233251.20000 14626.95000 12122.30000 25034.62500 8021.47500 8573.25000 23889.37500 556184.40000 7028.12500 2992.05000 149685.02500 70981.97500 37012.50000 13612.00000 31140.52500 18849.37500 9301.87500 16375.00000 117764.55000 38958.95000 10078.80000 2179.27500 57791.40000 4073.70000 
9064.77500 4642.53750 18992.40000 15191.66250 1901.46250 17517.66250 40319.62500 21085.76250 2218.83750 1736.40000 161484.31250 23131.10000 30731.02500 3465.96250 29250.93750 31041.15000 8664.27500 75663.90000 10401.46250 12428.81250 1722.82500 39775.01250 14856.33750 9496.20000 32488.77500 8420.78750 365874.60000 16408.43750 17129.07500 19991.81250 8567.21250 9784.77500 27802.43750 145421.40000 15116.56250 15221.02500 32993.11250 39142.43750 59475.56250 4997.90000 55409.96250 43884.13750 18490.31250 27181.25000 192641.96250 60774.86250 16686.07500 3495.53750 18025.50000 9987.22500 
7159.47500 3507.18750 16657.20000 17163.73750 1497.68750 13730.43750 50569.87500 12128.73750 1789.01250 1318.80000 89774.56250 11333.90000 11599.72500 3423.06250 22701.18750 23680.95000 5714.97500 36305.10000 7099.81250 9845.06250 1227.87500 32512.01250 7665.78750 9405.00000 21866.07500 6693.66250 308872.20000 8878.58750 11995.77500 19843.31250 7210.08750 6460.12500 22904.68750 201588.60000 10875.31250 10444.72500 48961.96250 10262.78750 50292.93750 4907.70000 33472.91250 29335.21250 14901.56250 21506.25000 163396.91250 51227.53750 13794.52500 2856.08750 17622.90000 7090.12500 
11178.12500 6634.83750 67393.20000 141838.98750 1685.23750 54202.03750 262507.12500 107171.21250 1599.26250 1983.60000 468792.18750 83247.10000 137529.12500 15131.18750 52897.68750 36455.55000 17692.97500 280374.90000 19186.88750 15675.56250 2673.77500 74738.28750 50147.88750 33421.00000 64743.52500 33190.28750 262243.80000 52990.23750 44699.47500 58502.81250 23593.76250 29982.22500 67566.68750 1394657.40000 27174.06250 27326.47500 388070.58750 214743.98750 21387.93750 35329.70000 142906.01250 84235.76250 14420.31250 46393.75000 108212.28750 25572.53750 8777.32500 3556.78750 155129.10000 17673.97500 
8697.95000 4369.57500 15523.20000 16712.50000 1925.87500 15093.00000 54213.75000 24366.37500 2239.87500 1748.00000 165811.62500 20927.60000 32581.85000 2520.37500 26598.75000 30709.80000 8842.25000 79396.20000 10594.37500 11583.00000 1752.75000 35911.50000 14257.12500 7486.00000 31379.70000 6967.47500 348348.00000 15002.00000 15038.40000 16718.62500 7374.67500 8388.10000 24266.12500 221440.80000 14096.87500 15353.70000 54606.12500 41936.35000 60630.00000 2829.00000 53119.60000 44763.77500 18590.00000 24875.00000 193454.32500 61352.10000 16860.90000 3292.80000 16909.20000 9684.75000 
4781.50000 2035.80000 12297.60000 34762.00000 1108.25000 8371.02500 78328.50000 22542.30000 1374.45000 832.80000 55499.50000 10350.80000 23565.95000 3406.97500 12776.62500 14579.40000 2599.00000 45918.60000 5350.95000 6547.12500 889.20000 21002.17500 4959.00000 7881.20000 8099.30000 5560.50000 234998.40000 5683.45000 5121.25000 17362.12500 4435.20000 3574.20000 14025.37500 377998.80000 5378.75000 4886.10000 99025.22500 40442.57500 40660.87500 8519.80000 5043.00000 19379.95000 10725.00000 13050.00000 129361.72500 42752.22500 11227.65000 2072.70000 36673.20000 3335.55000 
6033.45000 2890.57500 23856.00000 49569.27500 908.30000 18684.57500 100962.00000 32942.25000 1156.65000 916.00000 94239.25000 21854.20000 37602.90000 5551.97500 19787.62500 16581.60000 3101.85000 72233.20000 2795.65000 8360.62500 505.40000 31291.42500 11984.25000 13444.40000 15669.50000 10615.50000 267212.40000 14150.92500 14086.45000 26420.62500 8731.80000 9112.60000 26766.37500 514543.20000 9051.25000 5837.70000 137846.05000 63900.37500 36889.12500 12693.60000 36309.60000 8098.25000 11440.00000 19475.00000 135188.32500 37291.37500 9573.75000 2483.07500 53106.60000 5450.10000 
6661.25000 3943.27500 48568.80000 105288.75000 1169.47500 38375.35000 199791.00000 78353.55000 1050.22500 1087.20000 323380.75000 59166.80000 98735.10000 11125.40000 33563.62500 19881.00000 11362.15000 198000.40000 14964.95000 10130.25000 2041.55000 49368.22500 34713.00000 24198.40000 41636.10000 23935.42500 177231.60000 36827.02500 30040.65000 43931.25000 16331.70000 21992.60000 46032.00000 1052973.60000 16956.87500 17073.90000 290926.75000 156127.15000 30385.50000 26231.80000 95817.00000 61825.95000 5775.00000 30675.00000 93057.52500 34927.45000 9046.50000 2603.12500 114118.80000 10694.85000 
5299.80000 2607.82500 27686.40000 76944.35000 1798.77500 21102.25000 160389.75000 60248.92500 2109.52500 1416.80000 245901.25000 41335.40000 74362.85000 6799.65000 13114.87500 23476.50000 8989.15000 150423.00000 12662.65000 5845.12500 1987.40000 15978.60000 24051.15000 13429.20000 27879.50000 14794.30000 219819.60000 24738.87500 16086.75000 26395.87500 7478.62500 12670.70000 19779.37500 803126.40000 8848.12500 14319.75000 219984.67500 117123.02500 54285.00000 18261.40000 63289.65000 51661.25000 15097.50000 7275.00000 139110.07500 59519.60000 16305.90000 1850.97500 82825.80000 6998.55000 
8845.77500 5984.51250 66066.00000 142841.73750 2040.18750 52622.86250 266358.37500 108940.83750 1977.11250 1986.00000 477721.56250 84557.90000 139911.37500 14963.16250 48346.68750 36497.85000 17709.92500 282712.30000 22071.08750 12180.18750 3108.87500 67091.96250 50189.21250 31946.60000 64804.57500 33148.16250 183947.40000 53033.51250 42325.62500 56547.56250 21757.31250 30199.57500 62514.81250 1415639.40000 24582.18750 27353.92500 394035.96250 218284.78750 34060.31250 35444.50000 143032.08750 93199.68750 13994.06250 38943.75000 68042.36250 38748.21250 12767.77500 2678.46250 155275.50000 17196.67500 
11656.27500 6919.76250 66973.20000 137025.78750 1600.76250 53852.66250 256048.87500 104203.68750 1509.33750 2088.40000 453818.31250 81009.70000 133534.27500 15041.81250 54681.18750 38302.65000 17551.72500 269592.70000 18497.46250 16314.18750 2532.22500 77038.23750 48040.31250 32615.40000 63420.77500 32667.93750 276549.00000 52629.61250 43386.02500 57636.56250 23235.71250 29780.97500 69570.31250 1359472.20000 28075.93750 27097.72500 378067.11250 208713.56250 23696.81250 34157.10000 141855.38750 81191.93750 15320.93750 47856.25000 115551.56250 21302.81250 8172.37500 3717.26250 148907.10000 18323.32500 
9977.27500 5919.26250 59161.20000 121516.58750 1240.38750 47354.28750 228497.62500 91544.06250 1125.71250 1720.40000 389938.93750 70500.70000 116492.02500 13379.43750 47531.81250 31816.65000 14924.47500 234531.70000 15556.33750 14559.18750 2090.47500 67697.21250 41634.93750 29081.40000 53958.02500 28750.31250 279934.20000 45921.98750 37782.77500 51882.18750 20550.33750 26037.72500 61607.18750 1209370.20000 24330.31250 22842.97500 335391.73750 182987.43750 24243.18750 30344.10000 122313.76250 68206.81250 12357.81250 42043.75000 117288.33750 24143.18750 5591.62500 4040.66250 131888.10000 15742.57500 
5301.62500 3574.61250 44864.40000 110118.66250 2003.76250 34986.41250 214099.87500 84928.38750 2149.53750 1628.40000 356556.81250 62387.30000 107586.07500 10451.51250 28374.56250 27205.95000 13365.07500 216209.50000 17561.36250 5847.56250 2723.17500 40884.63750 36675.93750 22522.60000 43640.57500 23156.11250 151733.40000 39055.68750 28046.37500 41202.56250 14388.41250 20660.32500 40269.43750 1121245.80000 15579.68750 21406.42500 310337.16250 167828.38750 45428.43750 26490.10000 103360.48750 73289.16250 14935.93750 22706.25000 104178.48750 50567.83750 17640.67500 1087.18750 119151.30000 11047.27500 
8663.27500 4385.88750 16203.60000 12183.41250 1836.36250 15197.81250 46244.62500 20704.61250 2144.58750 1668.40000 149807.43750 19673.30000 27615.77500 2868.93750 26698.68750 29842.65000 8184.02500 69254.90000 9863.83750 11614.68750 1643.02500 36405.78750 13492.61250 8227.00000 30250.27500 7022.23750 352989.00000 14201.41250 15128.77500 17925.18750 7608.56250 8448.47500 24685.68750 178024.20000 14222.81250 14443.27500 42170.61250 34439.81250 59070.18750 3636.70000 50787.21250 41538.43750 17905.93750 25093.75000 187935.86250 59235.56250 16219.87500 3300.76250 11949.90000 9376.72500 
3947.47500 1538.81250 22621.20000 58878.13750 1237.28750 16483.51250 120958.87500 42130.68750 1511.81250 837.20000 140603.31250 26656.70000 49972.27500 5718.21250 11815.68750 13261.05000 4483.27500 97680.70000 7618.46250 5613.56250 1229.77500 20830.68750 14897.66250 12293.00000 11650.37500 11361.11250 210046.20000 16091.08750 11164.32500 24545.81250 8162.96250 9382.27500 21808.68750 610899.00000 4326.56250 7022.62500 165240.88750 80359.56250 41092.68750 14436.10000 35364.03750 29391.06250 9951.56250 12993.75000 125748.11250 45803.33750 12151.72500 1792.78750 63080.10000 2000.77500 
