20   10
        8.00       85.00        5.00       49.00       42.00        8.00       87.00       93.00       62.00       84.00
        9.00        0.00        4.00       65.00       59.00       77.00       26.00       68.00       91.00       25.00
       35.00       21.00       65.00       94.00       46.00       29.00       56.00       47.00       46.00       75.00
       60.00       80.00       82.00       46.00       16.00       18.00       78.00       31.00       45.00       88.00
       63.00       44.00       67.00       47.00       62.00       74.00       32.00        5.00       91.00       44.00
       96.00       72.00       38.00       51.00       26.00       25.00       34.00       12.00       97.00       71.00
       51.00       36.00       34.00       53.00       71.00        0.00        8.00       21.00       12.00       95.00
       81.00       66.00       17.00       78.00       70.00       98.00       28.00       37.00       59.00        6.00
       10.00       62.00        2.00       26.00        0.00       71.00       78.00       26.00       74.00       41.00
       95.00       61.00       92.00       44.00       54.00       72.00       39.00       83.00       25.00       26.00
       69.00       79.00       98.00       17.00       43.00       53.00       87.00       88.00       99.00        9.00
       38.00       29.00       95.00       10.00       41.00       75.00       28.00       99.00       51.00       93.00
        6.00        8.00       85.00       45.00       25.00       65.00       20.00       67.00       94.00       82.00
       42.00       89.00       91.00       87.00        2.00       92.00       54.00       37.00       69.00       84.00
       41.00       17.00       21.00       34.00       99.00       22.00       77.00       90.00       50.00       73.00
       80.00       82.00       63.00        4.00       82.00       84.00       75.00       38.00       87.00       79.00
       86.00       31.00       62.00       49.00       39.00       46.00        5.00        3.00       55.00       95.00
       46.00       94.00       87.00       61.00       15.00       92.00       18.00       82.00        5.00       29.00
        8.00       56.00        3.00       11.00       71.00       18.00       81.00       77.00       33.00       76.00
       65.00       57.00        8.00       13.00       19.00       32.00       89.00        4.00       25.00       22.00
       12.00       18.00       18.00       19.00       26.00       21.00       18.00       19.00       18.00       11.00
       22.00       21.00       13.00       19.00       13.00       14.00       22.00       17.00       27.00       28.00
      329.00      144.00      408.00      202.00      369.00      440.00      195.00      162.00      174.00      197.00
       59.00       48.00       65.00       43.00       64.00       65.00       57.00       49.00       58.00       30.00

