   30   15
       32.00       96.00       65.00       25.00       85.00       50.00       59.00       39.00       41.00       13.00
        6.00       96.00       27.00       73.00       47.00
       79.00       20.00       65.00       18.00       11.00       58.00       51.00        8.00       84.00       79.00
       35.00       89.00       10.00        1.00       69.00
       48.00       36.00       28.00       52.00       65.00       13.00       47.00       28.00       18.00       11.00
       45.00       37.00       93.00       33.00       57.00
       77.00       55.00       50.00       45.00       70.00       97.00       69.00       45.00       59.00       60.00
       10.00       39.00       64.00       12.00       53.00
       56.00       77.00       20.00       74.00       83.00       74.00       47.00       82.00       50.00       80.00
       74.00       38.00       31.00       10.00        5.00
        5.00       61.00       65.00       28.00       62.00       68.00       77.00       35.00       88.00       65.00
        2.00        7.00       91.00       52.00       34.00
       39.00       42.00       34.00       72.00       52.00       42.00       36.00       67.00       12.00       23.00
       86.00       31.00       62.00       68.00       92.00
       85.00       33.00        2.00       30.00       83.00       85.00       81.00       26.00       30.00        1.00
       95.00       99.00       84.00       39.00       47.00
       88.00       14.00        3.00       76.00       88.00       54.00       92.00       54.00       74.00       65.00
       44.00       47.00       73.00       11.00       78.00
       44.00       22.00       98.00        4.00       81.00       30.00       31.00       53.00       14.00        6.00
        4.00       47.00       32.00       50.00       13.00
        6.00       90.00       14.00       55.00       74.00       21.00       46.00       73.00        2.00       62.00
       32.00       32.00       17.00       79.00       48.00
       56.00       77.00       96.00       12.00       65.00       79.00       66.00       99.00       64.00       74.00
       12.00       40.00        3.00       14.00       60.00
       44.00       99.00       20.00       24.00       93.00       87.00       57.00       10.00        9.00       37.00
       51.00       63.00       92.00       61.00       89.00
       62.00       76.00        5.00       78.00       52.00       51.00       80.00       58.00       49.00       52.00
       90.00        0.00       66.00       13.00       59.00
       29.00       55.00       31.00       61.00       55.00       47.00       91.00       20.00       92.00       44.00
       51.00        7.00       21.00       95.00       88.00
       75.00        3.00       58.00       43.00        1.00       58.00       29.00       26.00       18.00       73.00
       90.00       74.00       75.00       91.00       11.00
       55.00       36.00        3.00       12.00       84.00       20.00       43.00       45.00       69.00       42.00
       59.00       88.00       21.00        1.00        6.00
       38.00        0.00       29.00       90.00       44.00       59.00       94.00       57.00       36.00       24.00
       33.00       97.00       12.00       24.00       36.00
       22.00       24.00       47.00       26.00       35.00       42.00        0.00        1.00       80.00        1.00
       87.00       23.00       69.00       78.00       38.00
       89.00        7.00       15.00       56.00        3.00       65.00       16.00       57.00       37.00       74.00
       75.00       31.00       58.00       34.00       11.00
       36.00       48.00       77.00       23.00       16.00       53.00        7.00       73.00       98.00       37.00
       21.00       87.00        5.00       11.00       71.00
       16.00       99.00       97.00       41.00       92.00       35.00       11.00       31.00       84.00       95.00
       89.00       70.00       40.00       28.00        7.00
       26.00       46.00       15.00       38.00       49.00       69.00       38.00       69.00       91.00       52.00
       23.00       61.00       82.00       69.00       80.00
       36.00       52.00       70.00       71.00        6.00       32.00       73.00       61.00       95.00       74.00
       80.00       52.00       12.00       69.00       17.00
       98.00       74.00       53.00       44.00       43.00       90.00       47.00       65.00       40.00       54.00
       41.00       42.00       41.00       16.00       41.00
        3.00       69.00        4.00       31.00       77.00       95.00       51.00       18.00       10.00        9.00
       26.00       70.00       50.00       32.00       75.00
       51.00       86.00       21.00       31.00       27.00        1.00       71.00       40.00       85.00       56.00
       93.00       22.00        0.00       23.00       42.00
       45.00       36.00       39.00       24.00        3.00       66.00       40.00       88.00       21.00       44.00
       93.00        2.00        6.00       77.00       57.00
       62.00       48.00       62.00       16.00       75.00       30.00       99.00       78.00       28.00       82.00
       92.00       30.00       21.00       12.00       95.00
       92.00       42.00       98.00       67.00       20.00       99.00        2.00       49.00       28.00       36.00
       61.00       70.00       56.00       10.00       65.00
       10.00       14.00       13.00       21.00       21.00       18.00       18.00       11.00       22.00       22.00
       19.00       12.00       19.00       12.00       15.00       23.00       16.00       28.00       12.00       15.00
       29.00       11.00       18.00       23.00       25.00       25.00       17.00       19.00       24.00       29.00
     2664.00     2368.00      743.00     2795.00     1378.00     1611.00     3421.00     1703.00     3044.00     3256.00
     3718.00     2730.00     4582.00     4793.00     1360.00
       56.00       80.00       30.00       46.00       22.00       47.00       70.00       27.00       73.00       51.00
       62.00       71.00       74.00       82.00       55.00
