   30   15
       64.00       41.00       32.00       51.00       76.00       26.00       31.00       25.00       79.00       33.00
       45.00       99.00       30.00       57.00       33.00
       98.00       42.00       33.00       61.00       80.00       62.00       91.00       91.00       59.00       96.00
        3.00        1.00       59.00       29.00       12.00
        2.00       31.00       93.00       82.00       70.00        1.00       99.00       97.00        6.00       23.00
       24.00        3.00       97.00       67.00       17.00
       76.00       34.00       49.00       74.00       50.00       28.00        4.00       93.00       43.00        9.00
       39.00       98.00       67.00        5.00       30.00
       11.00        6.00       40.00       46.00        4.00        4.00        0.00       12.00       51.00       83.00
       57.00       47.00       72.00        7.00       28.00
       37.00       38.00       39.00       41.00       33.00       77.00       60.00       19.00       77.00        0.00
       70.00        1.00        1.00       38.00       57.00
       68.00       51.00       55.00       29.00       37.00       32.00       86.00       32.00       49.00       74.00
        7.00       99.00       58.00       65.00       45.00
       19.00       96.00        5.00       69.00       99.00       77.00       69.00       39.00       69.00       59.00
       90.00       98.00       53.00       75.00        2.00
       15.00        3.00       19.00       93.00       53.00       79.00       26.00       69.00       81.00        5.00
       86.00       25.00       73.00       44.00        1.00
       71.00       68.00       73.00       50.00       65.00       67.00       49.00       34.00       49.00        8.00
       97.00       12.00       79.00       30.00       60.00
       56.00       20.00       32.00       93.00       77.00       23.00       75.00       88.00        5.00       11.00
       88.00       73.00       24.00       51.00       81.00
        5.00       96.00       80.00       71.00       65.00       31.00       11.00       66.00       13.00       67.00
       38.00       81.00       72.00       87.00       31.00
       71.00       46.00       87.00       59.00       96.00       78.00       55.00        9.00       71.00       26.00
       39.00       86.00       58.00       94.00       14.00
       89.00       97.00       55.00       68.00       33.00       89.00       51.00       72.00       32.00       82.00
       55.00        1.00       77.00       15.00       36.00
       33.00       79.00       25.00       51.00       27.00       44.00       19.00       72.00       55.00       16.00
       71.00       99.00       61.00       95.00       99.00
       40.00       55.00       22.00       13.00       50.00       62.00       92.00       61.00       48.00       97.00
       18.00       10.00       72.00       27.00       77.00
       19.00       38.00       43.00        7.00       25.00        2.00       55.00       27.00       18.00       45.00
       76.00        7.00       86.00       48.00       72.00
       11.00       72.00       92.00       84.00       82.00       53.00       36.00       37.00       44.00       32.00
       34.00       25.00       58.00       23.00        0.00
        5.00       25.00       57.00       42.00       51.00       46.00       34.00        9.00       63.00       79.00
       14.00       33.00        5.00       45.00        3.00
       49.00       39.00       84.00       95.00       44.00       81.00       48.00       70.00       42.00       73.00
       99.00       51.00       49.00       66.00       37.00
       77.00        7.00       60.00       81.00       47.00       20.00       34.00       76.00       46.00       71.00
       64.00       98.00       34.00       29.00       23.00
       90.00       92.00       18.00       96.00       34.00       37.00       98.00       69.00       51.00       47.00
       85.00       63.00       90.00       71.00       93.00
       20.00       41.00        4.00        1.00       86.00       77.00       64.00       57.00       10.00       24.00
       81.00       72.00       87.00        4.00        8.00
       89.00        3.00        1.00        1.00        1.00       45.00       56.00       25.00       70.00       13.00
       67.00       95.00       65.00       20.00       74.00
       50.00       27.00       83.00       52.00       19.00       24.00       42.00       20.00       35.00       47.00
       39.00       67.00       94.00       81.00       77.00
       39.00       73.00       30.00       11.00       36.00       60.00       85.00       56.00       18.00       40.00
       84.00       20.00       22.00       58.00       71.00
       73.00       32.00       51.00       72.00       41.00       52.00       15.00       52.00       56.00       90.00
       42.00       97.00       26.00       31.00       64.00
       55.00       96.00       73.00       68.00       28.00        3.00       50.00       76.00       90.00       63.00
       62.00       16.00       77.00       38.00       90.00
        5.00       76.00       70.00       66.00       42.00       12.00       71.00       21.00       63.00        2.00
       23.00       40.00       25.00       24.00       15.00
       88.00        5.00       35.00       27.00       93.00       39.00       24.00       30.00       97.00       37.00
       74.00       71.00        2.00       44.00       96.00
        9.00       27.00        7.00        4.00       11.00       15.00       16.00       16.00        9.00       32.00
       34.00        1.00        7.00       22.00       32.00       25.00       38.00        9.00       15.00       17.00
       29.00        3.00        9.00       33.00        4.00       15.00       32.00       24.00       33.00       14.00
      305.00      601.00     2031.00      681.00      360.00     2241.00      445.00      665.00     2832.00      678.00
     2497.00     3535.00     3486.00      899.00     1679.00
       23.00       74.00      125.00       42.00       32.00      104.00       55.00       76.00      182.00       41.00
      128.00      185.00      161.00      113.00      150.00
