   30   15
       12.00        6.00       59.00       61.00       44.00       62.00       63.00       48.00       44.00       12.00
       56.00       54.00        6.00       43.00       27.00
        4.00       30.00       48.00       38.00       45.00       75.00        1.00       39.00       30.00       43.00
       37.00       12.00       65.00       46.00       20.00
       50.00        0.00        2.00       70.00       54.00       15.00       58.00        2.00       67.00       32.00
       39.00       68.00        1.00       55.00       75.00
       22.00       36.00       29.00       51.00       62.00       69.00       55.00       73.00       88.00       65.00
        1.00       62.00        0.00       27.00       22.00
       11.00       29.00       91.00       43.00       63.00       60.00       11.00       92.00        2.00       98.00
       90.00       87.00       57.00       91.00       78.00
       93.00       74.00       96.00       32.00       29.00       90.00       69.00       14.00       74.00       26.00
        8.00       80.00       10.00       80.00       73.00
       73.00        1.00       79.00       71.00       30.00       82.00       38.00       80.00       68.00       31.00
       18.00       46.00        0.00       30.00       87.00
       76.00        5.00       44.00       31.00       17.00       54.00       72.00       65.00       89.00       57.00
       50.00       38.00       11.00       83.00       18.00
       33.00       42.00       85.00       61.00       17.00       27.00       14.00        9.00       70.00       16.00
        4.00       39.00       23.00       95.00       76.00
       19.00       64.00       47.00       86.00       99.00        0.00       44.00        4.00       20.00       93.00
       23.00       17.00       99.00       86.00       98.00
       84.00       28.00        8.00       19.00       86.00       80.00       14.00       81.00       48.00        8.00
        1.00       34.00       30.00       90.00        5.00
       50.00       10.00       53.00       72.00       57.00       12.00       70.00       57.00       38.00       43.00
       28.00       89.00       51.00       49.00        4.00
       21.00       26.00        4.00       86.00       37.00       49.00       83.00       49.00       83.00       23.00
        1.00       53.00       69.00       77.00       94.00
       27.00       28.00       70.00        2.00       74.00       45.00       91.00       57.00       82.00        1.00
       66.00       94.00       42.00       67.00       32.00
       45.00       15.00       68.00        8.00       74.00       82.00        2.00        5.00       71.00       81.00
       62.00       46.00       99.00       11.00       13.00
       71.00       82.00       58.00       27.00       70.00       65.00       67.00       64.00       60.00       86.00
       81.00       57.00        0.00       40.00        1.00
       38.00        5.00       32.00       50.00       25.00        9.00       38.00       45.00       34.00       90.00
       30.00        3.00        9.00       50.00       33.00
       44.00       68.00       19.00       12.00       58.00       12.00       18.00       21.00       58.00       58.00
        9.00       44.00       27.00       70.00       16.00
       27.00       35.00       14.00       90.00       73.00       92.00       62.00       51.00       49.00       47.00
       13.00       36.00       25.00       59.00        9.00
       39.00       52.00        2.00       70.00        6.00       42.00       71.00       65.00       38.00        5.00
       17.00        5.00        9.00       67.00        0.00
       10.00       95.00       59.00       68.00        3.00       85.00       67.00       95.00       24.00        9.00
       70.00        5.00       64.00        6.00        8.00
       13.00       67.00       19.00       67.00       29.00       51.00       94.00       63.00        8.00       45.00
        8.00       62.00       53.00       33.00       62.00
       73.00       94.00       72.00       22.00        4.00       15.00       13.00       68.00       50.00       75.00
       31.00       14.00       79.00       74.00       64.00
       92.00       18.00       43.00       15.00        6.00       51.00       63.00       44.00       28.00        3.00
       45.00       79.00       61.00       47.00       20.00
       15.00        2.00       70.00       25.00       73.00       88.00       88.00       83.00       50.00       98.00
       92.00       21.00       72.00       52.00       61.00
       53.00       38.00       15.00       77.00       46.00        6.00       15.00       36.00       30.00       79.00
       29.00       27.00       28.00       72.00       84.00
       28.00       13.00       76.00       88.00       48.00       20.00       52.00       87.00        1.00       71.00
       17.00       13.00        0.00       84.00       14.00
       62.00       13.00       85.00       57.00       27.00       96.00       36.00       17.00       70.00       16.00
       53.00       83.00        1.00       34.00       68.00
        1.00       20.00       82.00       70.00       87.00       12.00       85.00       29.00       73.00       19.00
       90.00       72.00       18.00       29.00       18.00
       86.00       95.00       39.00       45.00       52.00       43.00       10.00       70.00       45.00       49.00
       97.00       46.00       44.00       84.00       26.00
       27.00       34.00        6.00       14.00        8.00       33.00       36.00       18.00       30.00       19.00
       23.00        8.00        5.00       16.00       20.00       22.00        8.00        6.00       14.00       28.00
        6.00       17.00       15.00       32.00        1.00       11.00       29.00        3.00       23.00       21.00
      759.00      406.00     1411.00     1019.00      529.00      699.00      656.00      568.00      540.00      618.00
     1327.00      749.00      511.00      780.00      768.00
       46.00       21.00       57.00       66.00       57.00       48.00       44.00       58.00       28.00       25.00
       58.00       68.00       34.00       53.00       44.00
