   30   15
       93.00       19.00       53.00       59.00       62.00       75.00       67.00       68.00       95.00       54.00
       42.00       81.00       28.00       69.00       82.00
       69.00       45.00        8.00       24.00       61.00       35.00       11.00       53.00        4.00       69.00
       98.00       13.00       26.00       23.00       53.00
       34.00       50.00        3.00       96.00       99.00       11.00       25.00       78.00       27.00        1.00
       77.00       19.00       39.00        8.00       51.00
       42.00       42.00       53.00       39.00       85.00       38.00       31.00       10.00       95.00       51.00
        2.00       28.00       35.00       23.00        3.00
       77.00       58.00       31.00       63.00       88.00       27.00       11.00       57.00        5.00       82.00
        6.00       11.00       22.00       97.00       71.00
       62.00       78.00       63.00       84.00       32.00       96.00       90.00       81.00       60.00        9.00
       33.00       81.00        7.00       86.00       57.00
       81.00       31.00       83.00       21.00       44.00       98.00       62.00       27.00        7.00       66.00
       44.00       79.00       68.00       66.00       24.00
       38.00       41.00       69.00       22.00       75.00        2.00        3.00       77.00       47.00       32.00
       71.00        5.00       61.00       56.00       79.00
       55.00        0.00       25.00       66.00       62.00        7.00       93.00       14.00       77.00       80.00
       79.00       64.00       98.00        0.00       23.00
       67.00       62.00       11.00       79.00       63.00       60.00       15.00       88.00       40.00       76.00
       48.00       43.00       41.00       85.00       60.00
       34.00        6.00       31.00       15.00       22.00       68.00       96.00       76.00       91.00       52.00
       20.00       33.00       89.00       30.00       31.00
       21.00       31.00       42.00        1.00        1.00       35.00       80.00       28.00       14.00       31.00
       99.00       23.00       49.00       41.00        3.00
       44.00       49.00       26.00        8.00       99.00       70.00       58.00        1.00       26.00       76.00
       54.00       31.00       15.00        5.00       76.00
       99.00       20.00       59.00       99.00       49.00       92.00        8.00       84.00       62.00       24.00
       92.00       20.00       14.00       84.00       77.00
       24.00       42.00       88.00       91.00       87.00       33.00       26.00       51.00       47.00       35.00
       56.00       51.00       95.00       51.00       21.00
       78.00       52.00       59.00       52.00       73.00       83.00       76.00       72.00       53.00       24.00
       56.00        7.00       64.00       43.00        0.00
       62.00       24.00       65.00        1.00       35.00       93.00       24.00       57.00       69.00       60.00
       22.00       42.00       50.00       35.00       25.00
       91.00       33.00        3.00       99.00       56.00       25.00       66.00       88.00       41.00       65.00
       73.00       76.00       13.00       96.00       33.00
       85.00       50.00       95.00       48.00       12.00       75.00       14.00        2.00       90.00       90.00
       67.00       19.00       42.00        3.00       33.00
       56.00       53.00       10.00       83.00       99.00       77.00       86.00       48.00       79.00       68.00
       92.00       79.00       20.00       87.00       88.00
       73.00        0.00       30.00       37.00       56.00       78.00       82.00       15.00       65.00        7.00
       87.00       69.00       48.00       63.00       89.00
        0.00       92.00       32.00       88.00       46.00       37.00       51.00       17.00        4.00       41.00
        0.00       24.00        5.00        8.00       65.00
       25.00       43.00       78.00       54.00       61.00       17.00       56.00        6.00       71.00       28.00
       37.00       41.00       67.00       60.00       24.00
       47.00       68.00       20.00       72.00       75.00       37.00       17.00       98.00       11.00       24.00
       17.00       36.00       56.00        6.00       88.00
       35.00       98.00       81.00       43.00       13.00       77.00       57.00       21.00       41.00       93.00
       44.00       72.00       92.00       78.00       28.00
       60.00       95.00       44.00        8.00       57.00       82.00       87.00        4.00       22.00        6.00
       99.00       76.00       87.00       73.00       18.00
       12.00       78.00       24.00       22.00       71.00       58.00       43.00       44.00       99.00       62.00
       93.00       69.00       41.00       64.00        3.00
       34.00       19.00       96.00       44.00       42.00       61.00        8.00       91.00       66.00       94.00
       38.00       34.00        2.00       25.00       33.00
        7.00       98.00       89.00       40.00       29.00       60.00       33.00       62.00       92.00       21.00
       65.00       32.00       30.00       28.00       75.00
       72.00       53.00       68.00       34.00       24.00       43.00       46.00        2.00       75.00       29.00
       98.00        7.00       22.00       95.00       74.00
       33.00       13.00       31.00        8.00       27.00       20.00       17.00       14.00       13.00       32.00
       13.00       38.00        6.00        5.00       17.00       30.00       20.00       12.00       33.00       32.00
       10.00        5.00       28.00       27.00       27.00       38.00       22.00       21.00       35.00        4.00
     1868.00     1532.00     4489.00      838.00     3715.00      736.00     1872.00     3032.00     1360.00     1328.00
     2005.00     1884.00     1449.00     1839.00     4036.00
      174.00       62.00      151.00       43.00      160.00       47.00      156.00      157.00       58.00       58.00
       96.00      117.00       61.00       64.00      141.00
