   40   20
       95.00       22.00       77.00       89.00       72.00       45.00       82.00       16.00       77.00       96.00
       79.00       45.00       45.00       16.00       62.00       49.00       36.00       78.00       57.00       87.00
        0.00       58.00       34.00       83.00        2.00       97.00       14.00       57.00       71.00       93.00
       80.00       55.00       24.00       77.00       72.00       88.00       83.00       48.00       40.00       78.00
       94.00       73.00       73.00       76.00       13.00       93.00       33.00       94.00        5.00       67.00
       67.00       67.00       95.00       59.00       64.00       44.00       51.00       47.00       95.00       64.00
       78.00       15.00       35.00       66.00       82.00       41.00       70.00       53.00       14.00       15.00
       40.00       95.00       94.00       26.00       48.00       45.00        1.00       19.00       63.00        1.00
       61.00        8.00       89.00       43.00       66.00       81.00       64.00       30.00       20.00       64.00
       25.00       21.00       88.00       98.00       58.00       74.00       91.00       60.00        4.00       26.00
       72.00       39.00       93.00       56.00       43.00       33.00       40.00       96.00       60.00       38.00
       14.00       29.00        8.00       43.00       58.00       98.00       89.00       51.00       33.00        5.00
       33.00       93.00       18.00       88.00       94.00       93.00       75.00       92.00       81.00       22.00
       55.00       81.00       53.00       32.00       36.00       55.00       69.00       60.00       90.00       53.00
       72.00       56.00       23.00       94.00       56.00       55.00       53.00       45.00       25.00       14.00
       93.00       43.00       73.00       73.00       87.00        3.00       22.00       19.00       82.00       86.00
       96.00       58.00       54.00       22.00       35.00       20.00       29.00       90.00       61.00       66.00
       33.00       21.00       59.00       50.00       99.00       62.00       28.00       73.00        4.00       28.00
       23.00       31.00       93.00       18.00       84.00       35.00       41.00       86.00       35.00       58.00
       51.00       77.00       88.00       39.00       81.00       80.00       85.00       50.00       56.00       67.00
       70.00        5.00        3.00       84.00       77.00       63.00       26.00       60.00       60.00       63.00
       91.00       18.00       16.00       80.00        2.00       13.00       72.00        2.00       89.00       35.00
       33.00       64.00       27.00       40.00       24.00       82.00       62.00       19.00       54.00       84.00
       23.00       92.00        7.00       19.00       35.00        5.00       17.00        6.00       59.00       63.00
       96.00       37.00       38.00       18.00       24.00       58.00       13.00       12.00        3.00       88.00
       40.00       29.00       50.00       54.00       27.00        7.00       77.00       42.00       73.00       29.00
       81.00        0.00       60.00       79.00       43.00       46.00       59.00       27.00        7.00       56.00
       28.00        5.00       92.00       49.00       22.00       60.00       54.00       77.00       43.00        7.00
        6.00        2.00       98.00       26.00       58.00       15.00       44.00       62.00       35.00       20.00
       38.00       34.00       89.00       95.00       22.00       45.00       12.00       13.00        6.00       74.00
       13.00       57.00       38.00       74.00       14.00       93.00       65.00        5.00       96.00       68.00
       34.00       91.00       68.00       43.00       68.00       63.00       64.00        0.00       43.00       46.00
       95.00       55.00       31.00       83.00       88.00       84.00       86.00       12.00        7.00       41.00
        4.00       47.00       32.00       22.00       63.00       12.00       42.00        7.00       40.00       45.00
       29.00       78.00       48.00       64.00       38.00        3.00       54.00       58.00        9.00       30.00
       62.00       53.00       65.00       33.00       71.00       59.00       73.00       97.00       51.00        8.00
       84.00       43.00       80.00       29.00        2.00       29.00       56.00       15.00       62.00       70.00
       67.00        0.00       15.00       72.00       74.00       32.00       27.00       64.00       55.00        9.00
       74.00       92.00       12.00       32.00       64.00       78.00       29.00       72.00       26.00       82.00
       42.00       65.00       57.00       24.00       59.00       83.00       94.00       25.00       39.00       36.00
       76.00        5.00       14.00       22.00        5.00       31.00       21.00        2.00        7.00        5.00
       72.00       91.00       73.00       41.00       80.00       87.00       23.00       59.00       23.00       62.00
       15.00        6.00        7.00       18.00        3.00       82.00       66.00       48.00       15.00       24.00
        9.00       81.00       93.00       75.00       99.00       90.00       33.00       54.00       24.00       89.00
        8.00       93.00        2.00       62.00       56.00       99.00       24.00       76.00       82.00       85.00
       19.00        1.00       92.00       49.00       16.00        9.00       61.00        5.00       22.00       48.00
       10.00        4.00       37.00       10.00       36.00       86.00       87.00       14.00       22.00       58.00
       41.00       10.00       25.00       88.00       43.00       57.00       11.00       55.00       76.00       14.00
       94.00        9.00       31.00       86.00       97.00       13.00       64.00       83.00       28.00       76.00
       49.00       83.00       58.00       16.00       68.00       39.00       36.00       88.00       93.00       34.00
       78.00       76.00       52.00       90.00       10.00       43.00       89.00       92.00       59.00       66.00
       41.00       68.00       22.00       26.00       24.00       49.00       56.00       14.00       68.00       91.00
       64.00       67.00       65.00       34.00       74.00       73.00       17.00       39.00       38.00       69.00
       78.00       20.00       95.00       59.00       62.00       56.00       80.00        3.00       33.00       63.00
       59.00       55.00        0.00       61.00       39.00       71.00        8.00       49.00       79.00       85.00
       70.00       88.00       90.00       46.00       88.00       60.00       10.00       57.00       76.00       35.00
       95.00       64.00       55.00       70.00       52.00       74.00        0.00       40.00       10.00        5.00
       67.00       46.00        6.00       13.00        4.00       70.00       31.00       25.00       44.00       73.00
       64.00       80.00       34.00       34.00       86.00       69.00       34.00        3.00       53.00       19.00
       10.00        6.00       73.00       47.00       81.00       14.00       14.00        5.00       16.00       79.00
       37.00       78.00       82.00       94.00       30.00       98.00       80.00       27.00       93.00        7.00
       41.00       41.00       94.00       65.00       48.00       92.00       96.00       88.00       18.00       81.00
       27.00       74.00       55.00       87.00       49.00       35.00       65.00        9.00       32.00       56.00
       85.00       16.00       58.00       44.00       65.00       43.00       97.00       35.00       26.00       20.00
       32.00       82.00       55.00        1.00       38.00       27.00       24.00       34.00       21.00       45.00
       52.00       95.00       91.00        6.00       24.00       66.00        8.00       88.00       64.00       45.00
       43.00       45.00        5.00       96.00       32.00       16.00        5.00        7.00        9.00       16.00
       16.00       88.00       65.00       54.00       92.00       32.00       50.00       68.00       97.00       31.00
       27.00       75.00       47.00       24.00       40.00       67.00        0.00       89.00       51.00        7.00
       82.00       37.00       71.00        9.00       98.00       71.00       79.00        1.00       86.00       80.00
        5.00        1.00       96.00       30.00       21.00       71.00        7.00       40.00       73.00        9.00
       26.00       64.00       39.00        4.00       14.00       25.00        5.00       74.00       42.00       52.00
       84.00       35.00       71.00       35.00       23.00        2.00       10.00       97.00       80.00       95.00
       93.00       36.00       59.00       17.00       86.00       94.00       41.00       23.00        0.00       63.00
       32.00       87.00       91.00       15.00       42.00       52.00       60.00       39.00       54.00       12.00
       81.00       10.00       30.00       59.00       34.00       16.00       95.00       94.00        8.00       35.00
       75.00       90.00        9.00       28.00       81.00       57.00       78.00       88.00       73.00       42.00
       23.00       68.00       40.00       55.00       98.00       71.00       84.00       29.00       92.00       82.00
       88.00       35.00       22.00       70.00       18.00        7.00       20.00       85.00       67.00       73.00
       85.00       49.00       68.00       67.00       13.00       88.00       17.00       83.00       40.00       70.00
       22.00       11.00       18.00       20.00       13.00       14.00       16.00       22.00       12.00       22.00
       26.00       12.00       26.00       12.00       29.00       27.00       16.00       22.00       29.00       29.00
       27.00       25.00       23.00       17.00       20.00       26.00       24.00       19.00       20.00       27.00
       24.00       29.00       18.00       21.00       16.00       24.00       14.00       17.00       12.00       14.00
     1710.00      958.00     1326.00     1786.00     1023.00      793.00     1600.00     1874.00     1967.00     2178.00
     3604.00     2243.00      555.00     1518.00     2105.00      424.00      339.00     1582.00     1624.00     1646.00
       99.00       26.00       72.00       73.00       77.00       51.00       88.00       61.00      101.00       80.00
      108.00       94.00       22.00       69.00       79.00       31.00       23.00       63.00       54.00       96.00
