   40   20
       89.00       14.00       99.00       56.00       50.00       76.00       59.00       14.00       65.00       13.00
        5.00       88.00       85.00       66.00       66.00       20.00       21.00       94.00        0.00       67.00
       30.00       41.00       30.00       31.00       67.00       32.00       88.00       16.00       97.00       54.00
       44.00       20.00       42.00       59.00        1.00       40.00       34.00       10.00       86.00       27.00
       89.00       31.00       65.00       18.00        8.00       56.00       65.00       48.00        2.00       84.00
       80.00       17.00       61.00       63.00       89.00       49.00       41.00       92.00       23.00       74.00
       32.00       96.00       49.00       39.00       16.00       10.00       65.00        3.00       54.00       87.00
       22.00       81.00       39.00       14.00       10.00       53.00       13.00       95.00       92.00       40.00
       41.00       39.00       52.00       12.00       77.00       65.00       98.00       89.00       68.00        4.00
       49.00       50.00       97.00       73.00       84.00       47.00       36.00       34.00       22.00        9.00
       75.00       74.00       86.00       66.00       56.00       74.00       60.00       37.00        0.00       37.00
       26.00       60.00       34.00        3.00       61.00       58.00       51.00       76.00       28.00       75.00
       36.00       31.00       76.00        2.00       75.00       76.00       53.00       14.00       15.00        0.00
       81.00       61.00       29.00       12.00       55.00       90.00       22.00       72.00       65.00       98.00
       86.00       59.00       49.00       34.00       69.00       16.00       34.00        2.00       24.00       98.00
        8.00       42.00       73.00       81.00       43.00       80.00       69.00       20.00       67.00       70.00
       64.00       74.00       34.00       95.00       14.00       16.00       57.00       65.00       63.00       18.00
        2.00       53.00        7.00       62.00       48.00       48.00       23.00       20.00       75.00       23.00
        4.00        8.00       19.00       36.00       50.00       15.00       18.00       15.00       96.00       43.00
       40.00        9.00       82.00       20.00       50.00       85.00       98.00       72.00       77.00       20.00
       45.00       69.00       80.00        1.00       15.00       73.00       15.00       52.00       68.00       52.00
       68.00       38.00       67.00       55.00       98.00       14.00       80.00       38.00        0.00       27.00
       92.00        7.00       90.00       83.00       62.00        1.00       77.00       41.00       15.00       43.00
       54.00       91.00       78.00       31.00       37.00       31.00       78.00       38.00       46.00       53.00
       69.00       50.00       79.00       99.00       53.00       61.00       37.00       43.00       20.00        6.00
       16.00       20.00       11.00       95.00       43.00        6.00       89.00       78.00       47.00        7.00
       65.00       62.00       82.00       25.00       14.00       60.00       42.00       14.00       84.00       30.00
       43.00       21.00       81.00       50.00       50.00       94.00       74.00       23.00       82.00        1.00
       65.00       24.00       24.00       87.00       21.00       17.00       27.00       54.00       38.00       11.00
       66.00       65.00       16.00       38.00        9.00       83.00       45.00       58.00       91.00       11.00
       37.00       44.00       12.00       86.00       52.00       85.00        6.00       47.00        5.00       11.00
       33.00       79.00       58.00       43.00       12.00        3.00       11.00        5.00       74.00       63.00
       81.00       59.00       25.00       31.00        4.00       52.00       39.00       35.00        9.00       76.00
       12.00       65.00       56.00       98.00       62.00       41.00       21.00       87.00       49.00       18.00
       91.00       68.00       47.00       77.00       78.00       64.00       96.00       31.00       84.00       14.00
       22.00       30.00       77.00       78.00       90.00       59.00       31.00       59.00       29.00       60.00
       82.00       15.00       62.00        7.00       80.00       34.00       11.00       37.00       23.00       89.00
       64.00        3.00       42.00       10.00       32.00        6.00       50.00       37.00       23.00       20.00
       63.00       22.00       16.00       11.00       80.00       22.00       10.00       38.00       67.00       87.00
       92.00       52.00       86.00       24.00       27.00       55.00       64.00       18.00       76.00       87.00
       80.00       18.00       12.00       34.00       37.00       28.00       55.00       89.00       42.00       58.00
       70.00        4.00       87.00       31.00        0.00       28.00       36.00       47.00       13.00       92.00
       48.00       38.00       96.00       12.00       83.00       99.00       23.00       10.00       81.00       38.00
       84.00       67.00        9.00        3.00       36.00       80.00       22.00       84.00       35.00       59.00
       60.00       75.00       43.00        5.00       10.00       68.00       29.00       58.00       82.00        2.00
        5.00       83.00       79.00       87.00       61.00       55.00       77.00       85.00       97.00       61.00
       20.00        7.00       63.00       11.00       21.00       70.00       59.00       43.00        8.00       16.00
       45.00       59.00       57.00       82.00       77.00       29.00        7.00       81.00       58.00       43.00
       49.00       40.00       74.00        6.00       31.00       83.00       65.00        5.00       15.00       76.00
       24.00       83.00       88.00       60.00       47.00       16.00       15.00       43.00       82.00       64.00
       76.00       35.00       16.00       46.00       24.00       21.00       39.00       68.00       67.00       43.00
       48.00       85.00       59.00        8.00       86.00       96.00       43.00       48.00       38.00       99.00
       86.00       14.00        9.00       37.00        9.00       57.00       76.00       38.00       85.00       46.00
       86.00       17.00       73.00       23.00       30.00       86.00       97.00       84.00       22.00        0.00
       99.00       49.00       66.00       45.00       27.00       54.00       88.00       20.00       19.00       78.00
       68.00       81.00       21.00       90.00       87.00       68.00       23.00       80.00       92.00       96.00
       17.00        0.00       33.00       16.00       13.00       39.00       26.00       54.00       54.00       12.00
       52.00       91.00       27.00       19.00       82.00       48.00       58.00       23.00        6.00       83.00
       34.00       40.00       94.00       11.00       94.00       44.00       24.00        8.00       91.00       36.00
       43.00       69.00       88.00       25.00       63.00        7.00       77.00       12.00       97.00       41.00
       13.00       91.00       84.00       89.00       93.00       96.00       73.00       79.00       52.00       61.00
       45.00       26.00       26.00       78.00       13.00       57.00       21.00       61.00       13.00       77.00
       86.00       53.00       83.00       96.00       68.00       38.00       97.00       74.00       14.00       48.00
       91.00       43.00       37.00       59.00        2.00       33.00       56.00       45.00       17.00       81.00
       99.00        8.00       90.00       24.00        2.00        8.00       73.00       97.00       58.00       79.00
       78.00       78.00        1.00       86.00       69.00       79.00       19.00       58.00       36.00       36.00
       40.00       22.00        9.00       72.00       29.00        1.00       19.00       43.00       93.00       57.00
        0.00       63.00       83.00        7.00        8.00       92.00       39.00       19.00       79.00       22.00
        7.00       82.00       73.00        2.00       48.00        9.00       62.00       79.00       96.00       99.00
       59.00       48.00       38.00       87.00       10.00       47.00       35.00       51.00       79.00       27.00
       96.00       45.00       12.00       90.00       79.00       97.00       42.00       75.00       75.00       72.00
       92.00       34.00        8.00        2.00       83.00       24.00       52.00       23.00       31.00       19.00
       44.00       75.00       26.00        2.00       57.00       67.00        4.00        2.00       43.00       90.00
       56.00       81.00       77.00       44.00       46.00       92.00       55.00       15.00       17.00       60.00
       22.00        6.00       25.00       44.00       47.00       21.00       19.00        7.00       57.00       51.00
       46.00       83.00        3.00       98.00       75.00       26.00       15.00       59.00       59.00       77.00
       85.00       49.00       53.00       83.00       64.00       16.00        1.00       57.00       70.00       98.00
       37.00       66.00       54.00       28.00       47.00       77.00       50.00       69.00       24.00       98.00
       26.00       40.00       83.00       15.00        3.00       78.00       27.00       82.00       97.00       36.00
       95.00       28.00       32.00        8.00        1.00       99.00        1.00       43.00       81.00       36.00
       12.00       21.00       21.00       18.00       22.00       16.00       14.00       27.00       18.00       22.00
       12.00       10.00       23.00       15.00       23.00       29.00       13.00       15.00       16.00       19.00
       22.00       27.00       18.00       14.00       19.00       22.00       11.00       16.00       23.00       15.00
       15.00       23.00       15.00       10.00       11.00       14.00       10.00       28.00       24.00       21.00
     2772.00     1265.00     1608.00     3663.00     1660.00     2763.00     2584.00     1008.00     1333.00     4485.00
     2439.00     2248.00     1333.00      704.00     3432.00     4935.00     1045.00     4001.00     1964.00     2574.00
      111.00       54.00       74.00      108.00       36.00       64.00      112.00       35.00       61.00      104.00
       92.00       56.00       35.00       23.00       80.00      113.00       37.00       94.00       83.00       94.00
