 20   10
       90.00       11.00       98.00       72.00       73.00       52.00       55.00       36.00       69.00        1.00
       99.00       97.00       74.00       65.00       81.00       70.00        6.00       86.00       58.00       49.00
       17.00       84.00       41.00       62.00       65.00       77.00       71.00        5.00       19.00       56.00
       22.00       32.00       34.00       90.00       99.00       69.00        4.00        5.00       99.00       65.00
       75.00       45.00       29.00       97.00       88.00       18.00        6.00        1.00       76.00       84.00
       94.00       90.00       41.00       42.00       42.00       84.00       84.00       11.00       30.00       56.00
       52.00       16.00       32.00       82.00       46.00       45.00       73.00       38.00       85.00        4.00
       17.00       81.00       33.00        3.00       12.00       16.00       28.00       60.00        3.00       37.00
       64.00       87.00       69.00       74.00       35.00        4.00       44.00        8.00       19.00        0.00
       39.00       32.00       69.00       22.00       70.00       49.00       51.00       78.00       61.00       61.00
       27.00       78.00       64.00       76.00       85.00       40.00       41.00       46.00       65.00       54.00
       75.00       99.00       20.00       60.00       16.00       37.00       23.00        1.00       81.00       24.00
       14.00       49.00       60.00       58.00       30.00       11.00       94.00       26.00       72.00       69.00
       36.00       83.00       12.00       10.00        7.00       86.00       23.00       52.00       94.00       93.00
       97.00       66.00       84.00        2.00       90.00       50.00        2.00       87.00       99.00       19.00
        2.00       63.00       58.00       95.00       39.00       73.00       15.00       28.00       22.00       97.00
       31.00       80.00       13.00       19.00       99.00       39.00       22.00       88.00       86.00       63.00
       35.00       82.00       41.00       65.00       54.00       52.00       21.00       83.00       33.00       96.00
       33.00       97.00       62.00       98.00       91.00        1.00        8.00       37.00       32.00       20.00
       33.00       42.00       47.00       52.00       37.00       51.00       18.00       57.00       97.00        1.00
       10.00       28.00       28.00       24.00       27.00       18.00       28.00       11.00       23.00       26.00
       27.00       10.00       27.00       22.00       24.00       11.00       10.00       12.00       15.00       20.00
      417.00      270.00     1090.00      583.00      294.00      916.00      510.00      357.00      399.00      683.00
       48.00       22.00       80.00       61.00       27.00       75.00       62.00       35.00       42.00       80.00

