   40   20
       86.00       73.00       23.00       98.00       62.00       65.00       17.00       86.00       31.00       58.00
       69.00        0.00        9.00       81.00        2.00       90.00       54.00       49.00        0.00       73.00
       29.00        2.00       90.00        3.00       10.00       99.00       23.00        6.00       23.00        4.00
       64.00       65.00       46.00       47.00       85.00       68.00        5.00       47.00       94.00       44.00
       28.00       45.00       47.00       72.00       67.00       55.00       33.00       17.00       85.00       48.00
       30.00       36.00       63.00       42.00       66.00       58.00       83.00       29.00       31.00       35.00
        3.00       86.00       37.00        9.00        1.00       49.00        5.00       48.00       78.00       39.00
       41.00       49.00       41.00       71.00       18.00       99.00       97.00       88.00       85.00       58.00
       47.00        8.00       67.00       90.00       41.00       54.00       20.00       69.00       49.00       26.00
       70.00       29.00       44.00       35.00       38.00       25.00       21.00       85.00       27.00       51.00
       81.00        0.00       41.00       13.00       60.00       23.00       42.00       39.00       85.00       19.00
       76.00       10.00       84.00       88.00       23.00       23.00       80.00       40.00       44.00       10.00
       48.00       10.00       45.00       93.00       25.00        6.00       69.00       47.00       78.00       17.00
       85.00       89.00       93.00       25.00       44.00       19.00       28.00       98.00       20.00       95.00
       51.00       70.00       43.00       95.00       48.00        7.00        5.00       21.00       71.00       39.00
       97.00       25.00       76.00        8.00        4.00       82.00       53.00       42.00       50.00       35.00
       53.00       71.00        5.00       70.00       73.00       45.00       70.00       26.00       45.00        7.00
       97.00       20.00       42.00       50.00       39.00       59.00       95.00       46.00        9.00       66.00
       90.00       25.00        7.00       35.00       85.00       60.00       35.00       98.00       66.00       68.00
       19.00       70.00       28.00       33.00        8.00        4.00       59.00       27.00        3.00       66.00
       63.00       68.00       57.00       17.00       34.00       54.00       35.00       70.00       85.00       46.00
       28.00       43.00       89.00        7.00       67.00       33.00       80.00       17.00       72.00       91.00
       31.00       97.00       30.00       57.00       91.00       50.00        3.00       97.00       70.00       74.00
       96.00       42.00       91.00       14.00       29.00       35.00       35.00       61.00       19.00       19.00
       84.00        9.00       42.00       31.00        2.00       32.00       39.00       85.00       21.00       39.00
       87.00       61.00       43.00       28.00       54.00       26.00       34.00       29.00       95.00       53.00
        4.00       25.00       68.00       34.00       90.00       85.00       83.00       72.00       82.00       40.00
       96.00       23.00       62.00        0.00       27.00       10.00       41.00       82.00       49.00       33.00
       24.00        1.00       99.00       56.00       31.00       46.00       81.00       28.00       56.00       41.00
       80.00       77.00       37.00       56.00        7.00       93.00       78.00       35.00       32.00       76.00
       40.00       43.00       90.00       20.00       93.00       42.00       48.00       57.00       98.00       74.00
       95.00       88.00       56.00       83.00       65.00       71.00       49.00       21.00       17.00       38.00
       57.00       13.00       44.00       70.00       28.00       76.00       66.00       44.00       27.00       28.00
       30.00       42.00        5.00        8.00       38.00       72.00       57.00       21.00       66.00       49.00
       47.00       62.00       39.00       38.00       44.00       82.00       85.00       51.00       84.00       10.00
       83.00       57.00       45.00       38.00       69.00       33.00       12.00       33.00       67.00       87.00
       63.00       37.00       75.00       14.00        4.00       60.00       99.00       66.00       38.00       83.00
       31.00       60.00       38.00       37.00       10.00       43.00       65.00        2.00        4.00       90.00
       51.00       55.00       22.00        5.00       31.00       66.00       26.00       64.00        8.00       10.00
       98.00       92.00       68.00       49.00        4.00       82.00       91.00        8.00       46.00        9.00
       24.00       34.00       87.00       64.00        3.00       23.00        5.00       38.00       54.00       59.00
        5.00       28.00       95.00       85.00       91.00       30.00       32.00       11.00       80.00       61.00
       11.00       24.00       15.00        6.00       78.00       61.00        0.00       90.00       52.00       51.00
       70.00       36.00        9.00       44.00       69.00       32.00       53.00       82.00       89.00       29.00
       98.00       80.00       17.00       55.00       91.00       14.00       63.00        1.00       66.00       45.00
       87.00       20.00       97.00       31.00       40.00       47.00       84.00       79.00       85.00       24.00
        0.00       69.00       80.00        1.00       91.00       40.00        4.00       33.00       80.00       13.00
       93.00       97.00       41.00        3.00        8.00        9.00       44.00       42.00       32.00        9.00
       61.00        4.00       96.00       34.00       22.00       21.00       63.00        8.00       30.00       23.00
       26.00       24.00       81.00       32.00        1.00       85.00       72.00       13.00       13.00       37.00
       53.00       47.00       16.00       95.00       81.00       78.00       90.00       78.00       87.00       56.00
        6.00       73.00       47.00       83.00       48.00       97.00       22.00       21.00       42.00       54.00
       16.00       21.00       30.00       74.00       69.00       93.00       76.00       91.00       61.00       14.00
        7.00        9.00       23.00       56.00       23.00       53.00       69.00       63.00       18.00       96.00
       85.00       27.00       12.00       30.00       57.00       37.00       76.00       98.00       10.00       93.00
        1.00       26.00       99.00       14.00       46.00        9.00       66.00       92.00       64.00       44.00
       69.00       55.00       91.00       15.00       19.00       43.00       48.00       69.00       13.00       30.00
       87.00       47.00       32.00       14.00       93.00       44.00       32.00       85.00        6.00       28.00
       83.00       34.00       32.00       35.00       86.00       53.00       68.00       12.00        8.00       56.00
       43.00       94.00       13.00        8.00       61.00       19.00       52.00       51.00       89.00       89.00
       89.00       63.00       96.00       76.00       32.00       57.00       89.00       58.00       68.00       95.00
       53.00       75.00       34.00       65.00        9.00       11.00       31.00       79.00       64.00        2.00
       14.00       67.00       62.00       46.00       40.00       72.00       80.00       58.00        6.00       16.00
        8.00       71.00       34.00        0.00       54.00       87.00       25.00       44.00       70.00       20.00
       59.00       75.00       80.00       74.00       29.00       36.00       76.00       76.00       25.00       58.00
       91.00       33.00       12.00       32.00       73.00       85.00       76.00       61.00       31.00       92.00
       10.00       82.00        4.00       57.00       85.00       96.00       95.00       73.00       24.00       36.00
       59.00       69.00       62.00       66.00       38.00       61.00       69.00       88.00       92.00       58.00
       80.00        3.00       52.00       71.00       32.00       55.00        9.00       11.00       26.00       47.00
       10.00        6.00       57.00        8.00       21.00       40.00       67.00       66.00       83.00       11.00
       44.00       35.00       69.00       61.00       34.00       28.00       21.00       19.00       70.00       63.00
       18.00       63.00       24.00        9.00        9.00       93.00       27.00        7.00       16.00       68.00
       27.00       45.00       83.00       56.00       75.00       79.00       28.00       89.00       61.00       36.00
       25.00       26.00       25.00       30.00       29.00       78.00       39.00       85.00       15.00       29.00
       24.00       38.00       80.00       70.00       41.00       81.00       64.00       23.00       77.00       42.00
       57.00       23.00       18.00       33.00        8.00       99.00       74.00       16.00       60.00       46.00
        1.00       43.00       70.00       93.00       39.00       94.00       87.00       22.00       43.00       18.00
       98.00       72.00        4.00       29.00       75.00       33.00       68.00       36.00       63.00       35.00
       96.00        3.00       13.00       67.00       45.00       50.00       33.00       89.00       39.00       76.00
       22.00       25.00       78.00       33.00       10.00       33.00       87.00       87.00        5.00       22.00
       15.00       36.00       31.00       27.00        6.00        5.00       35.00       34.00       37.00        1.00
       10.00       31.00       30.00        9.00       19.00       16.00       21.00       12.00       33.00       26.00
       27.00       36.00       27.00       18.00       38.00       14.00        2.00        8.00       20.00       23.00
       20.00       10.00        6.00       32.00       36.00       38.00        6.00        4.00       38.00       22.00
      362.00      491.00      913.00      419.00      266.00      401.00      598.00      409.00      418.00      721.00
      350.00      602.00      488.00      397.00      512.00     1056.00      476.00      116.00      446.00      525.00
       29.00       65.00       87.00       35.00       32.00       64.00       71.00       60.00       82.00       51.00
       64.00       63.00       40.00       31.00       76.00       80.00       53.00       22.00       31.00       77.00
