   40   20
       15.00       16.00        0.00       86.00       87.00       46.00       31.00       27.00       24.00        2.00
       94.00       48.00       54.00       51.00       72.00       49.00       56.00       16.00        7.00       86.00
        8.00        3.00       27.00       10.00       38.00       55.00        5.00       37.00       23.00       17.00
       25.00       52.00       97.00       51.00       67.00       25.00       77.00       39.00       26.00       20.00
        1.00       50.00       39.00       15.00       38.00       72.00       79.00       47.00       30.00       33.00
       44.00       75.00       60.00       48.00       44.00       21.00       60.00       87.00       67.00       14.00
        6.00       38.00       83.00       62.00       64.00       12.00        7.00       27.00       83.00       13.00
       28.00       77.00       39.00       77.00       96.00       28.00        0.00       44.00        2.00       21.00
       43.00       20.00       94.00       79.00       46.00       47.00       28.00       45.00       56.00       86.00
       40.00        9.00       81.00       73.00       87.00       41.00       62.00       15.00       85.00       32.00
       48.00       37.00       62.00       75.00       42.00       74.00       86.00       55.00       12.00        1.00
       41.00       25.00       92.00       26.00       69.00       83.00        0.00       88.00       88.00       98.00
       58.00       47.00       65.00       13.00       82.00       47.00       92.00       55.00       91.00       92.00
       10.00       23.00       48.00       65.00       71.00       20.00       17.00       92.00       19.00       63.00
       22.00       12.00       59.00       87.00       29.00       11.00       22.00       24.00       86.00       41.00
       51.00       19.00        0.00       28.00       74.00       18.00       24.00       24.00       23.00       43.00
        5.00       81.00       32.00       37.00       84.00       37.00       15.00       36.00       76.00       43.00
        1.00       16.00       61.00       83.00       91.00        7.00       63.00       45.00       51.00       84.00
       98.00       66.00       61.00       71.00       21.00       44.00       93.00       13.00        4.00        2.00
       71.00       18.00       14.00       34.00       42.00       55.00       92.00       79.00       71.00       74.00
       36.00       99.00       28.00       78.00       40.00       54.00       37.00       61.00       54.00       11.00
       92.00       96.00       59.00        6.00       77.00       41.00       66.00       76.00       40.00       87.00
       94.00       15.00       96.00       65.00       81.00       14.00       75.00        9.00       35.00        2.00
       33.00        7.00       18.00       93.00       89.00       12.00       46.00        4.00       63.00       95.00
       18.00        1.00       27.00       40.00       21.00       91.00       78.00       39.00       83.00       61.00
       25.00       25.00       49.00       33.00       23.00       45.00       27.00       93.00        8.00       78.00
        4.00        6.00       12.00       32.00       49.00       22.00       63.00       79.00       49.00       45.00
        5.00       32.00       28.00       19.00       78.00       45.00       68.00       37.00       59.00       98.00
       26.00       99.00       48.00       12.00        4.00       62.00       46.00       91.00       23.00       56.00
       59.00       92.00       22.00       74.00       38.00       68.00       60.00       39.00       25.00       36.00
       98.00       26.00       64.00       66.00        9.00       79.00        9.00       89.00       12.00       47.00
       32.00       76.00       54.00       53.00        5.00       32.00       70.00       45.00       24.00        8.00
       99.00       97.00       89.00       25.00       43.00       75.00       56.00       59.00       86.00       62.00
       39.00       42.00       22.00       33.00        9.00       65.00       41.00        6.00       29.00       97.00
       95.00        7.00       26.00       51.00       29.00       43.00       82.00       66.00       42.00       59.00
       85.00       77.00       36.00       23.00        1.00        4.00       47.00       65.00       29.00       73.00
       67.00       68.00       63.00       52.00       27.00       86.00       75.00       71.00       59.00       38.00
       85.00       43.00       88.00       91.00       89.00       29.00       18.00       52.00       56.00       94.00
       93.00       19.00       24.00       51.00       74.00       51.00       40.00        1.00       45.00       87.00
       38.00        0.00       49.00       95.00       46.00       21.00        2.00       43.00       68.00       98.00
       54.00       21.00       69.00       50.00       94.00       60.00       83.00       36.00       95.00       25.00
       99.00       94.00       75.00       73.00        3.00       57.00        3.00        7.00       94.00       39.00
       81.00       67.00       79.00       53.00       81.00       44.00       30.00        1.00       14.00       96.00
       56.00       36.00       70.00       14.00       16.00       89.00       42.00       58.00       91.00       22.00
       36.00       67.00       73.00       45.00       20.00        9.00       50.00       95.00       71.00       32.00
       92.00       87.00       23.00       19.00       68.00       69.00       17.00       73.00       49.00       43.00
       11.00       73.00       77.00       46.00        6.00       86.00        0.00       80.00       95.00       18.00
        9.00       63.00       23.00       42.00       34.00       20.00       40.00       48.00       62.00       39.00
       79.00       74.00        7.00       65.00       74.00       43.00       35.00       11.00       16.00        4.00
       30.00       98.00       18.00       41.00       36.00       63.00       17.00       16.00       39.00       90.00
       42.00       56.00       54.00       54.00       42.00       78.00       29.00       94.00       28.00       47.00
        3.00       35.00       85.00       95.00       51.00       40.00       63.00       25.00       31.00       60.00
       43.00       19.00       89.00       13.00       44.00       99.00        6.00       96.00       10.00       98.00
       94.00       36.00        3.00       76.00       58.00       18.00       84.00       62.00       97.00       40.00
       53.00        1.00        2.00        4.00       97.00       65.00       83.00       27.00       50.00       35.00
       21.00       27.00       65.00       62.00       39.00       34.00       73.00       83.00       25.00       28.00
       49.00       31.00       67.00       83.00       29.00       68.00       71.00       97.00       45.00       42.00
       69.00       26.00       68.00       38.00       58.00       41.00       83.00       68.00       99.00       90.00
       24.00       30.00       89.00       40.00       56.00       36.00       80.00        7.00       72.00       68.00
        0.00       14.00       53.00       30.00        2.00       44.00       98.00        7.00       59.00       61.00
       25.00       29.00       70.00       24.00        3.00       25.00       36.00       11.00       63.00       97.00
       40.00       43.00        7.00       55.00       35.00       56.00       93.00        6.00       10.00       75.00
       86.00       60.00        4.00       83.00       93.00       18.00       86.00       81.00       21.00       53.00
        7.00        1.00       30.00       93.00       15.00        1.00       68.00       62.00       67.00       57.00
       12.00       56.00       89.00       45.00       45.00       38.00       76.00       51.00       59.00       99.00
       14.00       79.00       40.00        5.00       78.00       38.00       98.00       30.00       47.00        4.00
       35.00       55.00       17.00       30.00       69.00       64.00       13.00       21.00       53.00       88.00
       52.00       93.00       58.00       60.00       72.00        6.00       19.00       95.00       49.00       27.00
       41.00        0.00       71.00       61.00       40.00       83.00       31.00       54.00       49.00       11.00
       58.00       71.00       11.00       45.00        6.00       88.00       57.00       35.00       64.00       51.00
       29.00       75.00       56.00        6.00       88.00       36.00       54.00       84.00       36.00       26.00
        4.00        9.00       30.00       58.00       53.00       57.00       70.00        9.00       36.00       81.00
       82.00       19.00       31.00       90.00       45.00       42.00       10.00       35.00       13.00       60.00
       59.00       52.00       45.00       33.00       14.00       57.00       40.00       21.00       46.00       85.00
       34.00       18.00       11.00       46.00       24.00       81.00       25.00        7.00       94.00       38.00
       37.00       43.00       91.00       22.00       21.00       15.00       66.00       51.00       82.00       56.00
       61.00       52.00       86.00       87.00       29.00        6.00       26.00       81.00        7.00       64.00
       99.00       65.00       83.00       45.00       57.00        8.00       24.00       39.00       40.00       44.00
       56.00       55.00       44.00       34.00       20.00       97.00       26.00       52.00       31.00       63.00
       93.00       61.00       29.00       87.00       19.00       14.00       91.00       77.00       61.00       85.00
       14.00       36.00       10.00       24.00       17.00       12.00       27.00       36.00        9.00       27.00
       15.00        4.00       19.00       13.00        3.00       21.00       15.00       18.00        7.00       25.00
       18.00       30.00       10.00        7.00        4.00       23.00       34.00       35.00       19.00       17.00
       11.00       38.00       32.00        9.00       38.00       20.00       14.00       16.00        5.00        3.00
     1289.00     1542.00     2481.00     1286.00      710.00     1340.00      707.00      186.00     1737.00     1547.00
      290.00     2575.00      274.00      873.00     1386.00     2141.00     1233.00      464.00      282.00      385.00
      121.00      126.00      181.00      107.00      103.00      166.00       70.00       33.00      157.00      185.00
       30.00      184.00       41.00      144.00      122.00      180.00      162.00       42.00       46.00       41.00
