   50   20
       31.00       87.00       93.00       44.00       33.00       84.00       35.00       36.00        5.00       50.00
       55.00       24.00       40.00       25.00       19.00       22.00        5.00       54.00       21.00       85.00
       62.00       56.00       36.00       57.00       45.00       48.00       19.00        1.00       67.00       98.00
       62.00       56.00        9.00       26.00        5.00       41.00       12.00       58.00       43.00       92.00
       74.00       21.00       78.00        1.00       19.00       28.00       31.00       10.00       89.00       74.00
       79.00       53.00       93.00       67.00        9.00       67.00       89.00       60.00       89.00       16.00
       92.00       38.00        7.00       83.00       54.00       98.00       20.00       43.00       27.00       20.00
       16.00       11.00       20.00       15.00       96.00       28.00       19.00       93.00       94.00       34.00
       19.00       93.00       35.00       34.00       91.00       79.00       66.00       69.00       78.00       70.00
       21.00       33.00        8.00       69.00       16.00        0.00       51.00       21.00       65.00       71.00
       61.00        0.00       75.00       25.00       97.00        5.00       66.00       53.00       90.00       20.00
        4.00       18.00       10.00       77.00       66.00       39.00       57.00        4.00       66.00       19.00
       76.00       71.00       97.00       64.00       59.00       51.00       96.00       37.00       94.00       57.00
       16.00       79.00       84.00       44.00       64.00       69.00       24.00       56.00       46.00        5.00
       17.00       80.00       28.00       43.00       86.00       32.00       98.00       10.00       79.00       72.00
       89.00       82.00        3.00       51.00       99.00        3.00       21.00       13.00       28.00       76.00
       90.00        9.00        0.00       47.00       52.00       13.00       49.00       83.00       76.00       25.00
       92.00       91.00       21.00        8.00        8.00       45.00       84.00        7.00        6.00       19.00
       32.00       29.00       37.00       24.00       43.00       87.00        7.00       23.00        9.00       49.00
       63.00       54.00       55.00       22.00       89.00       88.00        7.00       89.00       21.00       12.00
       93.00       62.00       59.00       99.00       59.00        8.00       60.00       13.00       51.00       95.00
       10.00       68.00       74.00       39.00       40.00       19.00       40.00       51.00       99.00       77.00
       73.00       20.00       30.00       64.00       18.00       83.00        6.00       42.00       76.00       69.00
       94.00        6.00       73.00        8.00       99.00       96.00       24.00       49.00       70.00       92.00
       46.00       27.00       84.00       86.00       51.00       83.00       46.00       42.00       97.00        5.00
       52.00       96.00       98.00       56.00       28.00       52.00       16.00       22.00       19.00       82.00
       72.00       68.00        5.00       19.00       77.00       98.00       63.00       31.00       43.00       69.00
        2.00       81.00       38.00       81.00       46.00       37.00       94.00       60.00       30.00       76.00
       81.00        3.00       42.00       93.00        7.00       53.00       31.00       21.00        0.00       11.00
       50.00        6.00       96.00       16.00       15.00       11.00       26.00       58.00        1.00       28.00
       84.00       74.00       90.00       34.00        7.00       74.00       64.00        8.00       22.00       83.00
       89.00        7.00       19.00       94.00       43.00       59.00       57.00       74.00       85.00       26.00
       30.00       63.00       63.00       46.00       32.00       64.00        7.00       45.00        3.00        6.00
       60.00       96.00       45.00       36.00       44.00       60.00       45.00       66.00       55.00       22.00
       38.00       87.00       45.00       26.00       98.00       17.00       26.00       65.00       41.00       51.00
       12.00       79.00       78.00       36.00       76.00       61.00       52.00       77.00       90.00       89.00
       50.00       52.00       88.00       20.00       63.00       92.00       46.00       22.00       52.00       60.00
       83.00       27.00       30.00       21.00       41.00       29.00       67.00        3.00       63.00       64.00
       90.00       80.00        5.00       45.00       27.00       27.00       51.00       42.00       14.00       39.00
       95.00       16.00       71.00       99.00       29.00       66.00       11.00       51.00       50.00       38.00
       43.00       99.00       62.00        4.00       75.00       52.00       46.00       16.00       35.00       76.00
       22.00       84.00       69.00       27.00       32.00       44.00       69.00       77.00        2.00        7.00
       60.00       50.00       76.00        5.00       31.00       43.00       27.00       79.00       98.00       85.00
       88.00       80.00       41.00       71.00       54.00       61.00       33.00       63.00       50.00       92.00
       72.00       52.00       72.00       37.00       78.00       24.00       33.00       52.00       10.00       69.00
       90.00        6.00       20.00       28.00       10.00       37.00       56.00       69.00       23.00       86.00
       68.00       35.00       60.00       77.00       81.00        4.00       68.00       37.00       52.00       57.00
       68.00       67.00       10.00       39.00       78.00       13.00       57.00       70.00       23.00       98.00
       64.00       27.00       24.00       18.00        9.00        8.00        0.00        0.00       33.00       57.00
       58.00       90.00        2.00       10.00       43.00        9.00        9.00       70.00       64.00        2.00
       64.00       51.00       39.00       56.00       42.00       38.00        4.00       82.00       77.00       32.00
       90.00       67.00       57.00       19.00       61.00       50.00       28.00       41.00       70.00       85.00
       10.00       80.00       70.00       76.00       14.00       83.00       86.00       15.00       81.00       81.00
       47.00       52.00       89.00       82.00       24.00       78.00       19.00       40.00       14.00       92.00
       48.00       44.00       94.00       98.00       28.00       54.00        8.00       42.00       63.00       98.00
       69.00       90.00       95.00       99.00       96.00        9.00       59.00       99.00       12.00       85.00
       65.00       94.00       75.00       17.00       32.00        2.00        7.00       57.00       57.00       31.00
       69.00       74.00       16.00        6.00       70.00       84.00       24.00       84.00       20.00       60.00
       89.00       64.00       67.00       15.00       58.00       72.00       72.00       32.00       23.00       65.00
       18.00       65.00       41.00        5.00       50.00       53.00       83.00       81.00       97.00       21.00
       31.00       88.00       28.00       36.00       62.00       87.00       26.00       74.00        4.00        2.00
       99.00        2.00       63.00       44.00       61.00       67.00       30.00       46.00       32.00       70.00
       32.00       59.00       73.00       57.00       96.00       54.00       24.00       49.00       20.00        7.00
       27.00        3.00       76.00       79.00       50.00       66.00        2.00       21.00       44.00       72.00
       38.00       44.00       98.00       96.00       31.00       58.00       68.00       55.00        1.00       60.00
        8.00       25.00       45.00       25.00       20.00       15.00       32.00       24.00        0.00       21.00
        5.00       84.00       50.00       42.00       90.00       67.00       91.00       33.00       89.00       12.00
       78.00       34.00        7.00       88.00       15.00       98.00       23.00       44.00       30.00       96.00
       25.00       49.00       32.00       81.00       58.00       74.00       76.00       50.00       61.00       38.00
       25.00       16.00       87.00       33.00       47.00       80.00       30.00        3.00        7.00       84.00
       14.00       29.00       56.00       74.00        3.00       55.00        1.00       95.00       57.00       57.00
       14.00        8.00       14.00       36.00       31.00        0.00        3.00       84.00       31.00       28.00
        4.00       63.00       98.00       10.00        0.00       94.00       18.00       64.00       15.00       35.00
       51.00       47.00       99.00        8.00       81.00       59.00       29.00        6.00       51.00        4.00
       34.00       70.00        8.00       17.00       43.00       37.00       35.00       25.00       48.00        0.00
       49.00       66.00       94.00        8.00       65.00       10.00       66.00       22.00       91.00       46.00
       26.00       99.00       74.00       30.00        7.00       55.00       28.00       11.00       99.00       47.00
       11.00       69.00       43.00       72.00       24.00       52.00       48.00       63.00       69.00       78.00
       96.00       36.00       65.00       41.00       77.00       23.00       19.00       50.00       90.00       91.00
       12.00       83.00        2.00       27.00       28.00       19.00       34.00       40.00       45.00        6.00
       37.00       25.00       74.00       67.00       59.00       71.00       98.00       48.00       24.00       13.00
       58.00       60.00       88.00       70.00       91.00       80.00        7.00        1.00        5.00       98.00
       66.00       91.00       56.00       37.00       45.00       39.00       61.00       81.00       13.00        1.00
       55.00       75.00       79.00       27.00       83.00        3.00       41.00       89.00       89.00       42.00
       29.00       82.00       25.00       54.00       99.00       50.00       11.00       67.00       50.00       77.00
       13.00       47.00       71.00       29.00       18.00       73.00       19.00       51.00       20.00       63.00
       13.00       44.00       52.00        6.00       71.00       86.00       29.00       13.00       38.00       69.00
       80.00       78.00       81.00       54.00       91.00       20.00       41.00       90.00       81.00       41.00
       84.00       28.00       84.00       23.00       70.00       31.00       17.00       62.00       46.00       69.00
       51.00       89.00       37.00       43.00        5.00       37.00       71.00       76.00       49.00       59.00
       80.00       69.00       76.00        5.00       58.00        8.00       77.00        0.00       61.00       72.00
       32.00       94.00       96.00       74.00        5.00       80.00       13.00       38.00       96.00       80.00
       11.00       91.00       99.00       67.00       27.00       36.00       58.00       65.00       48.00       10.00
       33.00       38.00       86.00       63.00        8.00       74.00        0.00       13.00        0.00       13.00
       43.00       44.00       68.00       75.00       85.00       77.00       13.00        3.00       37.00        9.00
       22.00        6.00       60.00       10.00        5.00       81.00       59.00       31.00       26.00       39.00
       81.00       48.00       15.00       74.00       61.00       45.00       28.00       45.00        9.00       31.00
       77.00       60.00        6.00       22.00       68.00       85.00       62.00       41.00       94.00        4.00
       63.00       20.00       83.00       26.00       98.00        7.00       11.00       97.00       45.00        3.00
       98.00       65.00       59.00       89.00       81.00       19.00       94.00       25.00       12.00       77.00
       18.00       13.00       14.00       22.00       16.00       20.00       22.00       29.00       19.00       11.00
       14.00       24.00       24.00       20.00       13.00       25.00       19.00       19.00       14.00       16.00
       16.00       17.00       13.00       23.00       23.00       16.00       26.00       14.00       24.00       17.00
       29.00       21.00       10.00       13.00       13.00       11.00       27.00       11.00       17.00       19.00
       11.00       10.00       21.00       28.00       27.00       29.00       13.00       13.00       14.00       22.00
     2844.00     2625.00     1910.00     4831.00     3583.00      361.00      925.00     1248.00     3312.00     2838.00
      530.00     3949.00     2968.00     1130.00      593.00     2574.00      688.00     2078.00     1853.00     1741.00
      190.00      136.00      105.00      258.00      171.00       41.00       93.00      127.00      220.00      140.00
       53.00      225.00      136.00       93.00       73.00      147.00       84.00      157.00      136.00      132.00
