20   10
       77.00       29.00        2.00       40.00       72.00       59.00       59.00       92.00       52.00        6.00
       13.00       55.00       49.00       10.00       50.00       74.00       29.00       77.00       50.00       21.00
       87.00       18.00       48.00       66.00       78.00       70.00       25.00        3.00       98.00       94.00
       74.00       31.00       73.00       37.00       27.00       32.00        0.00        1.00       50.00       15.00
       54.00       32.00       15.00       89.00       64.00       42.00       47.00        6.00        7.00       36.00
       68.00       84.00       82.00       76.00       99.00       87.00       64.00       31.00        9.00       36.00
       48.00       87.00       87.00       81.00       26.00       11.00        3.00       38.00       68.00       97.00
       86.00       94.00       98.00       41.00       13.00       21.00       76.00       19.00       96.00       49.00
       45.00       60.00       32.00        7.00       79.00       54.00       21.00       10.00       71.00       20.00
       84.00       63.00       18.00       34.00       35.00       10.00       11.00       83.00       88.00       44.00
       40.00        9.00        4.00       61.00       45.00       47.00       99.00       24.00        6.00       74.00
       87.00       65.00       30.00       26.00       10.00       37.00       96.00       45.00       94.00       18.00
       49.00       69.00       26.00       95.00       55.00       73.00       28.00        6.00       81.00       24.00
        8.00        8.00       35.00        8.00       79.00       94.00       91.00       46.00       86.00       96.00
       79.00        1.00       99.00       14.00       33.00       48.00       36.00       97.00        4.00       53.00
       41.00       38.00       82.00       93.00       30.00       65.00       13.00        6.00       69.00       52.00
       70.00       41.00       56.00       64.00       27.00       81.00       30.00       23.00       55.00       24.00
        2.00       56.00       28.00       57.00        7.00       56.00        3.00       73.00       12.00       80.00
       27.00       92.00       27.00       48.00       82.00       95.00       10.00       29.00       51.00       92.00
       50.00       32.00       92.00       76.00       93.00       19.00       43.00       21.00       18.00       24.00
       11.00       29.00       25.00       23.00       10.00       23.00       11.00       22.00       28.00       27.00
       21.00       25.00       14.00       19.00       19.00       15.00       20.00       19.00       21.00       13.00
      354.00      446.00      809.00     1578.00      737.00     1197.00      392.00     1289.00     1097.00      749.00
       32.00       23.00       74.00       80.00       61.00       67.00       27.00       66.00       68.00       64.00

