   50   20
       27.00       76.00       13.00       52.00       30.00       14.00       13.00       71.00        3.00       96.00
       23.00       86.00       44.00       71.00       90.00       60.00       82.00       26.00       41.00       86.00
       86.00       59.00       92.00       42.00        7.00        5.00       35.00       73.00       81.00       74.00
       29.00       99.00       84.00       85.00       80.00       55.00       36.00       22.00       86.00       49.00
        2.00       20.00       82.00       60.00       11.00       81.00       96.00       29.00       19.00       56.00
       31.00       17.00       68.00       62.00       13.00       20.00       20.00       10.00       64.00       80.00
       84.00       62.00       18.00       18.00       37.00       48.00       52.00       93.00       35.00        9.00
       36.00       48.00       45.00       49.00        1.00        5.00       51.00        4.00       78.00       21.00
       21.00       72.00       77.00       17.00       30.00       54.00       90.00       35.00       76.00        8.00
       45.00       89.00       36.00        1.00       38.00       22.00       54.00       33.00       32.00       75.00
       50.00       44.00       94.00       35.00       98.00       50.00        2.00       13.00        3.00       53.00
       54.00       80.00       89.00       26.00       57.00       51.00       67.00       78.00       71.00       96.00
       49.00       25.00       50.00       25.00       24.00       54.00       99.00       71.00       18.00       30.00
       23.00       71.00       97.00       96.00       69.00        9.00       92.00       63.00       59.00       88.00
       51.00       90.00       75.00       34.00       39.00       98.00       53.00       44.00       66.00       77.00
       79.00       47.00       79.00       66.00        7.00       22.00       78.00       30.00       39.00       13.00
       30.00       55.00       37.00       12.00       83.00       30.00       52.00        9.00       26.00        4.00
        2.00       47.00       19.00       23.00       18.00        0.00        9.00       89.00       53.00       84.00
        6.00       89.00       20.00       68.00       75.00        6.00       98.00       27.00       68.00       88.00
       27.00       81.00        9.00       46.00       86.00       90.00       10.00        9.00       13.00        8.00
       68.00       59.00       15.00       15.00       75.00       11.00       92.00       77.00       48.00       23.00
       48.00        1.00       26.00       59.00        9.00       11.00       69.00       77.00        5.00       35.00
        6.00       45.00       74.00       85.00       80.00       51.00       19.00       55.00        0.00       14.00
       94.00       64.00       71.00       84.00       46.00       81.00       88.00       82.00        9.00       59.00
       78.00       49.00       25.00       63.00       80.00       40.00       74.00       83.00       14.00       62.00
       53.00       60.00       75.00       62.00        8.00       72.00       43.00        6.00       29.00       55.00
        2.00       99.00       63.00       50.00       20.00       50.00       97.00       15.00       14.00       70.00
       14.00       32.00        8.00       63.00       30.00       97.00       65.00       46.00       65.00       81.00
       51.00       15.00       10.00       96.00       47.00       27.00       74.00        0.00       32.00       81.00
       46.00       35.00       99.00       14.00       97.00       70.00       80.00       35.00        0.00        3.00
       83.00       78.00       54.00       36.00       68.00       35.00       33.00       34.00       31.00       12.00
        6.00       31.00       58.00        5.00       75.00       31.00       62.00       92.00       60.00       45.00
       33.00        8.00        4.00       30.00       60.00       18.00       85.00       42.00       85.00       20.00
       57.00       14.00       29.00       55.00       55.00       16.00       78.00       84.00       47.00       66.00
       17.00       71.00       99.00       91.00       78.00       75.00        5.00       67.00        1.00       59.00
       81.00       70.00       52.00       43.00       42.00       39.00       45.00       67.00       95.00       18.00
       38.00       59.00       27.00       30.00       32.00        2.00       75.00        2.00       76.00       53.00
       85.00       44.00       56.00       52.00       28.00       59.00       21.00       43.00        9.00       14.00
       88.00       77.00       86.00       24.00       10.00       64.00        1.00       19.00        9.00       16.00
       75.00       89.00        8.00       81.00       23.00       43.00       11.00       68.00        0.00       11.00
       19.00        5.00       67.00       83.00       72.00       85.00       55.00       66.00       68.00       98.00
       53.00       96.00       90.00       43.00       51.00       42.00       46.00       73.00       29.00       88.00
       96.00       18.00       52.00       77.00       32.00       88.00       11.00       55.00       29.00       49.00
       46.00       46.00       78.00       31.00       20.00       57.00       81.00       98.00       24.00       80.00
       62.00        4.00       56.00       45.00       15.00        4.00       81.00       44.00       15.00       97.00
       78.00       27.00       45.00       27.00       33.00       45.00       15.00       55.00       13.00       80.00
       90.00       91.00       59.00       95.00       42.00       42.00       71.00        0.00       93.00       17.00
       55.00        5.00       16.00       97.00       92.00        5.00       15.00       53.00       12.00       37.00
       92.00       83.00        5.00       77.00       86.00       91.00        6.00       90.00       27.00       30.00
        6.00       43.00       41.00       87.00       15.00       32.00       19.00       74.00       54.00        9.00
        9.00       67.00       52.00       80.00       11.00       88.00       90.00       33.00       81.00       34.00
       10.00       13.00       66.00        4.00       71.00       38.00       41.00       60.00       37.00       43.00
        7.00       36.00       21.00       79.00       72.00       79.00       20.00       19.00       33.00       87.00
        9.00       41.00       23.00       71.00       95.00       81.00       94.00       61.00       35.00       93.00
       49.00       39.00       70.00       50.00       45.00       57.00       42.00       74.00       25.00       82.00
       72.00       73.00       61.00       68.00       45.00       35.00       13.00       59.00        7.00        2.00
       24.00       63.00       79.00       15.00       18.00       50.00       45.00       20.00       78.00       72.00
       63.00       63.00       97.00        6.00       17.00       14.00       53.00       61.00       88.00        8.00
       43.00        1.00       38.00       86.00       61.00       95.00       18.00       69.00       38.00       65.00
       43.00       12.00       51.00        8.00       12.00        8.00       75.00       23.00       43.00       44.00
       44.00       54.00       69.00       31.00       44.00       25.00        5.00       53.00       33.00       57.00
       86.00       24.00       95.00       62.00       40.00       21.00       47.00       59.00       34.00       49.00
       62.00       84.00       20.00       68.00       89.00       51.00       60.00       62.00       61.00       56.00
        0.00       95.00       94.00       78.00       14.00       78.00       27.00       28.00       58.00       13.00
       46.00       34.00       79.00        2.00       98.00       53.00       53.00       12.00       79.00       47.00
       60.00       37.00       20.00       48.00        3.00       83.00       34.00       66.00       46.00       10.00
       66.00       73.00       37.00       76.00       40.00       84.00       72.00       49.00       99.00        8.00
       11.00        0.00       64.00       39.00       25.00       80.00       83.00       24.00       63.00       58.00
       26.00        7.00       70.00       58.00       59.00       51.00       67.00       30.00       90.00       89.00
        3.00       47.00       91.00       36.00       22.00        1.00       16.00       92.00       15.00       48.00
       80.00       95.00       47.00       30.00       82.00        7.00       76.00       60.00       50.00       60.00
        5.00       63.00       83.00       72.00       38.00       95.00       96.00       21.00       35.00       93.00
       88.00       39.00       62.00       30.00        8.00       58.00       17.00       60.00       72.00       27.00
       54.00        6.00       61.00       71.00       40.00       96.00       11.00       73.00       26.00       70.00
       68.00       99.00        2.00       12.00       58.00       78.00       79.00       62.00       17.00       39.00
       19.00       35.00       72.00       39.00       95.00       42.00       58.00       51.00       59.00       82.00
       25.00       85.00       55.00       65.00       70.00       66.00       92.00       79.00       80.00       98.00
       76.00       99.00       97.00       77.00       60.00       25.00       28.00       35.00       62.00       81.00
       48.00       34.00       63.00        4.00        3.00       38.00       77.00       28.00       69.00       26.00
       68.00       29.00       61.00       40.00       40.00       81.00       81.00       59.00       36.00       44.00
       33.00       66.00       27.00       96.00       88.00       29.00       61.00       59.00       34.00       26.00
        9.00       86.00       58.00       85.00       38.00       33.00       59.00        4.00       91.00       93.00
       66.00       91.00       43.00        1.00       31.00       34.00       84.00       15.00        8.00       78.00
       34.00       44.00       32.00       82.00       89.00       74.00       85.00       88.00       69.00        5.00
       88.00        7.00       99.00       23.00       58.00       18.00       47.00       41.00       36.00       31.00
       20.00        4.00       63.00       55.00       62.00       31.00       54.00       87.00       19.00       46.00
        8.00       98.00       79.00       16.00       57.00       77.00       75.00        4.00       25.00       85.00
       29.00       91.00       66.00        8.00       65.00       47.00        0.00        9.00       23.00       36.00
       48.00       36.00       57.00       89.00       68.00       22.00       83.00       92.00       15.00       91.00
       29.00       58.00       81.00       43.00       91.00       85.00        4.00        5.00        1.00       18.00
       36.00       52.00       61.00       82.00       14.00       33.00       94.00       25.00       79.00       81.00
       26.00        8.00       25.00       60.00       95.00       35.00       81.00       98.00       43.00       91.00
       69.00        9.00       53.00       50.00       68.00       87.00       23.00       58.00       87.00       43.00
       91.00       11.00       38.00       16.00       70.00       77.00       44.00       58.00       29.00       35.00
       34.00        5.00       48.00       35.00       13.00       66.00       34.00       92.00       92.00       85.00
       61.00       70.00       35.00       81.00       88.00       28.00       52.00       49.00       55.00       33.00
       38.00       92.00       71.00       38.00       45.00        4.00       37.00       12.00       34.00       33.00
       66.00       66.00       45.00        2.00        9.00       82.00       79.00       41.00       78.00       70.00
       86.00       83.00       33.00        7.00        1.00       18.00       81.00       14.00       59.00        1.00
       99.00       91.00        4.00       76.00       73.00       13.00       61.00       41.00       24.00       59.00
       15.00       22.00       24.00       17.00       32.00        9.00        4.00       36.00        6.00       22.00
       28.00       35.00       18.00       32.00       33.00       33.00       10.00       24.00        5.00       30.00
       29.00       16.00        9.00       27.00       23.00        8.00       31.00       14.00       38.00        5.00
       21.00       32.00       29.00        9.00       29.00       34.00       30.00        6.00       37.00       10.00
        5.00       35.00       20.00        1.00       26.00       25.00       29.00       34.00       33.00        8.00
      875.00      819.00      591.00     1135.00      848.00      375.00      538.00      232.00      376.00      524.00
      871.00      397.00      441.00      252.00      568.00      928.00     1327.00      451.00     1266.00     1234.00
       75.00      123.00       65.00       87.00       73.00       35.00       62.00       44.00       26.00      102.00
       79.00       37.00       41.00       46.00       51.00       72.00      106.00       32.00      115.00      111.00
