   60   30
       83.00       40.00       24.00       19.00       44.00       70.00       51.00       10.00        7.00       43.00
       11.00       83.00       78.00       74.00       40.00       63.00       18.00       50.00       85.00       23.00
       87.00       65.00        5.00       51.00       46.00       23.00       55.00       30.00       68.00       22.00
       19.00       15.00       45.00       87.00       37.00       95.00       56.00       11.00       18.00       58.00
       61.00       38.00       44.00       96.00       33.00       89.00       14.00       25.00       30.00       10.00
       67.00        6.00       80.00       93.00        0.00       90.00       29.00       16.00       55.00       18.00
       72.00       82.00       53.00       66.00       69.00       57.00       89.00       90.00       16.00       57.00
       25.00       35.00       27.00        0.00       42.00        5.00       35.00       50.00       31.00       96.00
       29.00       19.00       45.00       58.00       91.00       77.00       31.00       29.00       74.00       16.00
       32.00       54.00       62.00       60.00        2.00       83.00       96.00        1.00       94.00       24.00
       48.00       25.00        9.00       75.00       80.00       45.00       15.00       69.00       33.00       58.00
       68.00       17.00       14.00       99.00        7.00       15.00       86.00       40.00       99.00       57.00
       86.00       87.00       41.00       84.00        6.00       43.00       79.00       35.00       30.00       61.00
       64.00       96.00        9.00       98.00       82.00       66.00        9.00       32.00       16.00       76.00
       65.00       33.00       22.00       36.00       42.00       63.00       42.00       89.00       67.00       77.00
       76.00       15.00       84.00       33.00       90.00       88.00       59.00       34.00       18.00       98.00
       36.00       72.00       12.00       86.00       97.00       28.00       29.00       54.00       10.00       64.00
       53.00       44.00       53.00       10.00       14.00        2.00       34.00       17.00       34.00       75.00
       72.00       45.00        9.00       98.00       95.00        2.00       31.00       72.00       63.00       52.00
       78.00       48.00       37.00       60.00       47.00       53.00       41.00       32.00        6.00       36.00
       94.00       84.00       77.00       20.00        7.00       45.00       90.00       72.00       69.00       60.00
       66.00       47.00       75.00       72.00       17.00       57.00       59.00       84.00       66.00       75.00
       44.00       36.00       40.00       69.00       20.00       45.00       77.00       34.00       10.00       95.00
       46.00       65.00       80.00       78.00       90.00       82.00       22.00        6.00       19.00        7.00
       90.00       81.00       23.00       58.00       87.00       51.00       94.00       99.00       27.00       11.00
       47.00       63.00       16.00       38.00       11.00       49.00       33.00       38.00        8.00       49.00
        5.00       71.00       54.00       50.00       99.00       73.00       42.00       36.00       77.00       84.00
       91.00       72.00       99.00       63.00       84.00       42.00       54.00       44.00        6.00       83.00
       61.00       58.00       73.00       33.00       75.00       32.00       18.00       82.00       82.00       43.00
       47.00       95.00       66.00       79.00        8.00       52.00       93.00       40.00       32.00       19.00
       41.00       81.00       24.00       36.00       60.00       80.00       29.00       10.00       57.00       79.00
       92.00       24.00       32.00       40.00       92.00       11.00        9.00        5.00       14.00       63.00
       38.00       55.00       96.00       49.00       68.00        6.00       59.00       90.00       15.00       92.00
        6.00       97.00       64.00       22.00       55.00       75.00       96.00       99.00       36.00       55.00
       13.00       51.00       67.00       91.00       24.00       16.00       99.00       53.00       86.00       65.00
       74.00       95.00       29.00       61.00       57.00       69.00       21.00        5.00       33.00       34.00
       29.00       83.00       60.00       66.00       87.00       46.00       47.00       68.00       92.00       79.00
       80.00       50.00       78.00       23.00       18.00       10.00       31.00       87.00       39.00       46.00
       63.00       33.00       97.00       85.00       46.00       43.00       31.00       92.00       73.00       98.00
       28.00       12.00        9.00       10.00       38.00       52.00       33.00        9.00       86.00       99.00
       96.00       71.00       36.00       46.00       41.00       25.00        4.00       58.00       59.00       95.00
        5.00        4.00       84.00       50.00        6.00       44.00       41.00       72.00       16.00       35.00
        6.00       74.00       17.00        5.00       41.00       12.00       31.00        9.00       14.00       86.00
       80.00       56.00       14.00       18.00       78.00       75.00       27.00       54.00       60.00       70.00
       22.00       26.00       38.00       74.00       76.00       74.00       47.00       88.00       27.00       12.00
       11.00       93.00       39.00       88.00       45.00       49.00       21.00       70.00       80.00       24.00
       24.00       67.00       63.00       33.00       14.00       56.00       77.00       47.00       98.00       74.00
       93.00       34.00       50.00        7.00       29.00       28.00       54.00       80.00       89.00       38.00
       77.00       21.00        9.00       43.00       26.00       62.00       31.00       34.00       58.00        7.00
       75.00       11.00       47.00       61.00       90.00       28.00       25.00       13.00        2.00       54.00
       52.00       16.00       83.00       92.00       78.00        8.00       15.00       73.00       18.00       60.00
       24.00       20.00       25.00       46.00        6.00       40.00       58.00       87.00       67.00        6.00
       69.00       90.00       52.00       13.00       51.00       94.00       41.00       44.00       38.00        8.00
       23.00       67.00       21.00       79.00       85.00       43.00       57.00       40.00       84.00       43.00
       54.00       22.00       70.00       62.00       67.00       29.00       95.00       21.00       61.00       20.00
       19.00       64.00       83.00       25.00       98.00        6.00       90.00        8.00       19.00       88.00
        2.00       53.00        5.00       34.00       77.00       29.00       25.00       39.00       46.00       57.00
       69.00        0.00       34.00       93.00       65.00        1.00       59.00        4.00       65.00       99.00
       97.00       86.00       26.00       65.00       42.00       63.00       48.00       93.00        5.00       63.00
       50.00       72.00       30.00       53.00       14.00       88.00       22.00       99.00        6.00       87.00
       16.00       55.00       56.00       40.00       17.00       16.00       72.00       76.00       19.00       94.00
        7.00       70.00       66.00       75.00        2.00       16.00       97.00       96.00       83.00        6.00
       20.00       36.00       83.00       14.00       95.00        5.00       14.00       36.00        1.00       88.00
        1.00       48.00       48.00       72.00       76.00       84.00       46.00       53.00       79.00       31.00
       25.00       19.00        9.00        9.00        1.00       47.00       31.00       83.00        9.00       58.00
       35.00       11.00       49.00       21.00       94.00       34.00       29.00       95.00       67.00       69.00
       88.00       65.00       58.00       40.00       36.00       89.00        9.00       87.00       52.00       81.00
       95.00       14.00       16.00       87.00       56.00       68.00       72.00       27.00       74.00       83.00
       52.00       26.00       84.00       98.00       89.00       30.00       77.00       60.00       29.00        7.00
       33.00       54.00       98.00       63.00       98.00       33.00       83.00       28.00       84.00       31.00
       50.00       94.00       53.00       80.00       91.00        0.00       34.00       83.00       86.00        9.00
       64.00       91.00        9.00       18.00       58.00       92.00       24.00       92.00       53.00       21.00
       49.00       11.00       71.00       42.00       79.00       84.00       17.00       53.00        3.00       54.00
       79.00       27.00       42.00        7.00       11.00       86.00       13.00       53.00       25.00       67.00
       85.00       53.00        7.00       34.00       77.00       96.00       34.00       43.00       23.00       52.00
       65.00       53.00        6.00       75.00       39.00       60.00       18.00       98.00       83.00       81.00
       23.00       75.00       19.00       19.00       16.00       46.00       48.00       95.00        3.00       32.00
       12.00       12.00       46.00       86.00       83.00       96.00       60.00       62.00       36.00       34.00
       44.00       74.00       81.00       98.00       77.00       54.00       93.00       17.00       34.00       40.00
       36.00       51.00       77.00       38.00       79.00       78.00       46.00       60.00       68.00       76.00
       43.00       15.00       75.00       92.00       84.00        3.00       46.00       13.00       76.00       61.00
       37.00       76.00       27.00       37.00       91.00       98.00        1.00       99.00       87.00       99.00
       84.00       13.00       92.00       55.00       14.00       36.00       81.00        5.00       92.00       13.00
       99.00        0.00       78.00       73.00       91.00       59.00       48.00       66.00       21.00       79.00
       52.00       82.00       61.00       11.00       99.00       40.00        9.00        6.00       76.00       51.00
       73.00       75.00       62.00       89.00       40.00       35.00       93.00        2.00       97.00       31.00
       98.00       84.00       91.00       45.00       13.00       68.00       38.00       46.00       25.00        4.00
        9.00       39.00       28.00       53.00       76.00       10.00       75.00       95.00       71.00       73.00
       64.00       45.00        3.00       92.00       96.00        4.00       40.00       92.00       81.00       12.00
       45.00       18.00       97.00       73.00       18.00       91.00       12.00       57.00       91.00       65.00
       36.00       13.00       85.00       97.00       52.00       46.00        3.00       72.00       54.00       37.00
       40.00       61.00       85.00        5.00       26.00       75.00       51.00       63.00       30.00       79.00
       60.00       83.00       95.00       55.00        6.00       95.00       77.00       26.00        4.00       85.00
       25.00        6.00       39.00       57.00       94.00        7.00       86.00       76.00        7.00       30.00
       22.00       12.00       98.00       32.00       22.00       52.00       91.00       33.00       28.00       39.00
       17.00        6.00       20.00       76.00       61.00       63.00       28.00       81.00       90.00       41.00
       75.00       93.00       10.00       43.00       27.00       66.00       58.00       81.00        1.00       99.00
        5.00       41.00       49.00       88.00       54.00       54.00       18.00       94.00       43.00       51.00
       63.00       71.00       84.00       35.00       64.00       94.00        9.00       91.00       53.00       83.00
        0.00       30.00       74.00       11.00       19.00       24.00       30.00       37.00       70.00       85.00
       80.00       13.00       60.00       97.00       94.00       48.00       39.00        2.00       75.00       35.00
       29.00       95.00       29.00       65.00       86.00       84.00        4.00       79.00       53.00       20.00
       56.00       67.00       76.00       96.00       10.00       64.00       20.00       82.00       14.00       37.00
       97.00       38.00       16.00       58.00       86.00       16.00       98.00       93.00        6.00       52.00
       61.00       70.00       90.00       10.00       34.00       94.00       53.00       26.00       65.00       20.00
       54.00       58.00       98.00       17.00        8.00       42.00       54.00       68.00       80.00       27.00
       80.00       97.00       82.00       17.00       14.00       17.00       43.00       48.00       93.00       39.00
       35.00       87.00       99.00       86.00       69.00       22.00       23.00       99.00       86.00       89.00
       81.00       45.00       22.00       44.00       26.00       34.00       11.00       78.00       37.00       31.00
       67.00       48.00       65.00       16.00       36.00       50.00       88.00       16.00       40.00       71.00
       92.00       22.00       26.00       94.00       78.00       61.00        7.00       36.00       76.00       89.00
       63.00       55.00       98.00       26.00       15.00       47.00       74.00       37.00       24.00       20.00
       52.00       53.00       43.00       15.00       43.00       61.00       50.00       23.00       65.00       22.00
       35.00       94.00       96.00       94.00        4.00       65.00       45.00       68.00       41.00       35.00
        9.00       39.00       31.00       59.00       73.00       74.00       42.00       65.00       61.00       62.00
        8.00       86.00       51.00       26.00       72.00       79.00       23.00       66.00       83.00       73.00
       83.00       43.00       34.00       55.00       94.00       25.00       17.00       97.00        8.00       70.00
        9.00       85.00       75.00       90.00       15.00       95.00       73.00       46.00       56.00       26.00
       91.00       61.00       47.00       99.00       49.00       36.00       16.00       67.00       50.00       31.00
       70.00       96.00       89.00       31.00       93.00       22.00       57.00        1.00       38.00       91.00
       38.00       22.00       46.00       30.00       62.00       52.00       11.00        7.00       78.00       39.00
       63.00       88.00       55.00        4.00       51.00       90.00       20.00       59.00       34.00       90.00
        5.00       25.00       19.00       39.00       42.00       80.00       14.00       92.00       45.00       24.00
       61.00       52.00       64.00       73.00       87.00       93.00       93.00        3.00       87.00       97.00
       76.00       94.00       14.00       38.00       30.00       79.00       50.00       90.00        2.00       64.00
       84.00       35.00        6.00       84.00       12.00        5.00       13.00       26.00       49.00       92.00
        2.00       18.00        4.00       92.00       78.00       64.00       64.00       77.00       30.00       85.00
       88.00       20.00       68.00       91.00       11.00       93.00       80.00       90.00        1.00       39.00
       90.00       13.00       23.00       70.00        5.00        8.00        3.00       53.00       82.00       47.00
       97.00       79.00       59.00       18.00       10.00       25.00       33.00       25.00        7.00       66.00
       67.00       10.00       29.00       87.00       65.00       56.00        1.00        0.00       52.00       60.00
       82.00       77.00       44.00       58.00        6.00       44.00       92.00       69.00       21.00       95.00
       41.00       62.00        8.00       40.00       33.00       81.00       44.00       72.00       42.00       82.00
       46.00       22.00       37.00       56.00        2.00       62.00       90.00       54.00       84.00       35.00
       81.00       25.00       95.00       54.00       80.00       47.00       86.00       84.00       90.00        3.00
       67.00       98.00       94.00       36.00       77.00       92.00       26.00       79.00       95.00       56.00
       80.00       52.00        9.00       88.00        8.00       69.00       69.00       64.00       77.00       95.00
        5.00        5.00       89.00       43.00       65.00       20.00       80.00       16.00       16.00       97.00
       62.00       14.00       17.00       85.00       53.00       71.00       51.00       79.00       27.00        1.00
       75.00        8.00       81.00       43.00       21.00       86.00       84.00       62.00       67.00       69.00
       68.00       28.00       59.00       45.00       80.00       87.00       42.00       32.00       84.00       95.00
       45.00       70.00        4.00       73.00       19.00       31.00       44.00       16.00       24.00       78.00
       11.00       55.00       21.00       62.00       41.00       57.00        8.00       17.00        3.00       13.00
        7.00        5.00       21.00       47.00       88.00       20.00       49.00       47.00       99.00       52.00
       94.00        7.00       23.00       70.00       49.00       19.00       95.00       68.00        2.00       59.00
       36.00       94.00       38.00       64.00       90.00       56.00       19.00       87.00       93.00       64.00
       43.00       71.00       72.00       55.00       99.00       86.00       84.00       26.00       74.00       31.00
       30.00       46.00       72.00       67.00       98.00       44.00       64.00       57.00       42.00       82.00
       74.00       30.00       79.00       62.00       54.00       69.00       66.00       33.00       31.00       18.00
       96.00       86.00       13.00       48.00       20.00       59.00       82.00       24.00       87.00       87.00
       17.00       63.00       55.00       85.00       42.00       80.00       13.00       16.00       55.00       61.00
       27.00       13.00       17.00        4.00       92.00       46.00       91.00       29.00       55.00       43.00
       58.00       28.00       38.00       26.00       63.00       28.00       81.00        8.00       56.00       79.00
       86.00       59.00       31.00       85.00       18.00       43.00       88.00       45.00       14.00       94.00
       63.00       69.00       93.00       58.00        0.00       97.00       63.00       41.00       69.00       19.00
       86.00       36.00       38.00       87.00       37.00        3.00       76.00       58.00       60.00       51.00
       21.00       14.00       16.00       25.00       51.00       57.00       84.00        2.00       56.00       54.00
       44.00       62.00       63.00       90.00       56.00       66.00        2.00       65.00       27.00       72.00
       90.00       33.00       12.00       72.00       73.00       57.00       10.00       19.00       70.00       53.00
       33.00       90.00       86.00       31.00       63.00       99.00        0.00       55.00       43.00       45.00
       51.00       89.00       43.00       85.00       69.00       97.00        6.00       41.00       13.00        9.00
       68.00       91.00       46.00       79.00       10.00       11.00       24.00       92.00       73.00       52.00
        2.00       98.00       52.00       83.00       72.00       78.00       60.00       25.00       85.00       72.00
        8.00       63.00       42.00       27.00       50.00        9.00       28.00       32.00        4.00       44.00
       35.00       71.00       20.00       83.00       12.00       85.00       79.00       22.00       15.00       39.00
       38.00       62.00       63.00       42.00       41.00       40.00       11.00       42.00       90.00       76.00
        0.00       19.00       15.00       50.00       57.00       33.00        4.00       57.00       25.00        4.00
       87.00       88.00       80.00       35.00       64.00       59.00       50.00       95.00       43.00       74.00
       29.00       36.00       18.00       90.00       79.00        2.00       99.00       28.00       45.00       54.00
       83.00       55.00       26.00       23.00       25.00        4.00       84.00       69.00       41.00       33.00
       79.00       89.00       65.00       42.00       71.00       28.00       29.00       64.00        8.00       71.00
       48.00       46.00       10.00       14.00       24.00       53.00       14.00       63.00       96.00       69.00
       29.00       86.00       18.00       94.00       28.00       31.00       21.00       28.00       74.00       86.00
       96.00       23.00       48.00       30.00       20.00       29.00       42.00       19.00       94.00       70.00
       20.00       91.00       64.00       17.00       64.00       96.00       64.00       50.00       67.00       77.00
       77.00       39.00       26.00       53.00       22.00       57.00       59.00        4.00        9.00       32.00
       37.00       28.00        1.00       88.00       23.00       37.00        9.00       29.00       38.00       17.00
       85.00       79.00        6.00       52.00       85.00       73.00       58.00       98.00       45.00       60.00
       74.00       62.00       60.00       67.00       13.00       12.00       72.00       35.00       55.00       21.00
       20.00       29.00       46.00       31.00       89.00       73.00       32.00       88.00       62.00       72.00
       22.00       21.00       25.00       23.00       29.00       14.00       11.00       15.00       14.00       10.00
       27.00       25.00       14.00       20.00       26.00       28.00       23.00       16.00       23.00       13.00
       16.00       22.00       17.00       21.00       21.00       13.00       19.00       11.00       10.00       14.00
       13.00       12.00       13.00       13.00       21.00       26.00       22.00       17.00       27.00       25.00
       18.00       17.00       11.00       17.00       27.00       23.00       20.00       29.00       21.00       27.00
       23.00       11.00       23.00       22.00       20.00       17.00       25.00       25.00       19.00       18.00
      870.00      642.00     2013.00     1862.00     1384.00      404.00     2150.00      960.00     1871.00      943.00
      257.00      571.00     1350.00     1608.00     1326.00      416.00      376.00     1258.00     1793.00      858.00
      632.00     1817.00      735.00      517.00      637.00     1568.00     1510.00      475.00      482.00     1494.00
      118.00      163.00      126.00       87.00      183.00      202.00      127.00      140.00       77.00      129.00
      102.00       59.00      159.00      126.00      111.00       67.00      153.00       36.00      210.00       31.00
      193.00       51.00      209.00      116.00      157.00       29.00      161.00      136.00       22.00      134.00
