   60   30
       82.00       42.00       62.00        4.00       57.00       20.00       83.00       23.00       87.00       74.00
       72.00       72.00       17.00       46.00        2.00       98.00        7.00       90.00       38.00       37.00
       16.00       52.00       83.00       60.00       68.00       38.00       61.00       63.00       49.00       44.00
        6.00       52.00       33.00       88.00        3.00       58.00       26.00       59.00       10.00       74.00
       97.00       79.00       62.00       17.00       23.00       45.00       16.00       37.00       62.00       85.00
        1.00       39.00       41.00       64.00       94.00       89.00       17.00        2.00        8.00       10.00
       51.00       10.00       83.00        6.00        3.00       47.00       14.00       54.00       33.00       48.00
       46.00       57.00       75.00       87.00       41.00       56.00       11.00       69.00       70.00       31.00
       61.00       73.00        5.00       49.00       80.00       69.00       12.00       36.00       10.00        7.00
       56.00       74.00       32.00       39.00       88.00       68.00       35.00       16.00       63.00        8.00
       66.00       82.00        8.00       48.00       51.00       50.00       47.00       59.00       98.00       40.00
       48.00       27.00        7.00        1.00       48.00       27.00       69.00       53.00       72.00       59.00
       11.00       34.00       49.00       46.00       34.00       18.00       98.00       44.00       43.00       44.00
       32.00       78.00       60.00       84.00        1.00       39.00       77.00       27.00       82.00       87.00
        3.00       58.00       70.00       42.00       79.00       71.00       42.00       79.00       92.00       28.00
       98.00       36.00       10.00       66.00       95.00       10.00       98.00       10.00       25.00        8.00
       19.00       36.00        8.00       64.00       99.00        9.00       15.00       40.00       31.00       78.00
        8.00       96.00       40.00        2.00       91.00       58.00       27.00       40.00        5.00       50.00
       84.00       39.00       97.00       59.00       21.00       94.00       60.00       41.00       64.00       61.00
       16.00        4.00       24.00       51.00       95.00        7.00       17.00       39.00       26.00       79.00
       11.00       72.00       48.00       31.00       22.00       32.00        3.00       25.00       76.00       20.00
       71.00       27.00       27.00       58.00       64.00       39.00       80.00       12.00       73.00        6.00
       69.00       95.00       57.00       38.00       94.00        3.00        4.00       92.00       95.00       89.00
       96.00       99.00       42.00       79.00       85.00       31.00       62.00       87.00       32.00       62.00
       24.00       77.00       82.00       43.00       50.00       89.00       77.00        5.00       46.00       18.00
       23.00       64.00       51.00       17.00       68.00       88.00       40.00       61.00       58.00       46.00
       62.00        0.00       73.00       62.00       69.00       76.00       63.00       27.00       71.00       86.00
       42.00       51.00       41.00       33.00       91.00       68.00       34.00       65.00        4.00        1.00
        4.00       16.00       59.00       69.00       43.00        9.00        5.00       96.00       43.00       49.00
       91.00       38.00       97.00       46.00       90.00       47.00       63.00       43.00       89.00       41.00
       58.00       29.00       31.00       45.00       73.00       63.00       62.00       19.00        4.00       47.00
       95.00       89.00       60.00       15.00       94.00       63.00       78.00       37.00       59.00       72.00
       61.00       45.00       48.00       77.00       25.00       28.00       68.00       49.00       17.00       67.00
       28.00       90.00       29.00       93.00       36.00       64.00       37.00       99.00       73.00       51.00
       38.00       27.00       89.00       49.00       45.00       27.00       98.00       84.00       89.00       42.00
       59.00       94.00       23.00       82.00       86.00       18.00       23.00       78.00       12.00       82.00
       48.00       37.00        9.00       81.00       90.00       36.00       26.00       92.00       26.00       24.00
        8.00       64.00       58.00       28.00       10.00       78.00       12.00       69.00        6.00       59.00
        6.00       48.00       70.00        7.00       33.00       46.00       71.00       55.00       13.00       58.00
       15.00       75.00       97.00       48.00       19.00       12.00       47.00       96.00        9.00       83.00
        4.00       79.00       65.00        0.00       39.00        1.00       66.00       89.00       38.00       65.00
       10.00       10.00       56.00       58.00       89.00       23.00       67.00       81.00       81.00       26.00
       67.00       60.00       53.00       77.00       28.00        1.00        9.00       76.00        1.00       91.00
       28.00       58.00       10.00       59.00       53.00       42.00        0.00       27.00       55.00       13.00
       23.00       41.00       65.00       49.00       68.00       53.00       55.00       20.00       75.00       84.00
        4.00       11.00        6.00        3.00       90.00       52.00       28.00       98.00       87.00       56.00
       54.00       17.00       61.00        5.00       55.00       12.00       90.00       15.00       12.00       16.00
       56.00       99.00       93.00       29.00       88.00       80.00       66.00       95.00       38.00       45.00
       82.00        5.00       41.00       30.00       99.00       39.00       75.00       81.00        7.00       51.00
       26.00       29.00        6.00       52.00       23.00       77.00       26.00       44.00        7.00       88.00
       93.00        9.00       38.00       11.00       93.00       65.00       54.00        3.00       73.00       27.00
       45.00       11.00       84.00       51.00        2.00       50.00       62.00       48.00       45.00       63.00
        0.00       71.00       57.00       63.00       54.00       52.00       65.00       97.00       80.00       11.00
       45.00       71.00        8.00       77.00       54.00       33.00       96.00       90.00        1.00        4.00
       14.00       69.00       22.00       99.00       52.00       84.00        8.00       74.00       61.00       40.00
       21.00       15.00       65.00       78.00       74.00       19.00       95.00       52.00       74.00       55.00
       50.00       28.00       56.00       16.00       72.00       19.00       44.00       65.00       96.00       50.00
       29.00       68.00        7.00       23.00       46.00       56.00       29.00       19.00       93.00       53.00
       10.00       55.00        9.00       70.00       82.00       95.00       30.00       49.00       24.00       70.00
       72.00        7.00       42.00       63.00        3.00       17.00       50.00       65.00       32.00       22.00
        9.00       95.00       96.00       66.00       73.00       69.00       35.00       98.00       34.00       25.00
       99.00       76.00       72.00       61.00        3.00       79.00       55.00       48.00       41.00       97.00
       34.00        0.00       17.00       75.00       35.00       39.00       60.00       11.00       52.00       73.00
       30.00       39.00       78.00       81.00       22.00       65.00       28.00       68.00       38.00        7.00
       56.00       29.00       81.00       77.00       57.00       59.00       83.00        9.00       14.00       72.00
       82.00        2.00       16.00       18.00        4.00       52.00       81.00       32.00       12.00       77.00
       39.00       33.00       36.00       68.00       68.00       68.00       90.00       24.00       89.00       59.00
       45.00       31.00       60.00       10.00        4.00       29.00       26.00       77.00       13.00       44.00
        9.00        3.00       90.00       93.00       63.00       78.00       63.00       95.00        6.00       74.00
       54.00       36.00       19.00       63.00       31.00       77.00       65.00       19.00       41.00       91.00
       71.00       63.00       77.00       89.00       84.00        2.00       45.00       51.00       85.00       73.00
       44.00       88.00       14.00       82.00       63.00       89.00       60.00       16.00       61.00       28.00
       10.00       54.00       93.00       51.00       50.00       13.00       86.00       52.00       82.00        4.00
       78.00       11.00       85.00       78.00       94.00       62.00       39.00       95.00       90.00        2.00
       92.00       35.00       14.00       60.00       29.00       57.00       59.00        7.00       97.00       45.00
        0.00       45.00       65.00       11.00       47.00       28.00       36.00       58.00       55.00       95.00
       53.00       97.00       67.00       18.00       44.00       85.00       92.00        3.00       10.00       31.00
       39.00       82.00       50.00       82.00       45.00       95.00       75.00       79.00       99.00       50.00
       59.00       60.00       17.00        5.00       18.00       43.00       45.00       14.00       32.00        8.00
       78.00       27.00       38.00       76.00       31.00       38.00       57.00       42.00        1.00       30.00
       54.00       11.00       99.00       37.00       12.00       60.00       46.00       49.00       97.00        2.00
       62.00       18.00       29.00       33.00       88.00       35.00       89.00       99.00       26.00       99.00
       40.00        0.00       84.00       84.00       17.00       25.00       57.00       91.00       32.00       87.00
       89.00       27.00        2.00       86.00       91.00       51.00       81.00       47.00       13.00       90.00
       63.00       89.00       90.00        0.00       89.00       20.00       22.00       28.00       70.00       86.00
       40.00       15.00       11.00        0.00       85.00       22.00       96.00       32.00       91.00       88.00
       77.00       38.00       58.00       47.00       61.00       65.00       46.00       53.00        7.00       50.00
       25.00        8.00       66.00        4.00       86.00       78.00       22.00       52.00       65.00       46.00
       29.00       64.00       49.00       36.00       44.00        6.00       78.00       12.00        5.00       89.00
       43.00       33.00       95.00       94.00       49.00       10.00        7.00       11.00        5.00       13.00
       87.00        6.00       50.00        7.00       21.00       18.00       13.00       28.00        5.00       42.00
       99.00       16.00        4.00       47.00       26.00       78.00       86.00       43.00       50.00       43.00
       94.00       93.00       79.00       20.00       91.00       32.00       34.00        3.00       94.00       40.00
       23.00       43.00       69.00       80.00       40.00       11.00       66.00        4.00       95.00       15.00
       17.00       83.00       42.00       35.00       11.00        5.00       53.00        1.00       34.00       68.00
       71.00       20.00       39.00       47.00       31.00       38.00       66.00       10.00       26.00       79.00
       45.00       24.00       61.00       98.00       48.00       68.00       33.00       58.00       65.00       43.00
       18.00        0.00       34.00       46.00       48.00       65.00       35.00       62.00       24.00        4.00
       33.00       67.00       97.00       67.00       40.00       57.00       90.00       67.00       22.00       63.00
       71.00       60.00       60.00       90.00       96.00       75.00       67.00       97.00       55.00        6.00
        2.00       17.00       28.00       32.00       31.00       85.00        6.00       35.00       37.00       98.00
       46.00       30.00       74.00       55.00       70.00       24.00       19.00       34.00        5.00       80.00
       56.00       10.00       51.00       35.00       10.00       20.00       12.00       13.00       19.00       21.00
       15.00       28.00       87.00       17.00       31.00       56.00       80.00       29.00       42.00       44.00
       50.00       46.00       34.00       66.00        0.00       77.00       20.00       49.00       22.00       95.00
       91.00       39.00       66.00       46.00       86.00       58.00       42.00       48.00        6.00       93.00
       45.00       25.00       11.00       16.00       53.00       35.00       96.00        7.00       53.00       91.00
       17.00       54.00       83.00       94.00       15.00       37.00        1.00        8.00       59.00       17.00
       18.00       60.00       21.00        3.00       47.00       47.00       31.00       54.00       74.00       67.00
       86.00       39.00       33.00       25.00       23.00       77.00       56.00       70.00       52.00       12.00
       19.00       61.00       30.00       97.00       15.00       85.00       27.00       14.00       14.00       52.00
       90.00       19.00        0.00       55.00       29.00       20.00       95.00       69.00       74.00       10.00
       98.00       21.00       70.00       16.00       21.00       64.00       21.00       38.00       74.00       23.00
       89.00       91.00       48.00        9.00       14.00       73.00        1.00       18.00       19.00        8.00
       27.00       45.00       97.00       65.00       84.00       10.00       10.00       30.00        0.00       47.00
       44.00       86.00       81.00       10.00       88.00       31.00       95.00       16.00       59.00       41.00
       12.00        4.00       57.00       57.00        7.00       87.00       38.00       46.00       68.00       43.00
       51.00       72.00       74.00       49.00       54.00       81.00       10.00       60.00       22.00       68.00
       55.00       97.00        1.00        5.00       61.00       90.00       80.00       35.00       90.00       86.00
       77.00       46.00       95.00       23.00       69.00       13.00       59.00       23.00        8.00       49.00
       17.00       69.00       93.00        4.00       39.00       59.00       18.00       10.00       40.00       43.00
       80.00       58.00       49.00       12.00       46.00       59.00       51.00       68.00       96.00       20.00
       87.00        7.00        1.00       30.00       73.00       98.00       97.00       56.00       69.00       28.00
       64.00       84.00       23.00       57.00       28.00       41.00       55.00       97.00       33.00       13.00
       62.00        5.00       64.00       17.00       69.00       69.00       11.00        7.00       37.00       10.00
        0.00       20.00       19.00       42.00       43.00       87.00       19.00       50.00       75.00       75.00
       99.00       90.00       84.00       16.00       33.00       24.00       48.00       64.00        1.00       17.00
       29.00       68.00       85.00       95.00       13.00       56.00        3.00       20.00       68.00       73.00
       80.00       35.00       65.00       11.00       64.00       83.00        0.00       29.00       30.00        5.00
       98.00       50.00       10.00       79.00       82.00       81.00       69.00       40.00       56.00       95.00
        6.00        1.00       22.00       70.00       43.00       64.00       26.00       76.00       34.00        0.00
       22.00       53.00       11.00       15.00       74.00       13.00       52.00       53.00       57.00       85.00
       27.00       95.00       20.00       55.00       60.00       44.00        5.00       80.00       25.00       32.00
       67.00       99.00       49.00       61.00       14.00       32.00       93.00       73.00       65.00       72.00
       46.00       22.00       15.00        5.00       37.00       80.00       22.00       86.00       59.00        5.00
       84.00        0.00       52.00       54.00       59.00       54.00        8.00       12.00       41.00       83.00
       70.00       80.00        8.00       82.00       54.00       41.00       92.00       82.00       14.00       84.00
       52.00       30.00       20.00       79.00       25.00       57.00       39.00       11.00       16.00       34.00
        9.00       20.00       36.00       37.00       73.00       24.00       92.00        5.00        8.00       92.00
        8.00       24.00       45.00       20.00       13.00       95.00       95.00       10.00       31.00       67.00
       10.00       64.00       69.00       28.00       37.00       44.00       67.00        4.00       69.00       46.00
       73.00        0.00       76.00       10.00       55.00       77.00       80.00       48.00       58.00       58.00
       15.00       72.00       65.00        8.00       65.00       40.00       30.00       29.00       97.00       71.00
       90.00       51.00       10.00       87.00       61.00       36.00       76.00       71.00       90.00        8.00
       55.00       78.00       19.00       74.00       82.00       16.00       69.00       17.00       87.00       78.00
       55.00       54.00       82.00       18.00        4.00        5.00       19.00       86.00       19.00       16.00
       28.00       55.00       15.00       16.00       62.00       28.00       32.00       18.00       12.00       90.00
       80.00       98.00       96.00       54.00       95.00       85.00       97.00        9.00       91.00       71.00
       32.00       66.00       44.00       27.00       59.00       79.00       54.00       53.00       69.00       57.00
       47.00       33.00       10.00       23.00       37.00       59.00       41.00       69.00       47.00       29.00
       22.00       14.00       59.00       70.00       65.00       74.00       49.00        4.00       41.00       89.00
       20.00       72.00       74.00       73.00       46.00        3.00       98.00       80.00       79.00       56.00
       49.00        7.00       95.00       98.00       10.00       64.00       74.00       95.00       45.00       97.00
       34.00       16.00       79.00       35.00       85.00       88.00       11.00       96.00       42.00       45.00
       79.00       87.00       43.00       68.00       98.00       61.00       43.00        1.00       44.00       28.00
       81.00       86.00       69.00       44.00       54.00       70.00       44.00        0.00       28.00       58.00
       95.00        3.00       80.00       18.00       55.00       23.00       50.00       81.00       54.00       31.00
       46.00       65.00       28.00       64.00       30.00       26.00       12.00        0.00       78.00       30.00
       46.00       11.00       96.00       83.00       10.00       33.00       27.00       53.00       77.00       80.00
       90.00       96.00       35.00       83.00       34.00       67.00       22.00       31.00       85.00       49.00
       87.00       43.00       44.00       61.00       52.00        7.00       39.00       28.00       47.00       62.00
       56.00       95.00       48.00       92.00       96.00       53.00       30.00       90.00       26.00       89.00
       23.00       83.00       35.00       78.00       32.00       37.00        5.00       87.00       48.00       88.00
       56.00       55.00       78.00       54.00       28.00       76.00       63.00       38.00       13.00       75.00
       57.00       25.00       41.00       89.00       93.00       18.00       90.00       70.00       56.00       88.00
       75.00       67.00       43.00       19.00       24.00       86.00       77.00       70.00       63.00       93.00
        0.00        6.00       63.00       33.00       67.00       38.00        3.00       90.00       23.00        5.00
       81.00       86.00       21.00       71.00       58.00        0.00       23.00       15.00       23.00       73.00
       91.00       56.00        8.00       15.00       47.00       27.00        3.00       23.00       87.00       92.00
       40.00       93.00       46.00       73.00       45.00       80.00       70.00       25.00       85.00       30.00
       40.00       87.00       59.00       94.00       39.00       88.00       96.00        6.00       79.00       86.00
       74.00       72.00       11.00       74.00       73.00        4.00       95.00       75.00        7.00        7.00
       98.00       18.00       29.00       89.00       49.00       60.00       73.00       65.00       73.00       99.00
        0.00       62.00       72.00       91.00       47.00       52.00       36.00       68.00        1.00       80.00
       98.00       17.00       61.00       42.00       65.00       81.00       25.00       48.00       92.00       62.00
       54.00       73.00       71.00       66.00       81.00       73.00       72.00       17.00       59.00       20.00
       38.00        1.00       84.00       96.00       26.00       58.00       32.00       30.00       61.00        6.00
       83.00       85.00       19.00       73.00       34.00       24.00       77.00       66.00       32.00        0.00
       95.00       15.00       49.00       74.00       93.00       61.00       12.00       28.00       77.00       72.00
       46.00       47.00       99.00       22.00       87.00       83.00       57.00       53.00       88.00       13.00
       22.00       27.00       15.00       22.00       28.00       26.00       18.00       21.00       12.00       27.00
       29.00       19.00       11.00       29.00       27.00       18.00       28.00       20.00       10.00       21.00
       14.00       29.00       11.00       13.00       14.00       20.00       18.00       24.00       15.00       11.00
       21.00       23.00       14.00       13.00       19.00       26.00       26.00       28.00       12.00       15.00
       23.00       29.00       23.00       28.00       25.00       26.00       13.00       19.00       22.00       22.00
       26.00       29.00       23.00       23.00       13.00       24.00       17.00       26.00       24.00       24.00
      873.00      573.00     1847.00     1471.00      812.00     1087.00      955.00      653.00     1943.00     1025.00
     1606.00      805.00     1771.00      790.00     1459.00     1979.00      732.00      633.00      493.00     1712.00
      738.00      336.00      552.00      953.00      778.00      869.00     1767.00      892.00      521.00     1466.00
       66.00      141.00       39.00       23.00      156.00      181.00       22.00      106.00      153.00       98.00
      103.00       62.00      172.00      129.00      198.00       56.00      209.00       59.00      144.00       29.00
      113.00       88.00      194.00       55.00       26.00      134.00       39.00      162.00      177.00      152.00
