   60   30
       46.00       45.00       71.00       97.00       12.00       37.00       37.00       73.00       38.00       24.00
       85.00       14.00       56.00       11.00       10.00        6.00       89.00       62.00       57.00       25.00
       95.00       34.00       22.00       85.00       20.00       14.00       60.00       99.00       39.00       41.00
       94.00       37.00       19.00       19.00       26.00       63.00       42.00       42.00        0.00       66.00
       77.00       99.00       56.00       40.00       77.00       26.00       94.00       64.00       56.00       21.00
       21.00       92.00       54.00       37.00       43.00       48.00        7.00       30.00       60.00       95.00
       83.00       14.00       37.00       15.00       34.00       53.00       72.00       24.00       89.00        4.00
        4.00       11.00       93.00       69.00       98.00       63.00       52.00       42.00       20.00       27.00
       44.00       47.00       98.00       26.00       13.00        1.00        4.00        6.00       44.00       58.00
       26.00        5.00        5.00        8.00       12.00       69.00       80.00       48.00       93.00       33.00
       41.00       33.00       28.00       69.00       47.00       88.00       26.00       63.00       36.00       40.00
       39.00       53.00       76.00       86.00       23.00       71.00       80.00       18.00       18.00       47.00
       99.00       71.00       97.00       75.00       52.00       65.00       83.00       60.00       58.00       45.00
       20.00       73.00       75.00       56.00       69.00        8.00       62.00        4.00       53.00       99.00
       20.00       73.00       75.00       54.00       82.00       28.00       77.00        0.00       50.00       99.00
       21.00       66.00       99.00       39.00       12.00       29.00        9.00       93.00       87.00        2.00
       81.00       29.00       37.00       58.00       54.00       18.00       52.00       98.00       22.00       54.00
       93.00       12.00       32.00       56.00       26.00       94.00        6.00        1.00       91.00       17.00
        2.00       73.00       73.00       62.00       33.00       20.00        7.00       71.00       95.00       68.00
       31.00       63.00       72.00       25.00       72.00       31.00       24.00       80.00       23.00       17.00
       71.00       69.00       55.00       20.00       35.00       74.00       63.00       97.00        1.00       79.00
       44.00       54.00        3.00       84.00       58.00       39.00       52.00       66.00       16.00       85.00
       68.00       33.00        0.00       67.00       65.00        4.00        3.00       64.00       21.00       21.00
       52.00       44.00       15.00       73.00       48.00       22.00       28.00       80.00       31.00       38.00
       31.00       76.00       63.00       74.00        3.00       94.00       83.00        4.00       66.00       22.00
       73.00       35.00       18.00       99.00       50.00       92.00        5.00       75.00       57.00       59.00
       63.00       37.00       33.00       66.00       21.00       81.00       80.00       96.00       46.00       91.00
       48.00       46.00       73.00       50.00       24.00       68.00       42.00       84.00       77.00       70.00
       48.00       23.00       10.00       63.00       74.00       43.00       10.00       71.00       48.00       92.00
        9.00       48.00       56.00       40.00       82.00       72.00       15.00       99.00       56.00        0.00
       60.00       94.00        6.00        8.00       12.00        0.00       51.00       58.00       41.00       48.00
       95.00       56.00       31.00       99.00       55.00       93.00        1.00        9.00       85.00       91.00
       60.00       50.00       82.00       92.00       93.00       61.00       41.00       58.00       87.00       28.00
       81.00       71.00       77.00       43.00       69.00       63.00       46.00       66.00       17.00       96.00
       13.00        3.00       14.00       83.00        8.00       69.00       39.00       26.00       97.00       10.00
       50.00       95.00       20.00       86.00       49.00       84.00       51.00       46.00       73.00       24.00
       86.00       59.00       58.00       28.00       40.00       57.00       77.00        6.00       82.00       33.00
       42.00       62.00       51.00       77.00       34.00       79.00       33.00       48.00       87.00       47.00
       99.00       25.00       56.00       80.00       17.00       81.00       29.00       43.00       92.00       62.00
       65.00       73.00       21.00       76.00       87.00       68.00       27.00       24.00       41.00       86.00
       42.00       26.00       97.00       68.00       37.00       20.00       79.00       74.00       24.00       38.00
       26.00       15.00       79.00        0.00       27.00       97.00       49.00       55.00       91.00       21.00
       68.00       90.00       28.00       15.00       64.00       55.00       69.00       66.00       54.00        0.00
       46.00        7.00       53.00       13.00       99.00       53.00       39.00       97.00       96.00        6.00
       56.00       39.00       79.00       74.00       43.00       47.00       59.00       52.00       29.00       74.00
       53.00       98.00       13.00       27.00       96.00       63.00       48.00       65.00        2.00       81.00
       71.00        6.00       52.00       28.00       59.00        5.00       15.00       89.00       10.00       90.00
       58.00       16.00       67.00       39.00       68.00       43.00       37.00       49.00       24.00        7.00
       76.00       42.00       80.00       83.00       49.00       92.00       27.00       36.00       64.00       66.00
       81.00       47.00       64.00       31.00       89.00       61.00        9.00       53.00       60.00       75.00
       90.00        0.00       57.00       49.00       56.00       19.00       13.00       25.00       39.00       52.00
       65.00       77.00       24.00        9.00       86.00       17.00       82.00       16.00        2.00       57.00
       68.00       10.00        1.00       81.00       57.00       31.00       65.00       76.00       69.00       52.00
       96.00       40.00        4.00       43.00       11.00       56.00       81.00       55.00       36.00        1.00
       65.00       72.00       99.00       32.00       17.00       64.00       33.00       68.00        7.00       51.00
       25.00       53.00       74.00       44.00       57.00       78.00        7.00       31.00       58.00       94.00
       11.00       38.00       36.00       43.00       63.00       53.00       63.00       91.00       64.00       11.00
       51.00       29.00       66.00       90.00       17.00       98.00        8.00       42.00       33.00       37.00
        3.00       64.00       24.00       58.00       57.00        2.00       40.00       13.00        9.00       21.00
       21.00       93.00       20.00       91.00       39.00       75.00       64.00       81.00       76.00       15.00
       86.00       45.00       77.00       51.00       30.00       57.00       84.00       54.00       63.00       16.00
       45.00       51.00       33.00       41.00       51.00        8.00       56.00       16.00       40.00       42.00
       93.00       59.00       79.00        5.00       93.00       32.00       15.00       52.00       90.00       96.00
       39.00       92.00       89.00        9.00       26.00       86.00       80.00       88.00       37.00       35.00
       58.00        4.00       77.00       69.00       51.00       82.00       80.00       45.00       67.00        6.00
       45.00       99.00       27.00       70.00       33.00       17.00       35.00       23.00       19.00       24.00
       11.00       85.00       62.00       91.00       76.00       44.00       13.00       34.00       75.00       68.00
       87.00       29.00       80.00       65.00       84.00       80.00       92.00        8.00       10.00       16.00
       49.00       85.00       44.00       99.00       11.00       47.00       54.00       71.00       65.00       70.00
       59.00       68.00       81.00       48.00       82.00       87.00       11.00       85.00       48.00       74.00
       11.00       47.00       19.00       81.00       28.00        1.00       72.00        0.00       79.00       55.00
       62.00       71.00       22.00       61.00       21.00       34.00       84.00       48.00       90.00       61.00
       11.00       21.00       87.00       92.00       41.00        8.00       56.00       57.00       20.00       60.00
       41.00       64.00       19.00       43.00       91.00       89.00       10.00       55.00       94.00       78.00
       22.00       77.00       82.00       67.00       66.00       30.00       60.00       80.00       21.00        1.00
       59.00       40.00       13.00       65.00        6.00       34.00       19.00        0.00       66.00       85.00
       88.00       87.00        0.00       44.00       65.00       42.00       34.00        6.00       47.00       14.00
       51.00       91.00       15.00       44.00       38.00       65.00       23.00       83.00       44.00       88.00
       31.00        0.00       55.00       13.00       21.00       35.00       67.00       60.00       26.00       79.00
       18.00       59.00       63.00       77.00       32.00       31.00       53.00       96.00       53.00       41.00
       70.00        4.00       93.00       45.00       39.00       45.00       21.00       29.00       95.00        2.00
       53.00       94.00       60.00        5.00       45.00       40.00       97.00        5.00       68.00       67.00
       62.00       18.00       40.00       71.00       52.00       34.00       42.00       23.00       22.00       25.00
       27.00       54.00       20.00       98.00       19.00       77.00       61.00       84.00       48.00       30.00
       46.00       62.00       68.00        8.00       91.00       46.00       69.00       35.00       12.00       90.00
       58.00       81.00       10.00        4.00       85.00       19.00       24.00       54.00       33.00       98.00
       46.00       16.00        7.00       65.00       50.00        6.00       76.00       54.00       33.00       84.00
       56.00       41.00        0.00       29.00       65.00       23.00       40.00       16.00       40.00       69.00
       51.00       50.00       33.00       60.00       43.00       44.00       27.00        5.00        9.00       24.00
        8.00       13.00       37.00       22.00       19.00       44.00       24.00       83.00       58.00       71.00
       94.00       85.00       10.00       44.00       42.00       63.00       21.00       13.00       62.00       79.00
       44.00       66.00        7.00       86.00       37.00       87.00       16.00       61.00       66.00       35.00
       98.00       25.00       67.00        5.00       41.00       66.00       60.00       18.00       16.00       28.00
       10.00       54.00       68.00       44.00       93.00       20.00       19.00       14.00       10.00       28.00
       47.00       65.00       44.00        4.00       86.00       39.00       63.00       80.00       72.00       95.00
       24.00       21.00       42.00       28.00        8.00       91.00       41.00       35.00        3.00       69.00
       13.00       77.00       23.00       58.00       66.00       34.00       16.00       60.00       37.00       26.00
        6.00       99.00       20.00       71.00       71.00       17.00        3.00       96.00       52.00       82.00
       39.00        4.00       48.00       79.00       53.00       98.00       29.00       67.00       56.00       84.00
       94.00       32.00       11.00       13.00       39.00       68.00       84.00       46.00       11.00       57.00
       64.00       34.00       79.00       39.00       43.00       61.00       33.00       94.00       87.00       83.00
       95.00       70.00       32.00       63.00        6.00       30.00        7.00       92.00       26.00        9.00
       40.00       38.00       52.00       99.00       17.00       59.00       47.00       99.00        4.00       89.00
       34.00        8.00       30.00       66.00        1.00       37.00       13.00       67.00       12.00       78.00
       74.00       70.00       29.00       46.00       51.00       63.00       92.00       98.00       36.00       58.00
       92.00       72.00       83.00       85.00       68.00       14.00       50.00       81.00       83.00       96.00
       95.00       89.00       64.00       17.00       24.00       43.00       38.00       65.00       65.00       86.00
       61.00       65.00       13.00       69.00       42.00       47.00       81.00       14.00       21.00       15.00
       36.00       38.00       21.00       93.00       13.00       83.00        9.00       78.00       40.00       86.00
       34.00       32.00       12.00       88.00        5.00       91.00       98.00       75.00       59.00       73.00
       66.00       85.00        7.00        9.00       65.00       33.00       68.00       35.00       96.00       41.00
       33.00       15.00       64.00       64.00        3.00       86.00       91.00       57.00       14.00       45.00
       25.00       24.00       34.00       11.00       93.00       46.00       83.00       42.00       63.00       67.00
       27.00       90.00       23.00       96.00       52.00       17.00        1.00       58.00       91.00        4.00
       53.00       89.00       91.00       37.00       37.00       62.00       27.00       46.00       16.00       97.00
       96.00       25.00       59.00       87.00       66.00       66.00       65.00       40.00       47.00       87.00
       92.00       15.00        8.00       27.00       78.00       20.00       70.00       51.00        1.00       84.00
       44.00       77.00       97.00       18.00       83.00       25.00       33.00       49.00       82.00       47.00
       22.00       63.00       40.00       81.00        2.00       11.00       62.00       61.00       40.00       65.00
       71.00       47.00       18.00        9.00       62.00       72.00        6.00       25.00        8.00       26.00
       59.00       89.00        5.00        8.00       56.00        7.00       16.00       30.00       92.00       35.00
       54.00       43.00       79.00       80.00        7.00       34.00       29.00       70.00        0.00       89.00
       17.00       31.00       51.00       49.00       36.00       29.00       51.00       95.00       22.00       44.00
       89.00       14.00       78.00       98.00        5.00       78.00       48.00       49.00       26.00        3.00
       12.00       22.00       27.00       70.00       93.00       42.00       28.00       55.00       23.00       84.00
        9.00       71.00       78.00       68.00        8.00       24.00        2.00       47.00       33.00       43.00
       74.00       79.00        7.00       41.00       73.00       74.00       21.00        1.00       74.00       57.00
       69.00        3.00       56.00        4.00       86.00       39.00        8.00        8.00       12.00       73.00
       79.00       14.00       66.00       61.00       94.00       21.00       85.00        6.00       32.00       30.00
       66.00       46.00       48.00       99.00       29.00       87.00       70.00       24.00       79.00       19.00
       22.00       62.00       25.00       94.00       45.00       68.00       10.00       44.00       99.00        7.00
       37.00       72.00        3.00       63.00       96.00       40.00       20.00       53.00       49.00       37.00
        4.00       34.00        6.00       12.00       64.00       41.00       98.00       88.00        4.00       98.00
       52.00        2.00       66.00        8.00       98.00       42.00       62.00       91.00       82.00       58.00
       82.00       33.00       57.00       88.00       12.00       75.00       71.00       19.00       99.00       45.00
       91.00       62.00       56.00       10.00        6.00       28.00       79.00        7.00       29.00       34.00
       23.00       87.00       63.00       53.00       64.00       61.00       15.00       21.00       52.00       44.00
       78.00       33.00        7.00       48.00       98.00       14.00       34.00       40.00       14.00       40.00
       57.00       94.00       24.00       29.00       87.00       98.00       20.00       62.00       87.00       68.00
       10.00       68.00       85.00       24.00       84.00        3.00       64.00        1.00       26.00        6.00
       18.00       91.00       76.00        3.00       59.00       80.00       62.00       97.00        7.00       85.00
       96.00       74.00        9.00       15.00       85.00       94.00       58.00       32.00        0.00       61.00
       16.00       62.00        2.00       90.00       60.00       86.00       33.00       12.00       96.00       26.00
        6.00       80.00       27.00       86.00       52.00       78.00       59.00       27.00       21.00       38.00
       82.00       83.00       34.00       21.00       53.00       39.00       36.00       15.00       90.00       40.00
       93.00       51.00       31.00       93.00       42.00       55.00       28.00       90.00       80.00       71.00
       77.00       51.00       52.00       30.00        5.00       76.00       78.00       50.00       67.00       51.00
       22.00       94.00       18.00       48.00       96.00       12.00       76.00       15.00       61.00       56.00
       64.00       38.00       49.00       39.00       33.00       34.00       38.00       70.00       80.00       96.00
       40.00       99.00       12.00       10.00       85.00       46.00       39.00        1.00       29.00       91.00
       74.00       83.00       86.00       76.00       89.00       37.00       98.00        7.00       48.00       10.00
       66.00       86.00       24.00       38.00       14.00       12.00       57.00       23.00       72.00        0.00
       17.00        7.00       78.00       48.00       89.00       52.00       50.00       23.00       79.00       93.00
       73.00       52.00       12.00       22.00        8.00       49.00       75.00       47.00        4.00       95.00
       27.00        7.00       84.00       77.00       74.00       43.00       33.00       34.00       77.00       67.00
        1.00       62.00       53.00       67.00        8.00       96.00       84.00       44.00       13.00       63.00
       34.00       74.00       80.00       64.00       45.00       31.00       53.00       33.00       70.00       18.00
       25.00       95.00       57.00        6.00       68.00        8.00       79.00       46.00       49.00       53.00
        1.00       40.00       52.00       28.00       12.00       62.00       90.00       52.00       59.00       70.00
       66.00       71.00       74.00       62.00       18.00       36.00       74.00       43.00       64.00        4.00
       80.00       35.00       24.00       58.00       66.00       25.00       98.00       60.00       65.00       36.00
        4.00       92.00       74.00       82.00       29.00       27.00       29.00       22.00       36.00       56.00
       59.00       31.00       24.00       55.00       30.00       64.00       53.00       59.00       38.00       58.00
       54.00       91.00       18.00       22.00       10.00       61.00       69.00       98.00       73.00       22.00
       18.00       91.00       38.00       57.00       76.00        1.00        7.00       40.00       49.00       17.00
        4.00       76.00       19.00       47.00       26.00       32.00       95.00       80.00       50.00        3.00
       10.00       41.00       11.00       80.00       12.00       45.00       40.00       13.00       68.00       79.00
       18.00       84.00       86.00       83.00       90.00       32.00       23.00       73.00       36.00        4.00
       29.00       61.00        0.00       11.00       57.00       51.00       31.00       19.00       22.00        4.00
       70.00       17.00       98.00       27.00       96.00        8.00       98.00       14.00       20.00       52.00
       50.00       36.00       83.00       43.00       78.00       75.00       97.00       83.00       67.00       39.00
       39.00       10.00       37.00       10.00       81.00       87.00       78.00       98.00       26.00       41.00
       25.00       19.00       76.00       30.00       49.00       17.00       44.00       70.00       26.00       81.00
        5.00       47.00       87.00       56.00       38.00        1.00       64.00       23.00       95.00       51.00
       97.00       10.00       12.00        5.00       51.00       60.00       50.00       64.00       74.00       58.00
       19.00       27.00       79.00        3.00       27.00       51.00       42.00       79.00       62.00       14.00
       53.00       40.00       99.00       93.00       38.00       43.00       80.00       63.00       74.00       76.00
       17.00       63.00       36.00       62.00       24.00       89.00       62.00       51.00       59.00       28.00
       21.00       17.00       41.00        9.00       20.00       25.00       81.00       69.00       96.00       47.00
       33.00       43.00       49.00       26.00       53.00       19.00       49.00       16.00       25.00       40.00
       19.00       14.00       19.00       25.00       22.00       19.00       18.00       10.00       12.00       21.00
       23.00       10.00       11.00       20.00       29.00       19.00       21.00       25.00       25.00       21.00
       14.00       25.00       24.00       15.00       16.00       13.00       15.00       24.00       10.00       15.00
       27.00       19.00       25.00       12.00       14.00       13.00       10.00       19.00       10.00       12.00
       26.00       22.00       18.00       18.00       15.00       11.00       13.00       17.00       29.00       21.00
       18.00       19.00       14.00       17.00       18.00       28.00       13.00       27.00       17.00       26.00
     3995.00      697.00     5177.00     5351.00     3701.00     4164.00     4267.00     4675.00     3920.00     4809.00
     4032.00     4544.00     5013.00     3104.00     2355.00     3903.00     1699.00     1249.00     1298.00     1309.00
     3127.00     2119.00     4320.00     1838.00     4784.00     3201.00     3484.00     1304.00     5283.00     2196.00
      131.00       95.00      100.00       43.00       97.00       29.00      160.00       75.00       76.00      160.00
       69.00      104.00      175.00      141.00      149.00      133.00      142.00       51.00      125.00       30.00
       69.00      139.00      172.00      136.00      129.00       64.00       61.00      101.00       75.00      138.00
