   60   30
       29.00       77.00       93.00       91.00       41.00       49.00       74.00       23.00       18.00       80.00
       38.00       76.00       36.00       78.00       76.00       13.00       85.00       84.00       89.00       64.00
       59.00       39.00       18.00       76.00       29.00       67.00        4.00       14.00       14.00       89.00
       77.00       91.00       84.00       58.00       97.00       35.00       49.00       91.00       94.00       24.00
       32.00       27.00       84.00       29.00       30.00       42.00       62.00       78.00       98.00       98.00
       78.00       98.00       17.00       15.00       74.00       14.00       44.00       76.00       22.00       19.00
       28.00       23.00       96.00       30.00       61.00       93.00       67.00       94.00       96.00        1.00
        1.00       23.00       42.00       78.00        2.00       62.00       25.00        7.00       35.00       13.00
       66.00       37.00       14.00       84.00       34.00       40.00       33.00       29.00       58.00       62.00
        0.00       92.00        2.00       79.00       75.00       78.00       58.00       49.00       27.00       15.00
       96.00       38.00       87.00       72.00       73.00       43.00       23.00       63.00        2.00       47.00
       89.00       27.00       27.00       94.00       22.00       90.00       48.00       40.00       80.00       31.00
        8.00       39.00       52.00       18.00       18.00       70.00       76.00       81.00        1.00       98.00
       60.00       36.00       61.00       43.00       78.00       88.00       21.00       90.00       89.00       61.00
       92.00       66.00        2.00       49.00       40.00       69.00       93.00       74.00       95.00       19.00
       35.00       96.00        1.00       76.00       99.00       22.00        6.00       39.00       47.00        0.00
       34.00       15.00       10.00       88.00        1.00       33.00       39.00       54.00       59.00       39.00
       54.00       29.00       74.00       95.00       42.00       25.00       89.00       64.00       77.00       90.00
        9.00       60.00       54.00       67.00       23.00       97.00       77.00       74.00       43.00       59.00
       22.00       12.00       29.00       82.00       84.00       94.00       26.00        7.00       68.00       23.00
       31.00       66.00       83.00       83.00       76.00       97.00       61.00       15.00       81.00       89.00
       85.00       80.00       24.00       27.00       30.00       54.00       28.00       79.00       29.00       84.00
       56.00       32.00       21.00       16.00       78.00       83.00       47.00       69.00       42.00       44.00
       99.00       13.00       55.00        3.00       52.00       78.00       72.00       65.00       95.00        0.00
       46.00       56.00       88.00       82.00       72.00       64.00       89.00       35.00       47.00       56.00
       13.00        5.00       20.00       90.00       49.00       22.00        0.00       10.00       27.00       20.00
       57.00        1.00        6.00       11.00       23.00       33.00       46.00       15.00       88.00       19.00
       69.00       75.00       37.00       82.00       20.00       24.00       82.00       93.00       96.00       54.00
       83.00       15.00       95.00       33.00       58.00       94.00       99.00       61.00       34.00       58.00
       12.00       48.00       73.00       18.00       93.00       70.00        0.00       97.00       62.00       34.00
       96.00       11.00       92.00       56.00       33.00       91.00       74.00       26.00       83.00       16.00
       52.00       23.00       13.00       99.00       52.00        5.00       43.00       35.00       48.00       82.00
       43.00       25.00       52.00       44.00       94.00       10.00        4.00       10.00       24.00       89.00
       10.00       19.00       16.00       23.00       60.00       73.00       32.00        9.00        6.00        2.00
        3.00       17.00       91.00       22.00       88.00        3.00       73.00        1.00       95.00       35.00
       59.00       48.00       17.00       17.00       57.00       91.00       21.00       75.00       17.00       19.00
        7.00       59.00        9.00       97.00       19.00       64.00       55.00       74.00       60.00       67.00
       30.00       56.00       65.00       57.00       86.00       95.00       30.00       81.00       59.00       42.00
       82.00       44.00       82.00       41.00       64.00       42.00       98.00       66.00       53.00       90.00
       49.00       51.00       35.00       11.00       88.00       34.00       23.00       76.00       44.00       25.00
       64.00        3.00       24.00       85.00       95.00       77.00       45.00       58.00       36.00       37.00
       20.00       93.00       21.00       43.00       53.00       60.00       20.00       14.00        8.00       37.00
       89.00       11.00       48.00       30.00       67.00        3.00       89.00       40.00       93.00       29.00
       80.00        7.00       14.00       56.00       26.00       79.00       14.00       99.00       10.00       90.00
       78.00       34.00       77.00       60.00       79.00       41.00       92.00       21.00       41.00       51.00
       78.00       65.00       24.00       75.00        2.00       43.00       33.00       49.00       63.00       69.00
       45.00       22.00        2.00       21.00        5.00       74.00       32.00       20.00       43.00       24.00
       61.00       40.00       99.00       86.00       63.00       90.00       69.00       78.00        8.00       58.00
       10.00       77.00       64.00        3.00       55.00       97.00       33.00       48.00       41.00       16.00
       74.00       15.00       41.00       86.00       37.00       85.00       55.00        6.00        4.00       80.00
        1.00       32.00       15.00       21.00       17.00       64.00       21.00       75.00       54.00       23.00
       93.00       22.00       30.00       19.00       80.00       94.00       74.00       73.00        1.00       67.00
       70.00       27.00       96.00       13.00       95.00       78.00       95.00       31.00        5.00        7.00
       62.00       27.00        7.00       85.00       22.00       17.00       22.00       94.00        6.00       48.00
       44.00       76.00       26.00       79.00       29.00       10.00        2.00       77.00       72.00       78.00
       98.00       93.00       71.00       60.00       14.00       44.00       65.00       89.00       73.00       11.00
       20.00       38.00       86.00       19.00       75.00       22.00       71.00       77.00       79.00       54.00
       83.00       83.00       99.00       65.00       73.00       15.00       60.00       87.00       68.00       80.00
       41.00       67.00       56.00       82.00       70.00       47.00       22.00       28.00       61.00       37.00
       55.00       93.00       87.00       62.00       19.00        5.00       20.00       62.00       83.00       17.00
       25.00       79.00       28.00       97.00       27.00       49.00       85.00       31.00       95.00       92.00
       73.00       25.00       69.00       75.00       40.00       59.00       68.00       74.00       29.00       28.00
       38.00       70.00        9.00       64.00       19.00       49.00       65.00       28.00       55.00        6.00
       19.00       21.00       71.00       59.00       29.00       50.00       85.00       15.00       98.00       48.00
       34.00       70.00       78.00       25.00       43.00       15.00       54.00       18.00       37.00       84.00
       52.00       50.00        4.00       65.00       91.00       27.00       50.00       73.00       87.00       23.00
       92.00       33.00       73.00       40.00        2.00       37.00       83.00       44.00       75.00       82.00
       36.00        2.00       99.00       75.00        2.00       87.00       49.00       83.00       35.00       17.00
       24.00       71.00       18.00       42.00       11.00       31.00       41.00        0.00       38.00       12.00
       11.00       17.00       40.00        0.00       77.00       92.00       76.00       12.00        0.00       21.00
       53.00       98.00        8.00       45.00       34.00       60.00       25.00        8.00       69.00       51.00
       58.00       84.00       47.00       87.00       69.00       92.00       63.00        6.00       86.00       22.00
       65.00       50.00       23.00       28.00        8.00       48.00       99.00       62.00       25.00       37.00
        0.00       68.00       19.00       38.00        8.00       50.00        9.00       88.00       90.00       79.00
       88.00       73.00       31.00       11.00        0.00       37.00       53.00       34.00        9.00       55.00
       39.00       47.00       37.00       74.00       69.00       69.00        1.00       93.00       40.00        3.00
       53.00       19.00       13.00       13.00       23.00       11.00       17.00        4.00       14.00       22.00
       98.00       81.00       86.00       82.00        3.00       61.00       50.00       82.00       34.00       41.00
       49.00       76.00       99.00       47.00       83.00       77.00       57.00       42.00       26.00       35.00
       40.00       34.00       39.00       21.00       82.00       27.00       65.00       53.00        2.00       12.00
       66.00       34.00       12.00       90.00       41.00       90.00       53.00       62.00       37.00       37.00
       82.00       29.00       31.00       95.00       50.00       10.00       54.00       57.00       57.00       44.00
       85.00       49.00       73.00       43.00       34.00       61.00       59.00       20.00       90.00       29.00
       15.00       97.00        3.00       98.00       58.00       72.00       32.00       91.00        1.00        8.00
       75.00       70.00       82.00       57.00       51.00       69.00       63.00       42.00       26.00       15.00
       97.00       62.00       80.00       95.00       52.00       83.00       63.00        9.00        9.00       49.00
       93.00       37.00       95.00       98.00       87.00       93.00       19.00       86.00       36.00       56.00
        0.00       63.00       49.00        7.00       28.00       27.00       53.00       82.00       94.00       67.00
       98.00       58.00       70.00       75.00       13.00        8.00       21.00       76.00       25.00       94.00
        5.00       10.00       20.00        1.00       67.00       72.00        5.00        2.00       44.00       83.00
       25.00       37.00       39.00       56.00       21.00       26.00       24.00       80.00       30.00       51.00
       87.00       25.00       92.00       98.00       26.00       57.00       81.00        5.00       65.00       10.00
       93.00       96.00       33.00       42.00       61.00       77.00       40.00       93.00       66.00       16.00
       38.00        7.00       75.00       66.00       45.00       85.00       24.00       60.00       87.00        2.00
       24.00       21.00       69.00       73.00       55.00       50.00       78.00       72.00       82.00       84.00
        1.00       40.00       11.00       51.00       91.00       27.00       58.00       50.00       12.00       53.00
        1.00       27.00       69.00       92.00       55.00       53.00       78.00       13.00       65.00       99.00
       44.00       20.00       24.00       66.00       54.00       86.00       55.00       35.00       99.00       75.00
       12.00       18.00       85.00       90.00       99.00       50.00       85.00       87.00       99.00       34.00
       64.00       59.00       68.00       34.00       67.00       67.00       36.00       90.00       38.00       73.00
       26.00       85.00       33.00        4.00       69.00       91.00       44.00       57.00       86.00       79.00
       25.00       17.00       65.00       65.00        6.00       49.00       49.00       39.00       33.00       88.00
       23.00       74.00       66.00       37.00       45.00       38.00       22.00       51.00       86.00       47.00
       56.00       61.00       60.00       16.00        2.00       65.00       46.00       31.00       23.00       94.00
       63.00       11.00       50.00       38.00       33.00       60.00       92.00       75.00       27.00       16.00
       67.00       38.00       14.00       44.00       70.00       29.00       36.00       48.00       84.00       57.00
       73.00       74.00        2.00       46.00       94.00       44.00       12.00       57.00       88.00       48.00
       65.00       23.00       27.00       68.00       30.00       71.00        7.00       18.00        4.00       91.00
       72.00       37.00       24.00       86.00        8.00       48.00       17.00       97.00       67.00       76.00
       66.00       89.00       61.00        1.00       83.00       58.00       31.00       77.00       34.00       76.00
       82.00       38.00       28.00       88.00       40.00       87.00       84.00       41.00       77.00       33.00
       41.00       90.00       96.00       12.00       58.00       26.00       86.00       19.00       34.00       16.00
       87.00       38.00       39.00       43.00       13.00       39.00       38.00       99.00       43.00       75.00
       48.00       60.00       57.00       22.00       54.00       50.00       89.00       13.00       89.00       66.00
       31.00       80.00       37.00       30.00       87.00        4.00       30.00       91.00       81.00       20.00
       32.00       81.00       70.00       57.00       38.00        7.00       93.00       75.00       46.00       35.00
       80.00       56.00       49.00       91.00       95.00       54.00       76.00       87.00       84.00       96.00
       84.00       56.00       55.00       14.00       63.00       37.00        3.00       32.00       13.00       58.00
       72.00       45.00        9.00        4.00       13.00       58.00       58.00       64.00       60.00       79.00
       20.00        2.00       61.00       91.00       39.00       89.00       24.00       17.00        7.00       93.00
       58.00       88.00       69.00       12.00       34.00       67.00       25.00        5.00       77.00       70.00
       91.00       45.00       88.00       15.00       49.00       13.00       36.00       72.00       53.00       84.00
       74.00        1.00        8.00        1.00       83.00        5.00       32.00       21.00       22.00       23.00
       51.00       82.00       68.00       48.00        7.00       29.00       50.00       54.00       64.00       92.00
       16.00       46.00       60.00       14.00        4.00       82.00       21.00       53.00       81.00       34.00
       40.00       35.00       92.00       67.00       95.00        0.00       12.00       79.00       55.00       93.00
       15.00       13.00       95.00       81.00       95.00       39.00       17.00       93.00       86.00       67.00
       58.00       28.00       99.00       43.00       25.00       67.00       45.00       30.00       83.00       89.00
       17.00       86.00       98.00       72.00       69.00       87.00        4.00       36.00       91.00       48.00
       44.00       54.00       77.00       61.00       13.00       39.00       41.00       28.00       84.00       82.00
       22.00       81.00       22.00        7.00       81.00       98.00        3.00       50.00       86.00       68.00
       74.00        0.00       34.00       72.00       63.00       46.00       61.00       47.00       89.00       13.00
       35.00        2.00       47.00       96.00       30.00       66.00       63.00       18.00       35.00       89.00
       51.00       68.00       36.00       46.00        6.00       89.00       88.00        3.00       22.00       50.00
       47.00       39.00       24.00       84.00       45.00       41.00       36.00       99.00       20.00       16.00
       46.00        0.00       32.00       86.00       20.00       52.00       46.00       61.00       93.00        0.00
       26.00       96.00       23.00       12.00        5.00       96.00       95.00        6.00       19.00        6.00
       21.00       97.00        0.00       14.00       45.00       55.00       88.00       48.00       76.00       64.00
       96.00       40.00        1.00       35.00       45.00       99.00       34.00       98.00       44.00        6.00
       33.00       83.00       89.00       33.00       65.00       70.00        4.00       42.00       11.00       52.00
       49.00        7.00       49.00       62.00       63.00       92.00       37.00       44.00       23.00       52.00
        6.00       67.00       40.00       47.00       20.00       23.00        7.00       94.00       70.00       52.00
       92.00       91.00        1.00       83.00       21.00       86.00        5.00       88.00        8.00       76.00
       12.00       91.00       25.00       64.00       67.00       60.00        3.00        5.00       85.00        2.00
       35.00       17.00        6.00       27.00        0.00       42.00        4.00       37.00       29.00       81.00
       17.00       73.00        6.00       37.00        1.00       31.00       43.00       46.00       30.00        8.00
       88.00       70.00       92.00       54.00       66.00       87.00       47.00       46.00       36.00       12.00
       61.00       94.00       32.00       11.00       20.00       54.00       21.00       12.00       90.00       14.00
       92.00       23.00       78.00       65.00       51.00       93.00       21.00       78.00       99.00        8.00
       88.00       59.00       15.00       73.00       79.00       38.00       68.00       43.00       70.00       20.00
       26.00        3.00       22.00        3.00       43.00        8.00       53.00       51.00       50.00       23.00
       48.00       62.00       52.00       37.00       66.00       71.00       41.00       40.00       37.00       90.00
       58.00       74.00       89.00       66.00       59.00       18.00       40.00        9.00       97.00       50.00
       32.00       21.00       84.00       97.00       12.00       30.00       25.00       84.00       68.00       13.00
       29.00       20.00       90.00       55.00       39.00       97.00        5.00       79.00       38.00       85.00
       10.00       52.00        9.00       47.00        3.00       45.00       87.00       15.00       76.00       99.00
       94.00       85.00       35.00       33.00       74.00       44.00       59.00       93.00       54.00       23.00
       92.00       27.00        0.00       29.00       58.00       32.00       54.00       29.00       29.00       16.00
       50.00       69.00       88.00       65.00       69.00       38.00       62.00        4.00       65.00       53.00
       24.00        7.00       74.00       76.00       96.00       80.00        3.00       22.00       78.00       26.00
       32.00       11.00       12.00       71.00        3.00       54.00       33.00        3.00       74.00       17.00
       86.00       55.00       38.00       59.00        3.00       47.00       75.00       62.00       57.00       43.00
       56.00        2.00       58.00       99.00       24.00        9.00       40.00       29.00       29.00       40.00
       72.00       82.00       84.00       40.00       75.00       18.00       78.00       80.00       31.00       41.00
       47.00       96.00       30.00        9.00        7.00       54.00       75.00       35.00       88.00       37.00
       43.00       54.00       26.00       12.00       86.00        9.00        6.00       23.00        5.00       91.00
       59.00       35.00       26.00       30.00       58.00        8.00       90.00       31.00       60.00       72.00
        5.00       89.00       98.00       58.00       30.00       32.00       14.00       82.00        8.00       80.00
       94.00       88.00       33.00       23.00       33.00       11.00       55.00       39.00       53.00       11.00
       38.00       15.00       47.00       76.00       13.00       56.00       26.00       14.00       26.00       66.00
       86.00       73.00       42.00       58.00       22.00       50.00       65.00       22.00       63.00        1.00
       93.00       54.00        1.00       42.00        2.00       27.00       39.00       10.00       46.00       56.00
       74.00       22.00        0.00       97.00       96.00       60.00       94.00       65.00       83.00       66.00
       15.00       71.00       90.00        7.00       68.00       23.00       88.00       71.00       24.00       20.00
        5.00       98.00        7.00       43.00       41.00       34.00       87.00       33.00        2.00       96.00
       74.00       96.00       50.00       58.00       59.00       72.00       59.00       14.00       11.00       76.00
       47.00       73.00       48.00       86.00        3.00       77.00       41.00       29.00       41.00       78.00
        8.00        6.00       41.00       89.00       14.00       52.00       68.00        1.00       84.00        5.00
       78.00       37.00       94.00       61.00       36.00       79.00       98.00       17.00       35.00       96.00
       97.00       28.00       60.00       51.00       77.00       43.00       58.00       66.00       58.00       86.00
       10.00       10.00       12.00       22.00       13.00       13.00       14.00       16.00       27.00       20.00
       20.00       14.00       29.00       18.00       10.00       27.00       10.00       17.00       25.00       22.00
       16.00       20.00       24.00       20.00       19.00       22.00       23.00       24.00       28.00       15.00
       22.00       14.00       11.00       21.00       24.00       17.00       22.00       12.00       26.00       26.00
       24.00       13.00       14.00       26.00       16.00       23.00       23.00       20.00       13.00       26.00
       21.00       29.00       20.00       17.00       20.00       20.00       10.00       16.00       29.00       14.00
     6204.00     1676.00     4248.00     6260.00     5817.00     3260.00     3806.00     5419.00     3441.00     4148.00
     1670.00     5114.00     4860.00     2486.00     2069.00     1488.00     5318.00     1552.00     2256.00     4931.00
     2139.00     5260.00     3876.00     5306.00     3634.00     3048.00     2713.00     6243.00     3523.00     3102.00
       91.00       45.00       29.00       68.00       61.00       39.00       96.00       76.00       76.00       30.00
       34.00       50.00       20.00       87.00       52.00       57.00       72.00       55.00       73.00       53.00
       35.00      108.00       69.00       91.00       96.00       95.00       22.00       66.00       38.00       98.00
