   60   30
       21.00       32.00       13.00        4.00       10.00       55.00       14.00       99.00       39.00       48.00
       58.00        1.00       11.00        2.00       94.00        5.00       26.00       74.00        7.00       54.00
       33.00       37.00       96.00        1.00       31.00       60.00        0.00       18.00       32.00       66.00
       28.00       66.00       38.00       39.00       64.00       77.00       72.00       65.00       40.00       55.00
       62.00       31.00       11.00       53.00       95.00       23.00       67.00       16.00       46.00       77.00
       71.00       81.00       90.00        8.00        8.00       75.00       42.00       84.00       72.00       58.00
       52.00       46.00       52.00       93.00       98.00       88.00       63.00       55.00       29.00       25.00
       53.00       89.00       33.00       47.00       81.00        2.00       76.00       11.00       37.00       33.00
        0.00       35.00       61.00       40.00       91.00       86.00       67.00        7.00       53.00       74.00
       93.00       42.00       51.00        9.00       36.00       36.00        3.00       67.00       18.00        1.00
       39.00       85.00       21.00       89.00       63.00       64.00       71.00       90.00       67.00       67.00
       64.00       41.00        0.00       37.00       64.00       89.00       90.00       62.00       10.00       15.00
       64.00       78.00       21.00       83.00       16.00       68.00       82.00       87.00       23.00       17.00
       47.00       19.00        7.00       22.00       98.00       56.00       88.00       57.00       45.00       51.00
       80.00       69.00       41.00       90.00       31.00       25.00       79.00       31.00       94.00       52.00
       61.00       37.00       95.00       46.00       76.00       86.00       32.00       19.00       27.00        5.00
        6.00       35.00       78.00       59.00       87.00       43.00       28.00       11.00       66.00        5.00
       28.00       12.00       25.00       77.00        2.00       99.00       50.00       99.00       14.00        7.00
       54.00        5.00       28.00       25.00       93.00       35.00       38.00       51.00       85.00       34.00
       47.00       17.00       72.00       70.00       50.00       10.00       82.00       87.00       35.00       91.00
       78.00       90.00        8.00       93.00        9.00       28.00       12.00       52.00       88.00       12.00
       89.00        5.00       74.00       97.00        6.00       51.00       24.00        4.00       49.00       66.00
       56.00       67.00       52.00       16.00       13.00       28.00       15.00        3.00       42.00       20.00
       33.00       51.00       30.00        1.00       29.00        4.00       40.00       42.00       75.00        3.00
       51.00       72.00       36.00       52.00        2.00       35.00       77.00        3.00       82.00       20.00
       11.00       15.00       26.00       51.00       86.00       64.00       96.00       70.00       33.00       13.00
       66.00       38.00       20.00       61.00       51.00       30.00        1.00       50.00       22.00       15.00
       29.00       71.00       17.00       41.00       96.00       20.00       37.00       56.00        5.00       85.00
       82.00       52.00       88.00       72.00       74.00       99.00       32.00       89.00       61.00       11.00
       77.00       56.00        2.00       69.00       81.00       12.00       93.00       75.00       91.00       25.00
       59.00       26.00       50.00       43.00       38.00       36.00       23.00       19.00       26.00       26.00
       45.00       21.00       63.00       75.00        3.00        4.00       78.00        3.00        9.00       87.00
       21.00       20.00       30.00       91.00       46.00       68.00       88.00        8.00       30.00       37.00
       31.00       18.00       53.00       32.00       49.00       73.00       38.00       30.00       79.00        5.00
       64.00       41.00       35.00       50.00       86.00       68.00       43.00       69.00       15.00       35.00
       69.00       20.00       64.00       21.00       86.00       18.00       42.00       21.00       95.00       74.00
       64.00       23.00       10.00        9.00        4.00       69.00       71.00       82.00       17.00       49.00
       40.00       75.00       95.00       27.00       99.00       28.00       38.00       15.00       53.00       18.00
       58.00       47.00        3.00       18.00       50.00       93.00       51.00       80.00       84.00       43.00
       47.00       49.00       15.00       44.00       81.00       69.00       11.00       55.00        1.00       59.00
       46.00       74.00       91.00       67.00       12.00       38.00       48.00       30.00       27.00        6.00
       40.00       96.00       82.00       71.00       36.00       78.00       12.00       70.00       41.00       63.00
       14.00       81.00       70.00       91.00       29.00       17.00       55.00       64.00       71.00       86.00
       56.00       58.00       72.00       41.00       29.00       63.00       54.00       61.00       78.00       47.00
       87.00       32.00       73.00       37.00       56.00       18.00       29.00       63.00       59.00       41.00
       82.00       94.00       19.00        8.00       80.00       75.00       77.00       62.00        7.00       49.00
       81.00       37.00       91.00        4.00       12.00       41.00       62.00       86.00       11.00        9.00
       71.00       87.00       74.00       93.00       80.00       70.00       52.00       78.00       82.00        7.00
       69.00       48.00       13.00       42.00       40.00       29.00       77.00       93.00       50.00        5.00
       70.00       74.00       33.00       65.00       96.00       85.00       60.00       19.00        7.00        2.00
       21.00       27.00       96.00       75.00       66.00       92.00       52.00       13.00       37.00       23.00
       25.00        6.00       98.00       88.00       83.00       18.00       63.00       78.00       47.00       53.00
       66.00       76.00       41.00       80.00       21.00        4.00       99.00       60.00       80.00       76.00
       94.00       18.00       68.00       89.00        7.00       55.00       68.00       34.00       39.00       80.00
       79.00        2.00       31.00       28.00       74.00       15.00       50.00       77.00       23.00       19.00
       61.00       83.00       63.00       10.00       75.00       99.00       36.00       70.00       61.00       52.00
       13.00       66.00       63.00       85.00       89.00       99.00       44.00       86.00        4.00       34.00
       53.00       74.00       42.00       45.00        2.00        4.00       96.00       35.00       88.00       15.00
        2.00       47.00       80.00       25.00        4.00       45.00       90.00       57.00       67.00       58.00
       81.00       53.00       71.00       98.00       67.00       94.00       65.00       90.00       32.00       45.00
       26.00        7.00       66.00       91.00       91.00       62.00       82.00       35.00       39.00       11.00
       76.00       70.00       35.00       83.00       45.00       40.00       77.00       27.00       64.00       72.00
        2.00       42.00       93.00       22.00       41.00       36.00       66.00       81.00       27.00       25.00
       85.00       27.00        6.00       75.00       13.00       21.00       87.00       42.00       47.00       89.00
       52.00       58.00        8.00       22.00        0.00       81.00       88.00        7.00       91.00        4.00
       36.00       53.00       27.00       77.00       67.00       85.00       81.00        0.00       34.00       20.00
       56.00       98.00        0.00       42.00       40.00       65.00       89.00       44.00       90.00       55.00
       10.00       99.00       56.00       47.00       86.00       95.00       28.00       24.00       23.00       20.00
       79.00       30.00        7.00        2.00       27.00       95.00        9.00       34.00       24.00       62.00
       56.00       32.00       79.00       30.00       60.00       21.00       50.00        7.00       48.00       33.00
       61.00       48.00       20.00       68.00       44.00        5.00       27.00       51.00       94.00       24.00
       54.00       91.00       99.00       62.00       36.00       13.00       86.00       11.00       62.00       30.00
       78.00       52.00       25.00       76.00       73.00       74.00       36.00        8.00       78.00       37.00
        7.00       53.00       56.00       50.00       63.00       64.00       86.00       12.00       55.00        0.00
       25.00       23.00       68.00       50.00       31.00       65.00       47.00       73.00       84.00       18.00
        4.00        1.00       22.00       51.00       49.00       57.00       63.00       12.00       84.00       67.00
       92.00       95.00       43.00       62.00       31.00       70.00       60.00       24.00       23.00        4.00
        7.00       89.00       96.00       93.00       38.00       44.00       77.00        5.00       22.00       59.00
        2.00       88.00       47.00       40.00        9.00       98.00       43.00       18.00       23.00       55.00
       45.00       77.00       81.00       26.00       96.00       10.00       40.00       95.00       66.00       50.00
       70.00       69.00       29.00       11.00       28.00       35.00       24.00       36.00       66.00       55.00
        5.00       43.00       19.00       74.00       43.00       11.00       66.00       84.00       36.00       49.00
       74.00       44.00       46.00       37.00       61.00       79.00       64.00       37.00       37.00       92.00
       76.00       13.00       16.00       53.00       81.00       98.00       93.00       81.00       72.00        8.00
       49.00       91.00        1.00       88.00       11.00        9.00       78.00       42.00       94.00       56.00
       67.00       77.00       86.00       51.00        2.00       60.00       67.00       10.00        7.00       78.00
       72.00        8.00       18.00       52.00       22.00       55.00       31.00       27.00       11.00       90.00
       13.00       56.00       98.00       97.00       75.00       47.00       54.00        5.00       72.00       30.00
       65.00       17.00       85.00       76.00       79.00       76.00       11.00       79.00       61.00       77.00
       47.00       59.00       94.00       71.00       57.00       69.00       23.00       29.00       60.00       15.00
       48.00       54.00       65.00       98.00       11.00       56.00       55.00       70.00       22.00       53.00
       83.00       37.00       27.00       22.00       51.00       59.00       19.00       50.00       60.00       42.00
       28.00       43.00       66.00       98.00       53.00       87.00       93.00       39.00       30.00       83.00
       59.00       22.00       23.00       92.00       32.00       65.00       10.00       62.00       27.00       94.00
       86.00       23.00        6.00       94.00        1.00       82.00       36.00       82.00       22.00       31.00
       19.00       16.00       73.00       78.00        6.00        6.00       94.00       41.00       64.00       99.00
       22.00       82.00       29.00       51.00       99.00       55.00        1.00        8.00       39.00       10.00
       40.00       52.00       18.00       69.00       70.00       99.00       80.00       63.00       23.00       44.00
       53.00       11.00       46.00       84.00       30.00       53.00       73.00       86.00       62.00        1.00
       40.00       56.00       58.00       42.00       85.00       47.00       90.00       22.00       50.00       92.00
       65.00       99.00        4.00       67.00       86.00       19.00       40.00       18.00       32.00       86.00
        6.00       85.00       23.00        8.00       84.00       47.00       52.00       48.00       30.00       32.00
        1.00       11.00       32.00       85.00       64.00       36.00       49.00       95.00       58.00        3.00
       38.00        3.00       80.00       35.00       89.00       56.00       59.00       85.00       18.00       81.00
       97.00       24.00       88.00       89.00       93.00       72.00       62.00       21.00       16.00       45.00
        3.00       31.00       52.00       96.00       84.00       24.00       45.00       92.00       56.00       25.00
       12.00       35.00       13.00       41.00       98.00       29.00       26.00       26.00        2.00       57.00
       41.00       90.00       90.00        9.00       86.00       79.00       74.00       81.00       96.00       43.00
       25.00       30.00       81.00       62.00       56.00       62.00       75.00       83.00       75.00       93.00
       53.00        8.00       11.00       88.00        9.00       25.00       57.00       94.00        8.00       78.00
       80.00        4.00       83.00        9.00       99.00       25.00       24.00       23.00       22.00       44.00
       87.00       64.00        3.00       95.00        9.00       98.00       51.00       93.00       22.00       37.00
        5.00       74.00       96.00       56.00       63.00       61.00       44.00       91.00       19.00       50.00
       88.00        4.00       55.00       76.00       52.00       73.00       84.00       10.00       41.00       30.00
       44.00       98.00       21.00       54.00       99.00       37.00       97.00        1.00       75.00       53.00
       78.00       28.00       57.00       27.00       53.00       26.00       22.00       80.00       24.00       91.00
       69.00       20.00       80.00       89.00       89.00        1.00       94.00       83.00       80.00       58.00
       85.00       53.00       95.00       12.00       71.00       98.00       84.00       58.00       15.00       28.00
       63.00       87.00       30.00       65.00       28.00       98.00        2.00       15.00       94.00        4.00
       38.00       96.00       15.00       33.00       59.00       10.00       42.00       90.00       91.00        7.00
       95.00       18.00       15.00       84.00       78.00       84.00       97.00        1.00       52.00       63.00
       92.00       26.00       48.00       18.00        3.00       25.00       87.00       89.00       33.00       63.00
       29.00       20.00       64.00       93.00       90.00       22.00       61.00       36.00       71.00       29.00
       58.00       80.00       11.00       94.00        0.00       59.00       44.00       39.00       43.00       84.00
       24.00       62.00       22.00       36.00       64.00       49.00       57.00       52.00       77.00       54.00
       46.00       51.00       28.00       45.00       66.00       86.00       47.00       26.00       84.00       28.00
       34.00       89.00       50.00        5.00       83.00       42.00       22.00       57.00       93.00       36.00
       40.00       84.00       40.00       71.00       55.00       89.00       41.00       64.00       87.00       58.00
       15.00        4.00       53.00        4.00       42.00       25.00       90.00       98.00       67.00       86.00
       84.00       40.00       86.00       15.00       55.00       51.00       38.00       75.00       73.00       97.00
       74.00       60.00        4.00       56.00       67.00       10.00        5.00       11.00        8.00       25.00
       26.00       19.00       91.00        3.00       76.00       88.00       68.00       38.00       73.00       65.00
       50.00       51.00       81.00       17.00       79.00       37.00       98.00       56.00       79.00       62.00
       55.00       43.00       83.00       28.00       38.00       74.00       92.00        4.00       47.00       19.00
       94.00       74.00       41.00       83.00       68.00       72.00       48.00       13.00       51.00       89.00
       35.00       46.00       23.00       71.00       55.00       97.00       66.00       60.00       40.00       22.00
       80.00       22.00       82.00       99.00       66.00       87.00       32.00       26.00       28.00       81.00
       16.00       20.00       24.00       35.00       37.00       61.00       84.00       84.00       14.00       27.00
       86.00       14.00       81.00       12.00       35.00        5.00       46.00       11.00       98.00       73.00
       77.00       22.00       91.00       34.00       79.00       11.00       17.00       10.00       58.00       20.00
       12.00       77.00        8.00       17.00       22.00        7.00       53.00       33.00       48.00       69.00
       29.00       25.00       16.00       79.00        6.00       55.00       59.00       13.00       56.00       79.00
       23.00       42.00       43.00       94.00       33.00       28.00       81.00       69.00       78.00        5.00
       79.00       79.00        2.00       29.00       80.00        2.00       13.00       74.00       64.00       46.00
       45.00       10.00       59.00       41.00       33.00       78.00       86.00       82.00       89.00       60.00
       47.00       18.00       88.00       12.00        6.00       43.00        2.00       91.00       35.00        4.00
       39.00        5.00       39.00       45.00       80.00       81.00       50.00       61.00       17.00       96.00
       83.00       15.00       31.00       45.00       80.00       54.00       76.00       36.00       88.00       17.00
       45.00       19.00       44.00       33.00       39.00       11.00       71.00       42.00       66.00       62.00
       99.00       89.00       40.00       76.00       72.00       76.00       54.00       81.00       97.00       72.00
       55.00       14.00       56.00       21.00       38.00       68.00       82.00       81.00       34.00        9.00
       60.00        2.00       71.00       64.00       30.00       23.00       21.00       44.00       77.00       32.00
       69.00       39.00       41.00       40.00       67.00       12.00       95.00       47.00       51.00       82.00
       62.00        4.00       44.00       48.00       68.00       12.00       69.00       25.00       62.00       85.00
       44.00       80.00       38.00       98.00       32.00       76.00       52.00       79.00       75.00       96.00
        2.00       19.00       26.00       69.00       41.00       14.00       58.00       37.00       13.00       51.00
       26.00       41.00       44.00       21.00        2.00       99.00       37.00        4.00        2.00       20.00
       31.00       70.00       89.00       63.00       46.00       79.00       18.00       39.00       14.00       84.00
       43.00       32.00       58.00       78.00       26.00       59.00       88.00       12.00       95.00        5.00
       16.00       98.00       54.00       21.00        7.00       74.00       43.00       47.00       20.00       81.00
       88.00       10.00        9.00       82.00        5.00        1.00       92.00       39.00       41.00       43.00
       85.00       14.00       65.00       97.00       93.00       50.00       32.00       67.00       84.00       75.00
       13.00       98.00       80.00       15.00       36.00       88.00       71.00       13.00       82.00       52.00
        7.00       91.00       51.00        6.00       29.00        8.00       73.00       69.00       68.00       90.00
       40.00       81.00       93.00       36.00       77.00       16.00       92.00       44.00       80.00        8.00
       41.00       88.00       92.00       31.00       67.00       47.00       94.00       13.00       22.00       74.00
       30.00       52.00       25.00       54.00       89.00       75.00       32.00       80.00       23.00       68.00
       56.00       59.00       73.00       54.00       26.00       10.00       17.00       93.00       74.00       36.00
       79.00       50.00       82.00       78.00       62.00       46.00       25.00       54.00       76.00       74.00
        4.00       89.00       99.00       66.00       39.00       52.00       74.00       37.00       73.00       70.00
       35.00       32.00       21.00       90.00       24.00       64.00       36.00       87.00       19.00       11.00
       96.00       70.00       13.00       18.00       42.00       13.00        1.00       16.00       88.00       16.00
       51.00       51.00       23.00       80.00       96.00       94.00       46.00       38.00       49.00       70.00
       16.00       93.00       36.00       24.00       15.00       47.00       99.00       19.00       32.00       12.00
       16.00       33.00       50.00       54.00       38.00       88.00       65.00        3.00       35.00       42.00
       76.00       29.00       13.00       29.00       44.00       63.00       29.00       13.00       82.00       31.00
       34.00        2.00       36.00        6.00        1.00       34.00       75.00        9.00       30.00       33.00
       88.00       21.00       41.00        5.00       65.00       67.00       84.00       94.00        7.00        3.00
       40.00       57.00       93.00        4.00       78.00       99.00       95.00       46.00        5.00       82.00
       18.00       16.00       20.00       20.00       21.00        7.00       55.00       84.00       27.00       72.00
       13.00       15.00       27.00       15.00       18.00       10.00       19.00       12.00       18.00       17.00
       20.00       18.00       11.00       14.00       28.00       28.00       20.00       23.00       20.00       19.00
       19.00       25.00       18.00       12.00       18.00       14.00       20.00       12.00       21.00       28.00
       20.00       12.00       29.00       25.00       26.00       25.00       28.00       19.00       10.00       27.00
       22.00       13.00       23.00       29.00       27.00       18.00       23.00       27.00       24.00       29.00
       10.00       10.00       20.00       25.00       16.00       21.00       28.00       24.00       27.00       16.00
     2163.00     2086.00     3236.00     5657.00     6447.00     4360.00     5603.00     3160.00     5786.00     6587.00
     1855.00     2938.00     6662.00     6111.00     1382.00     6377.00     6567.00     3486.00     1902.00     2240.00
     5892.00     5898.00     3842.00     4734.00     5671.00     1204.00     1414.00     3213.00     6788.00     2822.00
      103.00       61.00       91.00       86.00       28.00       46.00      110.00       91.00       94.00       83.00
       98.00       26.00       32.00       64.00       81.00       81.00       83.00       39.00      113.00       52.00
       54.00       68.00       86.00       91.00       91.00      112.00       48.00       41.00       41.00       54.00
