   60   30
       59.00       99.00       73.00       20.00       21.00       62.00        2.00       11.00       63.00       53.00
       14.00       82.00       29.00       18.00       32.00       46.00       46.00       69.00       86.00        4.00
       71.00       56.00       70.00       69.00       81.00       99.00       19.00        2.00        5.00       70.00
       47.00       81.00       59.00       40.00       15.00       67.00       13.00       40.00       32.00       29.00
        7.00       92.00       12.00       66.00       98.00       17.00       36.00       12.00        1.00       25.00
       87.00       19.00       62.00       32.00       67.00       66.00       70.00       75.00        5.00       30.00
       90.00       18.00       22.00       10.00       96.00       53.00       10.00        2.00       15.00       60.00
       30.00       65.00       11.00       71.00       62.00       13.00       90.00       52.00       30.00       40.00
       81.00       93.00       14.00       58.00       42.00       83.00        0.00       90.00       87.00       99.00
       39.00       69.00       30.00       36.00       25.00       33.00        2.00       70.00       94.00       96.00
       84.00        9.00       16.00       53.00       57.00       93.00       33.00       56.00       56.00       48.00
       61.00       51.00        5.00       84.00       58.00       62.00       43.00       12.00       29.00       83.00
       77.00       25.00       21.00        3.00       25.00       42.00       19.00       56.00       32.00       29.00
       64.00        9.00       78.00       55.00       42.00       96.00       98.00       17.00        6.00       76.00
       95.00       64.00       58.00       82.00       13.00       13.00       71.00       63.00       96.00        4.00
       51.00       58.00       55.00       64.00       62.00       54.00       24.00       81.00       52.00        0.00
       64.00       73.00       77.00       94.00       50.00       47.00       96.00       63.00       63.00       54.00
       74.00       91.00       58.00       86.00       38.00       89.00       73.00        0.00       67.00       85.00
       30.00       19.00       97.00       93.00       12.00       81.00       84.00       89.00       26.00       30.00
       58.00        4.00        1.00       50.00       53.00       98.00       55.00       12.00        4.00       91.00
       55.00       71.00       38.00       65.00       39.00       30.00        4.00       45.00       72.00       70.00
       21.00       46.00       72.00        1.00       35.00       32.00       10.00       95.00       22.00       18.00
       76.00       96.00       59.00       24.00       68.00       11.00       71.00       59.00       45.00       58.00
       26.00       85.00       48.00       91.00       13.00        1.00       85.00       42.00       44.00       38.00
       23.00       51.00       67.00       54.00       50.00       72.00       69.00       89.00       88.00       81.00
       19.00       90.00       69.00       13.00       60.00       32.00       15.00       12.00       72.00        5.00
       69.00       70.00       60.00       16.00       91.00       91.00       24.00       48.00       89.00       98.00
       33.00       75.00       61.00       79.00        1.00       10.00       87.00       34.00       39.00       43.00
       55.00       68.00       31.00       98.00       48.00       49.00       55.00       21.00       13.00       16.00
       58.00       60.00       78.00       17.00       38.00       21.00        6.00        1.00        6.00       93.00
       93.00        2.00       31.00       81.00       47.00       91.00       81.00        9.00        6.00       67.00
       20.00       42.00       95.00       39.00       23.00       78.00        4.00       97.00       22.00       96.00
       59.00       89.00       90.00       38.00       17.00       44.00       28.00        7.00       89.00        8.00
        5.00       68.00       88.00       91.00       86.00       97.00       62.00       32.00       26.00       34.00
       30.00       34.00       24.00       99.00       65.00       32.00       72.00        7.00       77.00       83.00
       25.00       82.00       72.00        0.00       94.00       46.00       33.00       77.00       35.00       46.00
        8.00       51.00       80.00       46.00       14.00       28.00       28.00       81.00       12.00       48.00
       13.00       64.00       78.00       76.00       98.00       96.00       97.00       41.00       67.00        5.00
       55.00       61.00       14.00       23.00       95.00       26.00       52.00       82.00       70.00       22.00
        1.00       79.00        5.00       28.00       98.00       43.00       57.00        8.00       76.00        8.00
       27.00       94.00       82.00       69.00       68.00       11.00       27.00       82.00       93.00       13.00
        6.00       32.00       75.00       15.00       26.00       76.00       94.00       46.00       12.00       37.00
       70.00       64.00        0.00       12.00       98.00       87.00       39.00       17.00       54.00       56.00
       35.00       72.00       60.00       26.00       36.00       10.00       17.00       42.00       28.00       72.00
       32.00       50.00        0.00       93.00       22.00       59.00       82.00       18.00       58.00       46.00
       78.00       94.00       75.00       69.00       46.00       20.00       74.00       33.00       94.00       68.00
       88.00       24.00       95.00       81.00       87.00        7.00       34.00       43.00       40.00       48.00
       59.00       49.00       64.00       10.00       69.00       34.00       30.00       38.00       92.00       42.00
        1.00       15.00       18.00       29.00       24.00       81.00       87.00       45.00       96.00       26.00
       63.00       37.00       93.00       96.00       31.00       64.00        8.00        3.00        1.00       12.00
       51.00       88.00        9.00       63.00       14.00        5.00       45.00       43.00       81.00       23.00
       48.00       60.00       59.00       47.00       61.00        9.00       54.00       25.00        6.00       94.00
        1.00       79.00       59.00        9.00       50.00       86.00        5.00       64.00       46.00       86.00
       20.00       58.00       63.00        2.00        6.00       33.00       80.00        1.00       70.00       51.00
        5.00       18.00       31.00       99.00       93.00       41.00       95.00       94.00        2.00        4.00
       26.00       45.00       99.00       62.00        4.00       11.00       89.00       36.00       67.00       44.00
       48.00       32.00       35.00       11.00       85.00        8.00       14.00       41.00       33.00       18.00
       98.00       29.00       80.00       57.00        7.00        4.00       84.00        0.00       70.00       36.00
        4.00        3.00        0.00       40.00       72.00       99.00       34.00       11.00       87.00       19.00
       48.00       81.00       85.00       22.00       52.00       93.00       27.00        6.00       32.00       41.00
       17.00       33.00       93.00       94.00       36.00        0.00       28.00       38.00       41.00       33.00
       99.00       78.00       91.00       85.00       23.00       89.00       76.00       66.00       93.00       20.00
       71.00       36.00       70.00       71.00       48.00       42.00       38.00       21.00       95.00       74.00
       94.00       50.00       52.00       77.00       32.00        1.00       46.00       40.00       31.00       79.00
       94.00       53.00       52.00       58.00       95.00       93.00       20.00       71.00       42.00       98.00
       36.00       91.00       17.00       21.00       38.00       28.00       56.00       82.00       20.00        1.00
       97.00       69.00       72.00       55.00       28.00       34.00        0.00       51.00       36.00        0.00
       40.00       25.00       96.00       77.00       62.00        3.00       48.00       51.00       58.00       28.00
       72.00       81.00       32.00       20.00       47.00       33.00       44.00       82.00       50.00       36.00
       85.00       32.00       35.00       30.00       72.00        9.00       10.00       44.00       96.00       84.00
       78.00       29.00       65.00       89.00       24.00       28.00       24.00       35.00       76.00       60.00
       34.00       75.00       44.00       58.00       57.00       43.00       34.00       65.00       65.00       80.00
       91.00        6.00       85.00        8.00       14.00       74.00       37.00       33.00       38.00        3.00
       26.00       83.00       93.00       10.00        1.00        2.00       80.00       32.00       92.00       65.00
        8.00        4.00       86.00       88.00        8.00       26.00        0.00       41.00       98.00       38.00
       65.00       86.00       69.00       93.00       28.00       10.00       33.00       98.00       47.00       14.00
       22.00       59.00       10.00       76.00       50.00       53.00       30.00       13.00       86.00       21.00
       82.00        0.00       68.00       43.00       85.00       16.00       87.00       36.00       62.00       35.00
        7.00        2.00       93.00       83.00       94.00        9.00       87.00       17.00       93.00       79.00
       15.00        6.00       48.00       15.00       80.00       28.00       68.00       98.00       19.00       86.00
       91.00       32.00       70.00       36.00       81.00       20.00       39.00       70.00       79.00       95.00
       52.00       90.00       78.00       37.00       85.00       69.00        0.00       66.00       92.00       95.00
       92.00       73.00       93.00       33.00       76.00       32.00       74.00       52.00       14.00       16.00
       22.00        5.00       65.00        6.00       94.00       63.00       68.00       56.00       91.00       33.00
       53.00       63.00       93.00       11.00       79.00       53.00       62.00       61.00       44.00       84.00
       38.00        6.00       26.00       17.00       67.00       84.00       37.00       22.00       47.00       98.00
        0.00        7.00       79.00       69.00        3.00       88.00       53.00       61.00       50.00       52.00
       21.00       50.00       55.00       57.00       16.00       47.00       21.00       91.00       32.00       92.00
        8.00       84.00       78.00        2.00       90.00       26.00       60.00       13.00       36.00       52.00
       60.00       62.00       92.00       99.00       13.00       95.00       22.00       29.00        6.00        6.00
       47.00       89.00       45.00       39.00        0.00       46.00       65.00       88.00       69.00       19.00
       87.00       12.00       96.00       95.00       27.00       28.00       77.00       96.00       30.00       46.00
       54.00       47.00       87.00       79.00        1.00       53.00       37.00       17.00       64.00       84.00
       73.00       63.00       76.00       26.00       13.00       80.00       81.00       56.00       95.00       67.00
       32.00       37.00        8.00       89.00       36.00       49.00       61.00       21.00       79.00        2.00
       72.00       73.00       41.00       83.00       14.00       30.00       87.00       58.00       48.00       86.00
       93.00       13.00       36.00       90.00       53.00        5.00       13.00       23.00       61.00       66.00
       71.00       60.00       70.00       73.00       58.00        9.00       79.00       84.00       16.00       10.00
       87.00       99.00       15.00       52.00       26.00       92.00       37.00       34.00       58.00       31.00
       29.00       71.00       97.00       80.00       37.00       37.00       92.00       45.00       70.00       84.00
       78.00       11.00       70.00       83.00       92.00       86.00       90.00       72.00        1.00       41.00
       92.00       16.00       89.00       22.00       27.00        8.00        6.00       61.00       61.00       56.00
       72.00       21.00       49.00       58.00       89.00       54.00       79.00       47.00        6.00       45.00
       41.00       48.00       43.00       80.00       77.00       95.00       52.00       64.00       40.00       99.00
       99.00       67.00       45.00       54.00       72.00       85.00        9.00       33.00       55.00       31.00
        5.00        0.00       33.00        6.00       62.00       50.00        2.00       10.00       27.00       55.00
        7.00       85.00       22.00       65.00       40.00       17.00       92.00       98.00       56.00       24.00
       30.00       26.00       95.00       13.00       96.00       30.00       21.00       81.00        0.00       87.00
       19.00       99.00       96.00       14.00       97.00       94.00       11.00       66.00       95.00       25.00
        5.00       88.00        4.00       22.00       44.00       54.00       28.00       19.00       24.00       36.00
       58.00       14.00       71.00        6.00       34.00       35.00       26.00       40.00       22.00       86.00
       74.00       97.00       17.00       16.00       76.00       88.00       65.00       22.00       21.00       44.00
       50.00       84.00       99.00       64.00        6.00       97.00       75.00       99.00       38.00       42.00
       92.00       95.00       58.00       12.00       56.00       11.00       85.00       93.00       75.00       75.00
       55.00       51.00       41.00       56.00       43.00       86.00       94.00       54.00       87.00       57.00
        5.00       38.00       73.00       74.00       58.00       95.00       19.00       27.00       17.00       53.00
       76.00       91.00       28.00        2.00        6.00       24.00       67.00       28.00       39.00       53.00
       47.00       18.00        2.00       10.00       46.00       26.00       64.00       70.00       11.00       86.00
       64.00       95.00       62.00       20.00       91.00       87.00       87.00       84.00       49.00        9.00
        9.00       35.00       18.00       30.00       73.00       29.00        2.00       87.00       70.00       62.00
       13.00       84.00        5.00       43.00       42.00       76.00       72.00       34.00       19.00       84.00
        1.00        0.00       43.00       64.00       77.00       78.00       58.00       21.00       57.00       28.00
       98.00       22.00       27.00       34.00       17.00       76.00       81.00       86.00       91.00       66.00
       18.00       37.00       44.00       62.00       72.00       18.00       54.00       41.00       37.00       77.00
       22.00       96.00       45.00       56.00       19.00       20.00       21.00       19.00       48.00       78.00
       96.00       13.00       68.00       23.00       80.00        2.00       99.00        0.00       14.00       30.00
       69.00       59.00       50.00       91.00       96.00       65.00       35.00       99.00       12.00       77.00
       94.00       16.00       60.00       30.00       39.00       53.00       38.00       47.00       49.00       66.00
       61.00       65.00       97.00       20.00       61.00       49.00       16.00       61.00       61.00       30.00
       48.00       56.00       80.00       90.00       89.00       81.00       54.00       79.00       39.00       40.00
       92.00       37.00       33.00       82.00       93.00       67.00       88.00       34.00       93.00       62.00
        5.00       60.00       19.00       92.00        9.00       21.00       75.00       16.00       18.00       99.00
       76.00       47.00       69.00        5.00       16.00       15.00       46.00       82.00       27.00       90.00
       91.00       83.00       67.00       51.00       80.00       72.00       55.00       39.00        8.00       85.00
       24.00        9.00       16.00       57.00       68.00       77.00       47.00       80.00        7.00       20.00
        3.00       72.00       90.00       87.00       72.00       56.00       18.00       20.00       18.00       85.00
       47.00       94.00       60.00       64.00        8.00       30.00       96.00       49.00       53.00       34.00
       25.00       33.00       22.00       64.00       98.00       32.00       77.00       39.00       83.00       55.00
       52.00       38.00       28.00        2.00       20.00       39.00       66.00       34.00       75.00       17.00
       87.00       97.00       72.00       87.00       75.00       10.00       85.00       67.00       79.00       46.00
       67.00       96.00       78.00       47.00       24.00       31.00       50.00       78.00       40.00        5.00
       52.00       93.00        6.00       26.00       81.00       81.00       61.00       51.00       69.00        3.00
       23.00       53.00       22.00       44.00       79.00       73.00       25.00       41.00       66.00       30.00
       63.00       61.00       53.00       23.00       16.00       40.00       19.00       44.00       58.00        3.00
       72.00        3.00       49.00       36.00       60.00       18.00       90.00       64.00       77.00       21.00
        9.00       73.00       50.00        0.00       76.00       70.00       73.00       59.00       62.00       70.00
       18.00       71.00       16.00       59.00       37.00       66.00       98.00       64.00       40.00       68.00
       95.00       34.00       12.00       70.00       31.00       17.00        5.00       30.00       18.00       76.00
        7.00        5.00       29.00       92.00       89.00       64.00       89.00       33.00       80.00       57.00
       96.00        0.00        7.00       19.00       45.00       74.00       20.00       33.00       95.00       16.00
       71.00       95.00       20.00       15.00       25.00       45.00       14.00       61.00       32.00       57.00
       61.00        9.00       65.00       12.00       78.00       52.00       24.00       76.00       88.00       11.00
       49.00       84.00        2.00       28.00       97.00       84.00       90.00        6.00       77.00       86.00
       90.00       35.00       45.00       49.00       74.00        5.00       96.00       71.00       78.00       86.00
       27.00       73.00       55.00       22.00       36.00        5.00       19.00       89.00       85.00        1.00
       84.00       99.00       53.00       62.00       12.00       43.00       48.00       55.00       29.00       21.00
       56.00       41.00       74.00        0.00       41.00       83.00       90.00       84.00       36.00       98.00
       61.00        1.00       78.00       32.00       70.00       40.00       81.00        5.00       25.00       78.00
       52.00       31.00       76.00        8.00       90.00       17.00       21.00       25.00       22.00        1.00
       74.00       55.00       78.00       69.00       52.00       34.00       89.00       80.00       83.00       45.00
       78.00       79.00       64.00        9.00       68.00       68.00       12.00       56.00       31.00       83.00
       81.00       39.00       53.00       88.00       48.00       66.00       78.00       80.00       85.00       47.00
       78.00       71.00       76.00        9.00       37.00       96.00       37.00        2.00       66.00       52.00
       54.00        2.00       78.00       72.00       46.00        2.00       81.00       95.00       23.00       31.00
       94.00       69.00       81.00       32.00       65.00       26.00       69.00       19.00       63.00       85.00
       20.00       75.00       72.00       93.00       19.00       53.00        2.00        2.00       56.00       10.00
       98.00       41.00       91.00       83.00       17.00       41.00       32.00       69.00        0.00        5.00
       81.00       92.00       50.00       45.00       31.00       60.00       13.00       25.00       95.00       30.00
       11.00       75.00        4.00       65.00       62.00       75.00       24.00       21.00       14.00       23.00
       44.00        9.00       59.00       18.00       69.00       35.00       99.00       53.00        2.00       87.00
        3.00       72.00        0.00       34.00       51.00       49.00       48.00       68.00       71.00       97.00
       67.00       80.00       12.00       93.00       75.00       69.00        1.00        5.00       48.00       18.00
       89.00       49.00       50.00       90.00       71.00       86.00       46.00       23.00       51.00       80.00
        1.00       26.00       69.00       48.00       30.00       19.00       24.00       73.00       59.00       44.00
       59.00       84.00       14.00       66.00       80.00       89.00       32.00       26.00       42.00       51.00
       83.00       14.00       14.00       23.00       30.00       85.00        6.00       75.00       69.00       26.00
       23.00       99.00       35.00       50.00       75.00       66.00       57.00       76.00       70.00       64.00
        5.00       18.00       49.00       56.00       48.00        2.00       53.00       17.00       36.00       71.00
       36.00       59.00       60.00       46.00       52.00       47.00       56.00       71.00       84.00       46.00
       68.00       44.00       89.00       92.00       67.00       14.00       98.00       37.00        2.00        0.00
       15.00       19.00       13.00       14.00       17.00       24.00       17.00       26.00       14.00       14.00
       18.00       12.00       27.00       15.00       10.00       13.00       14.00       24.00       14.00       19.00
       28.00       25.00       24.00       16.00       12.00       18.00       13.00       11.00       28.00       26.00
       10.00       12.00       25.00       22.00       28.00       24.00       23.00       11.00       11.00       23.00
       29.00       17.00       17.00       27.00       26.00       18.00       17.00       10.00       21.00       13.00
       11.00       10.00       29.00       14.00       19.00       25.00       21.00       14.00       11.00       25.00
     2485.00     8894.00     8200.00     3083.00     6913.00     5180.00     7629.00     2241.00     2487.00     7205.00
     8253.00     6519.00     6789.00     4929.00     3503.00     3423.00     8441.00     7265.00     4647.00     4452.00
     8799.00     3574.00     6020.00     7494.00     9290.00     5673.00     3637.00     2263.00     3658.00     6815.00
       41.00       85.00       79.00       37.00      107.00       70.00       62.00       80.00      104.00       80.00
       64.00       21.00       68.00       88.00       20.00       64.00       35.00       34.00       42.00       32.00
       96.00       56.00       58.00       80.00       54.00       79.00       72.00       91.00       99.00       20.00
