   60   30
       86.00       55.00       50.00       76.00        0.00       98.00       41.00       85.00       70.00       83.00
        1.00       15.00       52.00       12.00       17.00       44.00       26.00       50.00       91.00       72.00
       13.00       31.00        0.00       86.00       72.00       88.00       66.00       13.00       99.00       89.00
       26.00       98.00       60.00        7.00       43.00       52.00       18.00       47.00       86.00       64.00
       40.00       22.00       67.00       65.00        3.00       47.00       27.00       94.00       15.00       90.00
        2.00       88.00       40.00       93.00       99.00       25.00       87.00       73.00       82.00       68.00
       91.00       41.00       42.00       89.00        9.00       15.00       90.00       93.00        8.00       14.00
       17.00       47.00       12.00       42.00       90.00       90.00       41.00       31.00       87.00       96.00
       46.00       73.00       99.00       88.00       45.00       64.00       32.00       44.00       98.00       61.00
        6.00       48.00       73.00        1.00       19.00       50.00       11.00       43.00       33.00       71.00
       68.00       36.00        1.00       39.00        2.00       13.00       35.00       65.00       46.00       77.00
       78.00       79.00       61.00       15.00       53.00       87.00       75.00       71.00       84.00       32.00
       54.00       50.00        6.00       49.00       48.00       46.00       32.00       70.00       19.00        8.00
       23.00       97.00       45.00       80.00       91.00       64.00       48.00       11.00       25.00       56.00
       95.00       77.00       19.00       39.00       72.00       86.00       49.00       44.00       27.00       68.00
       26.00       94.00       33.00       42.00       12.00       59.00       18.00       34.00       92.00        1.00
       58.00       81.00       26.00       26.00       35.00       42.00       26.00       61.00       13.00       14.00
       47.00       21.00       64.00        2.00       63.00       37.00       66.00        8.00       80.00       60.00
       44.00       41.00       13.00       55.00       33.00       43.00       15.00       59.00       84.00        1.00
       46.00       65.00       25.00       89.00       15.00       56.00       81.00       47.00       29.00       86.00
       82.00        6.00       47.00       13.00       29.00        5.00        0.00        5.00        3.00       63.00
       52.00       78.00       20.00        7.00       88.00       54.00       77.00       64.00       66.00       19.00
       44.00       64.00       76.00       51.00       94.00       13.00       76.00       24.00       75.00       51.00
       12.00       14.00       64.00       77.00       30.00       74.00       61.00       18.00       56.00       38.00
       18.00       82.00       80.00       83.00       96.00       11.00       80.00       49.00       10.00       23.00
       77.00        5.00       95.00       19.00        1.00       14.00       10.00       90.00        6.00       12.00
       59.00       38.00       70.00       35.00       93.00       19.00       66.00       40.00       34.00       51.00
       93.00        2.00       18.00       55.00       92.00        2.00       62.00       26.00        3.00       14.00
        2.00       38.00       23.00       74.00       34.00       43.00       76.00       76.00       92.00       10.00
       13.00       44.00       21.00       24.00       86.00       59.00       24.00       30.00       84.00       39.00
       15.00       95.00        7.00       27.00       82.00       24.00       26.00        4.00       57.00       58.00
       57.00       42.00       45.00       37.00       38.00       73.00       54.00       91.00       91.00       29.00
       31.00       18.00       14.00       86.00       98.00       52.00       28.00        9.00       37.00       14.00
       73.00       90.00       75.00       21.00       32.00       12.00       66.00       87.00       30.00        2.00
       67.00       42.00       29.00       42.00       56.00       48.00       17.00       44.00       48.00       98.00
       73.00       28.00       95.00       15.00       40.00       44.00       77.00       97.00       51.00       31.00
       34.00       78.00       84.00        5.00       79.00       78.00       38.00       23.00       97.00       96.00
       65.00       49.00       27.00       40.00       91.00       40.00       75.00        8.00       17.00       21.00
        7.00       80.00       83.00       99.00       21.00       55.00       30.00       69.00       92.00       62.00
       94.00       82.00       43.00       33.00       30.00       89.00       94.00       98.00       31.00       92.00
       76.00       59.00        1.00       40.00       20.00       46.00        0.00       80.00       64.00       54.00
       54.00       27.00       20.00       31.00       21.00       33.00       24.00       47.00       36.00       53.00
       25.00       81.00       84.00       40.00       12.00       97.00       82.00       38.00       81.00       90.00
       51.00       20.00       77.00       38.00       20.00       16.00       79.00       84.00        1.00       21.00
        9.00       32.00        8.00       82.00       76.00       25.00       20.00       88.00       88.00       56.00
       19.00       30.00        9.00       18.00       32.00        0.00       15.00       92.00       75.00       41.00
        5.00       42.00       75.00       75.00       48.00       48.00       15.00       54.00       85.00        7.00
       24.00       43.00       22.00       91.00       17.00       94.00       60.00       18.00       51.00       91.00
       74.00        1.00       54.00       77.00       22.00       64.00       37.00       73.00       49.00       43.00
        3.00       79.00       24.00       24.00       17.00       90.00       10.00       61.00       89.00       80.00
       66.00       98.00       84.00       40.00       35.00       83.00       81.00       66.00       58.00       42.00
       20.00       35.00       14.00       54.00       24.00       12.00       92.00       42.00       82.00       88.00
       34.00       82.00       21.00       24.00       99.00       85.00       27.00       68.00       58.00        2.00
       57.00       56.00       99.00       68.00       85.00       24.00        5.00       67.00       61.00       91.00
       52.00       12.00       69.00       79.00       16.00       45.00       24.00       97.00       97.00        5.00
       37.00       90.00       13.00       43.00       47.00       42.00       86.00       52.00       88.00       77.00
       60.00       53.00       44.00       90.00       10.00       59.00       12.00       25.00       13.00        7.00
       80.00       56.00       24.00       20.00       76.00       52.00       58.00       55.00       60.00       34.00
       62.00       34.00       58.00       42.00       53.00       68.00       57.00       90.00       41.00       35.00
       22.00       53.00       59.00       48.00       86.00       32.00       74.00       44.00       40.00       90.00
       62.00       69.00       19.00       40.00       55.00       39.00       55.00       48.00       94.00       23.00
       49.00       68.00       59.00       41.00       87.00       25.00       45.00        1.00       91.00       17.00
       20.00       20.00       86.00        0.00       68.00       78.00       32.00       72.00       13.00       24.00
       30.00       81.00       78.00       25.00       24.00       12.00       22.00       23.00       56.00       29.00
       51.00       40.00       19.00       88.00       10.00       67.00       51.00       36.00        2.00       92.00
       46.00       66.00       73.00       75.00       73.00       87.00       76.00       86.00       39.00       45.00
       97.00       30.00       25.00       81.00       14.00       54.00       99.00       37.00        3.00        2.00
       64.00       24.00       29.00       55.00        8.00       23.00       86.00       83.00       64.00       90.00
       63.00       95.00       84.00       70.00       54.00       47.00       12.00       54.00       45.00       72.00
       76.00       25.00       48.00       23.00       58.00       88.00       43.00       37.00        9.00       68.00
       73.00       89.00        2.00       29.00        2.00       67.00       67.00       44.00        6.00       90.00
       25.00       18.00       87.00       69.00       26.00       56.00       10.00       63.00       66.00        4.00
       11.00       90.00       24.00       31.00       32.00       92.00       47.00       16.00       61.00       59.00
       81.00       53.00        6.00       77.00       27.00        8.00       16.00       34.00       55.00       65.00
       37.00       18.00       19.00       70.00       58.00       78.00       54.00       41.00       90.00       30.00
       38.00       10.00       82.00       49.00       74.00       22.00       67.00       59.00       94.00       98.00
       91.00       13.00        3.00       31.00       74.00       35.00       33.00       90.00       93.00       66.00
       45.00       43.00       94.00       27.00       19.00       11.00       86.00       90.00       10.00       36.00
       42.00       33.00       63.00       10.00       41.00       12.00       28.00        2.00       16.00       74.00
       89.00       85.00       76.00       93.00       23.00       35.00       48.00       15.00       49.00       75.00
       25.00       30.00       19.00       77.00       42.00        7.00       82.00       25.00       99.00       79.00
       99.00       44.00        8.00       39.00       15.00       11.00       43.00       97.00       99.00       15.00
       93.00       14.00        7.00       42.00       85.00        0.00       51.00       87.00       96.00       48.00
       41.00       27.00       82.00       45.00       71.00        6.00       92.00       77.00       50.00       13.00
       54.00       22.00       86.00       60.00       34.00       92.00        1.00       87.00       17.00       77.00
       10.00       47.00       60.00       91.00       10.00       55.00        8.00       40.00       57.00        4.00
       88.00       44.00       10.00       78.00        2.00       86.00        4.00       13.00        6.00       86.00
       53.00       92.00       27.00        2.00       97.00       70.00       60.00       19.00       66.00       79.00
       66.00       78.00       97.00       26.00       27.00       43.00       45.00       24.00       60.00       22.00
       72.00       93.00       87.00       94.00       94.00       28.00        1.00       84.00       34.00       24.00
       94.00       13.00        5.00       96.00       20.00        5.00       18.00       55.00       28.00       25.00
       90.00       94.00       65.00       84.00        5.00       25.00       52.00       38.00       44.00       68.00
       79.00       61.00       89.00       56.00       60.00       66.00       66.00       42.00       67.00       22.00
       88.00        5.00       12.00       66.00        9.00       79.00       58.00       24.00       98.00       85.00
       75.00       92.00       90.00        7.00       65.00       30.00       91.00       57.00       43.00       75.00
       28.00       22.00       27.00       75.00       61.00       85.00       69.00       11.00       35.00       56.00
       59.00       40.00        2.00       66.00       68.00       84.00       51.00        9.00       90.00       55.00
       44.00       24.00       38.00       87.00       18.00       61.00       87.00        9.00       24.00       76.00
       56.00       81.00        0.00       40.00       88.00       89.00        2.00       64.00       74.00       58.00
       47.00       69.00       14.00       32.00       25.00       58.00       16.00       34.00        4.00       73.00
       86.00        0.00       26.00       28.00       54.00       53.00       62.00       66.00       29.00       66.00
       80.00       80.00       93.00       15.00       51.00       92.00       71.00       31.00       87.00       70.00
       37.00       15.00       82.00       50.00       39.00       46.00       15.00       75.00       58.00       14.00
       27.00       75.00       43.00       63.00       76.00       44.00       56.00       14.00       46.00       97.00
       60.00        3.00       50.00       10.00        7.00       63.00       60.00       64.00        8.00       34.00
       52.00       73.00       14.00       71.00       58.00       33.00       15.00       85.00       44.00       53.00
       48.00       51.00       64.00       35.00       78.00       57.00       85.00       14.00       77.00       73.00
       31.00        0.00       23.00       74.00       35.00       46.00       99.00       43.00       87.00       62.00
       55.00       37.00       95.00       33.00       64.00       94.00       28.00       23.00       97.00        6.00
       91.00       70.00       83.00        1.00       47.00       91.00       33.00       95.00        4.00       69.00
       47.00       13.00       11.00       84.00       35.00       90.00       46.00       14.00       19.00        1.00
       83.00        6.00       88.00       82.00       73.00        4.00       40.00       32.00       81.00       88.00
       14.00       24.00       48.00       46.00       14.00       52.00       92.00       99.00       74.00       99.00
       47.00       33.00       95.00       96.00       20.00       29.00       85.00       16.00        4.00       80.00
       63.00       14.00       81.00       36.00       12.00       16.00        4.00       32.00       96.00       13.00
       41.00       64.00       67.00        4.00       19.00       44.00       37.00       19.00        2.00       30.00
       90.00       92.00       90.00       25.00       51.00       66.00       25.00       79.00       37.00       72.00
       44.00       52.00       79.00       88.00        2.00        8.00       52.00       92.00       69.00       55.00
       85.00       43.00       69.00       57.00       31.00       69.00       18.00       68.00       97.00       50.00
       65.00       76.00       93.00        5.00       66.00       52.00       38.00       45.00       30.00       48.00
       29.00       31.00       10.00       80.00       59.00       59.00       53.00       94.00       55.00       65.00
        8.00        2.00       56.00       10.00       63.00       37.00       56.00       95.00       68.00       65.00
       87.00       18.00       56.00       42.00       19.00       70.00       72.00       15.00       83.00       33.00
       74.00       15.00       70.00       22.00       56.00       59.00       49.00       92.00       27.00       86.00
       96.00       98.00       24.00       96.00       59.00       81.00       55.00       43.00       62.00       14.00
        5.00       24.00       51.00       30.00       35.00       52.00       26.00       27.00       65.00        9.00
        9.00       13.00       33.00       27.00       44.00       30.00       50.00       22.00       38.00       82.00
        1.00       90.00       70.00       56.00       78.00       51.00       40.00        2.00       13.00       81.00
       47.00       11.00       77.00       76.00       79.00       20.00       48.00       47.00       99.00       20.00
       64.00       18.00       36.00       46.00       19.00       98.00        9.00       93.00       67.00       47.00
       66.00       54.00       40.00       32.00       95.00       10.00       94.00       74.00       46.00       98.00
       42.00       22.00       77.00       27.00       40.00       95.00        9.00       53.00       29.00       86.00
       42.00       95.00       47.00       20.00       84.00       73.00       80.00       11.00       95.00        3.00
       96.00       54.00       23.00       63.00       95.00       53.00       16.00       36.00       56.00       63.00
       20.00       76.00       83.00        8.00       97.00       58.00       63.00       96.00       29.00       24.00
       94.00       45.00       84.00        7.00       54.00       85.00       73.00       14.00       98.00       12.00
        6.00        8.00       37.00        4.00       44.00       93.00        1.00       13.00       97.00       13.00
       11.00       10.00        5.00       20.00       12.00       45.00       22.00       54.00       26.00       37.00
       76.00       57.00       49.00       15.00       80.00       12.00       86.00       75.00       18.00       69.00
       94.00       19.00       19.00       11.00       97.00        2.00       15.00       57.00       80.00       87.00
       30.00       27.00       64.00       97.00       43.00       97.00       41.00        7.00       40.00       19.00
       18.00       18.00       33.00        5.00       84.00        8.00        6.00       72.00        4.00       44.00
       35.00       19.00       22.00       13.00       87.00       68.00        0.00       92.00       70.00        0.00
       42.00       70.00       26.00       67.00       82.00        1.00       72.00       50.00       19.00       37.00
       16.00       13.00       42.00       81.00       33.00       52.00       74.00       49.00       60.00       55.00
       33.00       39.00       38.00       23.00       74.00       46.00       32.00       92.00       75.00       64.00
       90.00       95.00       79.00       72.00       22.00       27.00       95.00       87.00       30.00        5.00
       30.00       43.00       84.00       49.00        8.00       10.00       58.00       10.00       81.00       84.00
       67.00       32.00       54.00       98.00       39.00       20.00       77.00       34.00       53.00       49.00
       67.00       48.00        5.00       44.00       72.00       21.00       79.00        6.00       90.00       17.00
       54.00       65.00       95.00        0.00       54.00       97.00       41.00       32.00       37.00       24.00
       54.00       74.00       72.00       80.00       14.00       53.00       48.00       29.00       95.00       63.00
       22.00       60.00       27.00       16.00       95.00       80.00       87.00       61.00       80.00        7.00
       18.00       43.00       78.00       14.00       68.00       53.00       10.00       81.00       74.00       16.00
       49.00       64.00       27.00       97.00       47.00       78.00       17.00       25.00       74.00       49.00
       26.00       82.00       82.00        1.00       22.00       83.00       88.00       66.00       75.00       56.00
       30.00       39.00       90.00        7.00       36.00       15.00       43.00       11.00        7.00       77.00
       53.00       71.00       19.00       34.00       18.00       49.00       85.00       13.00       29.00       31.00
       25.00       59.00        5.00       13.00       52.00        2.00       27.00        6.00       58.00       94.00
       74.00       84.00       62.00       15.00       78.00       46.00       59.00       13.00       48.00       51.00
       76.00       20.00       32.00       53.00       23.00       66.00       35.00       43.00        2.00       75.00
       79.00       77.00        6.00       15.00        4.00       40.00       24.00       48.00       27.00       85.00
       30.00       85.00        9.00       43.00       28.00       52.00       16.00       90.00       78.00       29.00
       46.00       19.00       20.00       96.00       81.00       55.00       85.00       20.00       68.00       10.00
       40.00       58.00       55.00       63.00       23.00       57.00       30.00       17.00       63.00       80.00
       20.00       60.00       77.00       91.00       88.00       46.00        6.00       73.00       96.00       58.00
       20.00       66.00       38.00       26.00       16.00       48.00       75.00       15.00       75.00       88.00
       95.00       97.00       61.00       64.00        6.00       82.00       76.00        1.00       24.00       64.00
        7.00       92.00       15.00       16.00       20.00       92.00        7.00       23.00       96.00        4.00
       73.00       63.00       14.00        7.00       58.00       51.00       14.00       73.00        4.00       13.00
       16.00       91.00       80.00       68.00       53.00       95.00       42.00       16.00       69.00       45.00
       67.00       70.00       67.00       34.00       31.00       77.00       28.00        1.00       49.00       24.00
       22.00       78.00       64.00       11.00       83.00       14.00       80.00       41.00       37.00       22.00
       67.00       70.00       74.00       80.00       72.00        6.00       28.00       61.00       35.00       42.00
       99.00       66.00       72.00       88.00       30.00        8.00       98.00       12.00       19.00       56.00
       79.00       14.00       31.00       30.00       44.00       98.00       52.00       27.00       10.00        8.00
       83.00        2.00       75.00       51.00       68.00       35.00        7.00        8.00       18.00       75.00
       16.00       28.00       66.00       19.00       91.00       41.00       55.00       74.00       57.00       31.00
       60.00       28.00       52.00       74.00       95.00        3.00       52.00       14.00       44.00       70.00
       92.00       35.00       22.00       73.00       51.00       62.00       62.00       66.00        7.00       92.00
       14.00       11.00       27.00       29.00       26.00       28.00       28.00       21.00       23.00       19.00
       17.00       27.00       14.00       25.00       21.00       21.00       16.00       29.00       15.00       22.00
       10.00       28.00       16.00       21.00       17.00       17.00       17.00       25.00       14.00       19.00
       19.00       26.00       24.00       15.00       17.00       20.00       11.00       23.00       11.00       17.00
       13.00       23.00       12.00       28.00       19.00       25.00       19.00       13.00       14.00       19.00
       27.00       15.00       10.00       29.00       17.00       28.00       14.00       19.00       12.00       20.00
    23124.00    12194.00     3202.00    18698.00     2329.00     8221.00     4785.00    18137.00    26796.00    17253.00
     4135.00    26622.00     4849.00    25083.00     5550.00    27228.00     3082.00    19202.00    19263.00    23387.00
    11663.00    16876.00     7697.00     5489.00    15034.00    23631.00    26610.00    14393.00    10587.00    17712.00
      109.00      203.00      240.00       43.00      298.00      299.00      312.00       24.00      285.00      123.00
      315.00       98.00      272.00       68.00      293.00      122.00      150.00      241.00      305.00      257.00
      116.00      205.00      272.00      197.00      207.00      306.00      194.00       75.00      271.00      179.00
