   75   30
        0.00        6.00       73.00       68.00       43.00       75.00       49.00       46.00       92.00       87.00
       82.00       23.00       65.00       66.00       87.00       79.00       74.00       31.00       87.00       33.00
       35.00       37.00       48.00       20.00        3.00       72.00       95.00       72.00       24.00       17.00
       96.00       48.00       73.00       32.00       70.00       30.00       20.00       32.00       43.00       55.00
       32.00       54.00       63.00       56.00       24.00       38.00       49.00       53.00        6.00       76.00
       24.00       82.00       71.00       89.00       83.00       80.00       57.00       52.00       68.00       53.00
       57.00       59.00       60.00       94.00       51.00       17.00       25.00       41.00        2.00       99.00
       43.00       66.00       41.00       94.00       46.00       62.00       14.00       44.00       10.00       61.00
       80.00       45.00       88.00       81.00       86.00       61.00       97.00       18.00       45.00       67.00
       61.00        8.00        5.00       37.00        6.00       22.00       78.00       28.00       43.00       95.00
       76.00       23.00       81.00       69.00       54.00       54.00       71.00       25.00       77.00        4.00
       56.00       24.00       58.00       52.00       94.00       87.00       20.00       29.00       68.00       75.00
       91.00       82.00       98.00       57.00       36.00       75.00       38.00       79.00       83.00       70.00
       97.00       63.00       83.00       60.00       30.00        5.00       36.00       66.00       97.00       49.00
       62.00       95.00       65.00       63.00       81.00       43.00       23.00       30.00       64.00       81.00
       15.00       39.00       49.00       48.00       22.00       42.00       28.00       58.00       57.00        8.00
       69.00       84.00       28.00       86.00       17.00       81.00        6.00       59.00       82.00       48.00
       99.00       65.00       21.00       58.00        7.00       96.00       69.00        3.00       23.00       15.00
       67.00       18.00       99.00       46.00        4.00        1.00       91.00       29.00       59.00       30.00
       53.00       52.00       24.00       47.00       42.00       80.00       30.00       63.00       66.00       69.00
       15.00        5.00       70.00       25.00       11.00       93.00       43.00       40.00       21.00       49.00
       10.00       18.00       31.00       47.00       26.00       82.00       69.00       62.00       82.00        9.00
       15.00       98.00        8.00       52.00       11.00       70.00       13.00       34.00       24.00       98.00
       11.00       17.00       89.00       26.00       20.00        6.00       96.00       63.00       28.00        9.00
       19.00       39.00       67.00       92.00       12.00       91.00       40.00       80.00       88.00       40.00
       89.00       94.00       86.00       29.00        0.00       48.00       75.00        2.00       84.00       12.00
       61.00       87.00       82.00       39.00       88.00       88.00       76.00        7.00       41.00       91.00
        8.00       18.00       22.00       62.00       45.00       60.00       24.00       80.00       30.00       22.00
       35.00       30.00       22.00       21.00       64.00       51.00       94.00       77.00       41.00       27.00
       63.00       48.00       54.00       41.00       64.00       13.00       24.00       52.00       83.00       52.00
       19.00       59.00       22.00       79.00       69.00       47.00       59.00       21.00       31.00       58.00
       26.00       40.00       13.00       10.00        8.00       49.00       50.00       54.00       51.00       75.00
       14.00       65.00       26.00       54.00       72.00       85.00       84.00       71.00       41.00       68.00
        1.00       88.00        5.00       13.00        0.00        2.00       79.00       56.00       96.00       45.00
       56.00       79.00        2.00       10.00       53.00       47.00       93.00       63.00       47.00       88.00
       22.00       78.00       76.00       73.00       15.00       11.00       39.00       51.00        9.00       90.00
       11.00       67.00       10.00       84.00       80.00       58.00       67.00       96.00       50.00       89.00
        7.00       78.00       74.00        6.00       70.00       62.00       19.00       93.00       40.00       68.00
       63.00       64.00       52.00       18.00       92.00       43.00       42.00       76.00       32.00       85.00
       52.00       96.00       36.00       72.00        5.00       34.00       30.00       60.00       35.00       68.00
       62.00       81.00       10.00       37.00       16.00       15.00       90.00       71.00        2.00       85.00
       27.00       95.00       11.00       53.00       77.00       27.00        5.00        2.00       84.00       80.00
       84.00       44.00       64.00       66.00       48.00       86.00       99.00       55.00       46.00       47.00
       15.00       25.00       72.00        2.00       92.00       14.00       66.00       92.00       59.00       60.00
       24.00       47.00       52.00       99.00        8.00       89.00       26.00       36.00       37.00       15.00
       85.00       25.00       83.00       93.00       41.00       22.00        9.00        2.00       23.00       88.00
       21.00        8.00        3.00       71.00       17.00       59.00        6.00       74.00       65.00       36.00
       20.00        3.00       37.00       89.00       27.00       55.00       78.00       65.00       18.00       73.00
       91.00       81.00       57.00       88.00       71.00       11.00       21.00       35.00       10.00       97.00
       24.00       96.00       57.00       92.00       93.00        8.00       16.00       96.00       72.00       55.00
        8.00       53.00       55.00       21.00       21.00        7.00       85.00       65.00       46.00       36.00
       68.00       64.00       49.00       37.00       80.00       19.00       46.00       86.00       84.00       27.00
       71.00       35.00       66.00       67.00       56.00        8.00       69.00       38.00       65.00       92.00
       78.00       70.00       43.00       64.00       91.00       83.00       88.00       81.00       73.00       52.00
       45.00       19.00       79.00       35.00       74.00       53.00       99.00       42.00       58.00       19.00
       50.00       67.00       44.00       66.00       32.00       11.00       29.00       28.00        6.00       60.00
       41.00       60.00       79.00        4.00       74.00       99.00       95.00        7.00       78.00       80.00
       56.00       65.00       10.00       88.00       49.00       10.00        7.00       39.00       28.00       54.00
       14.00       19.00       85.00       70.00        9.00       24.00       19.00       63.00       89.00       85.00
       73.00       72.00        1.00       52.00       97.00       15.00       60.00       98.00       77.00       59.00
       60.00       57.00       18.00       73.00       84.00       83.00       68.00       11.00       68.00       37.00
       48.00       26.00       75.00        9.00       94.00        4.00       75.00       32.00       45.00       79.00
       54.00       71.00       29.00       70.00       81.00       54.00       21.00       36.00       15.00       15.00
       91.00       55.00       36.00       50.00       57.00       72.00       12.00        2.00       17.00       59.00
       61.00       26.00        5.00        1.00       56.00       20.00       26.00       81.00       83.00       97.00
       43.00       42.00       47.00       40.00       29.00       50.00       96.00       88.00        7.00       73.00
        7.00       10.00       29.00       58.00       34.00       87.00       92.00       78.00       43.00        3.00
       70.00       73.00       64.00       24.00       17.00       97.00       29.00       97.00       70.00       65.00
        2.00       11.00       63.00       56.00       96.00        7.00       17.00        6.00       43.00       14.00
       79.00        4.00       57.00       60.00       29.00       78.00       14.00       77.00       55.00       34.00
       34.00        8.00       92.00       71.00       38.00       80.00       63.00        4.00       17.00       93.00
       61.00       66.00       30.00       54.00       73.00       48.00       34.00       48.00       29.00       28.00
       96.00       26.00       29.00       82.00       44.00       48.00       70.00       78.00       64.00       17.00
       99.00        3.00       44.00       98.00       43.00       68.00       24.00       83.00       95.00       87.00
        1.00       75.00       73.00       44.00       97.00       91.00       58.00       70.00       98.00        0.00
       96.00        6.00       11.00       53.00       12.00       33.00       99.00       70.00       72.00       64.00
        3.00       92.00       91.00       75.00       37.00       15.00       71.00       79.00       42.00       55.00
       28.00       84.00       15.00       17.00       23.00        6.00       61.00       74.00       20.00       97.00
       29.00       61.00       38.00       31.00       21.00       63.00       56.00       56.00       10.00       33.00
        0.00       95.00       80.00       70.00       18.00       60.00       84.00       62.00       21.00       16.00
       89.00       56.00       46.00        5.00       49.00        8.00       70.00        9.00       11.00       38.00
       78.00       27.00       74.00       89.00       69.00       88.00       42.00       58.00       52.00       25.00
       18.00       55.00       58.00       75.00       72.00        5.00       82.00       93.00       56.00        4.00
       26.00       92.00       47.00       82.00        0.00       36.00       45.00       46.00       16.00       58.00
       63.00        8.00       68.00       81.00       85.00        4.00       95.00       63.00       67.00       75.00
       59.00       85.00       18.00       64.00       93.00       58.00       86.00       40.00        3.00       33.00
       34.00       65.00       13.00       16.00       73.00       62.00        8.00       34.00        3.00       39.00
        4.00        5.00       65.00       92.00       45.00        5.00       17.00       86.00       14.00       41.00
       70.00       89.00        5.00       56.00       62.00       99.00       97.00       47.00       62.00        0.00
       19.00       61.00        1.00       32.00        1.00       96.00        7.00       66.00       56.00       30.00
       75.00        8.00       21.00       52.00       96.00       84.00       80.00       67.00       30.00       77.00
       16.00        3.00        4.00       10.00       83.00       32.00       55.00       12.00        0.00       93.00
       64.00       98.00       84.00       84.00       43.00       51.00        3.00       39.00       65.00       94.00
       95.00       30.00       70.00       84.00       95.00       49.00       61.00       67.00       59.00       60.00
       91.00       80.00       83.00       31.00        2.00       84.00       54.00       78.00       58.00       64.00
       77.00       95.00       91.00       34.00       70.00       28.00       55.00       31.00       20.00       50.00
       47.00       87.00       46.00       11.00       50.00        8.00       95.00       95.00       97.00        5.00
       89.00       98.00       68.00       57.00       90.00        3.00       78.00       92.00       47.00       36.00
       85.00       27.00       44.00        0.00       69.00       91.00       65.00       48.00       33.00       40.00
       50.00       31.00       30.00       19.00       96.00       27.00       32.00       33.00       34.00       36.00
       70.00       52.00       91.00       21.00       38.00       34.00        4.00       98.00       23.00       54.00
       57.00       18.00        6.00       84.00       60.00        4.00       52.00       41.00       75.00       18.00
       79.00        8.00       79.00       87.00       71.00        1.00       97.00        0.00       88.00       24.00
       68.00       68.00       76.00       47.00        6.00       90.00       78.00       94.00       84.00       92.00
        9.00       21.00       47.00       12.00       45.00       29.00       25.00       52.00       29.00       40.00
       25.00       37.00        0.00       26.00       87.00       15.00        7.00       79.00       73.00       32.00
       45.00       54.00       91.00       34.00       42.00       13.00       90.00       93.00       73.00       85.00
       80.00       58.00       89.00       85.00       46.00       77.00       81.00       69.00       83.00       37.00
       13.00       30.00       53.00       27.00        7.00       45.00       48.00       16.00       54.00       38.00
       11.00       92.00       84.00        9.00       45.00       27.00       21.00       62.00       18.00       36.00
       12.00       14.00       37.00       71.00       94.00       71.00       52.00       47.00       48.00       18.00
       18.00        1.00       50.00       40.00       18.00       36.00       17.00       78.00       24.00       87.00
       10.00       94.00       66.00       28.00       41.00       87.00        9.00       87.00        0.00       90.00
       79.00       55.00       88.00       48.00       88.00        2.00       35.00       40.00       28.00       31.00
       33.00        4.00       58.00       33.00       15.00       84.00       94.00       31.00       49.00       99.00
       74.00       23.00       49.00        4.00       62.00       57.00        7.00       94.00        7.00        3.00
       93.00       79.00       83.00        3.00       99.00       17.00       63.00       21.00        2.00       90.00
        6.00        7.00       81.00       64.00       72.00       71.00       12.00       62.00       73.00        6.00
       30.00       42.00       45.00       19.00       28.00       56.00       88.00       73.00       27.00       49.00
        6.00       13.00       44.00       97.00       56.00       61.00       48.00       10.00       82.00       95.00
       67.00       55.00       85.00       31.00       88.00       49.00       72.00        2.00       76.00       62.00
       64.00       76.00       90.00        2.00       79.00       67.00       83.00       78.00        2.00       40.00
        1.00       81.00       11.00        3.00       27.00       98.00       39.00       32.00       43.00       79.00
       55.00       92.00       80.00        3.00       31.00       30.00        8.00       17.00       11.00       62.00
       70.00       54.00       95.00       82.00       63.00       35.00        8.00       58.00       27.00       32.00
       28.00       99.00       83.00       31.00       74.00        6.00       46.00       24.00       93.00       43.00
       95.00       35.00       87.00       77.00       70.00       41.00       76.00        5.00       46.00       39.00
       87.00       34.00       88.00       97.00        7.00       87.00       89.00       60.00       59.00       81.00
       56.00       17.00       57.00       62.00       84.00       49.00       87.00        7.00       35.00       98.00
       95.00       42.00       22.00       51.00       76.00       14.00       48.00        9.00       20.00       31.00
       66.00       98.00       36.00       49.00       54.00       35.00       62.00       77.00       12.00       54.00
       48.00       25.00       45.00       66.00       49.00       15.00       67.00       99.00       84.00       35.00
       57.00       35.00       38.00        3.00       44.00       61.00        8.00       64.00        2.00       85.00
       31.00       54.00       83.00       85.00       40.00       89.00       20.00       97.00       38.00       62.00
       81.00       56.00       85.00       75.00       47.00       51.00       28.00       17.00       51.00       53.00
       41.00       72.00        4.00       31.00       36.00       23.00       89.00       58.00       66.00       89.00
        1.00       82.00       43.00       97.00       68.00        5.00       20.00       82.00       69.00        1.00
       30.00       75.00       50.00       66.00       72.00       17.00       97.00       76.00       89.00        2.00
       10.00       95.00       77.00       44.00       98.00       71.00       16.00       22.00       86.00        0.00
       22.00       47.00       95.00       49.00       59.00       54.00       48.00       71.00       43.00        5.00
       13.00       47.00       50.00       74.00       76.00       46.00        4.00       34.00        7.00       84.00
       92.00       77.00       71.00       20.00       53.00       28.00       93.00       24.00       23.00       43.00
       72.00        2.00       41.00       96.00       11.00       71.00       46.00       93.00        2.00       10.00
       14.00       85.00       95.00       24.00       27.00       38.00       23.00       18.00       66.00        7.00
       71.00       54.00       64.00       20.00       18.00       35.00       72.00       50.00       70.00       45.00
       22.00       54.00       88.00       42.00       81.00       91.00       57.00       70.00       41.00       57.00
       67.00       58.00       82.00       96.00       86.00        5.00        8.00       71.00       58.00       63.00
       36.00       16.00       63.00       98.00       99.00       85.00       88.00       56.00       79.00       83.00
       41.00       78.00       92.00       45.00       76.00       57.00       91.00       87.00       22.00        1.00
       48.00       59.00       31.00       62.00       41.00       59.00       87.00       49.00       57.00        1.00
       54.00       27.00       87.00       40.00       33.00       68.00       60.00       99.00       73.00       10.00
       62.00       48.00       46.00       49.00       31.00       29.00       89.00       48.00       14.00       37.00
       73.00       58.00       36.00       88.00       40.00       80.00       21.00       47.00       29.00        3.00
       55.00       77.00       87.00       14.00       80.00       56.00       16.00       48.00       75.00       63.00
       21.00       38.00       50.00       17.00       57.00       72.00       53.00       44.00       79.00       75.00
       82.00       91.00       56.00       70.00       44.00        7.00       92.00       82.00        1.00       79.00
       74.00       98.00        0.00       74.00       40.00       89.00       70.00       39.00       22.00       61.00
       42.00       49.00       32.00       87.00       16.00        7.00       74.00       47.00       90.00       51.00
        6.00       59.00       22.00        0.00       99.00        2.00       75.00       51.00       42.00       48.00
       96.00       22.00       12.00       51.00        7.00       90.00       98.00       80.00        5.00       63.00
       44.00       64.00       22.00        5.00       63.00       20.00       72.00       86.00       28.00       58.00
       92.00       34.00       34.00       81.00       52.00       10.00        8.00       53.00        3.00       27.00
       98.00       69.00       69.00       94.00       63.00       67.00       10.00       45.00       52.00       73.00
       24.00        1.00       52.00       51.00       48.00       51.00       26.00        7.00       76.00       69.00
       79.00       77.00       23.00        0.00       30.00       86.00       83.00       70.00       69.00       61.00
       66.00       20.00       24.00       46.00       20.00       58.00       76.00       33.00       57.00       84.00
        0.00       18.00       59.00       22.00       98.00       51.00       16.00       82.00       85.00       32.00
       26.00       21.00       16.00       62.00       68.00       81.00       69.00       76.00       18.00       23.00
       48.00       98.00       71.00       84.00       38.00       94.00       94.00       29.00       32.00       26.00
       15.00       74.00       40.00       23.00       33.00       96.00       13.00       31.00       91.00       64.00
       62.00       87.00       62.00       55.00       58.00       56.00       27.00       31.00       27.00       18.00
       51.00       14.00       91.00       74.00       91.00       48.00       11.00       35.00       78.00       68.00
       40.00        6.00       69.00        6.00       78.00       60.00       62.00       91.00        6.00       91.00
        7.00       39.00       30.00       76.00       67.00       30.00       56.00       88.00       17.00       28.00
       88.00       36.00       69.00       83.00       23.00       31.00       67.00       15.00       73.00        5.00
        0.00       85.00       37.00       21.00       21.00       96.00       23.00       59.00       55.00       73.00
       68.00       69.00       61.00       20.00       21.00       17.00       66.00       56.00       87.00       73.00
       75.00       73.00       38.00       18.00       52.00       71.00       48.00       50.00        7.00       61.00
        4.00       50.00       33.00       38.00       94.00        4.00       88.00       81.00       91.00       14.00
       11.00        6.00       69.00       37.00       21.00       96.00       17.00       33.00       26.00       91.00
       60.00       12.00       51.00       92.00       69.00       11.00       71.00       17.00       52.00       49.00
       87.00       35.00       41.00       26.00       88.00       35.00        8.00       74.00        6.00       23.00
        0.00       76.00       24.00       52.00       58.00        7.00       21.00       27.00       59.00       63.00
       56.00       42.00       13.00       92.00       15.00       31.00       78.00       24.00       89.00       58.00
       99.00       78.00       47.00       60.00       77.00        0.00       22.00       32.00        8.00       36.00
       28.00        6.00       75.00       60.00       78.00       74.00       64.00       22.00       61.00       49.00
       41.00       55.00        8.00       63.00       13.00       87.00       54.00       64.00       66.00       26.00
       63.00       29.00       32.00       27.00       99.00       32.00       57.00       53.00       32.00       31.00
       50.00       81.00       25.00       40.00       43.00       42.00       50.00       31.00       96.00       63.00
        9.00       68.00       10.00       68.00       76.00       57.00       60.00       54.00       70.00       84.00
       39.00       49.00       41.00       64.00       76.00       19.00       18.00       22.00       81.00       72.00
       58.00       86.00       23.00       85.00       82.00       55.00       39.00       57.00        9.00       81.00
       43.00       49.00        1.00       67.00       69.00       72.00       96.00       76.00       79.00       39.00
       86.00       12.00        7.00       84.00       62.00       96.00       33.00       15.00       49.00       72.00
        6.00       58.00       81.00       97.00       43.00       12.00        6.00        8.00       99.00        2.00
       16.00       81.00       72.00       31.00       39.00        0.00       77.00       47.00       45.00       19.00
       27.00       73.00       39.00       87.00       86.00       82.00       59.00       56.00       87.00        9.00
        3.00       99.00       41.00       24.00       26.00       13.00       57.00       10.00       17.00       76.00
       67.00       36.00       24.00       86.00       32.00        0.00       94.00       96.00       47.00       87.00
       43.00       36.00       91.00       72.00       83.00       77.00       95.00       58.00       56.00       73.00
        1.00       35.00       57.00       92.00       52.00       91.00       60.00       32.00       41.00       13.00
       55.00       63.00       90.00       76.00       80.00       49.00       50.00       78.00        0.00       56.00
       45.00       93.00       54.00       23.00       88.00       38.00       93.00       70.00       60.00       86.00
       71.00       74.00       16.00       61.00       58.00       16.00       58.00       92.00       90.00        0.00
        2.00       43.00       74.00       93.00       20.00        3.00       22.00       23.00       34.00       29.00
       64.00       56.00       93.00       79.00       82.00       24.00       63.00       61.00       56.00       78.00
       10.00        1.00       12.00       86.00       56.00       89.00       18.00        7.00       33.00       72.00
       68.00       12.00       75.00        6.00       49.00       16.00       14.00       58.00       78.00       57.00
       70.00       48.00       55.00       44.00       68.00       70.00       74.00       35.00       91.00       16.00
       81.00       37.00       78.00       99.00       80.00       33.00       21.00       59.00       16.00       76.00
        7.00       87.00       86.00       11.00       26.00       95.00       70.00        3.00       32.00       42.00
       72.00        1.00       25.00       67.00       13.00       42.00        1.00        2.00       18.00       97.00
       79.00       61.00       91.00        6.00        4.00       37.00       69.00       38.00       93.00       48.00
        0.00        6.00       62.00        1.00       79.00       87.00       50.00       87.00       44.00       52.00
       41.00       17.00       18.00        2.00       46.00       57.00       43.00       46.00       79.00       20.00
       46.00        1.00       61.00       44.00       26.00       67.00       30.00       34.00       64.00       24.00
       34.00       67.00       85.00       54.00       38.00       92.00       26.00       81.00       71.00       47.00
       96.00       81.00       13.00        8.00       22.00        5.00       58.00       20.00       18.00       25.00
       41.00       84.00       31.00       86.00        1.00       97.00       46.00       27.00        6.00       68.00
       42.00        9.00       85.00       64.00       50.00       52.00       26.00       48.00       44.00       82.00
       45.00       26.00       69.00       33.00       21.00       98.00       83.00       55.00       67.00       99.00
       77.00       21.00       84.00       61.00       89.00       39.00       95.00       39.00       26.00       16.00
       83.00       79.00       74.00       12.00       65.00       21.00       46.00        3.00       76.00       68.00
       97.00       25.00       56.00       59.00       20.00       74.00       46.00       34.00       92.00       94.00
       59.00       68.00       28.00       49.00       56.00       30.00       77.00       96.00       66.00       73.00
       25.00       22.00       18.00       12.00       28.00       11.00       19.00       12.00       23.00       10.00
       23.00       28.00       10.00       28.00       12.00       23.00       17.00       19.00       28.00       14.00
       10.00       20.00       18.00       17.00       16.00       25.00       21.00       16.00       23.00       16.00
       23.00       21.00       16.00       11.00       14.00       25.00       24.00       18.00       14.00       17.00
       15.00       26.00       14.00       12.00       23.00       15.00       20.00       26.00       20.00       28.00
       28.00       10.00       28.00       15.00       14.00       13.00       24.00       10.00       12.00       18.00
       28.00       26.00       18.00       16.00       28.00       11.00       16.00       23.00       27.00       10.00
       15.00       26.00       16.00       23.00       25.00
     2109.00      867.00     1037.00     2075.00     1676.00     2136.00      533.00      886.00     1780.00      300.00
     2139.00     1656.00      825.00      536.00      261.00      940.00      801.00     1204.00     2100.00      980.00
     1361.00     1166.00     1927.00     1211.00      891.00     1586.00      966.00     1175.00     2162.00      961.00
       95.00      142.00      156.00       47.00       78.00       58.00      111.00      149.00      191.00      141.00
      181.00      101.00      202.00      124.00      166.00       64.00       63.00       97.00       58.00       60.00
      104.00      207.00      211.00      165.00       97.00      124.00      107.00       48.00      151.00       30.00
