   75   30
       10.00       27.00        5.00       90.00       82.00       77.00       73.00       67.00       55.00       80.00
        7.00       36.00       13.00       82.00       45.00       12.00       33.00        1.00       21.00       41.00
       80.00       53.00       64.00       28.00       76.00       59.00       86.00       52.00       88.00        3.00
       74.00       90.00       30.00       18.00       84.00       72.00       70.00       20.00       96.00        5.00
       82.00        3.00       83.00       53.00       83.00       99.00       99.00       61.00       61.00       40.00
       93.00       44.00       63.00       66.00       97.00       13.00        8.00        6.00       49.00       70.00
       52.00       88.00       60.00       18.00        8.00       66.00        8.00       66.00       96.00       84.00
       48.00       12.00       97.00       99.00       60.00       50.00        8.00       31.00       61.00       26.00
       38.00       29.00       71.00       38.00        0.00       57.00        7.00       55.00       63.00       40.00
       31.00        6.00       90.00       33.00       91.00       60.00       80.00       90.00       27.00       94.00
       67.00       57.00       22.00       25.00       61.00       14.00       36.00       55.00       35.00       32.00
       39.00       49.00       85.00       27.00       36.00       47.00       19.00       36.00       54.00       85.00
       58.00       19.00       30.00       68.00       45.00       92.00       16.00       24.00        0.00       36.00
       98.00       35.00       80.00       22.00       92.00       18.00        0.00       67.00       62.00        8.00
       54.00        2.00       70.00       56.00       37.00       17.00       69.00       58.00       39.00       11.00
       76.00       72.00       79.00       73.00       98.00       77.00        2.00       66.00       11.00        5.00
       39.00       73.00       81.00       31.00       25.00       61.00       11.00        2.00        7.00       52.00
       41.00       59.00       97.00       95.00       22.00       60.00       51.00        2.00       59.00       18.00
       71.00       88.00       91.00       18.00       79.00        9.00       45.00       64.00       90.00        4.00
       84.00       85.00       85.00       92.00       42.00       84.00       85.00       56.00       13.00       23.00
       45.00       36.00       36.00       70.00       38.00        7.00       91.00       60.00       96.00       12.00
       98.00       34.00       18.00       73.00       98.00       61.00       78.00        3.00       32.00       70.00
       79.00        6.00       71.00       29.00       44.00        9.00       50.00       59.00       34.00       85.00
        9.00       61.00       41.00       57.00       61.00       14.00       94.00       88.00        3.00       41.00
       63.00        0.00       84.00       76.00       76.00       69.00       73.00       78.00       61.00        9.00
       77.00       49.00       81.00       18.00       38.00       91.00       36.00       64.00       80.00       78.00
       38.00       26.00       93.00       36.00       91.00       31.00       85.00       72.00       22.00       34.00
       15.00       72.00       57.00       40.00       19.00       73.00       33.00       78.00       74.00       78.00
       84.00       50.00       52.00       64.00       51.00       36.00       81.00        9.00        3.00       17.00
       11.00       28.00       58.00       56.00       37.00        1.00       58.00       43.00       32.00       40.00
       24.00       88.00       12.00       11.00        2.00       31.00        9.00       15.00       69.00        1.00
       39.00        8.00       67.00       27.00       82.00       90.00       86.00        3.00       26.00        8.00
        1.00       55.00       29.00       54.00       44.00       49.00       92.00       46.00       70.00       54.00
       82.00       23.00       43.00       44.00       10.00        0.00       37.00       96.00       66.00       55.00
       55.00       35.00       82.00       52.00       99.00        9.00       51.00       12.00       25.00       11.00
       29.00       97.00        3.00       88.00       20.00       64.00       38.00       78.00       89.00       96.00
       26.00       98.00       68.00       37.00       63.00       43.00       53.00       67.00       20.00       82.00
        6.00        6.00       58.00       80.00        2.00       27.00       35.00       45.00       92.00       28.00
       49.00        2.00       73.00       74.00        2.00       47.00       79.00       26.00       78.00       15.00
       41.00       13.00       89.00       82.00       78.00        9.00       12.00       75.00       18.00       27.00
       27.00       57.00       49.00       39.00       32.00       29.00       74.00       89.00       99.00       51.00
       98.00       44.00       82.00       63.00       75.00       21.00        5.00       88.00        3.00       69.00
       90.00       29.00       38.00       95.00       91.00       87.00       56.00       77.00       60.00       78.00
        8.00       80.00       48.00       13.00       21.00       91.00       27.00       78.00       54.00       27.00
       79.00       21.00       13.00       79.00       88.00       33.00       77.00        5.00       37.00       92.00
       96.00       82.00       94.00       89.00       49.00       75.00       30.00       67.00        0.00       89.00
       17.00       39.00       57.00       12.00       93.00       68.00       53.00       56.00       84.00       19.00
       76.00       69.00       34.00       20.00       38.00       62.00       76.00       98.00       55.00       81.00
       43.00       61.00       65.00       16.00        3.00       62.00       27.00       22.00       73.00       49.00
       60.00        7.00       39.00       94.00       30.00       96.00       89.00       61.00       78.00       91.00
       36.00       43.00       57.00       76.00       88.00       88.00       27.00       34.00       96.00       91.00
       12.00       90.00       81.00       21.00       22.00       84.00       20.00       12.00        0.00       43.00
       51.00       34.00       46.00       99.00       21.00       25.00       20.00       89.00       79.00       54.00
       36.00       13.00        8.00       39.00       90.00       48.00       32.00       37.00       90.00       46.00
       39.00       96.00       82.00       57.00       28.00       23.00       84.00       58.00       42.00        4.00
       78.00       77.00       66.00       97.00       17.00       49.00        0.00       65.00       51.00       36.00
       23.00       36.00       72.00        1.00       18.00       96.00       51.00       17.00       25.00       54.00
       90.00       60.00       41.00       44.00       27.00       94.00       79.00       39.00       72.00       72.00
       57.00        0.00       51.00        3.00       84.00       85.00       92.00       49.00       59.00       94.00
       74.00       66.00        0.00       14.00       35.00       92.00       75.00       99.00       94.00       56.00
       92.00       97.00       47.00       49.00       77.00       15.00       40.00       99.00       46.00       66.00
       13.00       20.00       47.00       60.00       87.00       33.00       40.00       20.00       40.00        2.00
       18.00       41.00       74.00       96.00        4.00       23.00       77.00       89.00       82.00       33.00
       51.00       69.00       28.00        1.00       34.00       98.00       67.00       36.00       45.00       57.00
       56.00       25.00       37.00       57.00       85.00       42.00       35.00       17.00       36.00       97.00
       89.00       23.00       44.00       84.00       62.00       27.00       48.00       20.00       58.00       50.00
       32.00       82.00       38.00       98.00       92.00       71.00       79.00        1.00       71.00       85.00
       92.00       36.00       56.00       58.00       80.00        2.00       35.00        6.00       24.00       40.00
       41.00       83.00       17.00       38.00       42.00       48.00       80.00       47.00       61.00       85.00
       39.00        0.00       12.00       26.00       46.00       22.00       12.00       87.00       66.00       65.00
       92.00       85.00       64.00       93.00        9.00       33.00       83.00       30.00       55.00        5.00
       61.00       22.00       90.00       20.00       61.00       83.00       62.00        7.00        0.00       29.00
       89.00       21.00       90.00       19.00       99.00       48.00       49.00       55.00       82.00        2.00
       30.00        5.00       75.00       12.00       73.00       69.00       95.00       40.00       90.00       80.00
       94.00       96.00       34.00       21.00       87.00       24.00       10.00        4.00       96.00       84.00
       23.00       34.00       98.00       56.00       81.00       53.00       66.00       23.00        0.00       47.00
       65.00       44.00       66.00       51.00        8.00       86.00       60.00       93.00       12.00       94.00
       50.00       52.00       94.00       29.00       11.00       30.00        3.00       83.00        9.00       62.00
       77.00       50.00       81.00        7.00       66.00       40.00       91.00        6.00       75.00       31.00
       31.00       82.00       88.00       13.00       19.00       41.00       21.00       78.00       95.00       76.00
       73.00       30.00       20.00        5.00       90.00       58.00       39.00       76.00       74.00       58.00
       58.00       24.00       81.00       25.00       35.00       80.00       94.00       47.00        0.00       44.00
       80.00       45.00       53.00       84.00       50.00       82.00       92.00       23.00       86.00        6.00
       80.00       20.00       11.00       11.00       56.00       62.00        7.00       30.00       44.00       26.00
        7.00       85.00        9.00       71.00       25.00       77.00       74.00       69.00       96.00       75.00
       95.00       92.00       28.00       41.00       59.00       10.00       12.00       97.00       40.00       60.00
       15.00       38.00       44.00       10.00       75.00       20.00       24.00        3.00       63.00       94.00
       34.00       79.00       72.00       73.00       72.00       94.00       70.00       22.00       19.00       79.00
        4.00       45.00       67.00       40.00       60.00       89.00       19.00       54.00        6.00       81.00
       74.00       23.00       66.00       89.00       48.00       16.00       31.00       65.00       90.00       73.00
       69.00       97.00       93.00       73.00       10.00        3.00       11.00       95.00       17.00       24.00
       20.00       99.00       69.00        1.00       13.00       36.00        7.00       61.00       85.00       44.00
       29.00       26.00       61.00       94.00       37.00       24.00       81.00       96.00       62.00       76.00
       30.00       74.00       28.00       84.00       89.00       80.00       26.00       33.00       42.00       87.00
       13.00       97.00       56.00        4.00       57.00       10.00       31.00       88.00       93.00       26.00
       87.00       47.00       47.00        0.00       21.00       66.00       69.00       55.00       63.00       93.00
       69.00        9.00       19.00       73.00       35.00       98.00       66.00        8.00       93.00       90.00
       39.00       94.00       42.00        4.00       36.00       54.00       53.00       64.00       28.00       67.00
       33.00       52.00       36.00       64.00       91.00       44.00       28.00       45.00       44.00       42.00
       42.00       38.00       70.00       41.00       42.00       94.00       76.00       80.00       50.00        1.00
       54.00       77.00       29.00       51.00       34.00       53.00        0.00       99.00       57.00       78.00
       13.00        6.00       36.00        4.00       22.00       32.00       60.00       72.00       12.00       44.00
       87.00       96.00       99.00       43.00       98.00       74.00       84.00       25.00       31.00       71.00
       46.00       41.00       15.00       71.00       94.00        3.00       60.00        3.00       16.00       70.00
       89.00       89.00        1.00       95.00        1.00       47.00       15.00       25.00       23.00       71.00
       58.00       92.00       65.00       73.00       40.00       12.00        8.00       33.00       38.00       14.00
       71.00        9.00       38.00       43.00       53.00       20.00       72.00        8.00       34.00       63.00
       82.00       86.00       84.00       60.00       11.00       88.00       22.00       43.00       63.00       53.00
       11.00        4.00        5.00       24.00       88.00       81.00        4.00       30.00       66.00       65.00
        0.00       69.00       60.00       33.00       91.00       60.00        8.00       47.00       52.00       32.00
       10.00       86.00       27.00       53.00       94.00       74.00       66.00       99.00       84.00       55.00
       97.00       59.00       26.00        4.00       47.00       89.00        7.00       74.00       59.00       72.00
       62.00       42.00       72.00       59.00       54.00       76.00       49.00       79.00       91.00       50.00
       83.00       56.00       86.00       77.00        7.00       61.00       90.00       41.00       96.00        4.00
       63.00       42.00       25.00       26.00       37.00       79.00       32.00       46.00       16.00       55.00
        2.00       94.00       97.00       60.00       59.00       16.00        1.00       74.00       34.00       26.00
       78.00       96.00       63.00       67.00        2.00       88.00       11.00       87.00       60.00       92.00
       34.00       39.00       27.00       62.00       35.00       70.00       78.00       11.00       63.00       65.00
       51.00       75.00       61.00       43.00       92.00       36.00       71.00       30.00       40.00       58.00
       52.00       59.00       14.00       30.00       50.00       67.00       41.00       21.00       55.00       95.00
        7.00       83.00       16.00       99.00       40.00       71.00       96.00       45.00       52.00       55.00
       98.00       27.00       89.00       35.00       92.00       50.00       87.00       14.00       25.00       54.00
        4.00       60.00       84.00       75.00        9.00       69.00       52.00       67.00       25.00       23.00
       86.00       32.00       53.00       92.00       87.00       44.00       53.00       25.00       56.00       39.00
       28.00       38.00       49.00       23.00       52.00       82.00       82.00       30.00       35.00       58.00
       41.00        3.00       18.00        8.00       93.00        6.00       42.00        2.00       36.00       89.00
       22.00       93.00       80.00       34.00       37.00       21.00       93.00       92.00       13.00       78.00
       41.00       77.00       44.00       64.00       85.00       58.00        1.00       15.00       48.00       86.00
        9.00       57.00       41.00       48.00       99.00       31.00       23.00       20.00       58.00       92.00
       19.00       67.00       39.00       78.00       44.00       20.00       15.00       97.00       87.00       23.00
       57.00       81.00       61.00       21.00        3.00        6.00       26.00       43.00       40.00       78.00
       34.00        7.00        0.00       24.00       58.00       28.00       55.00       54.00       94.00       21.00
       69.00       77.00       78.00       45.00       29.00       70.00       13.00       98.00       60.00       67.00
       25.00       77.00       15.00       84.00        0.00       66.00       77.00       14.00       50.00        5.00
       18.00       64.00       18.00       68.00       13.00       94.00       23.00       36.00       87.00        2.00
        9.00       47.00       56.00       66.00       40.00       78.00       83.00       14.00       52.00       60.00
       63.00        4.00       68.00       57.00       11.00       36.00       27.00       46.00        4.00       10.00
       88.00       79.00       23.00       17.00        3.00       29.00       73.00       26.00       76.00       31.00
       89.00       99.00       50.00       76.00       65.00       45.00       90.00       32.00       36.00        1.00
       58.00       85.00       31.00        5.00       82.00       25.00       57.00       86.00       87.00       29.00
       90.00       89.00       25.00       11.00       86.00       26.00       26.00       37.00       20.00        3.00
       60.00       30.00       47.00       66.00       77.00       18.00       11.00       69.00       65.00       84.00
       67.00       71.00       54.00       36.00       88.00       89.00       39.00        3.00       61.00       77.00
        6.00       20.00        7.00       19.00        2.00       58.00       80.00       31.00       50.00       22.00
       14.00       32.00       24.00       12.00       37.00       22.00       31.00       21.00       75.00       70.00
       59.00       22.00       94.00       11.00       96.00       64.00       78.00       98.00       13.00       78.00
       21.00       55.00       91.00       59.00       96.00       44.00       15.00       90.00       21.00       19.00
       71.00        5.00       30.00       41.00       19.00       18.00       31.00       85.00       33.00       69.00
        6.00       51.00       20.00       45.00       80.00       59.00       67.00        6.00       58.00       98.00
       85.00       94.00       28.00       62.00       26.00       23.00       64.00       80.00       14.00       85.00
       67.00       26.00       11.00       89.00       59.00       83.00        5.00       48.00       89.00       74.00
       83.00       81.00       19.00       91.00       49.00       64.00       27.00        0.00       81.00       83.00
        5.00       80.00       40.00       57.00       66.00       39.00       76.00       25.00       84.00       14.00
        3.00       35.00       18.00       37.00       26.00       64.00       13.00       35.00       41.00       65.00
       66.00        3.00       61.00       12.00       98.00       40.00        3.00       98.00       82.00       67.00
       83.00        3.00       14.00       56.00       66.00       35.00       10.00       26.00       87.00       11.00
       99.00       11.00       42.00       39.00       15.00       84.00       98.00        6.00       19.00       97.00
       97.00       90.00        9.00       85.00       26.00       53.00       92.00       22.00       96.00       79.00
       34.00       42.00       44.00       61.00       93.00       62.00       59.00       56.00       27.00       60.00
       83.00       68.00       17.00        7.00       45.00       11.00       44.00       48.00       40.00       78.00
       20.00       92.00       43.00        7.00       55.00       33.00       18.00       33.00       19.00       36.00
       92.00       50.00       12.00       56.00       69.00       36.00       72.00       60.00       17.00        9.00
       77.00       78.00       67.00       14.00       15.00       10.00       80.00       74.00       30.00       60.00
       96.00       26.00       78.00       66.00       54.00       62.00       37.00       57.00       57.00       13.00
       63.00       52.00       13.00       66.00       89.00       88.00       90.00       95.00       94.00       31.00
       44.00       44.00       12.00       14.00       24.00        7.00       34.00        4.00       72.00       61.00
       43.00       97.00       38.00       86.00       72.00       90.00       13.00       59.00       77.00       66.00
       39.00       94.00       77.00       16.00       36.00       89.00       81.00       65.00       69.00       89.00
       24.00       84.00       47.00       73.00       76.00        1.00       18.00       38.00       87.00       45.00
       98.00       17.00       93.00       86.00       68.00       77.00       97.00       57.00        5.00       65.00
       90.00       68.00       45.00       10.00       78.00       45.00       90.00       96.00       43.00       63.00
       98.00       56.00       39.00       48.00       40.00       67.00        5.00       72.00       91.00       35.00
       49.00       63.00       92.00        0.00       33.00        2.00       17.00        4.00       67.00       84.00
       20.00        8.00       83.00       69.00       31.00       32.00       53.00       31.00       60.00       73.00
       75.00        5.00       99.00       19.00       37.00       76.00       41.00       59.00       28.00       56.00
       66.00       62.00       66.00       62.00       40.00       74.00       59.00       68.00       48.00       60.00
       12.00       12.00       53.00       76.00       56.00       72.00       37.00       67.00       55.00       39.00
       87.00       18.00       19.00       66.00       23.00       89.00       31.00       47.00       71.00       43.00
       65.00       82.00       46.00       19.00       49.00       17.00       85.00       19.00        8.00       56.00
       52.00       21.00       79.00        4.00        3.00       18.00        1.00       80.00       78.00       58.00
        5.00        8.00       65.00       38.00       58.00       65.00       52.00       61.00       53.00       60.00
       58.00       74.00       30.00       77.00       13.00       42.00       79.00       81.00       24.00       23.00
       59.00       86.00       49.00       52.00       33.00       47.00       75.00       44.00        2.00       96.00
       52.00       84.00       91.00       50.00       43.00       54.00       18.00       72.00       96.00       17.00
       50.00       40.00       34.00       67.00       26.00       66.00       30.00        3.00        0.00       75.00
        8.00       86.00       34.00       28.00       91.00        2.00       55.00       53.00       78.00       26.00
       34.00       17.00       37.00       60.00       66.00       49.00       26.00       94.00       66.00        6.00
       96.00       23.00       88.00       34.00       34.00       99.00       52.00       73.00       37.00        9.00
       26.00       97.00       44.00       18.00       99.00       98.00       57.00        7.00       45.00       56.00
       26.00       96.00       67.00       43.00       87.00       35.00       54.00       65.00       71.00        1.00
       13.00       32.00       21.00       34.00       50.00       13.00        0.00        8.00       97.00       20.00
       56.00        4.00       38.00       18.00       93.00       40.00       57.00       62.00       57.00       87.00
       19.00       13.00       37.00       47.00       60.00       70.00       41.00       98.00       43.00       30.00
       93.00       26.00       11.00       65.00       73.00       89.00       35.00       71.00       78.00       92.00
       42.00       28.00       88.00       67.00       84.00       81.00       70.00       87.00       59.00       34.00
       32.00       50.00       10.00        5.00       35.00       33.00       66.00       92.00       13.00       69.00
       90.00       49.00       59.00       32.00       55.00       69.00       79.00       12.00       60.00       26.00
       17.00       11.00       61.00       16.00       14.00       15.00       78.00        4.00       46.00        0.00
       94.00       76.00       51.00       90.00       68.00       37.00       46.00       68.00       31.00        3.00
       99.00        9.00       18.00        2.00       92.00       94.00       81.00       56.00        0.00       16.00
       59.00       20.00       74.00       85.00       21.00        1.00       95.00       98.00        3.00       78.00
       46.00       34.00       96.00        0.00       12.00       85.00       62.00       36.00        3.00       29.00
       90.00       95.00       74.00       10.00       19.00       40.00       69.00       96.00       67.00       85.00
       24.00       97.00       84.00       16.00        7.00       95.00       78.00        0.00       69.00        4.00
        9.00       66.00       49.00       55.00       38.00       65.00       44.00        1.00       75.00       55.00
       44.00       52.00       74.00       58.00       93.00        5.00       49.00       91.00       23.00       33.00
       36.00       65.00       70.00       39.00        2.00        4.00       82.00       84.00       84.00       27.00
       58.00       56.00       11.00        7.00       90.00       39.00       39.00       78.00        7.00       89.00
       11.00       67.00       11.00       35.00        4.00       80.00       92.00       58.00       34.00       54.00
       39.00       13.00       50.00       54.00       86.00       10.00        1.00       94.00       67.00       54.00
       82.00       95.00       60.00       14.00       93.00       12.00       59.00       72.00       58.00       96.00
       87.00       86.00       89.00       71.00       49.00       37.00       93.00       50.00       83.00       72.00
       67.00        0.00       60.00       53.00       15.00       56.00       51.00       66.00       82.00       21.00
       37.00       71.00        5.00       16.00       54.00       72.00        7.00       65.00       98.00       54.00
       96.00       24.00        3.00       14.00       44.00       89.00       11.00       78.00       47.00       52.00
       61.00       86.00        7.00       78.00       82.00       82.00       77.00       25.00       71.00       47.00
       66.00       44.00       70.00       59.00       80.00       98.00        0.00       62.00       70.00       25.00
        6.00       93.00       97.00       14.00        3.00       83.00       32.00       66.00       51.00       38.00
       64.00       69.00        0.00       73.00       80.00        5.00       56.00       39.00       28.00       65.00
       85.00       80.00       90.00       45.00       48.00        4.00       28.00       50.00       36.00       52.00
       68.00       22.00       37.00        9.00       47.00       68.00       63.00       87.00       21.00       70.00
       31.00       58.00       35.00       86.00       53.00       43.00       81.00       76.00       86.00       75.00
       99.00       25.00       58.00       79.00        8.00       28.00       61.00       53.00       58.00       79.00
       81.00       43.00       53.00       61.00       98.00       34.00       73.00       37.00       90.00        7.00
        1.00       93.00       16.00       41.00       42.00       82.00       54.00       43.00       71.00       57.00
       16.00       15.00       25.00       26.00       12.00       20.00       22.00       26.00       29.00       25.00
       18.00       14.00       23.00       24.00       27.00       29.00       21.00       13.00       25.00       10.00
       24.00       10.00       24.00       12.00       11.00       29.00       22.00       27.00       16.00       14.00
       10.00       23.00       18.00       22.00       21.00       22.00       29.00       26.00       19.00       28.00
       13.00       28.00       19.00       24.00       11.00       15.00       13.00       14.00       26.00       20.00
       18.00       27.00       10.00       10.00       18.00       10.00       21.00       16.00       17.00       24.00
       22.00       18.00       20.00       18.00       21.00       18.00       25.00       15.00       11.00       22.00
       28.00       26.00       17.00       10.00       28.00
      845.00     1868.00      678.00     2045.00     1839.00     2650.00      861.00     1659.00     2608.00     2322.00
     2577.00     2113.00      782.00      841.00     1532.00     2244.00     2353.00     1865.00      662.00      400.00
      993.00      390.00      634.00      553.00     2735.00     1595.00     2660.00     2114.00      658.00     1594.00
      170.00       49.00      105.00       75.00      193.00      105.00      155.00      233.00      166.00       64.00
      230.00       97.00       97.00      176.00       42.00       47.00      104.00       59.00      268.00      250.00
      136.00      172.00      265.00      247.00       56.00      133.00       21.00      202.00       95.00      259.00

