   75   30
        9.00       56.00       52.00       50.00       53.00       20.00       26.00       51.00       25.00       94.00
       77.00       80.00        2.00       41.00       89.00       60.00       41.00       36.00       89.00       71.00
        0.00       14.00       56.00       59.00       53.00       63.00       86.00       29.00       55.00       87.00
       78.00       80.00       94.00       25.00       30.00       99.00       28.00       74.00       65.00        9.00
       87.00       65.00       37.00       57.00        2.00        0.00       62.00       73.00       75.00       29.00
       95.00       43.00       19.00       40.00       45.00       73.00       17.00       82.00       90.00       39.00
       85.00       49.00       42.00       53.00       50.00        2.00       65.00       84.00       46.00       87.00
       64.00       18.00       26.00       88.00       80.00       42.00       24.00       35.00       61.00       96.00
       11.00       39.00        7.00       11.00       38.00       14.00       94.00       43.00       59.00       45.00
       34.00       68.00       77.00       82.00       24.00       88.00       49.00       66.00       90.00       71.00
       52.00       42.00       25.00       27.00       93.00       98.00       90.00       93.00       13.00       31.00
       11.00       62.00       17.00       42.00        0.00        8.00       37.00        6.00       84.00       74.00
        3.00       63.00       16.00       16.00       81.00       32.00        1.00       49.00        5.00       44.00
       66.00       12.00        8.00       48.00       56.00       49.00       33.00       28.00       29.00        0.00
       78.00       42.00       89.00       17.00        4.00       65.00       74.00       55.00       11.00       10.00
        1.00       32.00       64.00       42.00       14.00       18.00       17.00       15.00        3.00       14.00
       76.00       10.00       87.00       44.00       94.00       33.00       71.00       55.00       82.00       10.00
       42.00       93.00       97.00       99.00       27.00       15.00       25.00       85.00       62.00       58.00
       74.00       43.00       34.00       47.00       49.00       88.00       88.00       45.00       71.00       25.00
       16.00       67.00       62.00       91.00       73.00       92.00        6.00       52.00       88.00       78.00
       69.00       75.00       51.00       34.00       14.00        5.00       14.00       25.00       75.00       23.00
       25.00        7.00       55.00       46.00       80.00        4.00       58.00        6.00       73.00        4.00
       95.00       25.00       78.00        6.00        2.00       58.00       76.00       66.00       59.00       82.00
       27.00       11.00       13.00       50.00       58.00       24.00       42.00       37.00       92.00       24.00
       92.00       52.00       54.00       81.00        2.00       81.00       36.00       55.00       82.00       98.00
       89.00       37.00       11.00       55.00       86.00       40.00       81.00       33.00       77.00       60.00
       82.00       23.00       17.00       10.00       29.00       62.00       46.00       99.00       59.00       45.00
       57.00        1.00       56.00       93.00       71.00       44.00       80.00       37.00        8.00        9.00
        6.00       66.00       31.00       24.00        7.00       26.00       88.00       88.00       25.00       84.00
       88.00       56.00       25.00        0.00       90.00       90.00       20.00       38.00       78.00       30.00
       12.00       53.00       62.00       55.00       87.00       13.00       26.00       44.00       70.00       24.00
        5.00       37.00        5.00        8.00       77.00       79.00       36.00       23.00       88.00       79.00
        1.00       31.00       48.00       22.00       53.00       59.00       80.00       28.00       85.00        0.00
       93.00       25.00       13.00       58.00       12.00       97.00       51.00       31.00       99.00       17.00
       71.00       77.00       41.00       72.00       48.00       23.00       83.00       54.00       21.00        6.00
       44.00       55.00       19.00       39.00       27.00       11.00       47.00       72.00       31.00       61.00
       12.00       71.00       15.00       28.00       45.00       30.00       69.00       49.00       53.00       11.00
        0.00       85.00        0.00       52.00       33.00        7.00       95.00        8.00       86.00       33.00
       51.00        6.00       70.00       69.00       32.00       23.00       26.00       63.00        9.00       33.00
       86.00       88.00       83.00       71.00       43.00       18.00       53.00       14.00       48.00       43.00
       41.00       68.00       69.00       55.00       89.00       32.00        5.00       95.00       99.00       57.00
        1.00       41.00       82.00       30.00       35.00       83.00       35.00       46.00       74.00        2.00
       55.00       60.00       98.00       69.00       72.00       21.00       59.00       11.00       54.00       25.00
       19.00       23.00        8.00       64.00       76.00       20.00       90.00       19.00       85.00       51.00
        5.00       65.00       23.00       35.00       39.00       56.00       60.00       70.00       63.00       21.00
       30.00       41.00       18.00       94.00       20.00       23.00       45.00       36.00       23.00       59.00
       30.00       57.00        8.00       43.00       84.00       10.00       19.00       59.00       70.00       44.00
        5.00       52.00       50.00       21.00       29.00       10.00       11.00       37.00       23.00       16.00
       96.00        7.00       83.00       75.00       51.00       99.00       12.00       33.00       60.00       34.00
       75.00       47.00       29.00       72.00       94.00       67.00       45.00       66.00       28.00       38.00
       14.00       56.00        2.00       34.00       63.00       17.00       73.00       97.00       58.00       98.00
       56.00       17.00       55.00       13.00       51.00       89.00       22.00       65.00       40.00       40.00
       67.00       29.00       34.00        1.00       69.00        8.00       11.00       74.00        8.00       39.00
       59.00        7.00       23.00       30.00       19.00       95.00       66.00       42.00       89.00       61.00
        3.00       40.00       46.00       79.00        3.00       95.00       84.00       51.00       16.00        1.00
       72.00       47.00        9.00       34.00        1.00       80.00       33.00       76.00       50.00       49.00
       32.00       86.00        3.00        3.00       18.00       65.00        1.00       93.00       72.00       82.00
       92.00        5.00       39.00       35.00       34.00       20.00       45.00       60.00       59.00       16.00
       37.00       44.00       83.00       20.00       21.00       59.00       54.00       77.00       72.00       62.00
       53.00       91.00       20.00       11.00       76.00       51.00       35.00       83.00       99.00       49.00
       87.00       24.00       75.00       67.00       26.00       29.00       17.00       69.00       30.00       62.00
       83.00       25.00        4.00       51.00       50.00       82.00       29.00       15.00       53.00       25.00
        4.00       23.00       19.00        9.00       14.00       67.00       26.00       57.00       27.00       28.00
       71.00       42.00        8.00       50.00       14.00       22.00       90.00       42.00       45.00       64.00
       46.00        2.00       94.00        5.00       54.00        4.00       57.00       20.00       53.00       11.00
       35.00       91.00       15.00       90.00        1.00       23.00        1.00       56.00       31.00       17.00
       66.00       70.00       76.00       15.00       27.00       44.00       60.00       78.00       26.00       67.00
       24.00       58.00       26.00       31.00       59.00       70.00       43.00       10.00       92.00       81.00
        3.00       51.00       19.00       78.00       57.00       68.00        7.00       64.00        8.00       28.00
       96.00       13.00       38.00       99.00       80.00       69.00       25.00       86.00       47.00       83.00
       94.00       72.00       14.00       10.00       43.00       49.00       74.00       16.00       42.00       95.00
       47.00       72.00       83.00       42.00        2.00       24.00       49.00       36.00        0.00       74.00
        6.00       82.00       59.00       10.00       50.00       32.00       52.00       68.00       78.00       55.00
       87.00       17.00       23.00       95.00       30.00       94.00       15.00        3.00       67.00       30.00
       39.00       13.00       20.00       64.00       90.00       88.00       63.00        5.00       79.00       46.00
       97.00        5.00        7.00       63.00       86.00       61.00       24.00        7.00       67.00       37.00
       51.00       30.00       74.00        0.00        8.00       50.00       41.00       92.00        0.00       89.00
       93.00       81.00       40.00       39.00       13.00       84.00       10.00       89.00       59.00       31.00
        0.00       22.00       69.00       22.00       66.00       69.00       73.00        5.00        0.00       87.00
        5.00       60.00        4.00       86.00       78.00       84.00       12.00       24.00       72.00       99.00
       98.00       52.00       38.00       27.00       69.00       72.00       33.00       25.00       24.00       47.00
       26.00       49.00       34.00       63.00       43.00       99.00       80.00       41.00       45.00       66.00
       34.00       57.00       49.00       84.00       87.00       98.00       53.00       60.00       64.00       78.00
        1.00       20.00       53.00       85.00       17.00        9.00       67.00       35.00       90.00       37.00
        3.00       60.00       82.00       42.00       69.00       41.00        2.00       22.00       87.00       73.00
       58.00       55.00       99.00       27.00       89.00       16.00       45.00       40.00       29.00       53.00
       62.00       45.00       63.00       71.00       49.00       29.00       76.00       56.00       89.00       73.00
        1.00       34.00       14.00       26.00       22.00       29.00       61.00        2.00       79.00       86.00
       70.00        4.00       97.00       67.00       89.00       28.00       17.00       24.00       12.00       82.00
       18.00       25.00       69.00       33.00       45.00       79.00       14.00       74.00       89.00       83.00
       13.00       56.00       87.00       88.00       10.00       40.00       23.00       63.00       33.00       65.00
       67.00        1.00       50.00       25.00       76.00       87.00        9.00       18.00       33.00       37.00
       16.00       94.00       10.00       73.00       18.00       22.00       91.00       83.00       17.00       58.00
       61.00       90.00       28.00       76.00       73.00       35.00       43.00       96.00       39.00       37.00
       74.00       21.00       11.00       84.00       94.00       73.00       40.00       80.00       88.00       76.00
       37.00       44.00       78.00       45.00       76.00       31.00        6.00       66.00       98.00       30.00
       70.00       68.00       26.00       63.00       45.00       50.00       89.00       69.00       52.00       87.00
        8.00       75.00       42.00       38.00       10.00       64.00       10.00       32.00       63.00        3.00
       66.00        4.00       39.00       98.00        9.00        2.00       66.00       68.00        0.00       93.00
       18.00       82.00       27.00       39.00       48.00       73.00       90.00       17.00       69.00       48.00
       71.00        4.00       43.00       40.00       60.00       53.00       20.00       82.00       48.00       39.00
       49.00       94.00        3.00       29.00       50.00        9.00       13.00       30.00       11.00       90.00
       32.00        3.00       60.00        8.00       84.00       55.00       21.00       80.00        6.00       40.00
       55.00       87.00       25.00       36.00       40.00       32.00       22.00       81.00       49.00       90.00
       99.00       75.00       30.00       81.00       78.00        1.00       86.00       50.00       87.00       92.00
       19.00       38.00        3.00       72.00       83.00       90.00       79.00       48.00       68.00       27.00
       53.00        7.00       89.00       66.00       32.00       71.00       72.00       83.00       84.00        6.00
       62.00       49.00       98.00       72.00       71.00       74.00       84.00       93.00       70.00       55.00
       19.00       50.00       80.00       88.00       79.00       47.00        6.00       22.00       92.00       97.00
       42.00       45.00       11.00       26.00       20.00       24.00        1.00       96.00       95.00       64.00
       74.00       88.00       78.00       32.00       21.00       10.00       64.00       73.00       32.00        1.00
       28.00       18.00       91.00       66.00       63.00       55.00       96.00       49.00       99.00        6.00
       46.00       33.00       25.00       48.00       73.00       32.00        3.00       61.00       34.00       96.00
       42.00       82.00       84.00       61.00       70.00       24.00       88.00       17.00       31.00       60.00
       52.00       46.00       91.00       96.00       74.00       98.00       17.00       87.00       55.00       72.00
       87.00       58.00        6.00       32.00       30.00       40.00       53.00       80.00       95.00       37.00
       25.00       52.00       26.00       78.00       75.00       31.00       66.00       19.00       59.00       68.00
       25.00        6.00       89.00       71.00       93.00        4.00       36.00        3.00       70.00       70.00
       25.00       86.00       52.00        2.00       78.00       21.00       99.00        7.00       78.00       52.00
       59.00       75.00       61.00       48.00       40.00       31.00       74.00       78.00       49.00       24.00
       36.00       90.00       28.00       66.00        6.00       44.00       76.00       21.00       32.00       37.00
       30.00       24.00       43.00       32.00       29.00       75.00       13.00       72.00        3.00       24.00
       97.00       51.00       63.00       57.00       20.00       63.00       58.00       54.00       76.00       55.00
       57.00       56.00       66.00       55.00       50.00       82.00       84.00       54.00       85.00       84.00
       12.00       56.00       85.00        7.00       10.00       25.00        7.00       25.00        1.00       10.00
       45.00       50.00       73.00        4.00       79.00       28.00       73.00       76.00       32.00       97.00
       42.00       88.00       82.00       42.00       36.00       86.00       34.00       82.00       19.00       16.00
       68.00       92.00       18.00       10.00        2.00       10.00       98.00       52.00       31.00        9.00
       76.00        5.00       55.00       30.00       87.00       62.00       84.00       92.00       82.00       63.00
       95.00       47.00        2.00       79.00       70.00       20.00       75.00       53.00       50.00       79.00
       27.00       66.00       81.00        6.00       84.00       52.00       29.00       64.00       44.00       77.00
        0.00       98.00       13.00       76.00       93.00       97.00       37.00       99.00       60.00       15.00
        2.00        0.00       58.00       24.00       52.00        0.00       24.00       42.00       56.00       74.00
        0.00       73.00       38.00       67.00       83.00       48.00       37.00       31.00       91.00       33.00
       54.00       34.00       68.00       70.00       31.00       92.00       51.00       67.00       38.00       11.00
       93.00       24.00       81.00       61.00       12.00       87.00       55.00       98.00        0.00       66.00
       91.00       17.00       12.00       49.00        3.00        0.00       36.00       99.00       93.00       95.00
       96.00       16.00       99.00       33.00       45.00       18.00       89.00       69.00       48.00       45.00
       24.00       21.00       74.00        6.00       59.00       19.00       30.00       29.00       42.00       95.00
        8.00       66.00       38.00       97.00       47.00       79.00       87.00       75.00       10.00        2.00
       65.00       91.00       30.00       52.00       18.00       54.00       92.00       43.00       90.00       72.00
       35.00       19.00       43.00       72.00        0.00        9.00       66.00       42.00       62.00       80.00
       11.00       84.00       15.00       23.00       95.00       79.00       96.00       19.00       74.00       23.00
       77.00       61.00       54.00       64.00       59.00       12.00       18.00       55.00       29.00       59.00
       78.00       14.00       91.00       65.00       63.00       33.00       69.00       44.00       26.00        2.00
       40.00        5.00       26.00       32.00       40.00       30.00        2.00       74.00       77.00       14.00
       63.00       97.00       16.00       42.00       55.00       56.00       28.00        6.00       73.00       64.00
       27.00       88.00       40.00       56.00       25.00       44.00       67.00       93.00       89.00       80.00
       56.00       65.00       72.00        6.00       20.00       81.00       59.00       93.00       43.00       44.00
       39.00       92.00       74.00       76.00        9.00       70.00       56.00       10.00       62.00       77.00
       22.00       84.00       15.00       66.00        5.00        9.00       75.00        3.00       58.00       69.00
       67.00       49.00       63.00       98.00       50.00       20.00       93.00       44.00        1.00       27.00
       41.00       99.00       61.00       68.00       40.00       61.00       42.00       31.00       35.00       65.00
       67.00        5.00       75.00       91.00       73.00       40.00       44.00       32.00       12.00       75.00
       54.00       98.00       19.00       44.00       48.00       64.00       43.00       20.00       10.00        9.00
       51.00       57.00       64.00       95.00       52.00       44.00       14.00       77.00        9.00       74.00
       65.00       61.00       27.00        8.00        6.00       33.00       40.00       65.00       70.00       32.00
       32.00       79.00       89.00       41.00       65.00       16.00        4.00       28.00        1.00       16.00
        5.00       38.00       49.00       22.00       22.00       40.00       49.00        6.00       65.00       72.00
        4.00        8.00        8.00       35.00        6.00       37.00       57.00       35.00        7.00        9.00
       39.00       63.00       64.00       20.00       18.00       84.00       27.00       81.00       15.00       49.00
       53.00       53.00       80.00       64.00       86.00       68.00       66.00       87.00       21.00       28.00
       80.00       18.00       31.00        1.00       21.00       22.00       48.00       81.00       38.00       91.00
       19.00       50.00       47.00       30.00       66.00       90.00       10.00       35.00       34.00       14.00
       57.00       88.00        7.00       13.00        3.00       97.00       14.00       56.00       89.00       40.00
       65.00       68.00       62.00       10.00       93.00       85.00       51.00       56.00       77.00       63.00
       26.00       73.00       77.00       79.00       35.00       86.00       24.00       65.00       53.00       25.00
       20.00       50.00        1.00        4.00       52.00       11.00        8.00       16.00       33.00       55.00
       28.00       51.00        8.00       71.00       32.00       66.00        3.00       51.00       39.00       70.00
       96.00       44.00       65.00       22.00       38.00       96.00       85.00       30.00       56.00        7.00
       50.00       11.00       23.00       87.00        7.00       51.00       57.00        2.00       98.00       78.00
        3.00       46.00       61.00       19.00        7.00       68.00       28.00       28.00       75.00       52.00
       17.00       94.00       88.00       20.00       65.00       56.00       10.00       13.00       21.00       13.00
        9.00       66.00       24.00       70.00       85.00       82.00       28.00       87.00       69.00       73.00
       44.00       10.00       35.00       21.00        8.00       94.00       48.00       75.00        5.00       63.00
       29.00        0.00       10.00       58.00       17.00       22.00        5.00       65.00       60.00       50.00
        9.00       31.00       59.00       76.00       13.00        5.00       53.00       55.00       12.00       64.00
       15.00       51.00       81.00       15.00       97.00       82.00       30.00       71.00       48.00       96.00
       36.00       58.00       90.00       70.00       34.00       89.00       24.00       18.00       31.00       12.00
        6.00       43.00       58.00       31.00       12.00       57.00       74.00       41.00       80.00       84.00
       94.00       34.00        4.00       96.00       14.00       66.00       11.00       45.00       34.00       96.00
       53.00       18.00       10.00       26.00       87.00       97.00       98.00       13.00       32.00       13.00
       55.00       34.00       23.00       34.00       19.00        8.00        4.00       17.00       79.00       28.00
       22.00       12.00        6.00       47.00       21.00        4.00       14.00       14.00       54.00       33.00
       65.00       63.00       39.00       17.00       34.00        3.00       55.00       78.00        3.00       56.00
       42.00       46.00       56.00       42.00       40.00       80.00       84.00        4.00        0.00       48.00
       18.00       38.00       40.00       39.00       69.00       53.00       35.00        8.00       19.00       80.00
       57.00       81.00       14.00       14.00       10.00       52.00       32.00       48.00       31.00       70.00
       43.00       40.00       35.00       92.00       83.00       18.00       40.00       47.00       89.00       10.00
       95.00       27.00        1.00       66.00        1.00       28.00       98.00       99.00       90.00       78.00
       36.00       60.00        5.00       38.00       10.00       39.00        2.00       70.00       45.00       43.00
       60.00       90.00        3.00       87.00       74.00       64.00       48.00       21.00       62.00       10.00
       10.00       68.00       15.00       20.00       50.00       33.00       75.00        2.00       99.00       30.00
       13.00       17.00       36.00       22.00       39.00       59.00       27.00       79.00       79.00        4.00
       32.00       95.00       89.00       18.00       61.00       16.00       99.00        8.00       34.00       81.00
       99.00       59.00       68.00       64.00       14.00       77.00        9.00       80.00       38.00       46.00
       72.00       90.00       10.00       66.00       60.00        9.00       56.00       13.00       81.00       19.00
       36.00       71.00       68.00       32.00       72.00       93.00       87.00       46.00       30.00        9.00
       89.00        2.00       98.00       93.00       24.00       36.00       75.00       34.00       35.00       75.00
       70.00        6.00        6.00       22.00       66.00        1.00       15.00       36.00        4.00       81.00
       30.00       96.00       96.00       76.00       45.00        9.00       65.00       17.00       42.00       94.00
       68.00       86.00       28.00       61.00       62.00       20.00       81.00       68.00       14.00       13.00
        7.00        6.00       56.00       88.00       87.00       67.00       46.00       35.00       76.00       94.00
       88.00       52.00       74.00       95.00       14.00        9.00       74.00        1.00       31.00       52.00
       81.00       74.00       92.00       93.00       36.00       11.00       48.00       62.00       87.00       95.00
       73.00       22.00       16.00       87.00       84.00       59.00       87.00       65.00       95.00       17.00
       83.00       44.00       69.00       27.00       54.00       49.00       74.00       46.00       82.00        8.00
       36.00       19.00       51.00        2.00       62.00       23.00       61.00       74.00       67.00       51.00
       28.00       98.00       26.00       55.00       74.00       54.00       50.00       46.00       76.00       53.00
       37.00       30.00       46.00       23.00       59.00       18.00       55.00       37.00       87.00       49.00
       13.00       53.00       53.00        3.00       90.00       87.00       18.00        2.00       21.00       49.00
       86.00       30.00       36.00        8.00       76.00       93.00        8.00       67.00       52.00       41.00
       13.00       67.00       77.00       95.00       41.00       40.00       29.00       50.00        3.00       91.00
       97.00       65.00       28.00       83.00       57.00       48.00       28.00       43.00       79.00       95.00
        1.00        7.00       27.00       51.00       83.00        3.00       55.00        0.00       64.00       10.00
       94.00       91.00       49.00       43.00       98.00       67.00       10.00       78.00        0.00       55.00
       68.00       88.00       77.00       30.00        6.00       69.00       29.00       60.00       89.00       76.00
       42.00       99.00       53.00       93.00       65.00       79.00       84.00       12.00       27.00       30.00
        4.00       89.00       84.00        9.00       29.00       14.00       64.00       40.00       64.00       94.00
       53.00       79.00       60.00       55.00       28.00       62.00       43.00        3.00       55.00        5.00
       88.00       95.00       87.00       50.00       94.00       25.00       30.00       91.00       96.00        9.00
       82.00       19.00        8.00       35.00       34.00       67.00       90.00       11.00       18.00       40.00
       80.00       18.00       18.00       78.00       32.00       67.00       83.00       68.00       52.00        2.00
       25.00       11.00       33.00        5.00       71.00       19.00       12.00       94.00        8.00       72.00
       17.00       19.00       42.00       92.00       71.00        2.00       63.00       97.00       59.00       64.00
       14.00       27.00       15.00       12.00       15.00       13.00       22.00       29.00       24.00       29.00
       11.00       26.00       21.00       19.00       21.00       16.00       27.00       24.00       28.00       14.00
       26.00       11.00       10.00       14.00       21.00       15.00       25.00       22.00       12.00       19.00
       27.00       20.00       10.00       26.00       23.00       22.00       16.00       12.00       11.00       26.00
       15.00       25.00       20.00       28.00       17.00       29.00       29.00       22.00       15.00       19.00
       25.00       13.00       29.00       12.00       29.00       28.00       29.00       16.00       26.00       14.00
       25.00       11.00       12.00       27.00       22.00       14.00       23.00       14.00       26.00       22.00
       21.00       23.00       23.00       27.00       15.00
     1579.00     2587.00     3772.00     2888.00     2186.00     2483.00     3350.00     1984.00     3854.00     3722.00
     2283.00     2277.00     3107.00     1720.00     3379.00     1616.00     2230.00     2246.00     1333.00     3689.00
     2322.00     2556.00     1891.00     3292.00      719.00     3223.00      659.00     1486.00     1043.00     1189.00
       62.00      106.00       57.00      125.00      116.00       93.00       96.00       28.00       59.00      120.00
       21.00      110.00       34.00       51.00       85.00       32.00       62.00       71.00       85.00      113.00
       55.00       39.00       21.00       80.00       28.00       95.00      109.00       42.00       92.00       92.00
