   75   30
       28.00       53.00       69.00       97.00       31.00       68.00       89.00       81.00       96.00       21.00
       30.00       90.00       85.00       38.00       77.00       51.00       54.00       53.00       73.00        3.00
       11.00       36.00       93.00       92.00       25.00        5.00       80.00       75.00        8.00        5.00
       35.00       50.00       83.00       22.00       77.00       17.00        7.00       64.00       34.00       36.00
       13.00       16.00       94.00       37.00       93.00       65.00       57.00        0.00       35.00       45.00
       55.00        6.00       83.00       41.00       26.00       39.00       91.00       76.00       79.00       68.00
       78.00       42.00       56.00       60.00       13.00       55.00        4.00       96.00       89.00       71.00
        8.00       80.00       52.00       56.00       28.00       89.00       19.00       16.00       70.00       71.00
       73.00       34.00       67.00       15.00       31.00       64.00       48.00       46.00       28.00       69.00
       36.00       98.00       64.00       23.00       83.00       97.00       89.00        1.00       47.00       42.00
       39.00       28.00       75.00       66.00       54.00       64.00       22.00       12.00       18.00       44.00
       43.00       69.00       23.00        7.00       32.00       45.00       39.00       66.00       88.00       59.00
       38.00       19.00       46.00       12.00       16.00        3.00       83.00       32.00       96.00       32.00
        7.00       26.00       15.00       68.00       80.00       80.00       30.00       35.00       25.00       85.00
       88.00       55.00       36.00       85.00       54.00       72.00       79.00       69.00       84.00        6.00
       55.00       60.00       88.00       32.00       56.00       70.00       28.00       85.00       55.00       26.00
       39.00       41.00       91.00       77.00       63.00       27.00       46.00       48.00       54.00       40.00
       35.00       98.00       67.00       99.00       34.00       96.00       54.00       60.00       42.00       24.00
       36.00       44.00       37.00       64.00       15.00       92.00       71.00       41.00       36.00       20.00
       25.00       23.00       37.00       49.00        8.00       88.00       25.00       36.00       77.00       30.00
       73.00       21.00        9.00       51.00       39.00       79.00       56.00       65.00       26.00       26.00
       58.00        7.00       56.00       36.00        2.00       25.00       19.00       53.00       47.00        7.00
       19.00        9.00       50.00       54.00       29.00       97.00       74.00       11.00       32.00       27.00
       55.00       21.00       96.00       96.00       57.00       56.00       27.00       43.00       47.00       40.00
       93.00       50.00       70.00       75.00       97.00       36.00       99.00       32.00       71.00       42.00
       98.00       59.00       95.00        1.00       17.00       35.00       71.00       50.00        9.00       59.00
        9.00       28.00       43.00       54.00        2.00       54.00       43.00       34.00       99.00       89.00
       84.00       56.00       93.00       33.00       25.00       49.00        5.00       99.00       55.00       10.00
        8.00       62.00       91.00        0.00       29.00       91.00       42.00       69.00       34.00       98.00
       38.00        6.00       73.00       68.00       84.00       96.00       36.00       59.00       88.00       20.00
       61.00       62.00       74.00       33.00       82.00        1.00       75.00        6.00       18.00       76.00
       77.00       20.00       34.00       89.00       47.00       45.00       23.00       25.00       71.00       45.00
        8.00       52.00       90.00       88.00       33.00       73.00        0.00       50.00       12.00       47.00
       66.00       57.00       65.00       59.00       52.00       79.00       34.00        3.00       78.00       89.00
       65.00       17.00       53.00       58.00       19.00       70.00       44.00       17.00       26.00       97.00
       80.00       36.00        1.00       48.00       98.00        0.00       89.00       67.00       92.00       58.00
        8.00       29.00        5.00        1.00        5.00       20.00       83.00       85.00       39.00       12.00
       93.00       99.00       70.00       73.00       48.00       57.00        3.00       27.00       12.00       52.00
       27.00       49.00       73.00        4.00       35.00       46.00        3.00        1.00       36.00       73.00
       43.00       94.00       72.00       89.00       89.00       18.00       14.00       39.00       63.00       30.00
        4.00       23.00       88.00       98.00       45.00       88.00       10.00       86.00       91.00       57.00
       37.00       97.00       55.00       72.00       87.00       95.00       53.00       28.00       46.00        7.00
       58.00       13.00       12.00       71.00       18.00       84.00       56.00       84.00       71.00       54.00
       17.00       78.00       54.00       56.00       32.00       10.00       99.00       11.00       63.00       50.00
       56.00       28.00       61.00       10.00       85.00        5.00       85.00       42.00       12.00        0.00
       76.00       99.00       33.00        7.00       42.00       35.00       27.00       45.00        0.00       88.00
       94.00       55.00       99.00       80.00       31.00       53.00        2.00       20.00       29.00       83.00
       15.00       88.00       38.00       82.00       78.00       58.00       33.00       35.00       62.00       61.00
       88.00       92.00       47.00       15.00       32.00       72.00       53.00       70.00       49.00       75.00
       68.00       28.00       46.00       77.00       93.00       72.00       95.00       80.00       78.00       72.00
       27.00       49.00       50.00       78.00       44.00       36.00       38.00       21.00       56.00       98.00
       42.00       59.00       73.00       56.00       14.00       58.00       15.00       27.00       44.00       95.00
       98.00       52.00       63.00       15.00       30.00        5.00       13.00       75.00       20.00       28.00
       44.00       73.00       76.00       49.00       33.00       31.00       48.00       78.00       47.00       90.00
       53.00       79.00       79.00       24.00       78.00       69.00       42.00       88.00       38.00       85.00
       96.00       67.00       58.00       28.00       41.00       70.00       93.00       74.00        3.00       99.00
        2.00       10.00       90.00       90.00       51.00       22.00        9.00       97.00       92.00       71.00
       63.00       66.00       68.00       10.00       56.00       32.00       30.00       31.00       95.00       28.00
       47.00       61.00       68.00       75.00       78.00       26.00       15.00       23.00       22.00       66.00
       36.00       37.00       51.00       61.00       10.00       52.00       19.00        7.00        3.00       59.00
       84.00       52.00        2.00       60.00       85.00       73.00       86.00       47.00       73.00       65.00
       47.00       62.00       81.00       67.00        0.00       48.00       77.00       45.00       50.00       18.00
       48.00       10.00       15.00       68.00       94.00       42.00        2.00       48.00       41.00       40.00
       19.00       37.00        1.00       29.00       30.00       97.00       29.00       97.00       12.00       16.00
       68.00       17.00       72.00       35.00       69.00       13.00       11.00       49.00       39.00       55.00
       69.00        8.00       43.00       86.00       72.00       60.00       76.00       36.00       72.00       28.00
       67.00       55.00       40.00       88.00       85.00       87.00       73.00       10.00       70.00       60.00
        7.00       72.00       94.00       58.00       53.00       52.00       36.00        8.00       99.00       77.00
       14.00        2.00       46.00       58.00       23.00       22.00       71.00       64.00       61.00       50.00
       25.00        2.00       44.00       85.00       30.00        4.00       48.00       81.00        8.00       44.00
       18.00       89.00       73.00       35.00       48.00       81.00       74.00       80.00       96.00       60.00
       43.00       66.00       23.00        3.00       12.00       43.00       44.00       92.00        3.00       17.00
       27.00       14.00       77.00       43.00        5.00       63.00       33.00       12.00       65.00       41.00
       67.00       55.00       28.00       59.00       42.00       12.00       41.00        3.00       26.00       46.00
       57.00       75.00        0.00       88.00       52.00       51.00       53.00       50.00        6.00       21.00
       89.00       43.00       70.00       83.00       44.00       84.00       81.00       19.00       70.00       77.00
       83.00       70.00       40.00       10.00       92.00       94.00       75.00       93.00        4.00       65.00
        4.00       38.00       19.00       56.00        9.00       49.00       52.00        9.00        8.00       76.00
       49.00       82.00       82.00       52.00        5.00       32.00       48.00       19.00       92.00       80.00
       45.00       99.00       13.00       46.00       67.00       87.00       51.00       64.00       63.00       58.00
       84.00       30.00        7.00        7.00       72.00        7.00       87.00       93.00       46.00       18.00
       72.00       29.00       58.00       95.00       61.00       40.00       63.00       63.00       17.00        1.00
       49.00       74.00       41.00       13.00       33.00       18.00       46.00       75.00       82.00       92.00
       28.00       68.00       47.00       87.00       40.00       61.00        1.00       29.00       31.00       99.00
       21.00       87.00       94.00       29.00       57.00       31.00       39.00       88.00       92.00        0.00
       82.00       48.00       60.00       26.00       18.00       92.00       91.00       10.00       28.00       72.00
        8.00       44.00       19.00       73.00       74.00       44.00       11.00       72.00       83.00       21.00
       17.00       80.00       31.00        4.00       78.00        5.00       16.00        7.00       56.00       63.00
       57.00       90.00       79.00       35.00       20.00       61.00       19.00       42.00       99.00       19.00
       19.00       91.00       92.00       39.00       19.00       10.00       64.00       37.00       35.00       73.00
       84.00       81.00        3.00       88.00       98.00       27.00       83.00        0.00       44.00       90.00
       81.00       20.00       41.00        4.00       50.00        1.00       19.00       99.00       64.00        8.00
       39.00       16.00       82.00       52.00       42.00       41.00       35.00       99.00       32.00       24.00
       31.00       56.00       67.00        6.00       25.00       10.00       12.00       87.00       22.00       64.00
       93.00       94.00       14.00       97.00       43.00       37.00       41.00       43.00       39.00       63.00
       56.00       69.00       57.00       44.00       30.00       88.00        4.00       66.00        9.00       48.00
       13.00       85.00       20.00       76.00       83.00       91.00       97.00       67.00       29.00       91.00
       63.00       61.00       57.00       83.00       86.00       19.00       81.00        5.00        1.00       22.00
       53.00       70.00       74.00       40.00       69.00       22.00       35.00       43.00       71.00       76.00
        9.00       50.00       57.00       24.00       30.00       46.00       78.00       29.00       17.00       19.00
       73.00       17.00       29.00       65.00       75.00       69.00       55.00       98.00       88.00       51.00
       86.00       57.00       28.00       39.00       79.00       74.00       58.00       39.00       21.00       70.00
       74.00       80.00       34.00       83.00       31.00       70.00       95.00       44.00       88.00       12.00
       58.00       60.00       34.00       19.00       97.00       60.00       23.00       11.00        9.00       31.00
       17.00       39.00       56.00       30.00       21.00       86.00       11.00       57.00       72.00       59.00
       69.00       35.00       89.00       40.00       14.00       14.00       21.00       75.00       52.00        6.00
       43.00       29.00       76.00       19.00       71.00       22.00       99.00       43.00       24.00       18.00
       69.00        1.00       34.00       56.00       75.00       83.00       84.00       25.00       90.00       13.00
       28.00       22.00       13.00       15.00       33.00       62.00        6.00       94.00       29.00       12.00
       41.00       30.00       63.00       71.00        7.00       65.00        7.00       25.00       22.00       19.00
       40.00       48.00       82.00       77.00       27.00       16.00       12.00       20.00       57.00       69.00
       16.00        1.00        9.00       37.00       41.00       97.00       64.00        4.00       99.00       58.00
       73.00       80.00       11.00       74.00       64.00       23.00       63.00       97.00       37.00        2.00
        7.00        8.00       78.00        5.00       25.00       14.00       98.00       51.00       42.00        4.00
       77.00       29.00       66.00       16.00       68.00       90.00       98.00       78.00       85.00       68.00
       11.00       31.00       90.00        1.00       11.00       58.00       50.00       72.00       38.00       56.00
       19.00       98.00       51.00       37.00       84.00       44.00        8.00       53.00       66.00       22.00
       42.00       61.00       69.00       16.00        1.00       90.00       21.00       38.00       82.00       67.00
       39.00       10.00       89.00       21.00       35.00       20.00       98.00       62.00       20.00        1.00
        8.00       15.00       80.00       33.00        5.00       46.00       48.00       67.00       66.00       21.00
       70.00        9.00       96.00       77.00       54.00       36.00       59.00       89.00       54.00       13.00
       47.00       86.00       12.00       30.00       10.00       23.00       77.00        5.00       32.00       29.00
       63.00       93.00       24.00       83.00       14.00        2.00       73.00       85.00        3.00       24.00
       67.00       30.00       63.00       19.00       93.00       98.00       42.00       97.00       58.00       17.00
       19.00       19.00       99.00       64.00       32.00       77.00       81.00       18.00        5.00       49.00
       79.00       60.00       62.00       28.00       20.00        8.00       82.00       69.00       16.00       16.00
       22.00       15.00        8.00       80.00       18.00       78.00       24.00       33.00       37.00        5.00
       95.00       12.00       37.00       35.00        2.00       44.00       70.00       52.00       39.00       72.00
       24.00       66.00        9.00       19.00       92.00       86.00        9.00       70.00       12.00       75.00
       49.00       11.00       22.00       88.00       15.00       55.00       23.00       41.00       86.00       50.00
       34.00       61.00       49.00       50.00       94.00       13.00       73.00       79.00       37.00        0.00
       50.00       38.00       57.00       96.00       96.00       30.00       19.00       45.00       83.00       89.00
       99.00       34.00       41.00       54.00       61.00       38.00       44.00       25.00       84.00       82.00
       83.00       80.00       22.00       69.00       77.00       40.00       43.00       78.00       84.00       31.00
       89.00       17.00       10.00       55.00       43.00        1.00       19.00       79.00        3.00       80.00
       14.00       16.00        7.00       32.00       17.00       38.00       40.00       10.00       82.00       47.00
       24.00        1.00       20.00       12.00       79.00       29.00       15.00       31.00        8.00       28.00
       61.00       77.00       22.00       46.00       44.00       46.00       38.00       67.00       63.00       11.00
       93.00       67.00       55.00       43.00       65.00       31.00       56.00       69.00        3.00       98.00
       43.00       64.00       84.00       19.00        9.00       99.00       80.00       39.00       81.00        4.00
       74.00       36.00       86.00        1.00       76.00       80.00        8.00       23.00       17.00        2.00
       17.00       34.00       35.00       78.00       35.00       96.00       70.00       62.00       91.00       63.00
       33.00       42.00       72.00        4.00       21.00       83.00       66.00       53.00       87.00       98.00
       70.00       78.00        0.00       46.00       94.00        0.00       31.00       59.00       87.00       82.00
       71.00       40.00       73.00       15.00       62.00       86.00       67.00       34.00       87.00       35.00
       11.00       47.00       59.00       32.00       45.00       80.00       10.00       62.00       12.00       47.00
       57.00       99.00       59.00        9.00        6.00       79.00       77.00       81.00       10.00       73.00
       95.00        5.00        9.00       36.00       30.00       84.00        4.00       58.00       42.00       57.00
       46.00       29.00       59.00       59.00       49.00        7.00       65.00       95.00       42.00       48.00
       71.00       17.00       40.00       39.00        3.00       86.00       83.00       26.00       79.00       64.00
       80.00       59.00       78.00       61.00       55.00       71.00       91.00       31.00       79.00       65.00
       30.00       97.00       47.00       99.00       31.00       48.00       16.00       53.00       68.00       33.00
       28.00       59.00       75.00       57.00       76.00        8.00       38.00       35.00       89.00       53.00
        1.00       77.00       48.00        2.00        8.00        3.00       52.00       46.00       62.00        7.00
        0.00       73.00       81.00       25.00       54.00       71.00       82.00       73.00       13.00        5.00
       18.00       68.00       93.00       34.00       58.00       24.00       98.00       99.00       78.00       20.00
       47.00        0.00       97.00       61.00       64.00       38.00       90.00       72.00       61.00       88.00
       57.00       23.00       70.00       47.00       26.00       45.00        1.00       48.00       17.00        6.00
       37.00       48.00        6.00       56.00       81.00       35.00       60.00       35.00       32.00        0.00
       19.00       38.00       49.00       79.00       77.00       66.00       21.00       48.00       57.00       94.00
       58.00       48.00       92.00       51.00       87.00       51.00       73.00       98.00       89.00        3.00
       99.00       29.00       25.00       12.00       58.00       42.00       52.00       49.00       24.00       68.00
       95.00        0.00       35.00       24.00       55.00       75.00        5.00       56.00       52.00       65.00
       72.00       80.00       39.00       98.00       88.00       27.00       40.00       47.00       12.00       62.00
       84.00       85.00       43.00       33.00       59.00       79.00       26.00       57.00       84.00       86.00
        0.00       63.00       97.00       85.00       81.00       48.00       89.00       50.00        0.00        4.00
       34.00       67.00       29.00       30.00       13.00       34.00       73.00       44.00        7.00       95.00
       12.00       51.00       21.00       14.00       22.00       22.00       60.00       77.00       92.00       15.00
       73.00       80.00       41.00       19.00       40.00       39.00       89.00       17.00       44.00       35.00
       35.00       92.00       85.00       84.00       48.00       26.00       10.00       78.00       75.00       58.00
       64.00       54.00       22.00       13.00        2.00       85.00       61.00       12.00       93.00       84.00
       69.00       19.00       31.00       88.00        5.00       98.00       17.00       46.00       74.00       71.00
       83.00       38.00       38.00       17.00       67.00       91.00       84.00       38.00       76.00       72.00
       32.00       85.00       75.00       82.00       71.00       32.00       95.00       67.00       40.00       27.00
       65.00       26.00       99.00       56.00       86.00       89.00       55.00       21.00       16.00       88.00
       28.00       90.00       30.00       37.00       93.00       85.00       83.00       13.00       17.00       22.00
       73.00       84.00       84.00        3.00       97.00       35.00       65.00       32.00       36.00        1.00
       95.00        4.00       26.00       76.00       54.00        1.00       87.00       87.00       60.00       72.00
       14.00       44.00       25.00       87.00       82.00       87.00       36.00       11.00       78.00       25.00
       60.00       21.00       83.00        4.00       75.00       51.00       79.00       67.00       93.00       67.00
       30.00        1.00       15.00       90.00       67.00       57.00       35.00       13.00       95.00       10.00
       90.00       94.00       83.00       92.00       17.00       12.00        1.00       14.00       60.00       25.00
       39.00       47.00       53.00       61.00        2.00       45.00       55.00       27.00       65.00       31.00
       23.00       31.00       46.00       58.00       45.00       44.00       21.00       41.00       73.00       38.00
       94.00        8.00       24.00       92.00       84.00       11.00       36.00       51.00       14.00       19.00
       12.00       65.00       96.00       50.00       67.00       55.00       45.00       46.00       79.00       91.00
       87.00       77.00        1.00       53.00       21.00       32.00       85.00       35.00       65.00       47.00
       29.00        6.00       79.00       54.00       43.00       32.00       74.00       76.00       95.00       25.00
       19.00       74.00       93.00       80.00       21.00       54.00        3.00        5.00       43.00       66.00
        5.00       66.00       71.00       56.00       54.00       98.00       62.00       58.00       88.00       42.00
       15.00       42.00       94.00       36.00       68.00       48.00       33.00       40.00       98.00       59.00
       85.00       93.00       79.00       27.00       61.00       31.00       27.00       24.00       91.00       94.00
       46.00       91.00       97.00       33.00       37.00       15.00       89.00       66.00       39.00       46.00
       63.00       58.00       32.00       44.00       87.00       31.00       93.00        8.00       85.00        4.00
       98.00       33.00       77.00       48.00       24.00       98.00       24.00       89.00       72.00       77.00
       92.00       95.00       20.00       27.00       23.00       35.00       93.00        1.00       91.00       93.00
       93.00       78.00       73.00       84.00       19.00       17.00       58.00       80.00        3.00       81.00
       95.00       73.00        3.00       70.00       22.00       20.00       52.00       82.00       51.00       38.00
       52.00       76.00       95.00       64.00       48.00        6.00       58.00       75.00       44.00       58.00
       28.00       53.00       28.00        9.00       36.00       33.00       20.00       74.00       88.00       58.00
       65.00       33.00       64.00       55.00       39.00       38.00       52.00       73.00       29.00       46.00
       60.00       71.00       10.00       35.00       19.00       46.00       31.00       82.00       78.00       20.00
       84.00       31.00       43.00       54.00       20.00       69.00       25.00       28.00       21.00       78.00
       84.00       28.00       63.00       55.00       96.00       22.00       21.00        5.00       76.00       11.00
       86.00       30.00       26.00       92.00       27.00       14.00       13.00       68.00       86.00       33.00
       65.00       95.00        0.00       61.00       64.00       40.00        8.00       59.00       67.00        6.00
       51.00       37.00       87.00       35.00       99.00       63.00        2.00        5.00       56.00       36.00
       84.00       69.00       23.00       50.00       80.00       16.00       29.00       22.00       57.00       47.00
       48.00       60.00        8.00       87.00       71.00       89.00       93.00       92.00        1.00       57.00
       45.00       11.00       82.00       12.00       64.00       14.00       91.00       95.00       95.00       95.00
       46.00       97.00       47.00       21.00        6.00       91.00        7.00       69.00       83.00       17.00
       58.00       83.00       70.00       89.00       98.00       43.00       69.00       52.00       17.00       26.00
       73.00       11.00       95.00        1.00       27.00        8.00       15.00       82.00       75.00       11.00
       95.00       47.00       83.00       50.00       13.00       77.00       70.00       16.00       44.00       90.00
       98.00        6.00       55.00       63.00       20.00       67.00       31.00       72.00       57.00       87.00
       99.00       94.00       68.00       44.00        8.00       42.00       40.00       82.00       66.00       46.00
        4.00       97.00       27.00       74.00       52.00       56.00       12.00       82.00       14.00       60.00
       86.00       25.00       25.00       44.00       15.00       61.00       86.00       66.00        8.00       44.00
       91.00       32.00       83.00       84.00       94.00       53.00       31.00       14.00       20.00       36.00
       75.00       95.00       48.00       61.00       18.00       51.00       29.00       75.00       53.00       17.00
        7.00       29.00       81.00       35.00       59.00       32.00       37.00       34.00       70.00       81.00
       36.00       89.00       19.00       19.00       93.00       20.00       29.00        7.00       65.00        6.00
        7.00       24.00       31.00        7.00       93.00       35.00        1.00       15.00       84.00       65.00
       24.00       99.00       84.00        6.00       32.00       88.00       34.00       23.00       46.00       29.00
       94.00       32.00       25.00       99.00       82.00       80.00       33.00       64.00       15.00       49.00
       12.00       12.00       16.00       15.00       22.00       14.00       21.00       26.00       25.00       23.00
       23.00       17.00       10.00       10.00       22.00       18.00       29.00       21.00       23.00       29.00
       17.00       24.00       26.00       21.00       27.00       15.00       29.00       13.00       13.00       21.00
       22.00       11.00       13.00       12.00       26.00       14.00       10.00       28.00       14.00       26.00
       10.00       23.00       13.00       26.00       21.00       26.00       23.00       21.00       25.00       22.00
       21.00       18.00       22.00       10.00       25.00       28.00       23.00       17.00       29.00       27.00
       28.00       16.00       10.00       20.00       26.00       13.00       29.00       10.00       18.00       24.00
       17.00       20.00       16.00       20.00       10.00
    12484.00    12355.00    12494.00     6904.00    12315.00    13624.00     4301.00     3860.00    13690.00    12406.00
    11384.00     4461.00     5359.00     1820.00    13315.00    13506.00     1411.00     7706.00     4116.00    12103.00
     1250.00    13298.00    13304.00    13162.00     1433.00    11312.00     6584.00     2058.00    11463.00    11134.00
       27.00      135.00       78.00       38.00      210.00      104.00       61.00      208.00       41.00      167.00
      134.00       80.00      109.00      107.00       74.00      147.00       57.00       78.00      179.00      184.00
      102.00      141.00      141.00      143.00       54.00      204.00      203.00      117.00      222.00       71.00
