   75   30
       59.00       29.00       50.00       34.00       37.00       97.00        2.00       28.00        7.00        2.00
       21.00       85.00       85.00       97.00       69.00       79.00        5.00       25.00       89.00       42.00
       22.00       50.00       33.00       70.00       62.00       72.00       27.00       65.00        3.00       85.00
       61.00       23.00       89.00       11.00       63.00       27.00       20.00       29.00       13.00       11.00
       41.00       79.00        6.00        5.00       55.00        2.00       52.00       56.00       19.00       56.00
       94.00       23.00       92.00       13.00       72.00       58.00       54.00       30.00       55.00       31.00
        9.00       46.00       44.00       77.00       48.00       55.00       87.00       36.00       28.00       42.00
       85.00       58.00       92.00        4.00       63.00       65.00       45.00       73.00       42.00       96.00
       49.00       19.00       44.00       86.00       16.00       11.00       95.00       48.00        2.00       46.00
       25.00       62.00       25.00       89.00       79.00       86.00       81.00       74.00       84.00       52.00
       11.00       61.00       28.00       98.00       50.00       59.00       64.00       59.00       65.00       47.00
       32.00       25.00       61.00       50.00       63.00       16.00        3.00       78.00       16.00       52.00
       91.00        1.00       49.00       19.00       97.00       37.00       39.00       35.00       28.00       80.00
       92.00        4.00       86.00       83.00       10.00       75.00       43.00       75.00       13.00       68.00
       44.00       83.00       21.00       33.00       16.00       88.00       55.00       33.00       28.00       26.00
        4.00       94.00       47.00       25.00       71.00       49.00       86.00       36.00       99.00       69.00
       20.00       85.00       30.00       53.00       38.00       80.00       51.00       43.00       44.00       31.00
       42.00       57.00       27.00       65.00       14.00       71.00       65.00       65.00        5.00       93.00
       35.00       36.00       83.00        7.00       39.00       97.00       64.00       88.00       69.00       56.00
       41.00       91.00       78.00       97.00       97.00       99.00       18.00       95.00       28.00       66.00
       69.00       53.00       14.00       79.00       76.00        0.00       17.00       48.00       53.00       16.00
       74.00       87.00       34.00       65.00       30.00       37.00       77.00       42.00       28.00       54.00
       43.00       92.00       51.00       70.00       19.00       23.00       71.00       78.00       45.00       49.00
       70.00       19.00       75.00       18.00       20.00       70.00       69.00       19.00       45.00       38.00
       15.00       73.00        8.00       45.00        2.00       43.00       79.00       39.00       15.00       36.00
       97.00       54.00       22.00       59.00       17.00       32.00       50.00       70.00       11.00       59.00
        6.00       31.00       63.00       90.00       59.00       50.00       83.00       55.00        5.00       74.00
       15.00       72.00       80.00       64.00       28.00       30.00       84.00       74.00       17.00       80.00
       48.00        2.00       32.00       79.00       34.00       99.00       36.00       65.00       70.00       41.00
       53.00       51.00       54.00        7.00       47.00       75.00       65.00       21.00       53.00       43.00
       97.00       43.00       49.00       46.00       69.00       19.00       38.00       42.00       92.00       33.00
       87.00       39.00       13.00       12.00       24.00        7.00       28.00       75.00        7.00       20.00
       72.00       40.00       16.00       95.00        8.00       15.00       17.00       82.00       75.00       53.00
       12.00       29.00       75.00       26.00       73.00       13.00       94.00       65.00       19.00       16.00
        6.00       72.00       85.00        3.00       90.00       87.00       94.00        2.00       68.00       75.00
       34.00        6.00       38.00       67.00       97.00       71.00       57.00       68.00       21.00       32.00
       16.00       15.00       71.00       97.00       89.00       48.00       21.00       89.00       61.00       27.00
       34.00       25.00       70.00       13.00       62.00       73.00        1.00       94.00       92.00       12.00
       37.00        9.00       27.00       95.00       45.00       22.00       72.00       93.00       56.00       51.00
       64.00       53.00       54.00       26.00       70.00       12.00        2.00       56.00       28.00       51.00
       67.00       28.00       24.00       77.00       99.00       55.00       26.00       60.00       10.00       52.00
        0.00       73.00       32.00       11.00       99.00       19.00       62.00        4.00       97.00       12.00
       26.00       22.00        5.00       88.00        0.00       50.00       79.00       28.00       99.00       20.00
       34.00       37.00        1.00       92.00       10.00       14.00       74.00       67.00       37.00       83.00
       22.00       26.00       26.00        7.00       70.00       40.00       68.00       70.00       49.00        8.00
       10.00       15.00       57.00       14.00       56.00       87.00        7.00        4.00       98.00       85.00
       78.00       36.00       87.00       45.00       44.00       38.00       94.00       16.00       41.00       93.00
       10.00       78.00       87.00       29.00       11.00       21.00       85.00       76.00       57.00        2.00
       59.00       29.00       26.00       24.00        5.00       32.00       85.00       15.00       68.00       51.00
       57.00        8.00       56.00       21.00       36.00       34.00       71.00       86.00       56.00        0.00
       16.00       51.00       17.00       86.00       95.00       25.00       24.00        9.00       26.00       23.00
       95.00       32.00       36.00       62.00       40.00       98.00       94.00       56.00       16.00       45.00
       22.00        2.00       14.00        8.00       68.00       16.00       37.00       26.00       48.00       54.00
       56.00       16.00       82.00       32.00       82.00       62.00       79.00       24.00       63.00       49.00
       62.00       10.00       14.00       33.00       17.00       97.00       27.00       31.00       14.00       37.00
       25.00       62.00       45.00       17.00       59.00       82.00       65.00       85.00       49.00        0.00
       32.00       57.00       35.00       51.00       87.00       99.00       85.00       71.00       13.00       86.00
       59.00        6.00       78.00       87.00       51.00       45.00       32.00       25.00       43.00       54.00
       24.00        3.00       46.00       61.00       60.00        5.00       11.00       13.00       16.00       18.00
       36.00        0.00       74.00       10.00       13.00       30.00       48.00       91.00       60.00       90.00
       15.00       18.00       69.00       32.00       76.00       31.00       47.00       63.00        3.00       34.00
       23.00       32.00       48.00       52.00       63.00       50.00       29.00       24.00       17.00       71.00
        6.00       25.00       69.00       29.00       17.00       26.00       88.00       11.00       49.00       18.00
       96.00        7.00       44.00       77.00       81.00       64.00       74.00       38.00       50.00       46.00
       42.00       13.00       79.00       68.00       79.00       57.00       20.00       46.00       59.00       77.00
       55.00       10.00       37.00       41.00       20.00       51.00       95.00       16.00       40.00       90.00
       40.00       65.00       38.00       18.00        2.00       67.00       14.00       24.00        9.00       30.00
       10.00       16.00       55.00       45.00        8.00        0.00       76.00       64.00       12.00       78.00
       96.00       20.00       34.00       72.00       31.00       24.00       69.00       91.00       34.00       90.00
       29.00       97.00       41.00       91.00       83.00       33.00       31.00       41.00       14.00       21.00
       36.00       54.00       83.00       51.00       42.00       15.00       81.00        3.00       67.00       94.00
       89.00       85.00       31.00       55.00       90.00       82.00       24.00       58.00       98.00       35.00
       55.00       56.00       91.00        1.00       35.00       26.00       85.00       72.00       19.00        2.00
       59.00       51.00       25.00       76.00       31.00       93.00       91.00        6.00       53.00       85.00
       44.00       39.00       59.00       17.00       94.00       32.00       91.00       55.00       70.00       46.00
       95.00       29.00       69.00       20.00       46.00        3.00       76.00       76.00       52.00       66.00
       93.00       99.00       55.00       94.00       63.00       90.00       18.00       45.00       85.00       99.00
       56.00       94.00       69.00       66.00       79.00       37.00       62.00       51.00       33.00       88.00
       43.00       17.00       54.00       83.00       78.00       88.00       91.00       42.00       83.00       18.00
       46.00       58.00       24.00       30.00       40.00       17.00       57.00       10.00       13.00       71.00
       99.00       72.00        3.00       12.00       71.00       14.00       66.00       16.00       49.00       60.00
       43.00       66.00       29.00       24.00       72.00       64.00       79.00       64.00        5.00       95.00
       44.00        5.00       84.00       99.00       23.00       43.00       80.00       72.00       27.00       76.00
       93.00       93.00       99.00        3.00       88.00       55.00       44.00       98.00       89.00       38.00
       15.00       53.00       77.00       60.00       35.00       42.00       49.00        3.00       59.00       48.00
       43.00       71.00       11.00       61.00       39.00       53.00       46.00       32.00       70.00       97.00
       16.00       50.00       36.00       99.00       44.00       69.00       81.00       79.00       52.00        5.00
       73.00       97.00       60.00       77.00       20.00       27.00       85.00       71.00       94.00       90.00
       98.00       43.00       44.00       17.00        7.00       86.00       36.00       96.00       89.00       41.00
       35.00       18.00       77.00       17.00       26.00       33.00       86.00       45.00       34.00       71.00
       24.00       94.00       95.00       98.00       27.00       24.00       88.00        8.00       18.00       32.00
       17.00       77.00       69.00       45.00       24.00       16.00       20.00       51.00       58.00       12.00
       92.00       63.00       33.00       45.00       87.00       87.00       52.00        4.00       68.00        2.00
       80.00       60.00       57.00       99.00       91.00       57.00        1.00       34.00       26.00       33.00
       92.00       72.00       35.00       76.00       35.00       53.00       79.00       87.00        5.00        2.00
       40.00       99.00       35.00       38.00       47.00       74.00       36.00       92.00        7.00       78.00
       24.00       13.00       28.00        5.00       15.00       29.00       48.00        1.00        9.00       99.00
       10.00       15.00       83.00       59.00       68.00       61.00       55.00       63.00       85.00       84.00
       85.00       57.00       73.00       64.00       42.00       56.00       91.00       88.00       32.00       88.00
       90.00       86.00       84.00       48.00       71.00        4.00       30.00       62.00        9.00       69.00
       21.00       56.00       43.00       55.00       81.00       87.00       41.00       66.00       75.00       68.00
       97.00       97.00       50.00       10.00        2.00       25.00       78.00       53.00       12.00       54.00
        1.00       55.00        3.00       16.00       66.00       74.00       78.00       92.00        1.00       54.00
       71.00        9.00       49.00       93.00       59.00       39.00       97.00       72.00       86.00       88.00
       38.00       61.00       53.00       54.00       58.00       26.00       27.00       12.00       51.00       15.00
       81.00       27.00       85.00       95.00       53.00       20.00       84.00       60.00        1.00       36.00
       92.00       31.00       89.00       81.00       46.00       43.00       24.00       40.00       56.00       53.00
       36.00       81.00       76.00       33.00       65.00       16.00       32.00       44.00        3.00       65.00
       12.00       78.00        4.00       48.00       45.00       36.00       53.00       10.00       40.00       69.00
       68.00       44.00       38.00       96.00       67.00       56.00        9.00       92.00       29.00       15.00
        1.00       94.00       31.00       64.00       15.00       73.00       30.00       82.00       65.00       76.00
       40.00       35.00       52.00       23.00       14.00       41.00       57.00       27.00       20.00       59.00
       31.00       66.00       89.00       55.00       38.00       22.00       68.00       15.00       75.00       70.00
       99.00        8.00       95.00       81.00       15.00       14.00       72.00       70.00       21.00       87.00
       14.00       10.00        1.00       85.00        5.00       82.00       73.00       19.00       16.00       40.00
       75.00       99.00       47.00       12.00       54.00       48.00       59.00       56.00        9.00       51.00
       26.00       58.00       87.00       49.00       13.00       23.00       38.00       72.00       58.00       10.00
       93.00       99.00        7.00        5.00        5.00       87.00       49.00       35.00       75.00       81.00
       34.00       74.00       44.00       26.00       68.00       69.00       32.00       35.00       36.00       22.00
       61.00       69.00       83.00       86.00       75.00       55.00       52.00       56.00       52.00       36.00
       72.00       77.00       79.00       26.00       35.00       92.00       26.00       26.00        1.00       10.00
       43.00        9.00       38.00       47.00       58.00       96.00       66.00       95.00       71.00       66.00
       71.00       12.00       49.00       81.00       11.00       30.00       75.00       27.00       24.00       34.00
       16.00       68.00       11.00       54.00       93.00       10.00       60.00       80.00       92.00       97.00
       23.00       83.00       27.00       75.00       75.00        4.00       53.00       24.00        7.00       47.00
       99.00       25.00       33.00       96.00       54.00       15.00       18.00       17.00       30.00       52.00
       58.00       39.00       93.00       89.00       60.00       24.00       29.00       28.00        8.00       48.00
       86.00        5.00       18.00       80.00       11.00       32.00        8.00       11.00       69.00       88.00
       49.00       82.00       26.00       33.00       57.00       14.00       12.00        5.00       52.00       19.00
       11.00        6.00        0.00       74.00       50.00       84.00       98.00       66.00       59.00       94.00
       74.00       49.00       45.00       68.00       30.00       73.00        5.00       24.00       17.00       58.00
       52.00       27.00       41.00       54.00       38.00       48.00       47.00       82.00       11.00        1.00
        6.00       61.00       20.00       46.00       15.00       66.00       60.00       95.00       95.00       58.00
       35.00       59.00       21.00       10.00       62.00       13.00       48.00       85.00       52.00       78.00
       99.00       61.00       50.00       39.00       24.00       15.00        2.00       63.00       73.00       89.00
       97.00       59.00       11.00       14.00       87.00       19.00       84.00       66.00        0.00       27.00
       13.00       79.00       90.00        9.00       77.00       31.00       83.00       80.00        1.00       85.00
       21.00        7.00       69.00       55.00       17.00       86.00       33.00       17.00       67.00        5.00
       74.00       96.00       69.00       49.00       45.00       96.00       74.00       57.00        4.00       48.00
       51.00       47.00       10.00        3.00       37.00       64.00       39.00       85.00        9.00       17.00
       61.00       94.00       14.00       11.00       59.00        2.00       14.00       88.00       94.00        9.00
       59.00       41.00       53.00       38.00       81.00       52.00       25.00       75.00       71.00       77.00
       92.00        9.00        0.00       80.00       30.00        3.00       66.00       83.00       70.00       21.00
       99.00       85.00       42.00       77.00       60.00       75.00       18.00       86.00        4.00       27.00
       24.00       39.00       83.00       70.00       83.00       25.00       41.00       57.00       11.00       69.00
       98.00       81.00       79.00       70.00       38.00       14.00       14.00       53.00       48.00       59.00
        0.00       58.00       61.00       57.00       99.00       50.00       21.00       71.00       11.00       14.00
       55.00       47.00       35.00       54.00       27.00       29.00        4.00       38.00       13.00       69.00
        6.00       42.00        5.00       61.00       15.00       76.00       61.00       98.00       93.00       22.00
       36.00       22.00       27.00       89.00       63.00       14.00       32.00       79.00       85.00       56.00
       23.00       18.00       40.00       51.00       30.00       99.00       57.00       91.00       20.00       33.00
       14.00       98.00       53.00        6.00       72.00       90.00       68.00       94.00       68.00       42.00
       92.00       81.00       59.00       38.00       17.00       84.00       23.00       50.00       81.00       74.00
       72.00       73.00       54.00       51.00       37.00        5.00        2.00       16.00       17.00       63.00
        7.00       40.00       18.00       70.00       40.00       25.00        7.00       30.00       21.00       16.00
       66.00       15.00       25.00       96.00       28.00        7.00        1.00       82.00       18.00       70.00
       29.00       97.00       31.00       51.00       20.00       93.00       28.00       33.00       39.00       49.00
       33.00       92.00        4.00       61.00       52.00       19.00       96.00        8.00       50.00       29.00
       76.00       56.00       64.00       49.00        2.00       34.00       33.00       68.00       79.00       97.00
       78.00       88.00        1.00       57.00       40.00        6.00       59.00       43.00        1.00       24.00
       21.00       36.00       10.00       56.00       20.00       71.00       98.00       91.00       90.00       13.00
       69.00       19.00       51.00       52.00       76.00       36.00       22.00       59.00       45.00       93.00
       17.00       18.00       85.00       31.00       63.00       12.00        9.00       39.00       20.00       28.00
       47.00       24.00       18.00       17.00       33.00       73.00       30.00       21.00       93.00       43.00
       38.00       48.00       62.00       19.00       82.00       65.00       21.00       30.00       78.00       33.00
       11.00       92.00       50.00        5.00       80.00       36.00       25.00       69.00       75.00       36.00
       75.00       95.00       64.00       43.00       95.00       29.00       66.00       94.00       76.00       32.00
       28.00       41.00       93.00       68.00       58.00       34.00       22.00       82.00       24.00       45.00
       55.00       19.00       62.00       11.00       77.00       93.00       57.00       52.00       39.00       81.00
        6.00       71.00        8.00       16.00       51.00       50.00        6.00        7.00       53.00        8.00
       67.00        2.00       49.00       66.00       55.00       77.00       15.00       56.00       41.00        9.00
       13.00       55.00       29.00       76.00        5.00       29.00       68.00       90.00       63.00       36.00
       98.00       53.00        0.00        2.00       25.00       86.00       16.00       76.00        1.00       85.00
       17.00       38.00       81.00        0.00       57.00        7.00       61.00       28.00       18.00       61.00
       26.00       79.00       22.00       97.00       70.00       62.00       31.00       65.00       57.00       78.00
        2.00       60.00       39.00       35.00       83.00       74.00       45.00       23.00       68.00       11.00
       19.00       96.00       62.00       46.00       61.00       69.00        7.00       63.00       95.00       20.00
       86.00       12.00       81.00       48.00       87.00       67.00       39.00       34.00        7.00       71.00
       47.00       11.00       32.00        5.00       38.00       28.00       13.00       19.00        6.00       70.00
       23.00       10.00       93.00       70.00       70.00       26.00       19.00       26.00       11.00       46.00
       81.00        4.00       66.00       57.00       29.00       93.00       52.00       25.00       89.00       46.00
       80.00       36.00        7.00       17.00       66.00       61.00       17.00       80.00       77.00       52.00
       65.00       92.00        1.00       84.00       47.00       38.00        6.00       11.00       32.00       61.00
       32.00       80.00       85.00       76.00       33.00       32.00        7.00       17.00       65.00       87.00
       67.00       53.00       79.00       86.00       75.00       99.00       70.00       33.00       38.00       88.00
       89.00       76.00       93.00       78.00       26.00        8.00       98.00       25.00       11.00       68.00
       46.00       37.00       90.00       96.00       15.00       84.00       93.00       56.00       72.00       46.00
       76.00       35.00        9.00        6.00       11.00       80.00       54.00       32.00       66.00       33.00
        6.00       97.00       98.00       80.00       79.00       40.00       29.00       18.00       55.00       60.00
        6.00        2.00       74.00       91.00       59.00       39.00       22.00       21.00       83.00       37.00
       98.00       28.00       43.00        9.00       46.00       56.00       62.00       16.00       16.00       63.00
       32.00       86.00       66.00        1.00       77.00       39.00       32.00       14.00       42.00        9.00
       18.00       65.00       95.00       52.00       95.00       33.00       70.00       65.00       99.00       31.00
       68.00       67.00       74.00       36.00       28.00       10.00        0.00       52.00       99.00       27.00
       99.00       16.00       98.00       29.00       10.00       43.00       32.00       12.00       74.00       58.00
        5.00       39.00       82.00       65.00       59.00       93.00       57.00       48.00        4.00       39.00
       82.00        4.00       43.00       23.00        8.00       66.00       95.00        2.00       86.00       40.00
       69.00       80.00        8.00       85.00       50.00        7.00       66.00       12.00       99.00       47.00
       46.00       57.00       60.00       26.00       32.00       81.00       57.00       38.00       73.00       92.00
        0.00       39.00       47.00       82.00       34.00       72.00       24.00       37.00       17.00        7.00
       10.00       66.00       98.00       81.00       17.00       40.00       30.00       79.00       10.00       47.00
       41.00       75.00        8.00       15.00       57.00       49.00       45.00       33.00       33.00       34.00
       25.00       97.00       52.00       52.00       14.00       51.00       93.00       62.00       66.00       92.00
       67.00       10.00       70.00       75.00       91.00       71.00       66.00       23.00       32.00       12.00
       56.00       37.00       54.00       14.00       35.00       62.00       47.00       47.00       92.00       38.00
        5.00       64.00       62.00       65.00        7.00       78.00       44.00       49.00        6.00       30.00
       91.00       98.00       28.00       57.00       59.00        9.00       33.00       25.00       61.00       50.00
        6.00       86.00       62.00       18.00       62.00       70.00       19.00       51.00       89.00       22.00
       34.00       14.00       75.00       48.00        0.00       76.00       67.00       26.00       42.00       61.00
       87.00       99.00       77.00       43.00       82.00       54.00       58.00       10.00       91.00       56.00
       77.00       10.00       57.00       91.00       29.00       73.00       18.00       32.00       70.00       59.00
       44.00       35.00       25.00       77.00       22.00       41.00       20.00       79.00       90.00       17.00
       53.00       20.00       79.00       76.00       16.00       41.00       20.00       67.00       44.00       16.00
        8.00       12.00       55.00       65.00       45.00       29.00       98.00       35.00        5.00       75.00
       15.00       84.00       80.00       10.00       12.00       39.00        5.00       35.00       75.00       99.00
       87.00       83.00       67.00        8.00       55.00       55.00       19.00       28.00       37.00       27.00
       83.00       65.00        8.00       78.00        5.00       53.00       84.00       11.00       53.00       86.00
       37.00       63.00       99.00       52.00       67.00       29.00       34.00       13.00       65.00       57.00
       80.00       34.00       25.00       66.00       12.00       57.00       19.00       16.00       15.00       65.00
       30.00       20.00       36.00       94.00       97.00       74.00        2.00       82.00       42.00       62.00
       22.00       55.00       56.00       43.00       83.00        7.00       82.00       38.00       21.00        9.00
       20.00       69.00       20.00       56.00       25.00       20.00       62.00       44.00        3.00       26.00
       47.00       35.00        3.00       98.00       54.00       38.00       58.00       56.00       89.00       35.00
       43.00       14.00       72.00       20.00       36.00       49.00       46.00       20.00        6.00       41.00
       97.00       36.00       68.00       71.00       47.00        8.00       62.00       10.00       31.00       98.00
       10.00       16.00       18.00       27.00       15.00       23.00       14.00       14.00       28.00       14.00
       21.00       10.00       21.00       17.00       23.00       21.00       16.00       23.00       17.00       28.00
       16.00       26.00       20.00       24.00       10.00       13.00       12.00       21.00       26.00       20.00
       25.00       19.00       28.00       12.00       11.00       10.00       12.00       28.00       14.00       21.00
       29.00       27.00       25.00       18.00       18.00       16.00       10.00       22.00       23.00       11.00
       13.00       19.00       23.00       27.00       19.00       21.00       13.00       28.00       28.00       21.00
       10.00       10.00       22.00       12.00       22.00       11.00       14.00       22.00       11.00       27.00
       24.00       22.00       27.00       14.00       12.00
     7620.00     1395.00     9866.00     9760.00     9715.00     9047.00     5239.00     4853.00     6939.00    10054.00
     5030.00     5360.00     1535.00     9865.00     3937.00     8982.00     8846.00     9823.00     7051.00     6450.00
     2981.00     8701.00     8789.00     4834.00     6477.00     9080.00     8489.00     1726.00     7075.00     1363.00
      141.00       87.00      150.00      136.00       94.00       31.00       49.00       51.00       94.00      106.00
      125.00       21.00       38.00      167.00       41.00      125.00       87.00       92.00       59.00       29.00
       50.00       93.00      160.00       30.00       68.00       67.00      159.00       97.00       26.00      162.00
