   75   30
       35.00       78.00       64.00       51.00       79.00       39.00       51.00       47.00       67.00       38.00
       78.00       41.00       11.00       67.00       36.00       48.00       80.00       58.00       34.00       57.00
        0.00       34.00       52.00       41.00       76.00       40.00       99.00       82.00       85.00       28.00
       35.00       26.00       97.00       31.00       98.00       52.00       26.00       71.00       13.00       15.00
       15.00       84.00       99.00        2.00       20.00       33.00       98.00        7.00       29.00       75.00
       67.00       13.00       41.00       86.00       50.00       47.00       92.00       55.00       82.00       36.00
       97.00       12.00        8.00       81.00       51.00       49.00       28.00       28.00        4.00       43.00
       84.00        9.00        6.00       96.00       56.00       72.00       83.00       50.00       36.00       27.00
       92.00       37.00        5.00       88.00       70.00       79.00        3.00       64.00       71.00       44.00
        3.00       50.00       51.00       25.00        8.00       13.00       55.00       93.00       30.00       80.00
       10.00       52.00       36.00       57.00       33.00       81.00       51.00       53.00       98.00       57.00
       72.00       86.00       31.00       86.00       16.00       82.00       25.00       79.00       17.00       10.00
       84.00       71.00       37.00        3.00       62.00       48.00       66.00       64.00       24.00       37.00
       20.00       55.00       70.00       84.00       57.00       12.00       92.00        9.00       81.00       50.00
       43.00       29.00       91.00       35.00       64.00       74.00       15.00       40.00       71.00       38.00
       13.00       21.00        6.00       61.00       50.00       73.00       21.00        0.00       76.00       47.00
       29.00       64.00       57.00       49.00       41.00        9.00       55.00       50.00       85.00       10.00
       33.00       65.00       75.00       77.00       47.00        0.00       63.00       66.00       55.00       58.00
        4.00       96.00       33.00       62.00       14.00       98.00        2.00       36.00        1.00       34.00
        0.00       47.00       94.00       68.00       40.00        6.00        8.00       83.00       51.00       68.00
       20.00       73.00       87.00       98.00       31.00       48.00       63.00       80.00       54.00       35.00
       33.00       81.00       49.00       77.00       31.00       17.00       94.00       29.00       42.00       67.00
       52.00       40.00       69.00       27.00       97.00       53.00       14.00       20.00       87.00       50.00
       86.00       91.00        8.00       51.00       16.00       48.00       27.00       24.00       26.00       46.00
       18.00       69.00       89.00       99.00       63.00       90.00       83.00       96.00       34.00       60.00
       16.00       38.00        8.00       44.00       80.00       19.00       72.00       37.00       62.00       31.00
       23.00       38.00       17.00       63.00       64.00       56.00       83.00       13.00       60.00       24.00
       91.00       44.00       91.00       62.00        3.00       55.00       30.00       33.00       79.00       32.00
       28.00       61.00       58.00       22.00       79.00        7.00       97.00       31.00        7.00       45.00
       13.00       30.00       90.00       60.00       21.00       54.00       10.00       62.00       47.00       87.00
        6.00        2.00       82.00       93.00       65.00       24.00       99.00       36.00       65.00       88.00
       28.00       80.00       73.00       59.00       95.00       89.00       55.00       26.00       51.00       43.00
       46.00       17.00       36.00       56.00       94.00       18.00       87.00       56.00       71.00        4.00
       54.00       65.00       21.00       49.00       89.00       85.00       84.00       71.00       42.00       80.00
       12.00       23.00       55.00       19.00       72.00       46.00       48.00        5.00        7.00       36.00
       40.00        9.00       86.00        1.00       42.00       94.00       68.00       97.00       27.00       87.00
       76.00       76.00       47.00       40.00       40.00       92.00       69.00       86.00       49.00       34.00
       40.00       73.00       45.00       93.00        4.00       54.00       33.00       71.00       29.00       39.00
       87.00        6.00       31.00       58.00       79.00       57.00       86.00       79.00       76.00       70.00
       65.00       85.00       62.00       35.00       58.00        3.00       78.00       93.00       45.00       35.00
       13.00       53.00       44.00       50.00       68.00       37.00       33.00        9.00       69.00       46.00
       42.00       56.00       22.00       40.00       57.00       89.00       33.00       55.00       63.00       97.00
       13.00       94.00       45.00       13.00       67.00       98.00       12.00       42.00       29.00       50.00
       11.00       45.00       88.00       80.00       45.00       94.00       14.00       81.00       20.00       36.00
       95.00       45.00       84.00       18.00       24.00       81.00       17.00       78.00       10.00       78.00
       12.00       77.00        1.00       14.00       28.00       59.00       35.00       44.00       28.00       47.00
       69.00       97.00       24.00        3.00       36.00       75.00       77.00       35.00       47.00       37.00
       59.00        6.00       33.00        0.00       42.00       89.00       81.00        6.00       80.00       72.00
       25.00       17.00       12.00        2.00       93.00       60.00       92.00       32.00       16.00       11.00
       15.00        3.00       51.00        5.00       10.00       67.00       76.00       13.00       17.00       53.00
       60.00        4.00       63.00       18.00       10.00        7.00       98.00       29.00       63.00       27.00
       79.00       92.00       49.00       78.00       88.00       99.00       72.00       47.00       32.00       65.00
       62.00        0.00       75.00       94.00       10.00       80.00       62.00       71.00       83.00       78.00
       84.00       77.00       74.00       66.00       58.00       90.00       57.00       22.00       25.00       97.00
       17.00       94.00       16.00       34.00       10.00       73.00        2.00       46.00       50.00       78.00
       60.00       16.00       33.00       72.00        1.00        5.00       58.00       64.00       41.00       20.00
       83.00       64.00       39.00       82.00       42.00       91.00       92.00       67.00        8.00       59.00
       88.00       50.00       73.00       92.00       60.00       65.00       87.00       29.00       63.00       69.00
       69.00       40.00        6.00       64.00       91.00       48.00       81.00       17.00       89.00       35.00
       75.00       96.00       61.00       77.00       84.00       95.00       46.00       36.00       27.00       15.00
        5.00       98.00       45.00       43.00       38.00       42.00       47.00       27.00       15.00       83.00
       20.00       43.00        1.00        7.00       16.00       13.00        3.00       12.00       92.00       10.00
       76.00        6.00       57.00       51.00       53.00       35.00       66.00       88.00       98.00       43.00
       43.00       26.00       91.00       76.00       44.00       33.00        1.00        1.00       80.00       35.00
       85.00       80.00       63.00       89.00       48.00       39.00       54.00       91.00       43.00        7.00
        5.00       62.00       72.00       28.00       50.00       12.00       51.00       65.00       70.00       83.00
       38.00       39.00       39.00       11.00       18.00       93.00       28.00       70.00       28.00       61.00
       31.00       77.00       40.00       81.00       27.00       79.00       40.00       80.00        1.00       47.00
       86.00       39.00       84.00       50.00        8.00       87.00       83.00       79.00        4.00        6.00
       28.00       50.00       38.00       37.00       28.00       10.00       39.00        9.00       30.00        6.00
       67.00       52.00       35.00       16.00       80.00       53.00       87.00       32.00       39.00       64.00
       55.00       57.00       15.00       72.00       82.00       50.00       97.00        4.00       52.00       26.00
       11.00        8.00       10.00        9.00       98.00       38.00       42.00       83.00       13.00       45.00
       77.00       92.00       44.00       38.00        0.00       86.00       60.00       78.00       61.00       16.00
       34.00        6.00       32.00       17.00       16.00       34.00       48.00       35.00       30.00       38.00
       20.00        0.00       30.00       31.00       32.00       26.00       48.00       27.00       30.00       14.00
        5.00       83.00       87.00       74.00       66.00       20.00       95.00       97.00       87.00       45.00
        9.00       48.00       46.00       12.00       64.00       48.00       80.00       12.00       20.00       79.00
       78.00       80.00       18.00       21.00       72.00       47.00       48.00       18.00       50.00       74.00
       58.00       10.00       81.00       66.00       71.00       99.00       20.00       34.00       61.00       30.00
       25.00       58.00       34.00       93.00       24.00       69.00        1.00       95.00        3.00       55.00
       31.00       51.00       94.00       63.00       44.00       84.00        2.00       38.00       57.00       47.00
       91.00       38.00       11.00        3.00       16.00       99.00       30.00       13.00       70.00       54.00
        4.00       42.00       92.00       29.00       79.00       63.00       49.00       53.00        9.00       25.00
       85.00       72.00        4.00       20.00        6.00       49.00       63.00       55.00       40.00       98.00
        1.00       27.00       92.00       61.00       87.00       46.00       87.00       45.00       61.00       58.00
       63.00       87.00       97.00       61.00       61.00       83.00       32.00       21.00       29.00       26.00
       73.00       30.00       32.00       33.00       55.00       55.00       26.00       42.00        6.00       76.00
       62.00       32.00       61.00       18.00        2.00       73.00        5.00       19.00       77.00       32.00
       50.00       76.00       24.00       77.00       81.00       90.00       59.00       53.00       22.00       76.00
        4.00       34.00       95.00       24.00       52.00       70.00       91.00       20.00       44.00       79.00
       74.00       60.00       97.00       53.00       63.00       31.00       99.00       89.00        0.00       22.00
       73.00       46.00       75.00        9.00       57.00        7.00       65.00        5.00       68.00       86.00
       18.00       88.00       41.00       11.00       92.00       46.00       61.00       75.00       15.00       82.00
       30.00       33.00       33.00       96.00       30.00       90.00       74.00       21.00       92.00       10.00
       24.00       80.00       66.00       34.00       10.00       93.00       48.00       90.00       23.00       55.00
       25.00       38.00       36.00       63.00       40.00       76.00        1.00       56.00       79.00        2.00
       17.00        1.00       32.00       13.00       16.00       44.00       99.00       78.00        2.00       97.00
       19.00       23.00       47.00       42.00       53.00        6.00       17.00       67.00       60.00       81.00
       97.00       63.00       21.00       78.00       29.00       56.00       28.00       33.00       74.00       40.00
       27.00       64.00       83.00       41.00       81.00       64.00       25.00       40.00       99.00       67.00
        0.00       13.00       48.00        1.00       53.00       78.00       36.00       30.00       52.00       65.00
       38.00       66.00       98.00       26.00        3.00       83.00       96.00       73.00       63.00       74.00
       81.00        6.00       36.00       37.00       90.00       60.00       85.00       68.00       27.00       90.00
       78.00       15.00       62.00       71.00       76.00        2.00       48.00       85.00       20.00       38.00
       63.00       23.00        5.00       71.00        1.00       12.00       71.00       44.00       77.00       64.00
       32.00       76.00       10.00       86.00       39.00       56.00        6.00       17.00       32.00       41.00
       58.00       77.00       40.00       92.00       22.00       23.00       31.00       72.00       53.00       80.00
       16.00       21.00       90.00       71.00       65.00       54.00       52.00       66.00       80.00       60.00
       52.00       30.00       52.00        0.00       65.00       35.00       72.00       18.00       93.00       68.00
       90.00       37.00       21.00       55.00       41.00       79.00       60.00       70.00       69.00       42.00
        4.00        6.00       39.00       31.00       66.00       42.00        0.00       13.00       60.00        4.00
       42.00       44.00       48.00       22.00       70.00       97.00       67.00       32.00       80.00       83.00
        4.00       69.00        9.00       45.00       84.00       53.00       95.00       68.00       95.00       59.00
       77.00       27.00       58.00       28.00        9.00       82.00       15.00       64.00       74.00       79.00
        3.00       16.00       21.00       17.00       29.00       36.00       63.00        0.00       56.00       79.00
        9.00       67.00       86.00       73.00       14.00       89.00       86.00       73.00       69.00       62.00
       91.00       87.00       71.00       31.00       86.00       35.00       51.00       48.00       54.00       66.00
       28.00       20.00       29.00       65.00       36.00       13.00        5.00       19.00       35.00       30.00
       87.00        2.00       12.00       52.00       75.00       31.00       14.00       31.00       29.00       89.00
       84.00       74.00       50.00        1.00       97.00       42.00       79.00       39.00       94.00       64.00
       92.00       72.00       86.00       39.00       48.00       88.00       61.00       76.00       26.00       65.00
       24.00       94.00       34.00       49.00       44.00       77.00        2.00       95.00       95.00       66.00
       85.00       50.00       18.00       30.00       21.00       93.00       31.00       35.00       43.00       76.00
       72.00       27.00       29.00        8.00       48.00       77.00       42.00       96.00       27.00       62.00
       85.00       16.00       95.00       84.00       87.00       94.00       68.00       44.00       89.00       13.00
       24.00       28.00       93.00       79.00        1.00       64.00       92.00        6.00       78.00       70.00
        2.00        5.00       24.00       93.00       60.00       98.00       96.00        9.00       56.00       73.00
       15.00       35.00       17.00       66.00       43.00       79.00       53.00       31.00       49.00       17.00
       51.00       32.00       48.00       86.00       58.00       70.00       20.00       24.00       95.00       30.00
       73.00       94.00       97.00        9.00       93.00       81.00       70.00       61.00       92.00       47.00
        6.00       75.00       66.00       74.00       99.00       53.00       92.00       43.00       57.00       81.00
       59.00       18.00       94.00       99.00       91.00       44.00       53.00       93.00       16.00       67.00
        3.00        4.00       80.00       38.00       87.00       93.00       27.00       70.00       36.00       19.00
       76.00       38.00       72.00       33.00       70.00       67.00       52.00       65.00       97.00       25.00
       42.00       86.00       72.00       32.00       16.00       56.00       61.00       42.00       18.00       91.00
       83.00       62.00       31.00       17.00       95.00       22.00       47.00       88.00       79.00       99.00
       28.00       90.00       68.00       66.00        3.00       51.00       77.00       11.00       35.00       39.00
       43.00       64.00       66.00       12.00       68.00        5.00        9.00       47.00       42.00       57.00
       60.00       78.00       71.00       87.00       37.00        3.00       41.00       48.00       70.00       46.00
        7.00       70.00        9.00       90.00       70.00       50.00       15.00        7.00       89.00       18.00
       55.00       61.00       43.00       79.00        5.00       49.00       33.00       42.00       56.00       13.00
        0.00        2.00       54.00       44.00       86.00       33.00       22.00       47.00       72.00        9.00
       65.00       43.00       72.00       43.00       32.00       35.00       60.00       45.00       91.00       52.00
       62.00        7.00       56.00       64.00       41.00       81.00       54.00       10.00       56.00       11.00
       33.00       93.00       79.00       24.00       40.00       52.00       86.00        2.00       27.00       83.00
       71.00       78.00       60.00       80.00       42.00       43.00       44.00       38.00       99.00       43.00
       81.00       11.00        9.00       12.00       26.00       31.00       10.00       62.00       23.00       31.00
       31.00       41.00        6.00       25.00        3.00        8.00       28.00       38.00       87.00        6.00
       36.00       90.00       51.00       19.00        0.00       79.00       88.00       53.00       84.00       11.00
       26.00       72.00        2.00       80.00       96.00       73.00       97.00       90.00       53.00        3.00
       39.00       73.00       57.00       19.00       35.00       45.00       78.00       75.00       94.00       12.00
       56.00       67.00       76.00       99.00       56.00       79.00       44.00       87.00       86.00       16.00
       82.00       65.00       60.00       93.00       39.00       32.00       44.00       45.00       40.00       22.00
        3.00       69.00       48.00       18.00       38.00       98.00       73.00       89.00       86.00       79.00
       81.00       56.00       17.00       19.00       16.00       89.00       58.00       93.00       73.00       75.00
       17.00       40.00       61.00        9.00       99.00        7.00       43.00       11.00       29.00       93.00
       70.00       54.00       22.00       13.00       11.00       75.00       82.00       86.00       64.00       89.00
       91.00       14.00       98.00       27.00       49.00        9.00       67.00       85.00       58.00       80.00
       82.00       36.00       67.00       90.00       37.00       51.00       22.00       48.00       34.00       34.00
       81.00       92.00       45.00       61.00        3.00       72.00        9.00       72.00        1.00       57.00
       42.00       76.00       37.00        8.00       24.00       55.00       83.00       91.00       82.00       62.00
       89.00       45.00       85.00       86.00       26.00       93.00       17.00       95.00       86.00       88.00
       97.00       95.00       86.00       28.00       64.00       67.00       66.00       70.00       39.00       64.00
       14.00       43.00       39.00       82.00       46.00       23.00        3.00       43.00        9.00       33.00
       55.00       45.00       13.00       81.00       10.00       67.00       88.00       39.00        0.00       47.00
       31.00       33.00       85.00       58.00       83.00       98.00       67.00       47.00       63.00       17.00
       13.00       27.00       42.00       39.00       72.00       34.00       20.00       61.00       47.00       67.00
       67.00       13.00       25.00        4.00       20.00       65.00        6.00       41.00       55.00       76.00
       78.00       10.00       72.00       26.00       20.00       60.00       67.00       12.00       39.00       19.00
       76.00        8.00       62.00       63.00       13.00       98.00       57.00       60.00       43.00       57.00
       35.00       79.00       55.00       18.00       71.00       60.00       32.00       61.00       37.00       97.00
       29.00       15.00       36.00       83.00        8.00       46.00       89.00       15.00       87.00       87.00
        5.00       54.00       15.00       24.00       36.00       95.00       58.00       37.00       97.00       84.00
       76.00       83.00       14.00        2.00       24.00       50.00       15.00       82.00       99.00       18.00
       85.00       45.00       20.00       26.00       48.00       68.00       14.00        7.00       46.00        8.00
       48.00       55.00       34.00       71.00       21.00       34.00       99.00       71.00       14.00       32.00
       90.00       31.00       61.00       46.00       96.00       32.00       81.00       18.00       21.00       88.00
        1.00       72.00       49.00       20.00       41.00       43.00       85.00       61.00       48.00       61.00
       14.00       97.00        7.00       57.00       34.00       34.00       63.00       90.00       34.00       61.00
       22.00       22.00       25.00       23.00       18.00       91.00       62.00       41.00       87.00       44.00
       95.00       41.00       49.00       43.00       46.00       78.00       12.00       57.00        5.00       60.00
       45.00       94.00       82.00       14.00       79.00       44.00       59.00       60.00       42.00       32.00
       41.00       61.00       27.00        3.00       84.00       81.00       50.00       96.00       61.00       71.00
       57.00       61.00       85.00       58.00       83.00       40.00        8.00        1.00       55.00       24.00
       62.00       59.00       22.00       29.00        5.00       65.00       31.00       79.00        2.00       11.00
       88.00       85.00       36.00       87.00       80.00       36.00       41.00       23.00       36.00       78.00
        6.00       41.00       62.00       11.00       82.00        0.00       70.00       56.00       85.00       94.00
       98.00       57.00        0.00       52.00       73.00       23.00        9.00       30.00       85.00       37.00
        2.00       99.00       58.00       61.00       54.00       81.00       36.00       42.00       61.00       68.00
       37.00       87.00       81.00       42.00       26.00       50.00       19.00       77.00       12.00       69.00
       47.00       84.00       73.00       33.00       57.00       30.00       75.00       72.00       83.00       61.00
       20.00        2.00       36.00       85.00       43.00       56.00       46.00        8.00       55.00        1.00
        3.00       30.00       94.00       11.00       35.00       37.00       30.00       43.00       70.00       51.00
       35.00       45.00       77.00       22.00       17.00       89.00       62.00       84.00       82.00        6.00
       85.00       83.00       67.00       70.00       25.00       76.00       61.00       54.00       80.00       55.00
        1.00       56.00       16.00       26.00       26.00       74.00       83.00       64.00        8.00       66.00
       54.00       27.00        0.00       35.00       78.00       85.00       73.00       22.00       36.00        3.00
       29.00       91.00       42.00       96.00       14.00       48.00       33.00       30.00       59.00       23.00
       43.00       35.00       44.00       10.00       45.00       67.00       32.00       34.00       10.00       35.00
       49.00        6.00       28.00       63.00       93.00       76.00       69.00       68.00       86.00       91.00
       92.00       72.00       30.00       29.00       43.00       73.00        0.00       53.00       65.00       53.00
       17.00       19.00       37.00       81.00       57.00       27.00       22.00       65.00       91.00       88.00
       68.00       34.00       96.00       62.00       95.00       64.00       33.00       91.00       86.00       95.00
        9.00       16.00       38.00       79.00       78.00       58.00       51.00       61.00       24.00       14.00
       68.00       97.00       42.00       83.00       81.00       53.00       18.00       33.00       76.00       30.00
       63.00       65.00       72.00       18.00       49.00       41.00       98.00       81.00       67.00       89.00
       83.00       11.00       97.00       77.00       70.00        7.00       49.00       53.00       90.00       79.00
       35.00       70.00       33.00       66.00       71.00       41.00       14.00       33.00       12.00       13.00
       24.00       69.00       86.00       33.00       11.00       20.00       60.00       66.00       24.00       18.00
       73.00       64.00       31.00       84.00       10.00       16.00       79.00       38.00       94.00       24.00
       56.00       19.00       38.00       73.00       92.00       10.00       71.00        7.00       90.00       25.00
       27.00       14.00       80.00       90.00       78.00       96.00       34.00       44.00       37.00       65.00
        0.00       23.00       57.00       97.00       18.00        5.00       14.00       34.00       47.00       53.00
       48.00       16.00        8.00       50.00       95.00       83.00       18.00       29.00       38.00       78.00
       81.00       58.00       53.00       44.00       45.00       98.00       37.00       91.00       63.00       69.00
       43.00       82.00       96.00       95.00       56.00       56.00       50.00       91.00       78.00       97.00
       49.00       32.00       22.00       12.00       76.00       10.00       20.00       73.00       28.00       70.00
        0.00       40.00       74.00       85.00       90.00       73.00       15.00       95.00       40.00       95.00
       85.00       46.00       95.00       69.00       25.00       82.00       36.00       92.00       48.00       81.00
       78.00       26.00       51.00       52.00        9.00       29.00       55.00       13.00       83.00       26.00
       81.00       29.00       13.00       63.00       77.00       80.00       39.00       29.00       79.00       85.00
       45.00       17.00       52.00        1.00       65.00       89.00       42.00       78.00       92.00       44.00
       52.00       36.00       93.00        9.00       12.00       90.00       82.00       22.00        7.00       47.00
        8.00       36.00       76.00       51.00       61.00        4.00       12.00       44.00        6.00        3.00
       17.00       29.00       15.00       11.00       27.00       13.00       22.00       10.00       25.00       29.00
       14.00       12.00       17.00       22.00       26.00       12.00       27.00       11.00       12.00       20.00
       28.00       13.00       13.00       27.00       26.00       13.00       21.00       15.00       10.00       12.00
       20.00       12.00       28.00       26.00       15.00       11.00       29.00       13.00       21.00       11.00
       23.00       18.00       18.00       11.00       26.00       22.00       22.00       14.00       15.00       25.00
       15.00       15.00       15.00       14.00       20.00       12.00       14.00       28.00       20.00       27.00
       18.00       29.00       29.00       25.00       15.00       13.00       22.00       25.00       23.00       13.00
       16.00       12.00       26.00       10.00       14.00
    22943.00    18466.00    23100.00     9233.00    11433.00     1829.00    17900.00     4194.00    19629.00    19272.00
    10276.00    12589.00    23480.00    11472.00     9925.00    13801.00    18758.00    17396.00    10702.00    10787.00
     6715.00    14160.00    14469.00    23314.00    17496.00     3519.00    20218.00     7666.00     8584.00    19875.00
      122.00       87.00      152.00      241.00      145.00       60.00      237.00       47.00      174.00       50.00
       23.00      176.00      134.00      130.00       46.00      149.00      227.00       51.00      234.00       76.00
      208.00      230.00       44.00       92.00      116.00      257.00      261.00      159.00      160.00      121.00
