   75   30
       97.00       91.00       91.00       69.00       87.00       76.00       24.00        3.00       78.00       67.00
       91.00       83.00       92.00       29.00       15.00        3.00       48.00        9.00       83.00       28.00
       78.00        4.00       65.00       34.00       26.00       82.00       27.00       56.00       52.00       73.00
       50.00       35.00       70.00       75.00       49.00       97.00       72.00       10.00       49.00        6.00
        7.00       57.00       85.00       60.00       46.00       21.00       12.00       50.00       30.00       29.00
       41.00       70.00       86.00       65.00       60.00       65.00       66.00       67.00       73.00       57.00
       34.00       70.00       96.00       75.00       14.00       56.00       79.00       85.00       63.00       41.00
       37.00        4.00       49.00       24.00       22.00       26.00       36.00       64.00       64.00        3.00
       98.00       68.00       60.00       74.00       41.00        3.00       92.00        6.00       79.00       69.00
        3.00       10.00       97.00       89.00       59.00       42.00       15.00        6.00       84.00        2.00
       18.00        4.00       31.00       86.00       16.00       65.00       48.00       58.00       60.00       62.00
       29.00       53.00       24.00       33.00       68.00       14.00       23.00       78.00       71.00       38.00
       33.00       95.00       67.00       72.00       33.00       32.00       39.00       97.00       77.00       22.00
       69.00       78.00       84.00       33.00       57.00       75.00       83.00       50.00       65.00       46.00
       57.00       67.00       95.00       77.00       94.00       56.00       98.00       27.00       99.00       47.00
       85.00       77.00       64.00       27.00       66.00       14.00       78.00       52.00       61.00       83.00
       21.00       20.00       44.00        5.00        2.00       60.00       16.00       32.00       94.00       21.00
       27.00       91.00       11.00       79.00       78.00       37.00       12.00       93.00       89.00        9.00
       32.00       68.00        1.00       78.00       74.00       20.00       59.00       18.00       11.00       47.00
       83.00       32.00       85.00       44.00       26.00       34.00        3.00       16.00       93.00       51.00
       61.00       96.00       45.00        4.00       43.00       49.00       26.00       82.00        1.00       23.00
       82.00       18.00       74.00       95.00       69.00       28.00       33.00        3.00       59.00       74.00
       51.00       68.00       91.00       60.00       24.00       58.00       34.00       81.00       13.00       31.00
       49.00       67.00       61.00       65.00       84.00        7.00       22.00       73.00       14.00       47.00
       98.00       47.00       26.00       73.00       71.00       82.00       15.00       53.00       77.00       76.00
       33.00       85.00       61.00       10.00        2.00       71.00       10.00       52.00       92.00       18.00
       48.00       31.00       28.00       45.00       41.00       90.00       64.00       34.00       56.00       97.00
       49.00       53.00       61.00       92.00       72.00       54.00       61.00       81.00       47.00       14.00
       11.00       15.00        2.00       66.00       46.00       19.00       61.00       51.00       34.00       37.00
       30.00       81.00       16.00       44.00       50.00       90.00       12.00        9.00       58.00       28.00
       94.00       17.00       67.00        5.00       62.00        5.00       76.00        1.00       74.00       42.00
       52.00        7.00        5.00       70.00       44.00       41.00       52.00       88.00       44.00       77.00
        1.00       50.00       82.00       66.00       20.00       94.00       19.00       42.00       55.00       32.00
       95.00       46.00       31.00       75.00       33.00       97.00       92.00       60.00        1.00       17.00
       33.00       15.00       96.00       65.00       99.00       61.00       89.00       46.00       69.00       60.00
       57.00        8.00       36.00       50.00       87.00       31.00       52.00        4.00       16.00       77.00
       16.00       43.00       60.00       52.00        1.00       62.00       42.00        7.00       58.00       53.00
       13.00       64.00       51.00       45.00       25.00       57.00       97.00       84.00       23.00       27.00
       28.00       26.00       34.00       91.00       79.00       19.00       88.00       93.00       98.00       96.00
        1.00        5.00       11.00       99.00       90.00       25.00       82.00       19.00       19.00       99.00
       84.00        3.00       81.00       64.00       35.00       80.00       67.00       87.00       73.00        9.00
       88.00       42.00        1.00       24.00       41.00       58.00       90.00       63.00       33.00       32.00
       36.00       88.00       16.00       75.00       19.00       31.00       78.00       52.00       93.00       33.00
       19.00       24.00       14.00       52.00       82.00        4.00       84.00       63.00       26.00       96.00
       67.00       77.00       78.00       59.00        5.00       42.00       71.00       27.00       44.00       12.00
       75.00       87.00       35.00        0.00       81.00       70.00       90.00       43.00       73.00       32.00
       96.00       42.00       26.00       17.00        6.00       67.00       95.00       28.00       89.00       37.00
       88.00       60.00       85.00        5.00       43.00       57.00       98.00       16.00       48.00        3.00
       33.00       18.00       72.00       59.00       57.00       49.00       96.00       10.00       40.00       12.00
       77.00       75.00       94.00       30.00       53.00        1.00       35.00       37.00        6.00       42.00
       33.00       43.00       17.00       92.00        3.00       81.00       89.00       27.00       79.00       30.00
       27.00       76.00       67.00       58.00       85.00       10.00       58.00       49.00       42.00       49.00
       51.00       89.00       45.00        1.00       33.00       31.00       45.00       84.00       97.00       76.00
        3.00       14.00       91.00       19.00       60.00       40.00       61.00       69.00       75.00       71.00
       90.00       16.00       90.00       21.00       74.00       33.00       81.00       63.00       82.00       15.00
       78.00       80.00       74.00        0.00       92.00       43.00        3.00       27.00       74.00       60.00
        1.00       19.00       82.00       72.00       32.00        5.00       39.00       88.00       68.00        4.00
       14.00        0.00       16.00       58.00       52.00        1.00       98.00       64.00       33.00        1.00
       69.00       58.00       42.00       28.00       26.00       40.00       82.00       43.00       33.00       49.00
       44.00        9.00       75.00       28.00       41.00        5.00       14.00       36.00       60.00       56.00
        1.00       96.00       76.00       37.00       83.00       83.00       54.00       63.00        0.00       99.00
       15.00       70.00       49.00       89.00       55.00       58.00       91.00       83.00       37.00       55.00
       95.00       75.00       87.00       97.00       65.00       85.00       83.00       63.00       89.00       48.00
        5.00        1.00        2.00       29.00       84.00       17.00       61.00       70.00       69.00       42.00
       58.00        8.00       10.00       74.00       46.00       17.00       15.00       69.00       21.00       72.00
       33.00       42.00        5.00       33.00       65.00       75.00       32.00       98.00       17.00       57.00
        2.00       72.00       40.00       15.00       82.00       58.00       16.00       85.00       59.00       45.00
       99.00       58.00       70.00       85.00        2.00       80.00       75.00       50.00        0.00       96.00
       35.00       26.00        0.00       82.00       20.00       98.00       71.00       82.00       56.00       95.00
       55.00       60.00       89.00       42.00        6.00       25.00       18.00       13.00        5.00       96.00
       31.00       85.00       77.00       16.00       47.00       45.00       81.00       15.00       43.00       92.00
       69.00        9.00       20.00       37.00       24.00       59.00       39.00       95.00       27.00       42.00
       34.00       32.00       16.00        4.00       78.00       87.00       26.00       96.00       54.00       97.00
       39.00       17.00       72.00       11.00       63.00        7.00       20.00       31.00       44.00       69.00
       49.00       49.00       58.00       16.00       27.00       68.00       44.00       72.00        2.00       97.00
       83.00       63.00       80.00       85.00       21.00       82.00       90.00       35.00        4.00       27.00
        4.00       89.00       60.00       27.00       19.00       96.00       50.00       10.00       36.00        5.00
       89.00       89.00       86.00       23.00       86.00       59.00       79.00       60.00       55.00       29.00
       94.00       23.00       20.00       41.00       24.00       55.00       98.00       51.00       38.00       13.00
       22.00       55.00       45.00       36.00       64.00       14.00       53.00       60.00       57.00       87.00
       60.00       55.00       21.00       87.00       37.00       16.00       49.00       17.00       62.00       23.00
        6.00       49.00       41.00       45.00       51.00       59.00       14.00       66.00       78.00       24.00
       27.00       48.00       41.00       51.00       24.00       64.00        3.00       77.00       95.00       72.00
       36.00       90.00       74.00       91.00       49.00       34.00       78.00       26.00       25.00        6.00
       31.00       43.00        1.00       61.00        9.00       80.00       14.00       83.00       17.00       65.00
       98.00       80.00       53.00       62.00        3.00       22.00       54.00       70.00       84.00       28.00
        8.00       49.00       67.00       52.00       76.00       48.00       86.00       62.00       78.00       53.00
       69.00       75.00        8.00       79.00       99.00        8.00       11.00       94.00       81.00       66.00
       14.00       23.00       98.00       56.00        7.00       78.00       29.00       13.00       16.00       22.00
       68.00       87.00        0.00       57.00       60.00       95.00       84.00       84.00       52.00       63.00
       97.00       92.00       19.00       11.00       83.00       63.00       13.00       42.00       96.00        2.00
       50.00       49.00        5.00       35.00       25.00       49.00       70.00       17.00       21.00        3.00
       58.00       67.00       70.00       88.00       19.00       10.00       55.00       27.00       29.00       79.00
       68.00       92.00       88.00       38.00       89.00       37.00       11.00        1.00       11.00       24.00
       61.00       68.00       53.00       57.00        8.00       18.00       28.00       21.00       16.00       97.00
       59.00        8.00       95.00       21.00       61.00       74.00       55.00       69.00       20.00       41.00
       63.00       39.00       63.00       63.00       96.00       85.00       75.00       11.00       18.00       71.00
       16.00       30.00       41.00        3.00       46.00        0.00       56.00       13.00       63.00       90.00
       10.00       37.00        4.00       79.00        9.00       74.00       65.00       99.00       40.00       47.00
       55.00       16.00       54.00       90.00       69.00       54.00       57.00       24.00       54.00       28.00
       92.00       27.00        5.00       43.00       16.00       67.00       21.00       76.00        0.00       86.00
       90.00       38.00       12.00       52.00       95.00        3.00       49.00       92.00       62.00       28.00
       50.00        3.00       89.00       17.00       85.00       84.00       24.00       99.00        1.00       47.00
       78.00       18.00       92.00       94.00       10.00       61.00        7.00       68.00       95.00       68.00
       10.00       24.00       74.00        9.00       70.00       56.00       52.00        3.00       31.00       12.00
       88.00       38.00        3.00       43.00       81.00       95.00       60.00       96.00       69.00       98.00
       50.00       40.00       84.00       47.00       44.00       72.00       18.00       89.00       76.00       65.00
       16.00       45.00       71.00       38.00       82.00        4.00       28.00       64.00       76.00       40.00
       41.00       44.00       30.00       16.00       56.00       26.00       17.00       87.00       98.00       25.00
       50.00        9.00       16.00       92.00       85.00       18.00       39.00       33.00       71.00       45.00
       30.00       62.00       63.00       62.00       85.00       64.00       90.00       88.00       20.00       85.00
       44.00        8.00       27.00       74.00       33.00       61.00       13.00       54.00       17.00       17.00
       34.00       91.00       20.00       51.00        7.00       88.00       76.00       69.00       37.00       24.00
       64.00       58.00       16.00       13.00       43.00       59.00       73.00       60.00       76.00       86.00
       74.00       30.00       16.00       38.00        9.00       59.00       94.00       80.00       16.00       82.00
       27.00       93.00       24.00       40.00       33.00        5.00       19.00       13.00       30.00       73.00
       65.00       65.00       49.00       67.00       23.00       21.00       94.00       65.00       72.00        8.00
       23.00       84.00        8.00        7.00       30.00       98.00       72.00       31.00       69.00       95.00
       51.00       10.00       26.00        9.00       37.00       41.00       51.00       12.00       43.00       47.00
        0.00       42.00       17.00       48.00       30.00       23.00       84.00       36.00       82.00       90.00
       37.00       13.00       19.00       29.00       34.00       22.00        5.00       90.00       68.00       95.00
       63.00       35.00       46.00       90.00       18.00       47.00       62.00       86.00       39.00       75.00
       62.00       73.00       19.00       20.00       53.00       40.00       69.00       87.00       72.00       58.00
        4.00       36.00       39.00        4.00       56.00       30.00       54.00       81.00       38.00       53.00
       18.00       29.00       40.00       44.00       73.00       19.00       43.00       73.00        3.00       89.00
       66.00       58.00       49.00       69.00        1.00       90.00        2.00       82.00       79.00       32.00
        5.00       34.00       87.00       84.00       66.00       33.00       32.00       54.00       66.00       87.00
        8.00       62.00        7.00       85.00       17.00       74.00       42.00       44.00       64.00       41.00
       84.00       90.00        7.00       84.00       72.00       14.00       38.00       70.00       60.00       87.00
       31.00       40.00       40.00       60.00       87.00        8.00       25.00       75.00       50.00       31.00
       56.00       43.00       70.00       29.00       89.00       88.00       65.00       88.00        9.00       60.00
       79.00       87.00       43.00       52.00       43.00       39.00       90.00       82.00        1.00       13.00
       89.00       41.00       49.00        7.00       79.00       81.00       89.00       62.00       40.00       30.00
       14.00       53.00        4.00       47.00       63.00        0.00       87.00       37.00       12.00       62.00
       70.00       12.00       13.00       38.00       38.00       59.00       55.00       69.00       53.00       50.00
       42.00       10.00       19.00        5.00       11.00       37.00       64.00       89.00       10.00       90.00
       49.00       20.00       38.00       71.00       83.00        0.00        2.00       57.00       89.00        3.00
       39.00       80.00       65.00       90.00       22.00        3.00       43.00       21.00       34.00       81.00
        5.00       90.00       94.00       85.00       46.00       13.00       52.00       46.00       80.00       27.00
       93.00       19.00       12.00       90.00       36.00       97.00       58.00       98.00       84.00       19.00
       49.00       32.00       81.00       40.00       75.00       37.00       89.00       79.00       48.00       71.00
       73.00       43.00       81.00       74.00       67.00        1.00       36.00       71.00       59.00       61.00
       55.00       83.00       15.00       65.00        3.00       11.00       31.00        5.00       84.00       37.00
       86.00       41.00       92.00       44.00       30.00       49.00       23.00       41.00       31.00       48.00
       62.00       64.00       70.00       84.00       10.00       71.00       52.00       55.00       19.00       62.00
       76.00       21.00       57.00       97.00       78.00       27.00       13.00       75.00       46.00       30.00
       11.00       12.00       62.00       13.00        6.00       30.00       31.00       25.00       75.00       40.00
       91.00       78.00       11.00       80.00       27.00       94.00       11.00       49.00       20.00       80.00
       94.00       38.00        0.00       75.00        0.00       55.00       19.00       92.00       52.00       98.00
       13.00       67.00       79.00       14.00       49.00       62.00       49.00       56.00       83.00       98.00
       38.00       19.00       44.00       24.00       37.00       23.00       53.00       25.00       95.00       76.00
       20.00       47.00       27.00       27.00       84.00       81.00       36.00       92.00        0.00       32.00
       45.00       20.00       66.00       72.00       21.00       36.00       61.00       50.00       46.00       62.00
       41.00        8.00       62.00       12.00       93.00       25.00        0.00       18.00       58.00       87.00
       68.00       17.00       83.00       59.00       51.00       31.00       35.00       11.00       62.00       91.00
       16.00        5.00       38.00        3.00       44.00       62.00       64.00       65.00       93.00       76.00
       88.00       60.00       15.00        7.00       40.00        4.00       71.00        8.00       78.00       15.00
       61.00       53.00       25.00       36.00       18.00       59.00       66.00       23.00       15.00       47.00
       16.00       85.00       89.00       54.00       90.00       35.00       92.00       16.00       24.00       91.00
       20.00       73.00       33.00       36.00       70.00       56.00        5.00       24.00       43.00       85.00
       64.00       87.00       82.00       58.00       56.00       94.00       15.00       24.00       39.00       52.00
       39.00       81.00       78.00       54.00       72.00       11.00       78.00       25.00       59.00       73.00
       11.00        0.00       95.00       12.00        8.00       51.00       23.00       29.00       35.00       53.00
        0.00       53.00       70.00       32.00       48.00       95.00       41.00       52.00       43.00       67.00
        4.00       38.00       80.00       17.00       71.00       28.00       49.00       90.00       99.00        7.00
       98.00       33.00       27.00       75.00       53.00       99.00        5.00       36.00       48.00       10.00
       48.00       18.00       65.00       97.00       24.00       68.00       90.00       21.00       53.00       69.00
       50.00       38.00       65.00       77.00       62.00       69.00       60.00       82.00       31.00       94.00
       65.00       38.00       67.00       57.00       67.00        1.00        7.00       77.00       86.00       99.00
       74.00       94.00        5.00       96.00       90.00       87.00       73.00       41.00       43.00       51.00
       57.00        2.00       64.00       20.00       88.00       36.00       67.00       64.00       51.00       44.00
       61.00       11.00        4.00       97.00       29.00       67.00       16.00       59.00       50.00       22.00
       77.00       18.00       82.00       86.00        8.00       13.00       57.00       77.00       80.00       16.00
       48.00       64.00       11.00        8.00       95.00       35.00       11.00       58.00       30.00       36.00
       94.00       87.00        9.00       14.00       63.00       89.00       53.00       46.00       52.00       29.00
       55.00       50.00       73.00       48.00       12.00        4.00        4.00       41.00       78.00       10.00
       24.00       84.00       49.00       98.00       63.00       40.00       28.00       41.00       36.00       57.00
       40.00       35.00       80.00       34.00       79.00       62.00        7.00       40.00        9.00       37.00
       47.00       90.00       75.00        9.00       36.00       16.00       54.00       75.00       79.00        3.00
       94.00       14.00        3.00       59.00       96.00       51.00       57.00       52.00       33.00       29.00
       35.00       21.00       42.00       17.00       43.00       56.00        0.00        2.00       16.00        2.00
       76.00       46.00       64.00       19.00       41.00       87.00       94.00       21.00       57.00       39.00
       64.00       68.00       76.00        1.00       33.00       79.00       43.00       85.00       25.00       94.00
       55.00       29.00       44.00       13.00       36.00       53.00       58.00       73.00       33.00       65.00
       89.00       47.00       35.00       37.00       56.00       90.00       67.00        4.00       46.00       37.00
       21.00       45.00       30.00       56.00       25.00       72.00       43.00        3.00       51.00       20.00
       95.00       17.00       22.00        5.00       68.00       68.00       75.00       21.00       43.00       52.00
       70.00       68.00       40.00       75.00       72.00       39.00       73.00       78.00       43.00       18.00
       53.00       11.00        2.00       53.00       90.00       34.00       70.00       12.00       84.00       17.00
       81.00       38.00       83.00       67.00       41.00       59.00       81.00       94.00       68.00       15.00
       59.00       10.00       29.00       16.00        3.00        5.00       78.00       38.00       52.00       55.00
       41.00       23.00       46.00       64.00       13.00       35.00        2.00       17.00       72.00       92.00
       22.00       27.00        3.00       83.00        2.00       92.00       97.00       26.00       20.00       75.00
       78.00       34.00        7.00       12.00       62.00       96.00       27.00       82.00       50.00       83.00
       26.00       92.00       11.00       49.00       23.00       89.00       18.00       74.00       64.00       69.00
       21.00       70.00       39.00       66.00       89.00       58.00       52.00       36.00       56.00       80.00
       92.00       65.00       23.00       94.00       33.00       71.00       47.00       85.00       79.00       73.00
       86.00       83.00       17.00       58.00       86.00       61.00       49.00       54.00       37.00       62.00
       16.00        3.00       35.00       88.00       37.00       86.00       18.00       29.00       30.00       43.00
       63.00       28.00       71.00       94.00       76.00       16.00       22.00       49.00       94.00       43.00
       43.00       70.00       94.00        9.00       44.00       20.00       74.00       60.00       56.00        0.00
       46.00        6.00       40.00       80.00       65.00       77.00       33.00       67.00       72.00       21.00
       22.00       55.00       45.00       16.00       97.00       63.00       65.00       37.00        4.00       55.00
       41.00       19.00       20.00       88.00       82.00       92.00       12.00       45.00       66.00       84.00
       44.00       41.00       75.00       19.00       63.00        9.00       88.00       50.00       62.00        9.00
       38.00       21.00        8.00       12.00        6.00       23.00       79.00       50.00       71.00        2.00
       50.00       49.00       58.00       44.00       30.00       64.00       64.00       25.00       23.00       96.00
       32.00        6.00       79.00       64.00        8.00       28.00       50.00       48.00       13.00       10.00
       77.00       38.00        8.00       78.00       59.00       52.00       30.00       66.00       91.00        4.00
       31.00       68.00       72.00       37.00       42.00       38.00        7.00       61.00       61.00       60.00
       70.00       37.00       22.00       36.00       95.00       32.00       84.00       70.00       12.00        3.00
       78.00       43.00       45.00        1.00       78.00       98.00       38.00       12.00       83.00       97.00
       76.00       47.00       36.00        2.00       27.00       76.00       21.00        7.00        5.00       62.00
       96.00       11.00       36.00       29.00       63.00       18.00       92.00       77.00       97.00       94.00
        0.00       28.00       52.00       22.00       55.00       71.00       50.00       53.00        1.00       29.00
        7.00        4.00       43.00       75.00       34.00       83.00       12.00       68.00       53.00       40.00
       93.00       77.00       97.00       55.00        0.00       33.00       66.00       35.00       40.00        9.00
       95.00       58.00        7.00       28.00       31.00        6.00        9.00       42.00       30.00       72.00
       97.00       36.00       26.00       12.00       70.00       59.00       24.00        0.00       66.00       66.00
       26.00       14.00       59.00       37.00       98.00       26.00       29.00        5.00       19.00        2.00
       72.00        9.00       81.00       32.00       70.00       53.00       42.00       40.00       29.00       33.00
       27.00       48.00       66.00       65.00       44.00       79.00       99.00       42.00       61.00       55.00
       72.00       71.00       57.00       93.00        7.00       97.00       37.00       23.00       85.00        2.00
       89.00       72.00       92.00       31.00       14.00       98.00       66.00        4.00       44.00       55.00
       51.00       85.00       58.00       32.00       39.00       48.00       45.00        4.00       43.00       39.00
       23.00       29.00       11.00       11.00       28.00       22.00       13.00       26.00       14.00       16.00
       26.00       17.00       17.00       22.00       17.00       23.00       16.00       17.00       22.00       22.00
       26.00       24.00       22.00       28.00       22.00       20.00       10.00       15.00       25.00       24.00
       18.00       27.00       13.00       16.00       21.00       14.00       16.00       18.00       28.00       29.00
       22.00       13.00       20.00       10.00       24.00       26.00       14.00       28.00       10.00       15.00
       21.00       10.00       18.00       15.00       25.00       26.00       15.00       21.00       16.00       22.00
       22.00       12.00       15.00       24.00       19.00       16.00       15.00       25.00       11.00       28.00
       27.00       10.00       19.00       12.00       12.00
     3455.00    15537.00     9015.00     1899.00    16746.00     8298.00     5213.00     6813.00     9293.00     5708.00
     4705.00     6636.00     8959.00    10547.00     1900.00     5309.00    11276.00     6744.00     7273.00    10767.00
    13790.00    12116.00    10624.00    13881.00    12755.00    10494.00    16589.00     8417.00    10302.00     9647.00
      154.00       97.00      165.00       35.00      126.00       26.00       57.00       73.00       42.00       58.00
       33.00      177.00      106.00       33.00      118.00       72.00      129.00      131.00      106.00      115.00
       68.00      184.00      135.00       60.00      124.00      145.00      143.00       80.00       62.00      117.00
