   20   10
       34.00       78.00       31.00       70.00       45.00        9.00       50.00       22.00       70.00       25.00
       36.00       73.00       11.00       99.00       32.00       35.00       81.00       92.00       64.00       26.00
       82.00       64.00       81.00       74.00        6.00       62.00       61.00       87.00       51.00       36.00
        9.00       10.00       63.00       80.00       78.00       97.00       45.00       17.00        9.00       47.00
       84.00       72.00       77.00       81.00       92.00       85.00       61.00       81.00       63.00       85.00
       98.00        0.00       89.00       11.00       90.00       16.00       90.00       45.00       55.00       90.00
       52.00        8.00       63.00       56.00       74.00       29.00       82.00       53.00       69.00       83.00
       32.00       63.00       70.00       61.00       22.00       32.00       42.00       21.00       17.00       83.00
       91.00       27.00       60.00       43.00       26.00       81.00       40.00       44.00       18.00        3.00
       99.00       81.00       58.00       12.00       95.00       19.00        5.00       10.00       80.00       95.00
       84.00       86.00       63.00       60.00       72.00       79.00       47.00       32.00       76.00       58.00
       80.00       99.00       99.00       41.00       53.00       45.00       45.00       30.00       33.00       21.00
        7.00       37.00       12.00       75.00       46.00       49.00       14.00        3.00       40.00       37.00
       94.00        1.00       80.00       12.00       11.00       20.00       31.00       89.00       65.00       57.00
       84.00        0.00       40.00       27.00       72.00       82.00       68.00       18.00       23.00       21.00
       30.00        0.00       74.00       26.00       50.00       56.00       67.00       76.00       43.00       53.00
       13.00       53.00       32.00       64.00       69.00       50.00       41.00       20.00       86.00       37.00
       24.00       47.00       28.00        7.00       98.00       11.00       44.00       32.00       81.00       88.00
       60.00       20.00       53.00       28.00       30.00       30.00        4.00       74.00       47.00        7.00
       11.00       58.00        6.00       31.00       88.00       94.00       88.00       94.00       81.00       27.00
       27.00       35.00       11.00       11.00       32.00       28.00       34.00       33.00        6.00       23.00
       26.00       22.00       27.00       24.00       11.00       22.00       21.00       15.00       17.00       30.00
      840.00      789.00     1090.00      739.00      563.00      207.00      671.00      834.00      300.00      437.00
      111.00       76.00       76.00       53.00       53.00       36.00       79.00       72.00       54.00       30.00
