   90   30
       28.00       13.00       34.00       83.00        8.00       75.00       69.00       38.00       51.00        7.00
       22.00       93.00       82.00       47.00        9.00       69.00       30.00       96.00        1.00       46.00
       69.00       75.00       88.00       69.00       49.00       81.00       53.00       79.00       58.00       30.00
       19.00       79.00        5.00       91.00       16.00       99.00       91.00       49.00       55.00       99.00
       26.00       29.00       25.00       24.00       18.00       97.00       50.00       15.00       18.00       97.00
       49.00       32.00        6.00        0.00       20.00       37.00       67.00       82.00       15.00       46.00
       76.00       38.00       88.00       60.00       84.00       17.00       32.00       20.00       99.00       20.00
       30.00       45.00       85.00        8.00        3.00       59.00       23.00       13.00       10.00       11.00
       22.00       29.00       41.00       44.00       52.00       54.00       15.00       57.00       58.00       87.00
       65.00       89.00       66.00       19.00       75.00       95.00       86.00       56.00        0.00        7.00
       85.00       70.00       85.00        0.00       82.00       76.00       67.00       97.00       76.00       62.00
       18.00       90.00       19.00       30.00       68.00       55.00        3.00       28.00       25.00        8.00
        7.00       78.00       62.00       96.00       26.00       24.00       44.00       42.00       91.00       67.00
       37.00       98.00       36.00       49.00       86.00       45.00       83.00       10.00       77.00       68.00
       41.00       30.00       24.00       87.00       45.00       29.00       21.00       22.00       88.00       81.00
       78.00       22.00        8.00       74.00       14.00       86.00       38.00       21.00       84.00       67.00
       41.00        0.00       56.00       14.00       76.00       72.00       68.00       14.00       64.00       25.00
       40.00       30.00       71.00       19.00        4.00       47.00       99.00       47.00       88.00       79.00
       75.00       37.00       71.00       84.00       69.00       38.00       80.00        7.00       72.00       97.00
        6.00       38.00       41.00       97.00       71.00       55.00       63.00       25.00       44.00       96.00
       13.00       81.00       12.00       70.00        1.00       47.00       55.00       14.00       39.00       98.00
       57.00       39.00       65.00       90.00       78.00       37.00        7.00       77.00       63.00       37.00
       83.00       53.00       45.00       30.00       54.00       94.00       93.00       99.00       94.00       58.00
       97.00       34.00       26.00       79.00       99.00        8.00       55.00       53.00        0.00       40.00
       84.00       88.00       12.00       98.00       97.00       97.00       46.00       76.00       51.00       37.00
       19.00       84.00       11.00       11.00       60.00       20.00        5.00       16.00       31.00        6.00
       98.00       88.00       87.00       28.00       14.00       64.00       53.00       89.00       42.00       88.00
       83.00       81.00       16.00       14.00       39.00       28.00       44.00       87.00       94.00       53.00
       41.00        9.00       50.00       85.00       84.00        7.00       32.00       92.00       81.00       84.00
       95.00       14.00       43.00        2.00       44.00       30.00       97.00       21.00       75.00       92.00
       57.00       24.00       73.00       98.00       75.00       67.00       19.00       83.00       16.00       53.00
       15.00       73.00       27.00       24.00        5.00        7.00       14.00       96.00       67.00       35.00
       28.00        9.00       89.00       40.00       33.00       51.00       73.00       48.00        4.00       79.00
       17.00       23.00       80.00       49.00       62.00       55.00       65.00       29.00       33.00       96.00
       60.00       56.00       75.00       96.00       70.00       57.00       85.00       47.00       99.00       49.00
       92.00       40.00       54.00       93.00       21.00       84.00        5.00       55.00       53.00       45.00
       79.00        7.00       76.00       19.00       78.00       68.00       66.00       23.00       48.00       75.00
       61.00       80.00       58.00       25.00       15.00       37.00       43.00       24.00       38.00       32.00
       26.00       55.00       62.00        6.00       28.00       33.00       92.00       22.00       36.00        2.00
       35.00       38.00       74.00       18.00       99.00       47.00        3.00        4.00       23.00       77.00
       48.00       72.00       80.00       27.00       27.00       54.00       49.00       65.00       29.00       83.00
       58.00       16.00       63.00       21.00       50.00       33.00       80.00       16.00        6.00       12.00
       35.00       45.00       45.00       99.00       53.00       66.00       81.00        1.00       95.00       96.00
       95.00       95.00       52.00       77.00       66.00       10.00       22.00        6.00       62.00        6.00
       23.00       35.00       91.00       87.00       68.00       69.00       56.00       29.00        0.00       23.00
       61.00       91.00       50.00        5.00       81.00       55.00       91.00       49.00       67.00        7.00
       77.00        0.00       69.00       62.00        5.00       44.00       94.00       80.00       31.00       12.00
       16.00       37.00       29.00       24.00       30.00       59.00       84.00       39.00        3.00        5.00
       40.00       25.00       58.00       75.00       63.00       71.00       14.00       86.00       72.00        5.00
       47.00       22.00       61.00       92.00       53.00       67.00       14.00       13.00       37.00       68.00
       81.00       68.00       44.00       93.00       63.00       33.00       16.00       78.00       38.00       91.00
       36.00       77.00       13.00       87.00       94.00       61.00       94.00       98.00       92.00       29.00
       94.00       15.00       64.00       30.00       42.00       62.00       80.00        2.00       48.00       23.00
       67.00       86.00       33.00       38.00       54.00       61.00       53.00       91.00       39.00       19.00
       44.00       97.00       24.00       66.00       93.00       66.00       63.00       25.00       95.00       10.00
       32.00       74.00       65.00        4.00        6.00       45.00        3.00       18.00        7.00       66.00
       35.00       99.00       53.00       25.00       85.00       54.00       26.00       85.00       36.00       68.00
       37.00       86.00        4.00       50.00       62.00       97.00       13.00       10.00       61.00       22.00
       59.00       96.00       27.00       67.00        2.00       36.00       10.00       12.00       11.00       86.00
       12.00       62.00       65.00       62.00       64.00       55.00       70.00       15.00       14.00       63.00
       62.00       73.00       97.00       13.00        4.00       59.00       63.00        0.00       69.00       60.00
       80.00       87.00       11.00       14.00       43.00        8.00       35.00       20.00       63.00        6.00
       22.00        8.00       98.00       97.00       89.00       24.00       66.00       26.00       57.00       86.00
       45.00       47.00       91.00       62.00       55.00       64.00       15.00       50.00       69.00       11.00
       18.00       50.00       10.00       37.00       13.00       87.00       19.00       51.00        4.00        4.00
       98.00       29.00       76.00       45.00       93.00       84.00       20.00       89.00       25.00       69.00
       53.00        0.00       22.00       43.00       92.00       31.00       92.00       33.00       95.00       68.00
       42.00       68.00       76.00        5.00       42.00       66.00       65.00        7.00       67.00        7.00
       61.00       82.00       99.00       15.00       98.00       74.00       45.00       39.00       29.00       53.00
        5.00       92.00       98.00       57.00       17.00       14.00       49.00       17.00       43.00       43.00
       89.00       72.00       70.00       16.00       22.00       42.00       63.00       47.00        1.00       33.00
       74.00       38.00       68.00       88.00       97.00       28.00        0.00       89.00       27.00       83.00
       50.00        5.00       67.00       86.00       70.00       24.00       79.00       76.00       52.00        2.00
       86.00       47.00       27.00       40.00       60.00        4.00       96.00       71.00       59.00       36.00
       90.00       92.00        0.00       64.00       98.00       97.00       72.00       60.00       81.00        0.00
       38.00       43.00       79.00       27.00       72.00       19.00       81.00       37.00       30.00        0.00
        7.00        7.00       51.00       28.00       25.00       68.00       48.00       85.00       96.00       94.00
       16.00       66.00       39.00       75.00       77.00       59.00       35.00       30.00       50.00       34.00
       24.00       38.00       96.00       50.00       70.00       90.00       79.00       40.00       81.00       97.00
       63.00       13.00       28.00       98.00       16.00       98.00       84.00       68.00       91.00       17.00
       85.00        4.00       16.00       51.00       89.00       43.00       12.00       50.00       74.00       46.00
       11.00        1.00       99.00       48.00       45.00       39.00       40.00       61.00       45.00       77.00
       55.00       72.00       47.00       94.00       40.00       81.00        6.00       99.00       92.00       69.00
       67.00       64.00       84.00       89.00       41.00       83.00       20.00       25.00       84.00       20.00
       20.00       49.00       77.00       45.00       61.00       92.00       52.00       51.00       66.00       95.00
       27.00       38.00       24.00       99.00       24.00       78.00       79.00        5.00       95.00        3.00
       23.00       18.00       81.00       93.00       76.00       27.00       71.00       36.00       44.00       14.00
       48.00        7.00       92.00       84.00       23.00       75.00       53.00       52.00        8.00       31.00
       87.00       44.00       78.00       12.00       44.00       81.00        9.00       57.00       93.00       63.00
        6.00       11.00       36.00       78.00       60.00       76.00        5.00       88.00       85.00       62.00
       12.00       72.00       29.00        4.00       16.00       38.00       70.00       34.00        3.00       24.00
       27.00       27.00        3.00       49.00       52.00       64.00        9.00       88.00       90.00       73.00
       41.00       87.00       10.00       55.00       78.00       31.00       55.00       90.00       75.00       35.00
       59.00       94.00       10.00       28.00       28.00       56.00       32.00       42.00       89.00       93.00
       23.00       23.00       45.00       96.00       73.00       43.00       99.00       44.00       48.00       58.00
       29.00       27.00       90.00       54.00       27.00       94.00       79.00       75.00       40.00       18.00
       53.00       24.00       69.00       43.00       59.00       79.00       19.00       66.00       89.00       66.00
       98.00       51.00       13.00       81.00       24.00       94.00       18.00       53.00       69.00       76.00
       25.00       96.00       61.00       72.00       23.00       80.00       24.00       20.00       58.00       24.00
       12.00       45.00       64.00        0.00       89.00        1.00       17.00       88.00       48.00       89.00
       48.00       25.00       65.00       41.00       59.00       46.00       47.00       88.00       21.00       97.00
       10.00       69.00       40.00       74.00       96.00       18.00       29.00       27.00       18.00       53.00
       17.00       13.00       92.00       62.00       98.00        5.00       91.00       40.00       78.00       86.00
       36.00       38.00       80.00       76.00        5.00       20.00       31.00       86.00       22.00       44.00
       25.00       85.00       68.00        7.00       32.00       32.00       14.00       26.00       10.00       96.00
       73.00       42.00       46.00       90.00       24.00       65.00        1.00       69.00       46.00       10.00
       70.00       70.00       78.00       77.00       67.00       15.00       83.00       80.00       88.00       83.00
       81.00       35.00       34.00       21.00       89.00       58.00       71.00       74.00       73.00       16.00
       81.00       32.00        4.00       68.00       20.00       22.00       76.00       55.00       84.00       16.00
       22.00       43.00       61.00        5.00       39.00       26.00        5.00       85.00       10.00       39.00
       73.00       37.00       78.00       40.00       12.00       99.00       16.00       65.00       66.00       76.00
        1.00       60.00       64.00       22.00       71.00       38.00        0.00       94.00       40.00       37.00
       17.00       62.00       88.00       48.00       51.00       24.00       62.00       62.00       95.00       68.00
       48.00       46.00       14.00       67.00       90.00       41.00       86.00        6.00       91.00       56.00
       62.00       78.00        1.00       86.00       94.00       94.00       86.00       93.00       34.00        7.00
       29.00       20.00       32.00       15.00        9.00       15.00       77.00       26.00       61.00       13.00
       55.00       88.00        6.00       81.00       28.00        8.00       19.00       26.00       42.00       21.00
       53.00       33.00       40.00       87.00       48.00       75.00       18.00       20.00        5.00        1.00
       55.00       79.00       82.00       19.00       20.00       76.00       50.00       15.00       13.00       77.00
       22.00       65.00       10.00       13.00       42.00       51.00       14.00       11.00       91.00       85.00
       28.00       16.00       41.00       83.00       15.00       79.00       92.00       64.00       91.00       13.00
       37.00       59.00       81.00       46.00       61.00       53.00       34.00       37.00       74.00       97.00
       69.00       11.00        8.00       55.00       97.00       53.00       63.00       96.00       60.00       46.00
       52.00       16.00       53.00       55.00       94.00       70.00       40.00       96.00       56.00       45.00
       83.00       27.00       37.00       97.00       18.00       61.00       51.00       47.00       90.00       82.00
       42.00       90.00       88.00       30.00       52.00       78.00       65.00       58.00       22.00       82.00
       39.00       99.00       75.00       19.00       86.00       92.00       45.00       37.00        3.00       48.00
       36.00       63.00       70.00       62.00        9.00       71.00       57.00       93.00       59.00       27.00
       62.00       89.00       13.00        2.00       54.00        0.00       64.00       83.00       73.00       22.00
       22.00        7.00        9.00       73.00       54.00        2.00       59.00       77.00       29.00        8.00
       28.00       12.00        2.00       20.00       43.00       56.00        5.00       70.00       74.00       31.00
       18.00       29.00       85.00       27.00       47.00       23.00       81.00       58.00       23.00       72.00
       90.00       82.00       17.00       98.00       16.00       91.00        9.00       73.00       61.00       49.00
       79.00       86.00       75.00       31.00       97.00       72.00        3.00       91.00       26.00        9.00
       32.00       79.00       83.00       90.00       58.00       57.00       99.00       20.00       25.00        6.00
       86.00        4.00       98.00       15.00        4.00       13.00       91.00       89.00       82.00       49.00
       47.00       41.00       25.00       55.00       41.00       16.00       37.00       27.00       60.00       92.00
       21.00       36.00       80.00       57.00       33.00       51.00       38.00       33.00       24.00       42.00
       73.00       14.00       80.00       91.00       88.00       41.00       34.00       38.00       49.00       24.00
       37.00       49.00       28.00       77.00       97.00       77.00       56.00       45.00       14.00       52.00
       37.00       25.00       87.00       28.00       53.00        6.00       69.00       62.00       43.00       99.00
       77.00       16.00       50.00       18.00        7.00       99.00       63.00       23.00        2.00       88.00
       94.00       66.00       64.00       98.00       80.00       74.00       22.00       95.00       89.00       65.00
       89.00       66.00       67.00       99.00       72.00       89.00       70.00       80.00       17.00       73.00
       54.00       95.00        9.00       49.00       18.00       22.00       42.00       52.00       38.00       66.00
       55.00       10.00       14.00        7.00       75.00       26.00       38.00       41.00       27.00       30.00
       44.00       88.00        0.00       43.00       95.00       63.00       69.00       57.00       40.00       54.00
       27.00       41.00       11.00       49.00       71.00       28.00       73.00       98.00       35.00       26.00
       36.00       17.00       85.00       80.00       84.00       52.00        5.00       66.00       98.00       79.00
       36.00       85.00       60.00       93.00       57.00       11.00       76.00       12.00       21.00       96.00
       53.00       18.00       71.00       28.00       16.00       85.00       10.00       20.00       48.00       85.00
        6.00       51.00       94.00       64.00       35.00        3.00       64.00       26.00       15.00       57.00
       17.00       82.00       71.00       41.00       13.00       27.00       45.00       56.00       76.00       80.00
       20.00        2.00       89.00       78.00       45.00        0.00       32.00       16.00       76.00       71.00
       11.00       87.00       52.00       15.00       58.00       38.00       96.00       14.00        1.00       70.00
       85.00       43.00       13.00       34.00       56.00       59.00       15.00        6.00       20.00       14.00
       71.00       45.00        5.00       99.00       12.00       60.00       67.00       27.00       81.00       49.00
       12.00        7.00       66.00       77.00       42.00       56.00       85.00       13.00        6.00       77.00
       26.00       42.00       23.00       71.00       65.00       14.00        9.00       81.00       13.00        9.00
       12.00       79.00       50.00       26.00       65.00       42.00       72.00        6.00       81.00       86.00
       49.00       84.00       64.00       34.00       56.00       96.00       17.00       72.00       44.00        5.00
       53.00       87.00       58.00       17.00       58.00       95.00       13.00       91.00       48.00       26.00
       91.00       86.00       27.00       99.00       12.00       84.00       37.00       16.00        6.00       75.00
       54.00       55.00       81.00       10.00       74.00       37.00       55.00       51.00       94.00       12.00
       14.00       72.00       74.00       68.00        1.00       89.00       43.00       71.00       58.00       27.00
       92.00       94.00       68.00       53.00       42.00       76.00       66.00       24.00        5.00       34.00
       35.00       43.00       74.00       20.00       83.00       11.00       83.00       82.00       77.00       16.00
       62.00       81.00       86.00       12.00       51.00       74.00       46.00       67.00       54.00       63.00
       62.00       77.00       54.00       67.00        0.00       92.00        7.00       66.00       34.00       91.00
        4.00       39.00       68.00        4.00       54.00       70.00       22.00       62.00       30.00       13.00
       69.00       32.00       83.00       37.00       60.00       69.00       19.00       88.00       68.00       79.00
       92.00       36.00       47.00       87.00       49.00        2.00       77.00       54.00       46.00       83.00
       47.00       74.00       14.00        6.00       98.00       68.00       32.00        0.00       27.00       31.00
       53.00       54.00       16.00        9.00       94.00       96.00       50.00       27.00       59.00       23.00
       30.00       69.00       78.00       63.00       98.00       96.00       88.00       41.00       27.00       55.00
       59.00       92.00       47.00        4.00       68.00       36.00        6.00       64.00       67.00        8.00
       87.00       78.00       89.00       10.00       39.00       22.00        4.00       26.00       78.00       11.00
       99.00       23.00       79.00       97.00       60.00       19.00       58.00       34.00       82.00        1.00
       14.00       81.00       16.00       14.00       89.00       52.00       43.00       63.00       58.00       36.00
       42.00       99.00       52.00       54.00       73.00       65.00       92.00       14.00       97.00       50.00
       78.00       92.00       19.00       59.00       49.00       43.00        9.00       86.00       33.00       25.00
       41.00       81.00       36.00       83.00       61.00       26.00       37.00       33.00       67.00       49.00
        5.00       46.00       65.00       79.00       32.00        3.00       37.00       81.00       69.00       96.00
       28.00       47.00       95.00       79.00       44.00       34.00       60.00        3.00       17.00       49.00
       90.00       83.00       71.00       60.00       28.00       79.00       13.00       57.00       66.00        5.00
       16.00       87.00       85.00       74.00       65.00       62.00        1.00       63.00       13.00        3.00
       98.00       45.00       27.00       50.00       86.00       26.00       50.00       79.00       19.00       90.00
        1.00       98.00       56.00       16.00       79.00       96.00       61.00       57.00       64.00       93.00
       63.00       67.00       13.00       96.00       22.00       17.00       97.00       66.00       90.00       60.00
       31.00       53.00       41.00        5.00       99.00       45.00       17.00       29.00       60.00       57.00
       15.00       33.00        2.00       28.00       20.00       24.00       68.00       26.00       43.00       69.00
       79.00       74.00       25.00       60.00       32.00       30.00       25.00       89.00       37.00       13.00
       94.00       17.00       20.00       33.00        0.00       89.00       19.00       76.00       65.00       23.00
       47.00       58.00       28.00       81.00       84.00       39.00       31.00       98.00       41.00       68.00
       16.00       36.00       95.00       94.00       60.00       67.00       94.00       69.00       91.00       19.00
       86.00       30.00       67.00       45.00        6.00       27.00       10.00       76.00       38.00       39.00
       20.00       90.00       29.00        3.00       20.00       97.00       35.00       36.00       99.00       22.00
        0.00       19.00       59.00       45.00       25.00        3.00       88.00       15.00       68.00       25.00
        0.00       57.00       68.00       49.00       25.00       50.00       16.00       95.00       42.00       12.00
       79.00       85.00       82.00       51.00       77.00       44.00       41.00       64.00       64.00       26.00
       95.00       73.00       45.00       56.00       86.00       51.00       55.00        5.00       39.00       70.00
       72.00       36.00       21.00       69.00       31.00        6.00       46.00       29.00       72.00       80.00
        5.00       10.00       39.00       22.00       61.00       70.00        7.00       60.00       27.00       81.00
        6.00       25.00       51.00       18.00       72.00       35.00       49.00       77.00       42.00       57.00
       54.00       44.00       72.00       75.00        6.00       35.00       45.00       42.00       65.00       71.00
       98.00        2.00       43.00       51.00       90.00       10.00       78.00       53.00       85.00       61.00
       99.00       63.00       19.00       50.00       61.00       18.00       79.00       92.00       34.00       11.00
       20.00       74.00       85.00       89.00       84.00       39.00       94.00       57.00        5.00        2.00
       82.00       58.00       13.00       64.00       34.00       83.00       74.00       64.00       66.00       48.00
       25.00       87.00       64.00       44.00       83.00       24.00       79.00       26.00       61.00       44.00
       63.00        9.00       93.00       24.00       94.00       98.00       71.00       60.00       12.00       51.00
       28.00       38.00       57.00       64.00       37.00       45.00       94.00       20.00       10.00       55.00
       69.00       47.00       89.00        8.00       16.00       75.00        3.00       76.00       19.00       87.00
       10.00       85.00       95.00       96.00       42.00       29.00       57.00        9.00       44.00       96.00
       71.00       52.00       56.00        4.00        9.00       54.00       88.00        6.00       74.00       45.00
       88.00        9.00       40.00       81.00       89.00       22.00       34.00       24.00        8.00       37.00
       57.00       37.00       19.00       92.00       24.00       62.00       18.00       66.00       57.00        1.00
       63.00       36.00       67.00       10.00       53.00       61.00       21.00       87.00       81.00       88.00
       63.00        7.00       72.00        4.00       46.00       26.00       83.00       58.00       82.00       74.00
       48.00       46.00       30.00        6.00       78.00       18.00       82.00       66.00       48.00       69.00
       91.00       94.00       37.00       99.00       83.00       94.00        7.00       72.00       33.00       14.00
       32.00        8.00       84.00       23.00        0.00       75.00       62.00       99.00       79.00       75.00
       12.00       29.00       98.00       42.00       36.00       16.00       76.00       99.00       33.00       31.00
       30.00       22.00       65.00       52.00       23.00       32.00       90.00       90.00       31.00        6.00
       50.00       75.00       52.00       69.00       95.00       76.00       83.00       12.00       76.00       59.00
       35.00       61.00       61.00        7.00       56.00       74.00       34.00       79.00       99.00       49.00
       80.00       51.00       38.00       68.00       96.00       81.00       27.00       15.00       40.00        0.00
       58.00       39.00       36.00        8.00       53.00       47.00       91.00       18.00        6.00       57.00
       86.00        8.00       54.00       33.00       52.00       46.00       45.00       93.00       42.00        2.00
       34.00       62.00       62.00       85.00       18.00        4.00       14.00       27.00        2.00       54.00
       77.00       46.00       47.00       48.00       16.00       37.00       45.00        3.00        5.00       66.00
       26.00       11.00        1.00       89.00       89.00       39.00       94.00       98.00        9.00       53.00
       43.00       83.00       63.00       11.00       53.00       59.00       90.00       79.00       59.00       80.00
       51.00       87.00       26.00       63.00       81.00       16.00       75.00       83.00       36.00       75.00
        3.00        6.00       76.00       25.00       40.00       88.00       42.00       57.00       81.00       34.00
       16.00       17.00       76.00       12.00       71.00       50.00       62.00       68.00       47.00       99.00
       79.00       73.00       25.00       82.00       99.00        6.00       63.00       32.00       61.00       56.00
       33.00       80.00       88.00       91.00       59.00        7.00       35.00       34.00       64.00       92.00
       94.00       43.00       59.00       49.00       45.00       71.00       36.00       12.00       36.00       73.00
       55.00       25.00       38.00       80.00       22.00       33.00       97.00       48.00       24.00       87.00
       82.00       60.00       40.00       17.00       99.00       39.00       55.00       21.00       28.00       97.00
       52.00       83.00        1.00       30.00       54.00       18.00       13.00       35.00       40.00       10.00
       56.00        2.00       54.00       72.00        6.00       17.00       90.00       69.00        4.00       76.00
       15.00       81.00        6.00       91.00       62.00       64.00       11.00       37.00       14.00       83.00
       72.00       88.00       53.00       94.00       53.00       17.00       38.00        1.00        4.00       70.00
       59.00       36.00       40.00       50.00       58.00        8.00       69.00       42.00       26.00       45.00
       89.00       97.00       11.00       13.00       64.00       36.00        0.00       78.00       35.00       41.00
       63.00       65.00       30.00       63.00       63.00       22.00       89.00       44.00       75.00       75.00
        4.00       36.00       69.00       61.00       43.00       80.00       55.00       58.00       19.00       57.00
       74.00       48.00       10.00       34.00       13.00       91.00       45.00       76.00       55.00       94.00
       17.00       71.00        0.00       94.00       76.00       19.00       25.00       92.00       34.00       67.00
       49.00       26.00       58.00       84.00       46.00       39.00       54.00       22.00        3.00        2.00
       62.00        4.00       27.00       91.00        9.00       28.00       41.00       27.00        2.00       82.00
       25.00       32.00       40.00       15.00       97.00       51.00       98.00       94.00       32.00       61.00
       98.00       61.00       71.00       41.00       74.00       56.00       62.00        0.00       98.00       73.00
       37.00       72.00       14.00       68.00       26.00       21.00       15.00       35.00       42.00       36.00
       48.00       20.00        7.00       85.00       24.00       29.00       99.00       73.00       90.00       70.00
       24.00       12.00       77.00       16.00       73.00       15.00       20.00       89.00       88.00       56.00
       37.00       96.00       65.00       58.00        2.00       77.00       61.00       13.00       42.00       31.00
       86.00       39.00       55.00       45.00       98.00       32.00       21.00       36.00       25.00       49.00
       62.00       69.00       90.00       61.00       54.00       41.00       10.00       45.00       25.00        9.00
       95.00       98.00       69.00       25.00       66.00        1.00       64.00       99.00       71.00       70.00
       90.00        8.00       65.00       62.00       58.00        7.00       92.00       26.00       24.00       26.00
       68.00       25.00       30.00       59.00       68.00       51.00       97.00       62.00       63.00       34.00
       78.00       38.00       51.00       95.00       27.00       56.00       96.00        1.00       49.00       48.00
       42.00       28.00       45.00       74.00       96.00       35.00       53.00       46.00       81.00        5.00
       58.00       55.00       93.00        1.00       25.00       45.00       43.00       57.00       61.00       21.00
       34.00       90.00       32.00       86.00       23.00       99.00       81.00       56.00       80.00        8.00
       17.00       76.00        9.00       49.00       80.00       56.00       17.00       92.00       95.00       95.00
       55.00       82.00       86.00       49.00       41.00       32.00       86.00       79.00       51.00       83.00
       18.00       14.00       24.00       14.00       22.00       25.00       21.00       14.00       29.00       16.00
       19.00       15.00       26.00       18.00       17.00       21.00       16.00       17.00       24.00       27.00
       14.00       10.00       22.00       26.00       20.00       19.00       24.00       21.00       25.00       20.00
       27.00       12.00       17.00       25.00       19.00       21.00       10.00       29.00       23.00       28.00
       21.00       16.00       28.00       12.00       13.00       28.00       26.00       17.00       23.00       14.00
       25.00       10.00       20.00       20.00       13.00       27.00       29.00       20.00       18.00       14.00
       18.00       16.00       20.00       27.00       26.00       26.00       26.00       25.00       25.00       25.00
       15.00       28.00       25.00       25.00       13.00       26.00       20.00       15.00       18.00       21.00
       12.00       27.00       21.00       27.00       15.00       14.00       10.00       29.00       29.00       14.00
     3815.00     4854.00     2353.00     4496.00     3207.00     4876.00     1405.00     3058.00     2121.00     5204.00
     1585.00     1236.00     4512.00     2693.00     2734.00     4429.00      794.00     4771.00     4559.00     3309.00
     2544.00     2085.00     1967.00     2946.00     3700.00     1897.00      716.00     3449.00     1897.00     5064.00
      171.00       60.00      129.00       87.00      161.00       43.00       83.00      173.00       63.00      115.00
      162.00       50.00       33.00       22.00      116.00       91.00       64.00      159.00      133.00      107.00
       89.00      165.00      162.00      118.00      147.00       40.00      167.00      112.00      166.00       34.00
