   90   30
       44.00       82.00       90.00       32.00        9.00       57.00       20.00       83.00       35.00       25.00
       88.00       96.00       24.00       15.00        2.00       86.00       90.00       10.00        8.00        6.00
       54.00       53.00       98.00       72.00       48.00       33.00       92.00       61.00       45.00       48.00
       52.00       66.00       20.00       29.00       60.00       91.00        8.00       84.00       77.00        0.00
       13.00       80.00       65.00       65.00       91.00       79.00       31.00       95.00       99.00        2.00
       37.00        4.00       94.00       78.00       81.00       73.00       22.00        0.00       28.00       21.00
       23.00       12.00       72.00       71.00       54.00       81.00       42.00       80.00       95.00       31.00
       79.00       86.00       95.00       52.00       64.00       68.00       80.00        1.00       57.00       35.00
       14.00       71.00       84.00       91.00       94.00       74.00       86.00       33.00       32.00       82.00
        8.00       88.00       27.00       21.00        5.00       91.00       56.00        3.00       72.00       63.00
       23.00       42.00       48.00       33.00       49.00       97.00       42.00       31.00       97.00       35.00
       67.00       27.00       48.00        0.00       10.00       95.00        0.00       42.00       47.00       45.00
       27.00       30.00       88.00       29.00       31.00       62.00       22.00       29.00       95.00       49.00
       87.00       82.00       81.00       25.00       82.00       87.00       52.00       12.00        2.00       13.00
       31.00       49.00       68.00        2.00       78.00       67.00       75.00       27.00       94.00       51.00
       72.00       58.00       65.00       38.00       69.00       40.00       93.00       38.00       18.00       90.00
        2.00       69.00       20.00       63.00       92.00       59.00       48.00       50.00       96.00       38.00
       95.00        2.00       60.00       32.00       93.00       92.00       38.00       40.00       37.00       74.00
       91.00       36.00       44.00       75.00       17.00       42.00        4.00       50.00       58.00       70.00
       13.00       84.00       68.00        2.00        4.00        9.00       16.00       86.00       91.00       76.00
       79.00       56.00       24.00       13.00       46.00       88.00       96.00       35.00       27.00       81.00
       53.00        4.00       45.00       99.00       16.00       54.00       63.00       21.00       92.00       15.00
       57.00       96.00       48.00       28.00       46.00       80.00       69.00        2.00       50.00       18.00
       28.00       77.00       15.00       90.00       37.00       94.00       39.00       39.00       56.00       75.00
        1.00       43.00       78.00       66.00       45.00       10.00       17.00        7.00       95.00       94.00
       82.00       22.00        6.00       71.00       87.00       40.00       49.00       28.00       44.00        5.00
       26.00       32.00       47.00       16.00       24.00        7.00       33.00       22.00       73.00       22.00
       76.00       57.00       80.00       72.00       65.00       87.00       16.00        5.00       49.00        2.00
       17.00       23.00       72.00       87.00        8.00       68.00       22.00       46.00       52.00       63.00
       59.00       61.00       11.00       75.00       14.00       13.00       40.00       16.00       56.00        1.00
       68.00       95.00       81.00       35.00       43.00        6.00       66.00       74.00       19.00       89.00
       87.00       61.00       42.00       14.00        5.00       56.00       51.00       76.00       63.00       75.00
       89.00       94.00       37.00       91.00        8.00       59.00       64.00       43.00        7.00       66.00
        1.00       69.00       32.00       31.00       20.00       64.00       31.00       75.00       32.00       14.00
       50.00       34.00       80.00       59.00       95.00       13.00       77.00        4.00       11.00        2.00
       46.00       61.00       57.00       21.00        6.00       99.00       59.00       64.00        8.00       34.00
       82.00       52.00       12.00       90.00       56.00       19.00       65.00        7.00       47.00        0.00
       11.00       74.00       42.00       76.00       49.00       30.00       10.00        9.00       28.00       38.00
       47.00       70.00       30.00       43.00       13.00       39.00       86.00       64.00       38.00       37.00
       29.00       70.00       29.00        7.00       80.00       60.00       19.00       68.00       13.00       29.00
       51.00       97.00       51.00        1.00       64.00       23.00       90.00       57.00       36.00       34.00
       50.00       91.00        6.00       21.00       99.00       63.00       76.00       32.00        0.00       48.00
       58.00       91.00       86.00       90.00       25.00       10.00       44.00        3.00       85.00        1.00
       82.00        1.00       69.00       72.00       97.00       19.00       21.00       46.00       73.00       83.00
       29.00       60.00       82.00       29.00       20.00       13.00       58.00       71.00       23.00       79.00
       68.00       93.00       64.00        9.00        8.00       86.00       60.00       80.00       94.00       75.00
        5.00       62.00       16.00       98.00       83.00       23.00       94.00       36.00       52.00       87.00
       39.00        3.00       57.00        4.00       12.00       46.00        8.00       23.00       36.00       19.00
       95.00       48.00        8.00       18.00       42.00       39.00        0.00        7.00       31.00       78.00
       65.00       59.00       15.00        9.00       81.00        1.00       41.00       42.00       84.00       35.00
       35.00       51.00        4.00       66.00        1.00       23.00       74.00       65.00       73.00       42.00
       87.00       64.00       92.00        3.00       36.00       24.00       11.00       97.00       39.00       54.00
       48.00        8.00       43.00       69.00       36.00       19.00       65.00       95.00       48.00       12.00
        8.00       83.00       81.00       14.00       58.00       77.00       51.00       17.00       54.00       42.00
        6.00       81.00       87.00       69.00       78.00       97.00       69.00       91.00       25.00       66.00
       77.00       85.00       33.00       16.00       61.00       48.00       78.00       84.00       83.00       68.00
       71.00        8.00        6.00       24.00       39.00       16.00       63.00       95.00        7.00       28.00
       84.00       59.00       83.00       66.00       36.00        0.00       74.00       77.00       19.00       78.00
       77.00       95.00       36.00       11.00       17.00       91.00        2.00       71.00       33.00       16.00
       71.00       15.00       38.00       97.00       15.00       83.00       94.00       67.00       56.00       36.00
       82.00       40.00       46.00       29.00       65.00       43.00       56.00       28.00       63.00       82.00
       99.00       25.00       93.00        2.00       17.00       98.00       42.00       64.00       96.00       40.00
       83.00       43.00       89.00       35.00       39.00       40.00       72.00       64.00       66.00       42.00
       45.00       67.00       99.00       80.00       69.00       95.00        2.00       71.00       95.00       31.00
       92.00       41.00       20.00       51.00       37.00       72.00       89.00       69.00       63.00        5.00
       21.00       88.00       93.00        9.00       20.00       32.00       24.00       88.00       11.00       50.00
        9.00       86.00       14.00       12.00       92.00       17.00       32.00       30.00       26.00       31.00
       22.00       89.00       64.00       79.00       89.00       54.00        7.00       56.00       97.00       98.00
       43.00       31.00        5.00       76.00       14.00       77.00       70.00       13.00        4.00       85.00
       66.00        5.00       18.00        6.00       20.00       49.00        7.00       62.00       60.00       36.00
       57.00       18.00       32.00       88.00       48.00       11.00       15.00       12.00       39.00       74.00
       60.00       17.00       59.00       98.00       25.00       98.00       85.00       26.00       72.00       92.00
       51.00       68.00       68.00       72.00       20.00       83.00       91.00       11.00       99.00       67.00
       30.00       44.00        2.00       45.00       41.00       17.00       69.00       43.00        4.00       84.00
        4.00       11.00       70.00       10.00       96.00        6.00        3.00       74.00       30.00       53.00
       77.00       86.00       97.00       65.00       48.00       74.00       78.00       59.00       32.00       86.00
       34.00       28.00       63.00       17.00       52.00       41.00       90.00       72.00       17.00       75.00
       60.00        8.00        9.00       20.00       90.00       18.00       52.00       95.00       13.00       56.00
       57.00       72.00       63.00       17.00       37.00       96.00       33.00       14.00       93.00       47.00
       20.00       15.00       91.00       82.00       33.00       45.00       84.00       56.00       42.00       52.00
       40.00        0.00       85.00        1.00       96.00       23.00       60.00       34.00       36.00       50.00
       76.00       26.00       63.00       14.00       31.00       13.00       25.00       75.00       52.00       75.00
        0.00       27.00        4.00       96.00       59.00       10.00       59.00       50.00       62.00       52.00
       85.00       63.00       50.00        0.00       81.00       60.00       44.00        6.00       92.00        9.00
       66.00       96.00       61.00       94.00       29.00       26.00        4.00        6.00       77.00        7.00
       28.00       17.00       71.00       43.00        7.00       81.00       38.00       32.00       11.00       81.00
       35.00       12.00       29.00       12.00       17.00       53.00       47.00       61.00       69.00       24.00
       70.00       45.00       73.00        0.00       86.00        0.00       22.00       75.00       31.00       31.00
       70.00       88.00       86.00       82.00       14.00       10.00       28.00       75.00       37.00       12.00
        5.00       20.00       40.00       36.00        9.00       13.00       73.00       25.00       82.00       62.00
       20.00        0.00       54.00        2.00       98.00       74.00       18.00       15.00       96.00       42.00
       82.00       29.00       41.00        8.00       49.00       93.00       73.00        8.00       37.00       39.00
       78.00       58.00        7.00       77.00       97.00       38.00       82.00       86.00       12.00       79.00
       81.00       98.00       84.00       23.00       76.00       94.00       93.00       69.00       72.00       38.00
       91.00       28.00       51.00       47.00       89.00       49.00       37.00       49.00       27.00       85.00
       77.00       90.00       95.00       17.00       31.00       90.00       14.00       52.00       30.00       52.00
       87.00       66.00       40.00       85.00       85.00       49.00       42.00       87.00       20.00       80.00
       10.00        0.00       31.00       50.00       56.00       34.00       73.00       85.00       69.00       32.00
       92.00       56.00       66.00       97.00       30.00       79.00       39.00       30.00       83.00       30.00
       56.00       40.00       13.00       32.00       52.00       20.00       79.00        1.00       30.00        5.00
       54.00       43.00       45.00       58.00       28.00       40.00       38.00       47.00       14.00       80.00
       62.00        2.00       18.00        3.00       95.00       86.00       38.00       79.00       43.00       95.00
       85.00       38.00       89.00       83.00       66.00       13.00        9.00       76.00       63.00       71.00
       94.00       25.00       80.00       38.00       36.00        3.00       79.00       52.00       63.00       44.00
       92.00       95.00       33.00       99.00       95.00       75.00       27.00       36.00       84.00       90.00
        2.00       15.00       84.00       61.00       80.00       16.00       84.00       39.00        1.00        9.00
       66.00       16.00       58.00       80.00       93.00       85.00       93.00       52.00       67.00       54.00
       17.00       90.00       51.00       78.00       96.00       43.00       43.00       90.00        2.00       82.00
       44.00       29.00       24.00       47.00       32.00        2.00        4.00       83.00       63.00       31.00
       17.00       54.00       54.00       61.00       23.00       55.00        1.00       48.00       72.00       55.00
       61.00       30.00       13.00       55.00       93.00       73.00       65.00       33.00       24.00       30.00
       29.00       13.00        6.00       57.00       64.00       80.00       64.00       80.00       59.00       30.00
       62.00        3.00       43.00       25.00       29.00        0.00       61.00       93.00       20.00       31.00
       78.00       88.00       16.00       84.00       86.00       12.00       83.00       13.00       49.00       49.00
       33.00       47.00       93.00       72.00       67.00       74.00       28.00       31.00        5.00       31.00
       67.00        7.00        2.00       60.00       66.00       16.00       31.00       90.00       19.00       89.00
       79.00       83.00       66.00       61.00       73.00       36.00       93.00       40.00       45.00       27.00
       59.00       48.00       99.00       58.00       53.00       59.00       37.00       24.00       69.00       49.00
       63.00        9.00       72.00       72.00       62.00        0.00       69.00        0.00       33.00       60.00
       17.00       95.00       18.00       94.00       38.00        9.00       59.00       24.00       17.00       21.00
       66.00       33.00        4.00       71.00       91.00       50.00       39.00       25.00       37.00       93.00
       88.00       10.00       33.00       85.00       44.00       83.00       84.00       15.00       35.00       31.00
       44.00        2.00       46.00       15.00       88.00       94.00       44.00        0.00       87.00        1.00
       63.00       45.00       93.00       42.00       90.00       35.00       12.00       74.00       57.00       80.00
       95.00        9.00       35.00       21.00       96.00       47.00       74.00        8.00       71.00       85.00
       45.00       42.00       12.00       78.00       75.00       10.00       50.00       60.00       85.00       31.00
       54.00       39.00       60.00        3.00       34.00       58.00       21.00       37.00        0.00       50.00
       85.00       86.00       56.00       43.00        9.00       19.00       18.00        0.00       78.00       15.00
       85.00       86.00       77.00       46.00       17.00       17.00       43.00       96.00       75.00        5.00
        7.00       27.00       47.00       27.00       59.00       93.00       56.00       76.00        2.00       56.00
       31.00       66.00       75.00       59.00       71.00        7.00       56.00       69.00       52.00       66.00
       95.00       79.00       52.00       84.00       10.00       35.00       79.00       13.00       64.00       41.00
       48.00       91.00        6.00       47.00       35.00       72.00       37.00       17.00       91.00       85.00
       34.00       48.00       14.00       74.00       51.00       72.00        4.00       55.00       72.00       69.00
       36.00       85.00       87.00       80.00       56.00       39.00       20.00       81.00       49.00       30.00
       24.00       69.00       63.00       16.00       28.00       74.00       75.00       96.00       92.00       82.00
       29.00       64.00       18.00       51.00       98.00       97.00       13.00       51.00       29.00       84.00
        1.00       43.00       96.00       14.00       39.00        1.00       43.00        1.00       81.00       36.00
       19.00       96.00       84.00       60.00       25.00       25.00       64.00       24.00       10.00       39.00
       47.00       98.00       21.00       85.00       53.00       82.00       64.00       22.00       32.00       78.00
       34.00       33.00       34.00       47.00       41.00       27.00       61.00       32.00       21.00       13.00
       66.00       31.00       14.00       10.00       77.00       48.00       49.00        1.00       58.00       43.00
       68.00       59.00       48.00       82.00       81.00       13.00       35.00       36.00       31.00        6.00
       55.00       89.00       13.00       84.00       12.00       66.00       68.00       14.00       86.00       66.00
       58.00       12.00       48.00       78.00       96.00       35.00       12.00       20.00       64.00       73.00
       97.00        6.00       62.00       32.00       63.00       55.00       81.00        5.00       61.00       90.00
       55.00       71.00       99.00       74.00       75.00       60.00       25.00       14.00       59.00       85.00
       69.00        0.00       83.00       24.00       95.00       68.00       62.00        3.00       68.00       20.00
        6.00        9.00       21.00       17.00       95.00       48.00       87.00       42.00       56.00        9.00
       25.00       98.00       24.00        7.00       58.00       79.00       38.00       26.00       10.00       36.00
       82.00       65.00       90.00       38.00       85.00       71.00       76.00       71.00       45.00       12.00
       99.00       45.00       25.00       23.00       16.00       10.00       51.00       17.00       34.00       74.00
        1.00       66.00       18.00       98.00       67.00       71.00       97.00        3.00       32.00       90.00
       53.00        6.00       93.00       96.00       52.00       87.00       16.00       62.00       58.00       37.00
       16.00       28.00       33.00       48.00       81.00       66.00       18.00       49.00        3.00       66.00
       45.00       84.00       74.00        9.00       33.00        4.00       45.00       88.00       55.00        2.00
       96.00        2.00       88.00       28.00       30.00       38.00       81.00       59.00       88.00        4.00
        6.00       96.00       78.00       84.00       72.00       35.00       45.00       36.00       10.00       27.00
       10.00       37.00       83.00       13.00       90.00       64.00       59.00       10.00       56.00       49.00
       46.00       84.00       82.00       55.00       97.00       35.00       19.00       69.00       27.00       71.00
       72.00       92.00       84.00       58.00       75.00       80.00       89.00       69.00       97.00       70.00
       23.00       69.00       14.00       92.00       34.00        4.00       29.00       48.00       83.00       90.00
       35.00       13.00       54.00       15.00       53.00       82.00       13.00       90.00       74.00       83.00
       64.00       45.00        3.00       16.00       54.00       12.00       82.00       84.00       32.00       66.00
       32.00       49.00       39.00       26.00       46.00        8.00        8.00        8.00       29.00       71.00
       92.00        1.00       52.00        5.00       41.00       12.00       81.00       60.00       15.00       86.00
       91.00       91.00       87.00        7.00       76.00       55.00       76.00       27.00       14.00       29.00
       23.00       97.00       52.00       96.00       87.00       82.00       23.00       81.00       39.00       76.00
       91.00       35.00       70.00       74.00       13.00       20.00       38.00       49.00       50.00        8.00
       31.00       46.00       55.00       22.00       17.00       87.00       45.00       82.00       10.00       52.00
       18.00       19.00       56.00       89.00       72.00       76.00       43.00       49.00       45.00       22.00
       83.00       67.00       75.00       34.00        2.00       23.00       61.00       16.00       52.00       55.00
       55.00       86.00       37.00       22.00       35.00       21.00       98.00       21.00       28.00       64.00
       13.00       15.00       81.00       20.00       99.00       20.00       18.00       94.00       34.00       70.00
        0.00       61.00       21.00       45.00        4.00       54.00       67.00       42.00       72.00       23.00
       63.00       11.00        3.00       98.00       59.00       95.00       88.00       52.00       97.00       50.00
        1.00       57.00       40.00       24.00       23.00       71.00       95.00       27.00       25.00        1.00
       33.00       14.00       63.00       45.00       56.00       77.00       60.00       73.00       47.00        4.00
       62.00       33.00       25.00       57.00       10.00       89.00       69.00       77.00       54.00       96.00
        3.00       18.00        4.00       11.00       46.00       67.00        1.00       73.00       57.00        0.00
       42.00       88.00       64.00       85.00       93.00       37.00       15.00       35.00       87.00       62.00
       21.00       61.00       80.00       10.00       63.00       83.00        4.00       46.00       91.00       10.00
       62.00       48.00       32.00       76.00       36.00       67.00       83.00       12.00        9.00       97.00
       75.00       82.00       26.00       89.00       97.00       13.00       35.00       19.00       50.00       96.00
       91.00       85.00       64.00       45.00       12.00       82.00       79.00       38.00       24.00       99.00
       93.00       64.00       24.00       24.00       19.00       77.00       56.00       60.00        4.00        5.00
       74.00       81.00       11.00       74.00       47.00       78.00       52.00       59.00       21.00       88.00
       33.00       42.00       36.00       96.00       52.00       69.00       80.00       46.00       46.00       21.00
       20.00       20.00       96.00       40.00       42.00       56.00       26.00       80.00       86.00       16.00
       57.00       73.00       61.00       31.00       99.00       30.00       85.00       75.00       96.00       13.00
       69.00       61.00       63.00       59.00       50.00       41.00       60.00       23.00       40.00       64.00
       11.00       91.00       51.00       22.00       65.00       68.00       99.00       93.00       37.00       50.00
        8.00       53.00       90.00       22.00       72.00       16.00       49.00       57.00       32.00       38.00
       47.00       96.00       82.00       69.00       61.00       39.00       19.00       62.00       58.00       80.00
       88.00       68.00       94.00       57.00       91.00       63.00       17.00        9.00       68.00        0.00
       60.00       54.00       65.00       81.00       50.00       40.00       43.00       78.00       42.00       19.00
       88.00       71.00       70.00       57.00       49.00       62.00       70.00       76.00       93.00       89.00
       19.00       91.00       53.00       55.00       90.00       86.00       20.00       40.00       16.00       51.00
        5.00       62.00       26.00       65.00       62.00        3.00       82.00       91.00       46.00       23.00
       35.00       35.00       67.00       18.00       76.00       77.00       46.00        8.00       59.00       72.00
       81.00       45.00       12.00       85.00        0.00       90.00       66.00       97.00       33.00       93.00
       74.00       15.00       55.00       78.00       89.00       62.00       62.00       14.00       30.00       22.00
       90.00       23.00       56.00       76.00       93.00       65.00       29.00       63.00       33.00       90.00
       18.00       32.00       54.00       48.00        2.00       74.00       30.00        6.00       62.00       66.00
       34.00        7.00       52.00       49.00       45.00       67.00       26.00       27.00       92.00        1.00
       34.00       57.00       19.00       19.00        9.00       71.00        1.00       41.00       38.00       56.00
       59.00       10.00       63.00       65.00       42.00        5.00       58.00       47.00       81.00        2.00
       92.00       22.00       39.00        5.00       59.00       33.00       92.00       63.00       40.00       47.00
       39.00       43.00       35.00        1.00       13.00       21.00       68.00        1.00       37.00       18.00
       61.00       23.00       55.00       86.00       31.00       86.00       38.00       16.00       43.00       74.00
       27.00       43.00       46.00       51.00       73.00       55.00       54.00       74.00       96.00       18.00
       56.00       14.00       51.00       12.00       72.00       39.00       90.00        2.00       84.00        3.00
       57.00        9.00        7.00       63.00       41.00       53.00       83.00       13.00       95.00       74.00
       20.00        5.00       76.00       65.00       83.00       90.00       74.00       66.00       42.00       11.00
       44.00        2.00       20.00       25.00       35.00       71.00       82.00       36.00        1.00        5.00
       79.00       69.00       29.00       68.00       29.00        4.00       23.00       66.00        6.00       72.00
       28.00       64.00       50.00       69.00       73.00       68.00       38.00       35.00       90.00       89.00
       79.00       11.00        9.00        1.00        6.00       80.00       63.00       76.00        1.00       35.00
       34.00       40.00       49.00       44.00       31.00       95.00       33.00        3.00       90.00       93.00
        7.00       90.00       10.00       62.00       94.00       75.00        1.00       20.00       19.00       32.00
       80.00       18.00       66.00       72.00       51.00       19.00        8.00       85.00       63.00       75.00
       62.00       60.00       14.00       83.00       65.00       30.00       54.00       27.00       71.00       49.00
       20.00       22.00       18.00        1.00       80.00       38.00        8.00       11.00       76.00       56.00
        8.00       86.00       13.00       90.00       57.00       22.00       13.00       76.00       45.00       51.00
       29.00        9.00       98.00       14.00        0.00       79.00       69.00       82.00       97.00       48.00
       42.00       57.00       76.00       58.00       94.00       42.00       32.00       52.00       51.00       45.00
       50.00       79.00       59.00       54.00       72.00       82.00       50.00       16.00       28.00       11.00
       59.00       94.00       11.00        9.00       39.00       81.00       88.00       37.00       78.00       10.00
       73.00       82.00       98.00       75.00        6.00       21.00       15.00       57.00       26.00       60.00
       77.00       25.00       14.00       58.00        1.00       49.00       48.00       14.00       94.00       42.00
       10.00       79.00       15.00       33.00       24.00        0.00       16.00       23.00       11.00       37.00
       82.00       79.00        3.00       94.00       34.00       79.00       45.00       52.00       81.00       92.00
       80.00        5.00       39.00       80.00       91.00       31.00       36.00       38.00       43.00       49.00
       87.00       16.00       64.00       52.00        1.00       93.00       42.00       99.00       55.00       82.00
       36.00       24.00       44.00        9.00       20.00       93.00       97.00       75.00       13.00        6.00
       19.00        0.00       74.00       26.00       90.00       15.00       43.00        1.00       39.00       43.00
       72.00       92.00       73.00       84.00       77.00       20.00       31.00        3.00        1.00       15.00
       83.00       81.00       67.00       11.00        2.00       74.00       69.00       31.00       82.00       99.00
       18.00       55.00       78.00       37.00       49.00       52.00       80.00       19.00       67.00       39.00
       57.00       41.00       59.00       89.00       46.00       21.00       24.00       90.00       40.00       98.00
       95.00       48.00       25.00       22.00       44.00       77.00       65.00        3.00        6.00        0.00
       32.00       17.00       51.00       91.00       30.00       64.00        6.00        7.00       57.00       57.00
       94.00       85.00       14.00       62.00       39.00       29.00       49.00       33.00       65.00       85.00
       87.00       15.00       83.00       93.00        3.00       85.00       43.00       69.00       18.00       79.00
       95.00       35.00       38.00       23.00       90.00       21.00       71.00       49.00        8.00        4.00
       69.00       76.00       95.00       43.00        5.00       93.00       60.00       44.00       71.00       55.00
       48.00       46.00       55.00       99.00       83.00       35.00       39.00       32.00       74.00        2.00
       17.00       41.00       15.00       13.00       40.00       42.00        2.00       70.00       21.00       60.00
       78.00       50.00       62.00        2.00       72.00       87.00       99.00       74.00       79.00        6.00
       53.00       51.00        3.00       33.00       50.00       98.00       72.00       51.00       53.00        4.00
       86.00       57.00       94.00       81.00       53.00       55.00       26.00       29.00       34.00       79.00
       22.00       74.00        0.00       44.00       80.00       41.00       68.00       56.00       38.00        2.00
       64.00       32.00       80.00       16.00       50.00       20.00        1.00       64.00       93.00       11.00
       63.00       22.00       63.00       83.00       52.00       49.00        8.00       20.00       33.00       69.00
       25.00        8.00       40.00       71.00       21.00       77.00       65.00       78.00       58.00       58.00
       38.00       25.00       95.00       79.00       91.00       74.00       93.00        1.00       62.00       54.00
       44.00       78.00       86.00       85.00       22.00       95.00       70.00       45.00       90.00       14.00
       46.00       74.00       95.00       33.00       65.00       36.00       47.00       31.00       58.00       79.00
       54.00       66.00       88.00       49.00       61.00       47.00       68.00       79.00       21.00       85.00
        8.00       31.00       89.00        5.00       37.00       74.00       21.00       76.00       97.00       27.00
       20.00       83.00       98.00       89.00       53.00       48.00       10.00       58.00       45.00       83.00
       99.00       87.00        6.00       23.00       52.00       33.00       65.00       79.00       44.00       13.00
       11.00       99.00       39.00       62.00       49.00       38.00       30.00       49.00       50.00       76.00
       58.00        6.00       29.00       14.00       72.00       87.00       94.00       63.00       11.00       32.00
       42.00       99.00       26.00       28.00       96.00       37.00       64.00       91.00       18.00       58.00
        2.00       91.00       25.00       87.00       79.00       18.00        9.00       18.00       78.00       47.00
       36.00       14.00       52.00       50.00       60.00       38.00       99.00       71.00       96.00        6.00
       29.00       55.00       29.00       40.00       74.00        5.00       47.00       85.00       35.00       91.00
       44.00       11.00       70.00       55.00       10.00       12.00       75.00       76.00       13.00       74.00
       89.00       90.00       42.00       72.00       49.00       79.00       67.00       28.00       56.00       73.00
       28.00       19.00       22.00       14.00       10.00       25.00       10.00       24.00       25.00       11.00
       29.00       24.00       18.00       28.00       10.00       24.00       20.00       19.00       12.00       25.00
       25.00       24.00       28.00       10.00       15.00       27.00       14.00       24.00       20.00       10.00
       28.00       20.00       28.00       15.00       27.00       27.00       28.00       16.00       22.00       15.00
       28.00       12.00       20.00       10.00       23.00       28.00       17.00       22.00       28.00       21.00
       18.00       12.00       27.00       19.00       10.00       14.00       21.00       26.00       23.00       28.00
       28.00       21.00       12.00       19.00       23.00       20.00       28.00       10.00       11.00       23.00
       24.00       14.00       28.00       20.00       27.00       11.00       17.00       10.00       15.00       18.00
       16.00       26.00       15.00       13.00       10.00       11.00       18.00       12.00       15.00       18.00
    18921.00     4388.00    17206.00    15923.00    12377.00     1347.00     2035.00    15451.00     6315.00    12910.00
    12629.00    15172.00     3263.00    17793.00     7609.00     1315.00     7780.00    10357.00    13681.00    13788.00
    15722.00    18528.00    15096.00    14920.00    19172.00    14082.00     2385.00    12500.00    19624.00    16745.00
      182.00      132.00       72.00      236.00      255.00      203.00       91.00      315.00      229.00      134.00
       75.00      287.00      138.00      253.00      181.00      208.00      194.00      179.00      107.00      163.00
      245.00      177.00      263.00      128.00       37.00      319.00      277.00       98.00      274.00      239.00
