   90   30
        2.00       80.00       98.00       74.00        0.00       17.00       94.00       41.00       89.00       16.00
       95.00       96.00       95.00        7.00       27.00       26.00       27.00       16.00       31.00       88.00
       74.00       18.00       71.00       53.00        2.00       36.00       90.00       41.00       19.00       16.00
       13.00       15.00       73.00       37.00       96.00       25.00       94.00       30.00       69.00       17.00
       83.00       17.00       15.00       56.00       16.00       95.00        3.00       23.00       23.00       17.00
       43.00       84.00       55.00       64.00       43.00       36.00       37.00       87.00       90.00       99.00
       92.00       85.00       79.00       84.00       69.00       28.00       58.00       62.00       10.00       55.00
       71.00       31.00       52.00        2.00       14.00       40.00       32.00       36.00       37.00       10.00
       51.00        6.00       53.00       79.00       10.00       37.00       43.00       62.00       34.00       20.00
       61.00       79.00       41.00       78.00       84.00       11.00        4.00       21.00       63.00       96.00
       49.00        5.00       57.00       44.00       59.00       65.00       74.00       63.00       88.00       89.00
       33.00       14.00        4.00       44.00       37.00       28.00        8.00       85.00       14.00       67.00
       10.00        0.00       59.00        8.00       51.00       63.00       95.00       78.00        6.00       20.00
       36.00       69.00       98.00        7.00        9.00       16.00       25.00       92.00       77.00       17.00
       60.00       82.00       73.00       19.00       90.00       33.00       21.00       10.00        6.00       70.00
       24.00       90.00       41.00       84.00       40.00       95.00       42.00       78.00       54.00       21.00
        9.00       76.00       51.00       54.00       33.00       10.00       28.00       17.00       34.00       62.00
        3.00       75.00       63.00       10.00        9.00       61.00       25.00       19.00       76.00       39.00
       45.00       72.00       64.00       77.00       66.00       22.00       59.00       28.00       72.00       25.00
       77.00       27.00       61.00       80.00       31.00       52.00       11.00       77.00       44.00       19.00
       28.00       44.00       31.00       90.00       46.00       34.00       68.00       34.00       37.00       89.00
       26.00       54.00       52.00       89.00       46.00       78.00       84.00       56.00       68.00       74.00
       33.00       75.00       51.00       43.00       20.00       65.00       47.00       94.00       80.00       89.00
        5.00       97.00       14.00        3.00       37.00       94.00       95.00       84.00       50.00       84.00
       64.00       74.00       41.00       28.00       43.00       36.00        8.00       46.00       56.00       19.00
       19.00       80.00       54.00       65.00       38.00       68.00       56.00        7.00       18.00       40.00
       70.00       43.00       87.00       35.00       56.00       92.00       97.00       99.00       32.00       57.00
       30.00       12.00       57.00       44.00       39.00       60.00       15.00       43.00       12.00       41.00
        3.00       37.00       60.00       73.00        0.00        1.00       75.00       55.00       49.00       24.00
       13.00       82.00       98.00       57.00       86.00       18.00       81.00       60.00       85.00       97.00
       15.00       14.00       53.00       76.00       76.00       13.00       88.00       82.00       54.00       61.00
       40.00       26.00        7.00       30.00       40.00       59.00       71.00       54.00       69.00       13.00
       90.00       76.00       48.00       39.00       70.00       61.00       24.00       38.00       77.00       46.00
       73.00       59.00       38.00       87.00       42.00       85.00       92.00       39.00        3.00       52.00
       32.00       55.00        1.00       70.00       10.00        7.00        6.00       25.00        5.00       63.00
        3.00        6.00       80.00       65.00       87.00       60.00       72.00        6.00       44.00       90.00
       92.00       80.00       32.00       36.00       29.00       75.00       88.00        6.00       89.00       19.00
       48.00       61.00        6.00        9.00       26.00       45.00       18.00       71.00        3.00       36.00
       73.00       35.00       32.00       51.00       34.00       37.00       45.00       27.00       82.00       59.00
       15.00       75.00       37.00       88.00       30.00       58.00       55.00       40.00       61.00       59.00
       59.00       94.00       36.00       28.00       20.00       23.00       69.00       31.00       95.00       17.00
       73.00       39.00       85.00       43.00       86.00       21.00       74.00       76.00       82.00       48.00
       59.00        4.00       28.00       97.00       80.00       85.00       35.00       37.00       16.00       17.00
        0.00       19.00        6.00       46.00       28.00        2.00        2.00       14.00        8.00        8.00
       66.00       32.00       59.00       57.00       84.00       29.00       67.00       44.00       36.00       13.00
        8.00       61.00       52.00       42.00       97.00       67.00       54.00       78.00       14.00       62.00
       51.00        4.00       20.00       15.00       47.00        1.00       33.00       62.00       67.00       19.00
       45.00       65.00       19.00       95.00        0.00       97.00       51.00       99.00       51.00        1.00
       66.00       19.00       84.00       35.00       94.00       91.00       61.00       99.00       51.00       69.00
       31.00        3.00       33.00       68.00        9.00       33.00        8.00       26.00        9.00       17.00
       17.00       88.00        4.00       93.00        1.00       77.00       36.00       42.00        3.00       30.00
       88.00       29.00       20.00        6.00       14.00       70.00        2.00       88.00       80.00       13.00
       23.00       50.00       49.00       10.00       70.00       42.00       27.00       11.00       25.00       30.00
       61.00        4.00       39.00       91.00       34.00       88.00       21.00       43.00        3.00       57.00
       91.00       63.00        0.00       21.00       65.00       30.00       56.00       92.00       83.00       85.00
       41.00       31.00       86.00        6.00       28.00       11.00        9.00       27.00       10.00       43.00
       46.00       64.00       46.00       91.00        5.00       15.00        5.00       52.00       48.00       48.00
       38.00       87.00        4.00        9.00       83.00       21.00       81.00       88.00       12.00       59.00
       28.00       52.00       51.00       83.00       14.00       13.00       29.00       15.00       30.00       93.00
       64.00       77.00       32.00       23.00       65.00       75.00       75.00       63.00       15.00       91.00
       14.00       40.00       73.00       54.00       65.00       43.00        8.00       31.00       57.00       21.00
       36.00       59.00       12.00       77.00       42.00        2.00       44.00       40.00       10.00       11.00
       50.00       72.00       73.00       17.00       52.00       41.00       71.00       85.00       93.00       56.00
       79.00       16.00        9.00       59.00       42.00       62.00       35.00       10.00       17.00        6.00
       94.00       10.00       27.00        8.00       99.00       64.00       69.00       26.00       71.00       50.00
       28.00       68.00       23.00       70.00       90.00       21.00       86.00       98.00       63.00       77.00
       90.00       33.00       42.00       40.00       87.00       38.00       75.00       94.00       10.00       20.00
       27.00       57.00        2.00       80.00       35.00       54.00       38.00       34.00       12.00       97.00
       55.00       94.00       37.00       32.00       36.00       54.00       44.00        0.00       27.00       13.00
       90.00       36.00       82.00       47.00       68.00       86.00       60.00        1.00        2.00       13.00
       22.00       53.00       29.00       48.00        4.00       97.00       58.00       72.00       64.00       27.00
       72.00       63.00       14.00       20.00       91.00       32.00       16.00       62.00       37.00       23.00
       78.00       48.00       49.00       81.00       73.00       72.00       46.00       76.00        2.00       64.00
       50.00       62.00       38.00       53.00       85.00       98.00       34.00       69.00       42.00       70.00
       96.00       98.00       74.00       76.00       27.00       64.00       43.00       75.00       23.00       97.00
       43.00       11.00       51.00       10.00       84.00       56.00       51.00       98.00       89.00       41.00
       50.00       38.00       46.00       61.00       63.00       33.00       32.00       83.00       36.00       46.00
       81.00       82.00       41.00       20.00       69.00       92.00       36.00       58.00       42.00       47.00
       54.00       32.00       12.00       41.00       73.00       43.00       91.00       37.00       91.00       31.00
       31.00       15.00       99.00       22.00       13.00       14.00       36.00       73.00       81.00       31.00
       65.00       23.00       19.00       74.00       92.00       84.00       27.00       73.00       42.00       22.00
       37.00       16.00       41.00        4.00       66.00       43.00       78.00       38.00       10.00       30.00
       52.00       94.00       33.00       35.00        6.00       10.00       76.00        1.00       33.00       19.00
       16.00       26.00       87.00       34.00       46.00       41.00       28.00       98.00       46.00       85.00
        8.00       71.00       76.00       28.00       53.00       20.00       99.00        5.00       14.00       25.00
       33.00       69.00       81.00       30.00       77.00       47.00       89.00       88.00       55.00       84.00
       65.00       87.00       93.00        5.00       78.00       57.00        2.00        9.00       12.00       86.00
       44.00       99.00       56.00       13.00        4.00        8.00       95.00       51.00       81.00       67.00
       37.00       78.00       99.00       19.00       11.00       96.00       69.00       97.00       28.00       34.00
       71.00        4.00       80.00       57.00       44.00       63.00       28.00       10.00       77.00       31.00
       95.00       90.00       65.00       89.00       73.00       45.00       65.00       63.00        7.00       38.00
       55.00       23.00       16.00       13.00       94.00       74.00       59.00       69.00       38.00       38.00
       61.00       16.00       42.00       81.00       62.00       79.00       72.00       47.00       35.00       56.00
        5.00       92.00       13.00       70.00       74.00       37.00        3.00       59.00        2.00       78.00
       66.00       88.00       35.00       25.00       31.00       86.00       56.00       60.00       31.00       40.00
       37.00       28.00       91.00       98.00       84.00       16.00       29.00       67.00       56.00       58.00
        8.00       98.00       74.00        6.00       89.00        0.00       61.00       26.00       52.00       38.00
       56.00       18.00       84.00       76.00       12.00       76.00       72.00       99.00       67.00       28.00
       15.00       19.00       43.00       30.00       79.00       34.00       13.00       87.00       37.00        5.00
       45.00       55.00       69.00       82.00       15.00       16.00       30.00       76.00       39.00       47.00
       87.00       57.00       66.00       27.00        9.00       42.00       48.00       36.00       39.00       93.00
       62.00       64.00       89.00       35.00       56.00        9.00       48.00       69.00       42.00       56.00
       78.00       42.00       65.00       48.00       50.00       97.00       12.00       95.00       30.00        8.00
       45.00       93.00       38.00       84.00       71.00       30.00       26.00       96.00       79.00       20.00
       46.00       52.00       22.00       79.00       14.00       30.00       98.00       38.00       81.00       43.00
       84.00       61.00       79.00       97.00       13.00        5.00       92.00       74.00       95.00       48.00
       69.00       23.00       39.00       64.00       92.00       78.00        6.00       32.00       55.00       14.00
       15.00       96.00       15.00        4.00       75.00       17.00       38.00       67.00       17.00       93.00
       23.00       86.00       49.00       21.00        3.00       54.00       60.00       47.00       50.00       83.00
       42.00        5.00       14.00       67.00        3.00       63.00        1.00       91.00        7.00       16.00
       51.00       38.00       39.00       88.00       81.00       16.00        1.00       50.00       94.00       24.00
       82.00       54.00       79.00       21.00       46.00       35.00       49.00       64.00       52.00       48.00
       88.00       41.00       81.00       30.00       16.00        2.00       46.00       98.00       75.00       68.00
        6.00       45.00        8.00       79.00        6.00       73.00       88.00        0.00       25.00       81.00
        4.00       97.00       87.00        7.00       16.00       64.00       83.00       81.00       52.00       46.00
        6.00       41.00       82.00        5.00       88.00       15.00       13.00        7.00       96.00       83.00
       86.00       44.00       35.00       64.00       53.00       15.00       48.00       85.00       93.00        8.00
       23.00       40.00       72.00       99.00       49.00       42.00       62.00       21.00       65.00       18.00
       82.00       87.00       14.00        9.00       17.00       72.00       86.00       81.00       28.00       79.00
        8.00       34.00       66.00       49.00       24.00       94.00       50.00       89.00       67.00       11.00
       62.00       37.00       19.00       91.00       90.00       60.00        9.00       55.00        5.00       93.00
       97.00       83.00       48.00       39.00       41.00       94.00       92.00       86.00       49.00       79.00
       72.00       32.00       59.00       74.00       11.00        2.00        2.00       38.00       98.00       15.00
       40.00       93.00       73.00       22.00       83.00       24.00       36.00       28.00       30.00       45.00
       93.00       71.00       81.00       93.00       92.00       24.00       26.00       89.00       15.00       29.00
       98.00       92.00       39.00       96.00       50.00       30.00       74.00       16.00       95.00       79.00
       35.00       71.00       17.00       28.00       15.00       45.00       36.00       59.00       74.00       67.00
       99.00       16.00       38.00       39.00       18.00       45.00       92.00       28.00       80.00       43.00
        4.00       28.00        1.00       29.00       12.00       21.00        4.00       34.00       72.00       98.00
       30.00       78.00       31.00        3.00       22.00       68.00       87.00       26.00       48.00       49.00
       52.00       59.00       28.00       78.00       11.00       74.00        9.00       17.00       64.00        6.00
       88.00       61.00       90.00       49.00       78.00       31.00       58.00       70.00       69.00       22.00
       81.00       43.00       29.00       77.00       94.00       24.00       52.00       20.00        1.00       30.00
       35.00       72.00        7.00        2.00       50.00       43.00       43.00       42.00       51.00       65.00
       58.00       82.00       11.00        2.00       15.00        3.00       95.00       68.00       30.00       28.00
       16.00       36.00       38.00       41.00       16.00       98.00       68.00       16.00       78.00       43.00
       78.00       64.00       62.00       39.00       59.00       14.00       24.00       31.00       28.00        6.00
       40.00       25.00       60.00       42.00       78.00       78.00       30.00       43.00       65.00       41.00
       68.00       93.00       39.00       20.00       42.00       74.00       10.00       41.00       33.00       25.00
       42.00       55.00       49.00       74.00       45.00       90.00       16.00       27.00       29.00       65.00
       19.00       17.00       72.00       12.00       93.00       45.00       98.00       58.00       98.00       62.00
       53.00       78.00       96.00       83.00       56.00       25.00       53.00       15.00       31.00       88.00
        3.00       68.00       64.00       24.00       60.00       53.00       45.00       93.00       72.00       93.00
       71.00       72.00       32.00       21.00       40.00       23.00       17.00       14.00       47.00       64.00
       92.00       99.00       71.00       39.00       27.00       31.00        8.00        7.00       90.00       31.00
       97.00       98.00       31.00       26.00       33.00       77.00       64.00       32.00       73.00       49.00
        5.00       78.00       77.00       85.00       43.00       54.00       35.00       33.00       24.00       39.00
       80.00       73.00       99.00       30.00       78.00       12.00       56.00       89.00       60.00       26.00
       36.00       79.00       23.00       12.00        3.00       48.00       14.00       92.00       26.00       86.00
       89.00       86.00       80.00       67.00        0.00       40.00       88.00       46.00       49.00       96.00
       46.00       79.00       21.00       19.00       14.00       78.00       82.00       17.00       69.00       26.00
       99.00       45.00       33.00       11.00       23.00       49.00       44.00       52.00       44.00        5.00
       22.00       34.00        0.00       61.00       50.00       63.00       13.00       80.00       65.00       18.00
       69.00       48.00       48.00       58.00       71.00       87.00       43.00        5.00       42.00        1.00
       32.00       27.00       38.00       33.00       83.00       68.00       12.00        9.00       12.00       20.00
       35.00        4.00       41.00       33.00       63.00       64.00       49.00       85.00       15.00       52.00
       32.00       84.00       82.00        2.00       34.00       68.00        2.00       19.00        4.00       18.00
       63.00       43.00        2.00       94.00       12.00       66.00       51.00       85.00        0.00       70.00
        3.00        4.00       70.00       33.00       80.00       87.00       82.00       13.00        3.00       69.00
       27.00        6.00       10.00       49.00       75.00       52.00       40.00       71.00       60.00       11.00
       25.00       63.00       97.00       50.00       19.00       49.00       78.00       21.00       62.00       89.00
       97.00       93.00       47.00       22.00        9.00       91.00       47.00       37.00       11.00       53.00
       19.00       69.00       95.00       99.00       79.00       12.00       31.00       72.00       42.00       91.00
       66.00       13.00       47.00       31.00       49.00       60.00       10.00       28.00       18.00       82.00
        2.00       99.00       10.00       15.00       12.00       59.00       83.00       31.00       64.00       70.00
       51.00       64.00       92.00       57.00       88.00       90.00       80.00       63.00       32.00       16.00
       50.00       23.00       12.00       33.00       20.00       53.00       68.00       39.00       89.00       86.00
       39.00       36.00       18.00       27.00       48.00       55.00        1.00       67.00       96.00       60.00
       61.00       15.00       52.00       52.00        3.00       19.00       96.00       46.00       16.00       84.00
       60.00       16.00        8.00       28.00       65.00       28.00        4.00        3.00       53.00       84.00
       52.00       94.00       67.00       76.00       18.00       75.00       14.00       10.00       53.00       67.00
       27.00       42.00       80.00       41.00       12.00       52.00       18.00       61.00       36.00       35.00
       50.00       50.00       93.00       86.00        0.00       35.00       64.00       16.00       74.00       98.00
       53.00       23.00       86.00       42.00       57.00        0.00       70.00       40.00       12.00       58.00
       42.00       45.00       27.00       93.00       73.00       61.00       79.00       33.00       91.00        5.00
       47.00       34.00        7.00       27.00       10.00       17.00       43.00       38.00       25.00       64.00
       11.00       97.00       63.00        9.00       61.00       34.00       82.00        9.00        5.00        9.00
       45.00       56.00       80.00       54.00       22.00       85.00        5.00       29.00       47.00       88.00
       60.00       92.00       90.00       21.00       71.00       74.00       86.00       82.00       90.00        0.00
       32.00       98.00        9.00        0.00       29.00       31.00       33.00       95.00       43.00       10.00
       14.00       63.00       12.00       41.00       13.00       18.00       10.00       46.00       50.00       43.00
       61.00       45.00       49.00       77.00       52.00       80.00       89.00       42.00       97.00       33.00
       33.00       52.00       47.00       96.00       75.00       50.00       42.00        2.00       45.00       64.00
       61.00       15.00       47.00       73.00       12.00       30.00       24.00       23.00       63.00       55.00
       95.00       41.00       12.00       58.00       69.00       36.00       41.00        0.00       69.00       76.00
       15.00        0.00       95.00       90.00        3.00       91.00       25.00       32.00       44.00       69.00
       26.00        0.00       83.00       39.00       17.00        4.00       43.00       20.00       32.00       25.00
       28.00       50.00       34.00        4.00       41.00       13.00       17.00       58.00       91.00       74.00
       77.00        9.00       11.00       96.00       40.00       78.00        9.00       73.00       84.00       73.00
       26.00        6.00       88.00       77.00       77.00        3.00       99.00       12.00        1.00       85.00
       91.00       48.00       22.00       20.00       76.00       57.00       37.00       23.00       73.00       53.00
       57.00        1.00       43.00       71.00       56.00       11.00       64.00       48.00       43.00       84.00
       92.00       44.00       24.00       17.00       34.00       86.00       38.00       33.00       25.00       47.00
       78.00       83.00       91.00       80.00       38.00       12.00       40.00       63.00       38.00       34.00
        8.00       45.00       18.00       82.00       57.00       80.00       18.00       15.00        1.00       99.00
       61.00       22.00       97.00       54.00       27.00       37.00       49.00       38.00       80.00       59.00
       93.00       49.00       69.00       47.00       60.00       81.00       42.00       25.00       54.00       32.00
       30.00       20.00       74.00       78.00       79.00       27.00       70.00       49.00       64.00       60.00
       20.00       95.00       89.00       40.00       59.00       60.00       69.00       30.00        5.00       58.00
       43.00       16.00       58.00       52.00       64.00       94.00       59.00       72.00       74.00       14.00
       60.00       14.00       47.00       84.00       13.00       12.00       64.00       46.00       94.00       82.00
       58.00       74.00       27.00       71.00       30.00       43.00       49.00       55.00       34.00       89.00
       61.00       89.00       91.00       42.00       37.00       80.00       52.00       19.00       87.00       47.00
       45.00       88.00        7.00       99.00       71.00       59.00       49.00       23.00       25.00       56.00
        1.00       75.00       65.00       67.00       62.00       25.00       56.00       95.00       48.00       80.00
       54.00       37.00       59.00       94.00       10.00       83.00        8.00       51.00       22.00       94.00
       78.00       64.00       42.00       12.00       60.00       23.00       34.00        9.00       96.00        5.00
       33.00       80.00       26.00       18.00       47.00       29.00        5.00       26.00       17.00       11.00
       50.00       13.00        9.00       28.00       31.00       49.00       10.00       87.00       12.00       76.00
       59.00       76.00        3.00       49.00       25.00        4.00       89.00       62.00       17.00       27.00
       51.00       71.00       86.00       43.00       61.00       90.00       64.00       29.00       66.00        9.00
       34.00       63.00       57.00       78.00       29.00       44.00       93.00       49.00       25.00        8.00
       47.00       55.00       49.00       97.00       66.00       94.00       27.00       38.00       81.00       35.00
       45.00       35.00       97.00       49.00        4.00       77.00       65.00       65.00       76.00       15.00
       96.00       73.00        0.00       76.00       85.00       39.00       89.00       98.00       45.00        6.00
       10.00        3.00       75.00       83.00       74.00       71.00       12.00       61.00       53.00       41.00
       29.00        2.00       98.00       86.00        5.00       85.00       30.00       16.00       51.00        8.00
       38.00       16.00       80.00       90.00       84.00       32.00       58.00        4.00       17.00       31.00
       77.00       51.00       47.00       36.00       18.00       46.00       17.00       91.00       17.00       77.00
       84.00       98.00       40.00       67.00       98.00       60.00       31.00       42.00       32.00        1.00
        0.00       77.00        9.00       39.00       38.00       94.00       29.00       64.00       14.00       22.00
       87.00       15.00       61.00       30.00       39.00       75.00       59.00       23.00       57.00       30.00
       95.00       36.00       74.00       45.00       31.00       75.00       20.00       70.00       16.00       99.00
       99.00       77.00       47.00       20.00       41.00       73.00       27.00       89.00       48.00       64.00
       99.00       83.00       20.00       52.00       57.00        6.00       14.00       92.00       42.00       84.00
       72.00       41.00       97.00        0.00       48.00       74.00       28.00       14.00       86.00       58.00
       88.00       55.00       47.00       94.00       93.00       80.00       87.00       85.00       41.00       45.00
       31.00       75.00       72.00       22.00       89.00       73.00       11.00       61.00       21.00       63.00
       70.00       92.00       41.00       56.00        8.00       99.00        7.00       32.00       72.00       12.00
       66.00       93.00       60.00       24.00       11.00        6.00       99.00       91.00        0.00       22.00
        8.00        1.00       38.00       97.00        3.00       14.00       13.00       38.00       54.00       93.00
       35.00       71.00       11.00        2.00       37.00       87.00       51.00       28.00       25.00       22.00
       12.00       43.00       79.00       76.00       32.00       37.00       52.00       71.00       85.00       78.00
       27.00       10.00       93.00       60.00        7.00       84.00       70.00       76.00       59.00       38.00
        4.00       16.00       53.00        1.00       90.00       62.00       36.00       25.00       81.00       51.00
       49.00       99.00        8.00       19.00       91.00       39.00       90.00       45.00       56.00       55.00
       33.00       61.00       17.00       57.00       96.00       95.00       44.00       44.00       66.00       71.00
       44.00       94.00       65.00       64.00       97.00       46.00       96.00       10.00        8.00       43.00
       95.00       98.00       99.00       74.00       32.00       97.00       18.00       40.00        4.00       12.00
       29.00       25.00       86.00       48.00       18.00       48.00       55.00       45.00       34.00       41.00
       92.00       98.00       34.00       54.00       25.00       87.00       10.00        0.00       76.00       79.00
       26.00       90.00       20.00       68.00       70.00       13.00       67.00       76.00       26.00       70.00
       32.00       22.00        2.00       54.00       49.00       44.00       73.00       50.00       41.00       16.00
       30.00       93.00       62.00        3.00       40.00       99.00       60.00       51.00       61.00       64.00
       41.00       92.00       57.00       97.00       22.00       25.00       28.00       37.00        6.00       95.00
       25.00       48.00       17.00       76.00       30.00       20.00       86.00       43.00       26.00        7.00
       63.00       83.00       63.00       72.00       99.00       73.00       25.00       38.00       31.00       40.00
       39.00       43.00       61.00       64.00       70.00       76.00        3.00        2.00       14.00       19.00
       53.00       38.00       77.00       23.00       89.00       92.00       92.00        5.00       24.00       32.00
       18.00       45.00       66.00       85.00       34.00        7.00       38.00       37.00        0.00        9.00
       85.00       56.00       61.00       47.00       66.00        5.00       31.00       16.00        1.00       97.00
       43.00       91.00       24.00       30.00       91.00       73.00       62.00        4.00       87.00       97.00
       48.00       91.00       91.00       70.00       30.00       31.00       21.00       78.00       25.00       65.00
       22.00       81.00       55.00       18.00       65.00       90.00       50.00       15.00        3.00       87.00
       88.00       78.00        2.00       36.00       44.00       38.00       26.00        8.00       38.00       64.00
       42.00       87.00        8.00       90.00       82.00       65.00       71.00       96.00       71.00       22.00
       16.00       70.00       98.00       53.00       61.00       60.00       11.00       92.00       65.00       85.00
       51.00       38.00       74.00       78.00       53.00       94.00       52.00       71.00       86.00       64.00
        3.00       42.00        3.00       72.00       10.00       93.00       30.00       94.00       41.00       21.00
        9.00       32.00       80.00        9.00       85.00       52.00        7.00       36.00       84.00       77.00
       26.00        1.00       34.00       98.00        5.00       97.00       30.00       58.00       95.00       80.00
       28.00       11.00       31.00       24.00       44.00       54.00       26.00       57.00       68.00        3.00
       30.00       18.00       30.00       54.00       95.00       78.00       85.00       37.00       85.00       16.00
       94.00       72.00        7.00       39.00       14.00       76.00       60.00        5.00       40.00       77.00
       32.00       60.00       54.00       46.00       80.00       14.00       59.00       37.00       85.00       28.00
       32.00       14.00       60.00       62.00        4.00       87.00       50.00       18.00       52.00       94.00
       70.00       87.00       71.00       12.00       45.00       70.00       48.00       62.00       58.00       37.00
       66.00       54.00       34.00       46.00       15.00       95.00       96.00       33.00       66.00       33.00
       80.00       48.00       53.00       31.00       91.00       97.00       74.00       88.00       47.00       10.00
       86.00       40.00       27.00       53.00       72.00       34.00       37.00       53.00       92.00       22.00
       18.00       24.00       26.00       19.00       12.00       14.00       21.00       19.00       18.00       23.00
       20.00       13.00       20.00       22.00       18.00       25.00       13.00       21.00       14.00       15.00
       12.00       24.00       23.00       28.00       11.00       13.00       11.00       17.00       21.00       16.00
       28.00       28.00       25.00       14.00       29.00       15.00       16.00       26.00       17.00       19.00
       14.00       10.00       10.00       11.00       13.00       10.00       26.00       24.00       26.00       19.00
       17.00       21.00       17.00       17.00       22.00       12.00       19.00       21.00       13.00       26.00
       14.00       17.00       24.00       21.00       19.00       15.00       16.00       22.00       25.00       11.00
       18.00       22.00       18.00       15.00       23.00       20.00       18.00       24.00       13.00       10.00
       12.00       11.00       18.00       24.00       22.00       26.00       16.00       15.00       16.00       15.00
    11764.00     8827.00     4714.00     7394.00     5596.00    15644.00    21195.00    27531.00    19887.00     9274.00
    19182.00    22785.00    21733.00    13701.00    22557.00    24065.00    25308.00    20554.00    24205.00    21222.00
     3895.00    23444.00    21300.00    26684.00     1921.00    16767.00    20937.00    20503.00    25818.00    23160.00
      306.00      207.00       74.00      313.00      295.00      166.00      162.00      303.00      183.00      266.00
      276.00      198.00       29.00      149.00      124.00      131.00      273.00       66.00      183.00      302.00
      185.00      253.00      200.00      241.00      133.00       56.00      286.00       42.00      178.00      130.00
