   30   15
       90.00       25.00       26.00       40.00       56.00       37.00       49.00       28.00        4.00       76.00
       24.00       49.00       48.00       30.00       61.00
       19.00       70.00       34.00       80.00       63.00       46.00       21.00       33.00       37.00       74.00
       98.00       99.00       87.00       24.00       97.00
       75.00       27.00       12.00       71.00       28.00       67.00       57.00       28.00       69.00       94.00
       64.00       48.00       83.00        6.00       46.00
       96.00        6.00       43.00       93.00       46.00       46.00       71.00       38.00       73.00       89.00
        8.00       64.00       77.00       28.00       97.00
       85.00       43.00       13.00       77.00       72.00       63.00        5.00       86.00        9.00       61.00
       99.00       15.00        5.00        0.00       17.00
       93.00       94.00       67.00       13.00       68.00        8.00       59.00       39.00       13.00       87.00
       30.00       43.00       77.00       78.00       39.00
       25.00       59.00       29.00       50.00       50.00       73.00       76.00       52.00       11.00       32.00
       96.00       93.00       81.00       72.00       52.00
       66.00       95.00       89.00       65.00       76.00       61.00       64.00       93.00       80.00       83.00
       99.00       92.00       88.00       47.00       89.00
       92.00       49.00        3.00       99.00       17.00       69.00       49.00       20.00       31.00       49.00
       88.00       38.00       80.00       16.00       26.00
       23.00       82.00       92.00       28.00       21.00       60.00       43.00       47.00       23.00       36.00
       75.00       93.00       37.00       32.00       84.00
       19.00       64.00       37.00       83.00       21.00       94.00       43.00       39.00       90.00       50.00
       49.00       27.00       74.00       37.00        6.00
       57.00       12.00       97.00       29.00       33.00       70.00       62.00       12.00       74.00       82.00
       65.00       25.00       71.00       77.00       31.00
       64.00       89.00       45.00       91.00       98.00       26.00       76.00       67.00       27.00       83.00
       68.00       16.00       49.00       17.00       96.00
       57.00       95.00       80.00       83.00       97.00       79.00       57.00       15.00       38.00       82.00
       61.00       98.00       27.00       57.00       58.00
       34.00       87.00       27.00        9.00       79.00       37.00       15.00       77.00       11.00       91.00
       22.00       10.00       99.00       94.00       54.00
       14.00       75.00       27.00       51.00       86.00       51.00        1.00       76.00       41.00        1.00
       20.00       62.00       81.00       41.00       75.00
       31.00       83.00       55.00        7.00       38.00       88.00       42.00       39.00       82.00       44.00
        9.00       88.00        7.00       17.00       12.00
       87.00       89.00       73.00       25.00       75.00       56.00       10.00       95.00       58.00       16.00
       73.00        8.00       27.00       72.00       98.00
       77.00       96.00       51.00       57.00       25.00       92.00       94.00        3.00       20.00       10.00
       48.00       46.00       95.00       27.00       95.00
       84.00       56.00       17.00       86.00        9.00       50.00       25.00       72.00       24.00       61.00
       92.00       50.00       54.00       57.00       30.00
       62.00       61.00       87.00        1.00       26.00       52.00       20.00       42.00       71.00       71.00
       68.00       35.00       18.00       12.00       39.00
       25.00       25.00       80.00       97.00       33.00       83.00       99.00       47.00        2.00       41.00
       35.00       63.00        0.00       86.00       95.00
       13.00       44.00       14.00        6.00       70.00       23.00       70.00        0.00        7.00       54.00
       26.00       41.00       10.00       72.00       50.00
       85.00       48.00       50.00       67.00       58.00       16.00        4.00       20.00       81.00        6.00
       28.00       83.00       88.00       82.00       53.00
       83.00       16.00       81.00       36.00       38.00       55.00       42.00       21.00        1.00       93.00
       49.00       27.00       96.00        0.00       33.00
       55.00       57.00       15.00       77.00       15.00       22.00       57.00       15.00       26.00       42.00
       52.00        8.00       23.00        0.00       62.00
       64.00       95.00       58.00       50.00       10.00       19.00       72.00       13.00       36.00       74.00
       43.00       86.00       96.00       53.00       96.00
       71.00       94.00       88.00        8.00       67.00       20.00       85.00       19.00        2.00        9.00
       16.00        1.00       73.00       28.00        7.00
       72.00       72.00       26.00       42.00       81.00       41.00       90.00       56.00       87.00       76.00
        4.00       89.00       23.00       93.00       94.00
       27.00       22.00       11.00       17.00       51.00       25.00       14.00       12.00       71.00       17.00
        5.00       32.00       15.00       51.00       64.00
       10.00       11.00       18.00       11.00       18.00       26.00       17.00       27.00       28.00       20.00
       19.00       11.00       17.00       20.00       12.00       17.00       18.00       23.00       10.00       23.00
       22.00       11.00       21.00       22.00       13.00       28.00       21.00       14.00       13.00       19.00
     1300.00      138.00      968.00      988.00      215.00      767.00      908.00     1262.00      675.00      821.00
      489.00      339.00      923.00      709.00      448.00
      107.00       26.00      107.00      123.00       21.00      119.00      124.00      116.00       70.00       89.00
       70.00       26.00       66.00      122.00       58.00
