   30   15
       54.00       75.00       99.00       20.00       60.00       16.00       37.00       23.00        1.00       81.00
       24.00       14.00       49.00       60.00       58.00
       30.00       11.00       94.00       26.00       72.00       69.00       36.00       83.00       12.00       10.00
        7.00       86.00       23.00       52.00       94.00
       93.00       97.00       66.00       84.00        2.00       90.00       50.00        2.00       87.00       99.00
       19.00        2.00       63.00       58.00       95.00
       39.00       73.00       15.00       28.00       22.00       97.00       31.00       80.00       13.00       19.00
       99.00       39.00       22.00       88.00       86.00
       63.00       35.00       82.00       41.00       65.00       54.00       52.00       21.00       83.00       33.00
       96.00       33.00       97.00       62.00       98.00
       91.00        1.00        8.00       37.00       32.00       20.00       33.00       42.00       47.00       52.00
       37.00       51.00       18.00       57.00       97.00
        1.00       64.00       28.00       15.00       55.00       42.00       29.00       68.00       49.00       56.00
       65.00       49.00        4.00       67.00       33.00
       30.00       45.00        0.00       61.00       86.00       25.00       11.00       41.00       66.00       29.00
       40.00        6.00       92.00       27.00       74.00
       13.00       32.00       87.00       91.00       31.00       70.00       72.00       64.00       36.00       73.00
       83.00       38.00       81.00       26.00       17.00
       16.00       76.00       86.00       61.00       21.00        1.00       77.00       29.00        3.00       47.00
       23.00       21.00       25.00       41.00       98.00
       62.00       42.00        9.00       36.00       50.00       55.00       86.00       22.00        7.00       98.00
       72.00       75.00       37.00        8.00       96.00
       78.00       11.00       70.00       29.00       21.00       48.00       38.00       73.00       70.00       60.00
       85.00        1.00       64.00       72.00       18.00
       38.00       10.00       41.00       76.00        1.00       29.00       35.00       88.00       36.00       79.00
       56.00       57.00       27.00       41.00       86.00
        5.00       55.00       51.00       27.00       92.00       54.00       35.00       46.00       85.00       61.00
       43.00       45.00       57.00       69.00       14.00
       28.00       32.00       56.00       19.00       12.00       98.00        3.00       45.00       32.00       72.00
       56.00       36.00       29.00       77.00       93.00
       99.00       99.00       68.00       82.00       31.00       73.00       17.00       64.00       40.00       39.00
       42.00       78.00       57.00       28.00       43.00
       24.00       56.00       28.00       81.00       34.00       53.00       93.00        7.00       79.00       24.00
       70.00       38.00       47.00       72.00       53.00
       18.00       71.00       38.00       35.00       32.00       82.00       38.00       26.00       56.00       28.00
       61.00       56.00       40.00       67.00       59.00
       71.00       89.00       41.00       33.00        3.00       73.00       92.00       75.00       69.00       75.00
       52.00       22.00       23.00       64.00       42.00
       53.00       74.00       64.00       63.00        9.00       45.00       33.00       38.00       28.00       28.00
       91.00       69.00       30.00       63.00       55.00
        0.00       84.00       51.00       65.00        1.00       53.00       76.00       19.00       28.00       83.00
       91.00       45.00       96.00        2.00        4.00
       79.00        5.00       30.00       53.00       21.00       78.00       22.00       75.00        4.00       14.00
       92.00       91.00       79.00       65.00       93.00
       73.00       16.00       80.00       52.00       65.00       64.00       91.00       81.00       61.00       25.00
       20.00       14.00       79.00       36.00       43.00
       40.00       71.00       57.00       26.00       43.00       71.00       20.00       29.00       50.00       59.00
       75.00       53.00       60.00       91.00       49.00
       50.00        5.00       37.00       96.00       38.00       69.00       27.00        4.00       99.00       45.00
       67.00       98.00       27.00       37.00       17.00
       40.00       78.00       22.00       23.00       23.00       27.00       14.00       24.00       14.00       34.00
       25.00       27.00       78.00       78.00       94.00
       72.00        6.00       11.00       35.00       53.00       20.00       37.00       25.00       65.00       25.00
       21.00       33.00       93.00       41.00       86.00
       60.00       61.00       21.00       41.00       46.00        1.00       50.00       61.00       53.00       26.00
       81.00       15.00       41.00       99.00       41.00
       91.00       95.00       48.00       25.00       89.00       59.00       55.00       58.00       66.00       99.00
       28.00       91.00       57.00       94.00       30.00
       58.00       15.00       26.00       29.00       18.00       25.00       20.00       89.00       59.00        8.00
       56.00        7.00       21.00       98.00       53.00
       10.00       28.00       28.00       24.00       27.00       18.00       28.00       11.00       23.00       26.00
       27.00       10.00       27.00       22.00       24.00       11.00       10.00       12.00       15.00       20.00
       24.00       21.00       21.00       21.00       20.00       10.00       10.00       25.00       16.00       25.00
      204.00      148.00      188.00      185.00      154.00      278.00      107.00      304.00      382.00      420.00
      401.00      205.00      149.00      142.00      433.00
       68.00       51.00       52.00       74.00       60.00       61.00       33.00       74.00       63.00       73.00
       81.00       44.00       44.00       48.00       64.00
