30    200
220      1712
41      727
273      1785
402      2266
188      1545
185      1470
96      1089
314      1936
132      1277
293      1764
367      1952
470      2415
32      653
311      2015
41      673
329      1949
355      2126
299      1925
64      875
70      874
114      1125
355      1957
141      1344
399      2098
190      1479
193      1403
458      2376
323      1856
264      1821
223      1664
14   12   35   16   22   7   14   23   19   15   8   24   5   6   31   9   31   14   18   28   7   31   15   27   10   25   24   34   8   19   13   9   5   30   8   35   26   16   8   34   13   32   26   26   22   11   22   19   6   13   8   10   10   7   21   16   5   26   28   30   30   16   18   30   32   32   17   33   11   21   26   19   35   6   15   15   8   34   9   22   32   27   13   28   5   31   23   16   10   18   24   32   7   28   33   24   18   31   35   12   34   21   23   34   12   29   13   10   10   32   31   29   20   19   21   31   10   30   5   33   17   30   24   10   25   19   16   27   14   5   8   16   10   25   34   33   32   6   33   34   29   7   31   9   5   15   30   29   25   35   31   29   22   28   16   7   33   28   13   35   11   25   16   26   29   26   33   21   25   22   9   21   24   6   34   15   26   33   17   8   8   31   7   21   17   6   29   6   27   13   33   31   31   31   23   31   8   28   13   22   
121   37   263   95   124   40   24   111   159   30   60   149   15   28   287   53   123   73   117   157   32   147   72   241   34   136   157   100   36   155   74   37   13   105   31   115   215   72   60   168   56   136   117   146   37   40   88   108   18   71   50   11   17   41   148   139   21   161   247   114   73   63   63   261   105   150   113   178   45   149   222   23   266   49   41   55   57   75   48   35   245   156   69   239   16   230   48   143   17   83   244   240   37   183   34   50   153   301   92   92   186   122   78   75   39   71   92   26   49   127   147   223   155   168   90   217   83   125   25   191   152   141   96   82   174   111   67   103   114   32   67   56   25   197   341   45   142   31   236   208   67   8   217   36   42   89   207   145   121   67   257   78   176   195   158   51   232   118   78   85   88   149   92   214   196   166   225   151   171   154   19   61   80   15   264   131   152   309   86   29   24   147   42   78   111   31   133   16   104   72   216   50   110   255   160   85   19   233   102   124   
114   61   209   62   86   28   26   64   150   61   57   127   5   35   246   47   181   59   95   182   42   110   40   202   18   84   118   49   47   129   53   18   3   156   47   132   170   42   58   127   33   125   140   109   14   33   114   68   11   75   33   12   8   44   124   120   23   107   196   76   55   40   95   218   46   184   114   111   48   131   174   28   269   41   14   24   48   141   54   11   208   98   50   241   9   222   0   138   15   45   201   253   35   181   54   102   130   248   68   68   121   77   126   114   53   58   71   17   32   86   83   169   122   134   99   156   64   67   16   154   148   114   141   65   176   127   36   156   98   22   54   22   11   192   283   104   106   20   168   135   39   22   213   19   39   72   149   96   144   138   199   124   138   210   131   48   239   167   87   123   67   106   83   200   178   111   155   143   165   108   36   16   30   10   238   117   98   246   76   13   40   143   37   105   81   34   86   20   56   52   168   32   88   198   162   137   13   224   88   99   
101   79   148   51   46   27   40   22   133   85   50   101   4   39   195   39   222   44   70   194   49   74   24   157   26   60   76   42   53   99   55   7   9   191   60   147   121   14   53   87   36   115   154   70   56   31   131   35   9   74   19   31   26   44   96   96   25   59   143   51   69   22   118   168   22   203   108   90   49   107   125   54   254   32   17   24   37   191   57   53   162   64   55   228   7   200   44   126   33   24   156   249   32   169   117   143   102   191   78   46   57   46   161   150   64   71   48   19   33   56   63   114   87   99   103   97   45   68   15   112   135   90   171   47   167   133   33   194   78   13   40   20   14   176   220   152   76   9   107   83   56   34   196   2   34   54   92   47   157   193   140   158   98   210   102   43   230   200   90   157   47   62   71   175   150   66   101   128   151   68   49   26   36   19   200   97   50   183   64   2   53   136   31   123   50   35   42   24   66   30   115   90   78   140   154   176   17   202   70   71   
131   16   319   126   163   53   45   156   173   9   66   177   24   25   330   63   77   92   142   147   25   194   102   280   53   187   197   162   30   182   98   55   23   73   15   135   259   101   65   218   81   168   113   186   81   53   78   146   28   74   66   31   37   41   175   160   22   211   295   163   120   90   41   305   166   137   119   243   51   173   268   57   277   58   70   85   67   37   46   79   287   210   92   246   24   250   95   151   35   120   284   240   42   197   94   3   178   352   146   115   250   164   36   86   37   115   113   43   68   178   209   274   187   200   99   276   101   184   35   237   160   180   62   99   182   105   99   59   132   41   80   88   44   210   397   49   189   42   300   276   117   6   233   54   45   109   263   196   114   26   311   61   213   193   184   56   239   82   75   94   107   192   108   235   225   217   291   166   187   197   10   103   129   25   298   148   202   369   105   44   10   171   49   67   141   31   183   19   157   94   268   110   152   310   168   61   32   250   117   155   
30   85   134   133   92   64   67   129   35   102   8   32   26   27   125   8   208   30   42   111   38   89   102   111   77   188   90   158   40   63   123   54   32   176   63   121   130   73   10   94   104   72   98   79   144   33   100   118   25   29   50   67   67   18   43   52   15   152   158   109   129   62   112   118   160   136   28   263   29   29   147   102   77   20   78   102   17   217   30   135   80   196   123   82   20   37   139   42   73   118   152   102   8   34   232   180   61   178   145   71   165   144   170   163   54   122   51   42   86   114   226   150   84   103   58   175   55   226   41   72   45   69   159   48   46   72   118   192   38   25   35   103   48   44   203   194   92   28   207   235   137   47   37   45   9   31   160   118   97   231   171   158   103   91   90   6   74   176   45   162   58   101   13   45   17   169   234   17   21   143   55   126   158   46   51   40   148   218   26   41   57   57   5   100   73   17   114   24   206   47   105   213   99   168   42   177   35   55   29   51   
124   96   180   21   69   16   62   32   164   104   63   140   12   49   226   54   269   67   95   245   61   127   2   182   22   14   101   101   67   119   35   9   12   238   70   210   135   38   66   144   22   174   200   108   73   51   169   26   20   98   15   39   33   57   125   114   34   56   151   106   120   51   146   197   77   260   139   32   69   139   132   80   317   38   40   20   48   238   73   74   204   21   37   277   16   254   66   153   38   8   164   308   45   219   141   170   122   204   139   45   84   20   192   205   84   121   60   37   19   114   16   125   102   107   141   100   48   39   7   164   164   143   208   53   212   168   18   233   96   15   46   23   31   219   235   198   133   14   96   45   104   43   251   17   43   77   100   87   202   239   150   204   111   261   111   54   290   244   114   215   51   88   99   217   198   49   68   164   194   57   61   44   39   20   252   117   51   183   94   16   63   193   43   159   64   46   88   35   47   47   155   110   136   150   196   223   30   249   88   105   
118   102   157   27   58   20   67   26   156   112   61   131   13   51   206   51   281   63   87   247   63   120   12   164   30   24   87   109   69   108   43   12   15   249   74   216   116   35   64   135   32   173   204   97   86   51   174   11   21   98   9   45   39   56   116   105   35   36   130   105   127   50   153   177   84   266   136   51   70   130   111   89   310   34   45   31   44   254   74   87   187   15   47   271   17   245   79   147   45   16   145   304   44   214   163   184   111   180   146   36   67   5   203   216   87   127   52   39   27   112   41   103   89   92   143   76   41   64   10   152   158   138   217   46   208   169   31   245   88   11   40   33   34   212   208   213   128   12   70   19   112   46   244   17   41   71   77   77   205   256   125   214   95   260   98   52   285   254   115   225   42   74   95   207   188   27   43   158   189   39   65   55   55   24   237   109   33   156   91   17   67   191   41   165   53   46   82   36   69   41   137   130   136   126   192   235   32   240   81   97   
13   100   186   167   136   79   94   177   16   125   9   79   37   32   143   27   242   59   73   125   44   155   134   133   98   241   133   230   47   84   151   73   43   212   73   180   165   107   6   165   132   136   124   131   189   55   124   157   37   41   66   87   87   22   75   62   22   203   195   173   190   96   133   145   228   164   32   332   47   57   183   140   46   26   110   134   29   268   37   180   117   252   151   35   31   30   187   8   93   156   175   80   21   52   297   218   76   209   217   92   233   187   199   219   70   181   72   63   107   182   292   197   113   127   88   231   69   290   52   138   9   133   184   61   43   80   152   222   50   34   45   137   70   12   233   250   161   40   268   304   197   58   43   64   4   60   214   178   119   286   216   199   135   83   103   8   65   203   49   219   74   149   47   30   66   221   298   27   38   185   69   170   209   59   72   43   200   261   62   58   67   112   20   125   104   22   175   34   264   73   163   276   164   214   39   220   51   8   41   95   
69   105   27   88   29   47   72   71   91   120   34   58   20   44   90   26   275   31   25   201   57   68   64   64   60   120   5   131   62   35   92   35   26   240   77   184   41   40   39   70   77   122   170   33   128   40   154   61   22   71   23   63   59   42   40   44   28   65   63   89   132   45   149   65   119   226   91   176   54   57   54   105   208   12   63   74   15   266   59   122   66   117   95   184   17   148   119   93   66   74   82   222   28   139   222   205   42   91   147   26   66   81   210   211   79   129   4   41   63   90   152   42   19   41   111   61   19   164   29   57   100   81   212   15   140   135   84   246   34   7   13   74   42   133   111   229   82   12   87   128   129   52   154   28   23   27   49   54   171   275   58   210   28   194   49   30   198   242   90   216   17   23   52   116   96   83   121   92   116   65   68   97   118   40   117   52   66   101   53   28   70   132   21   149   12   36   64   33   156   15   19   193   110   56   129   232   34   146   33   38   
115   17   285   122   145   53   33   142   151   8   57   151   21   19   297   53   67   77   123   119   20   164   96   252   52   178   174   137   23   162   98   51   21   51   18   96   236   89   56   185   80   133   85   161   76   42   56   135   23   60   61   30   35   34   152   143   16   193   271   136   94   77   30   274   145   105   100   234   39   150   245   45   238   52   61   80   59   14   37   71   253   198   93   215   20   214   85   133   35   111   262   205   34   165   94   31   159   323   116   105   224   153   40   48   23   89   101   35   67   150   199   250   169   183   75   252   92   177   34   203   141   149   52   90   154   86   95   55   117   37   72   82   37   182   365   19   158   38   277   258   96   6   198   48   40   94   239   172   88   14   285   31   193   163   168   48   202   67   62   54   97   170   90   205   192   202   273   142   158   183   2   94   120   25   260   131   185   341   86   39   11   135   41   46   126   25   159   12   152   82   235   106   121   283   142   31   26   219   103   133   
152   90   268   39   122   10   68   87   201   96   78   188   17   52   303   71   261   94   135   266   62   186   40   250   11   64   160   141   70   166   17   26   11   237   65   237   203   71   80   209   12   218   218   165   63   65   178   76   27   114   36   32   27   65   172   153   38   125   225   154   145   78   143   272   120   279   163   69   81   183   200   83   371   53   54   29   66   225   81   71   278   85   12   322   23   308   69   182   27   50   227   349   56   262   112   150   166   286   172   77   168   74   178   213   88   145   92   46   9   167   65   201   153   157   162   181   75   42   6   232   195   194   203   79   249   184   25   222   128   28   66   37   40   263   324   190   189   29   183   131   125   38   301   35   52   108   179   151   219   221   231   204   168   294   153   67   336   242   126   225   79   148   127   268   254   116   150   201   236   115   58   58   52   11   323   151   119   269   123   29   59   234   56   166   107   52   147   38   31   77   233   87   176   231   230   221   37   301   117   151   
85   38   220   117   111   53   24   120   110   41   40   101   18   13   233   34   98   50   87   81   19   109   88   198   55   166   133   105   19   124   101   45   21   68   32   19   190   69   38   123   80   66   46   115   82   22   36   116   16   34   52   36   39   20   109   109   6   163   223   91   61   54   46   214   117   67   65   225   15   105   202   43   167   39   51   77   42   80   22   74   187   181   97   159   14   147   83   99   42   101   218   148   19   106   123   83   122   266   73   88   179   137   80   26   12   55   78   23   68   101   188   203   132   149   31   209   75   175   33   138   105   90   74   72   103   58   92   92   88   30   57   77   29   129   301   63   101   30   235   230   72   19   132   39   29   64   195   129   54   90   233   45   154   115   138   32   137   83   41   21   79   130   55   149   129   175   241   96   104   157   19   86   115   29   186   99   155   288   50   32   25   68   26   33   98   14   117   1   154   61   174   122   68   231   95   56   17   159   76   90   
147   107   233   8   105   5   79   70   195   117   76   179   19   58   272   69   301   90   124   285   69   178   27   221   24   29   138   151   78   148   16   23   16   272   77   260   170   64   80   200   19   224   237   150   90   68   198   52   29   118   25   46   40   67   160   139   41   91   186   154   162   77   165   242   125   304   166   22   86   173   163   102   373   47   60   34   61   271   87   95   255   44   22   323   24   305   89   179   43   37   192   358   56   265   162   188   149   243   189   59   138   44   212   246   99   161   80   51   11   165   43   163   131   131   173   139   61   49   3   218   192   192   234   67   252   196   26   260   118   22   57   41   44   260   277   232   185   24   133   80   142   48   301   32   51   102   140   134   237   271   188   237   142   305   131   66   343   276   134   258   65   127   125   259   246   78   95   198   235   80   70   69   63   21   308   141   89   217   122   28   71   242   54   186   89   55   136   43   52   68   207   130   183   189   233   258   41   296   109   141   
40   73   161   134   100   64   58   131   49   88   14   48   25   21   156   13   178   33   54   84   31   93   102   136   74   190   104   149   32   81   122   54   31   147   55   92   149   74   13   99   102   56   72   89   134   28   78   122   23   16   52   62   62   11   61   67   10   160   180   105   115   61   94   146   154   104   19   263   19   49   165   91   71   26   74   99   24   186   22   124   109   200   121   82   19   49   130   49   68   118   173   85   3   23   213   159   78   206   129   78   174   148   148   134   43   107   59   39   84   110   225   169   99   118   38   190   62   221   41   87   52   68   135   56   36   55   116   165   52   27   42   100   45   52   233   167   92   29   222   242   125   41   37   45   13   38   174   124   72   201   192   131   120   72   104   10   59   148   33   132   65   111   17   66   45   177   244   29   25   152   47   120   153   44   84   55   155   242   25   40   49   33   9   80   82   11   117   19   201   51   125   198   88   190   34   148   31   70   42   60   
102   96   121   46   32   28   58   11   134   105   51   103   11   45   174   41   262   47   65   220   57   85   24   136   35   53   60   86   63   87   57   12   15   230   71   185   94   18   55   96   42   140   180   66   85   41   156   13   16   84   8   45   39   49   91   87   30   22   110   76   106   34   141   146   66   237   117   86   59   105   93   80   269   28   38   36   35   237   65   83   150   47   59   238   13   209   75   128   46   25   128   269   36   182   161   177   91   157   120   30   27   27   192   193   78   106   38   31   36   79   67   80   69   78   122   56   34   84   15   112   138   104   202   37   179   151   41   231   72   7   32   35   28   183   183   198   93   5   61   47   95   44   208   11   35   53   54   43   182   241   103   196   76   230   85   44   248   235   101   201   34   45   76   176   154   32   59   133   159   38   61   53   60   26   197   92   13   140   72   13   64   158   33   148   35   40   49   32   85   26   99   131   107   103   165   216   27   207   66   71   
18   101   122   141   99   69   83   141   21   122   6   42   30   34   93   16   250   40   42   144   47   112   111   87   85   202   90   190   51   49   132   60   37   216   74   168   118   83   12   117   114   111   132   88   167   45   129   126   31   45   52   79   77   26   37   35   22   158   144   136   163   75   136   93   187   177   43   282   43   20   135   125   93   15   92   114   14   262   41   158   58   208   133   85   25   44   162   34   84   129   133   124   18   62   270   212   44   154   183   70   177   153   200   208   70   155   48   53   93   141   246   144   76   92   86   175   51   248   44   86   38   96   190   43   65   94   130   228   25   25   31   116   58   45   175   237   119   30   209   247   168   56   59   51   5   36   160   132   129   278   159   197   94   115   76   7   100   213   60   209   54   106   31   20   27   176   241   24   41   145   67   144   178   52   10   21   156   201   44   47   67   98   11   128   74   24   132   32   228   51   104   246   132   156   60   219   43   43   18   61   
148   88   261   38   118   11   65   83   196   93   76   182   16   51   297   69   255   91   131   260   61   179   37   245   9   62   155   133   68   162   19   25   10   231   64   229   198   68   79   202   10   210   213   159   59   63   174   73   26   111   35   30   25   63   168   150   37   120   221   147   138   75   139   266   113   272   160   66   78   178   196   79   363   52   50   26   64   219   79   67   271   82   14   315   22   301   64   179   25   46   223   342   54   256   107   146   162   281   164   75   161   72   175   206   86   138   90   44   9   160   60   196   150   153   157   176   73   36   6   225   191   187   198   77   243   180   22   218   126   27   65   34   37   257   319   184   181   28   178   127   119   37   294   33   51   105   174   145   214   215   226   198   164   288   150   66   329   237   124   218   78   143   123   263   247   113   147   196   231   112   57   54   47   10   315   148   114   265   119   27   58   227   54   161   103   51   141   37   25   74   226   81   169   226   224   215   35   295   114   146   
77   129   49   105   69   55   100   107   104   151   42   94   29   55   65   40   337   57   53   249   70   130   86   41   77   150   53   198   77   35   108   49   35   299   93   253   15   70   48   139   97   183   218   85   170   62   196   84   34   93   31   83   78   53   63   41   37   94   20   150   193   77   185   46   181   284   114   216   74   79   25   143   249   11   92   99   23   334   74   165   86   147   112   211   27   182   163   103   85   101   34   264   40   177   287   254   38   29   219   26   121   104   256   280   103   188   22   61   77   155   195   42   21   7   150   80   10   210   36   117   112   140   259   5   172   167   108   300   38   13   5   102   62   157   42   296   146   22   103   161   188   67   192   44   27   52   73   110   215   346   33   268   17   234   18   38   242   296   111   286   13   70   77   133   131   106   143   116   147   77   86   136   159   51   143   54   99   53   83   43   86   187   31   190   38   46   121   45   199   41   79   252   173   32   159   294   51   168   40   79   
23   89   145   142   103   68   74   141   26   107   4   43   29   28   126   13   216   37   49   113   40   106   110   113   82   202   100   177   42   66   130   59   35   185   66   135   137   82   6   112   111   88   103   92   156   38   105   128   28   30   54   73   72   18   49   52   17   164   166   126   145   71   117   122   178   141   25   280   33   32   154   112   63   21   86   110   19   230   31   146   85   210   130   69   23   20   151   33   78   128   156   93   11   31   249   189   62   184   163   76   182   155   177   177   58   137   55   48   91   131   243   161   90   108   65   188   58   242   44   88   36   85   165   51   39   73   127   199   39   27   37   112   54   31   208   209   110   31   222   252   152   50   27   50   7   37   172   133   101   245   181   168   110   86   92   2   66   182   45   176   61   112   22   33   24   182   250   5   14   153   59   137   171   49   46   38   161   227   35   45   59   70   9   106   81   18   129   27   221   53   118   229   116   178   36   188   39   40   30   62   
106   18   276   129   143   57   35   146   138   19   52   140   23   14   285   48   54   73   117   94   14   157   101   243   58   187   170   142   16   155   106   53   24   30   19   76   231   90   50   177   87   118   63   156   88   39   36   138   23   50   62   36   41   28   144   135   12   196   266   133   95   76   21   263   150   76   87   249   32   139   242   51   210   49   64   87   56   28   29   82   240   207   101   192   20   192   95   121   42   117   257   178   30   145   117   49   152   315   115   105   225   159   43   36   13   88   98   35   73   146   211   246   164   179   60   252   91   192   36   192   128   139   41   88   134   69   102   50   111   37   70   88   39   163   356   37   151   38   279   267   100   12   175   49   36   88   238   170   66   41   281   5   189   139   164   43   176   50   50   38   96   167   81   188   176   206   279   127   141   185   6   101   130   30   240   123   187   338   79   40   12   117   38   28   124   20   157   10   167   81   227   126   115   279   124   8   26   198   97   126   
56   60   215   147   127   68   58   153   71   76   24   85   28   12   205   27   138   51   81   39   21   128   114   179   78   211   138   168   21   111   129   61   32   111   46   79   189   90   21   140   109   77   37   123   137   35   50   142   26   4   62   62   64   2   94   93   6   191   223   129   123   75   72   194   175   57   24   288   17   82   205   90   78   35   81   108   37   156   7   127   160   225   127   87   22   82   136   62   68   133   211   64   12   45   209   140   106   255   141   95   213   169   121   114   31   114   79   43   90   138   248   211   130   148   26   231   77   239   44   135   64   101   104   71   41   25   126   131   74   34   55   109   49   71   287   147   125   36   265   278   134   37   64   53   19   60   215   156   35   172   239   104   153   43   130   19   51   110   13   110   82   144   42   99   91   207   282   56   54   179   40   131   166   44   136   78   185   293   46   46   41   52   20   54   106   2   147   17   214   68   174   200   107   236   38   117   34   96   62   91   
101   134   93   86   71   47   104   94   136   155   55   124   28   60   123   51   355   70   75   279   76   149   72   91   70   123   69   199   83   68   93   44   33   318   97   277   41   68   60   161   85   209   242   103   164   69   214   66   35   108   23   80   75   61   93   70   42   72   31   160   200   80   195   101   176   314   138   180   84   111   24   145   302   21   90   89   35   347   84   161   137   116   98   256   28   229   157   131   82   87   52   310   48   216   280   258   71   67   228   13   112   82   266   296   111   196   33   63   67   166   167   39   46   28   169   55   9   185   30   150   141   163   274   18   208   189   95   314   62   11   18   93   62   197   82   306   165   21   63   122   191   68   238   42   35   68   56   113   240   356   30   283   40   272   41   49   289   315   126   305   13   77   97   177   173   77   99   147   183   49   90   128   146   48   198   81   80   23   100   41   89   218   40   205   42   52   126   49   177   46   111   242   189   33   191   310   52   215   61   99   
86   53   177   90   76   42   12   79   111   55   40   85   9   24   206   30   147   36   70   125   31   68   61   171   40   122   99   45   33   105   81   29   14   118   43   59   154   41   41   80   60   56   88   81   57   11   75   83   5   46   38   27   27   28   92   97   13   118   183   42   11   27   75   184   60   122   76   168   23   94   164   27   191   34   25   52   36   118   35   48   161   133   78   179   5   156   50   105   33   69   187   182   20   120   100   101   106   227   11   69   121   100   110   67   33   6   61   6   53   49   135   159   106   124   53   158   61   127   25   105   111   61   113   59   120   87   66   132   78   22   47   50   12   139   259   85   59   20   179   169   25   22   145   22   29   50   147   82   94   122   188   88   124   148   119   33   165   130   59   70   63   92   51   148   121   129   182   99   112   119   29   52   76   23   175   92   109   238   42   18   35   75   24   70   73   21   69   9   113   42   134   90   28   186   111   102   4   166   67   67   
127   86   204   30   82   15   53   45   168   91   65   146   9   46   247   55   244   70   102   234   56   132   15   201   11   35   116   90   63   131   31   10   7   217   63   195   157   42   67   150   12   169   189   118   51   49   157   44   18   96   23   29   23   55   134   124   32   80   177   104   106   51   132   217   69   245   137   44   66   145   156   66   316   42   32   6   51   210   70   55   219   50   31   278   15   257   47   155   27   18   186   303   45   219   108   147   133   232   125   57   106   43   172   183   77   107   69   33   15   113   21   150   117   124   135   129   58   12   6   173   166   144   190   61   211   161   4   211   103   19   52   11   26   222   265   171   134   18   130   82   88   36   252   19   44   81   126   98   191   208   178   183   129   255   124   55   287   224   110   193   60   103   100   223   204   76   104   166   196   80   54   29   18   13   263   124   73   216   95   15   56   188   44   147   76   44   95   32   20   53   172   78   129   178   194   200   27   254   94   111   
52   124   61   127   83   64   99   128   70   147   29   71   32   49   13   31   317   51   42   217   64   126   102   10   85   181   65   207   70   13   124   57   38   280   90   232   57   79   35   133   110   163   194   85   179   58   179   107   34   78   42   86   83   44   41   11   33   126   74   152   192   80   174   11   194   254   91   257   66   51   73   144   194   3   98   111   14   322   64   172   43   182   127   163   28   133   172   74   90   119   65   215   33   139   296   250   7   67   217   46   150   131   245   266   95   185   29   61   88   157   228   86   36   43   132   125   28   239   41   101   82   127   243   19   136   145   124   284   14   19   11   114   64   116   77   289   141   26   154   207   191   66   147   50   18   44   113   123   191   336   89   253   46   195   30   27   194   276   95   271   31   85   61   88   92   142   193   84   111   111   83   148   177   54   87   26   129   116   71   47   83   161   24   174   53   39   131   43   223   45   79   264   166   86   125   279   51   119   20   70   
111   81   169   42   59   22   43   26   146   86   56   118   5   42   215   45   229   54   82   208   51   96   16   173   20   47   91   57   57   111   46   2   7   199   61   164   134   25   58   111   27   135   166   88   50   37   140   35   12   82   20   29   23   48   111   106   28   64   155   71   80   33   122   187   36   218   119   70   55   121   135   56   277   36   20   14   42   196   62   50   184   54   46   247   10   222   40   137   30   15   167   269   37   188   109   143   113   206   93   49   73   41   163   160   68   82   56   23   26   77   43   127   98   108   114   107   50   47   11   136   147   110   177   52   183   143   22   199   88   15   44   10   17   193   237   157   98   12   113   77   65   34   217   8   38   64   103   66   169   196   153   166   109   227   110   47   251   207   98   169   51   77   82   193   171   66   98   142   168   71   50   20   21   16   224   107   55   194   76   6   54   155   36   131   59   38   62   27   48   39   137   81   97   153   169   183   20   222   79   86   
94   111   80   64   31   37   76   48   125   126   48   97   18   50   135   40   297   49   57   237   63   96   46   101   51   84   41   131   70   66   74   27   23   262   81   215   54   36   53   105   62   157   199   64   120   49   176   33   23   89   10   60   55   52   78   70   33   24   64   103   142   49   162   108   112   261   118   129   66   94   51   107   267   21   60   61   29   281   70   117   123   76   78   233   18   202   111   121   62   54   89   273   38   184   213   210   71   107   160   11   44   49   221   231   89   140   24   43   50   106   113   34   43   47   135   8   17   131   22   107   131   115   229   22   180   160   66   263   59   2   21   62   42   177   129   241   109   9   28   72   133   54   206   24   32   50   6   58   199   287   53   229   43   237   60   42   251   264   107   239   16   35   77   162   145   39   62   128   157   25   72   86   99   36   178   79   30   86   76   25   74   171   32   168   18   43   71   38   128   25   76   180   132   53   166   252   37   196   56   69   
41   79   127   122   80   59   56   113   50   93   14   25   22   25   132   4   196   21   36   109   36   68   91   113   69   171   80   132   38   64   114   48   28   164   59   101   124   62   16   70   94   49   91   64   127   24   92   106   20   28   45   60   59   18   42   55   13   137   153   86   106   50   104   120   136   128   34   239   23   33   140   88   97   20   67   91   17   198   29   118   82   178   113   101   16   59   121   54   65   105   151   115   5   45   207   165   63   177   118   67   144   131   158   143   49   100   47   35   78   90   204   141   80   100   50   160   52   203   37   56   58   46   149   46   57   72   106   180   41   22   35   91   41   62   203   174   69   24   191   214   115   42   56   39   13   24   146   99   92   211   162   144   98   99   90   11   88   166   46   142   54   87   2   64   29   154   215   33   37   132   50   110   140   42   68   47   132   210   13   35   53   40   3   92   66   16   94   21   186   39   93   189   75   160   53   161   29   77   32   39   
44   70   175   137   107   65   57   137   54   85   17   57   25   18   168   16   167   37   61   73   29   101   105   147   75   195   112   153   29   88   124   55   31   137   53   85   160   78   15   108   103   58   62   97   134   29   70   127   24   11   55   62   62   9   70   74   9   168   191   110   115   64   88   158   158   91   17   269   17   57   176   90   69   28   75   101   27   177   18   124   123   206   122   81   20   55   131   52   68   121   183   77   5   23   211   153   85   218   130   83   183   153   140   127   39   107   64   39   86   116   230   180   107   126   32   200   66   225   41   99   55   75   126   60   33   47   118   156   57   29   45   102   46   55   247   161   99   31   233   251   126   40   40   47   14   44   185   131   62   192   205   123   128   62   111   12   52   138   28   125   69   119   23   74   57   184   254   35   30   159   45   122   156   44   97   61   163   255   29   41   47   33   12   72   88   8   124   18   203   55   138   198   91   202   31   139   31   75   47   67   
115   25   272   111   134   48   26   128   151   15   57   146   18   22   289   51   88   73   118   130   24   152   86   244   45   161   164   118   27   156   89   45   18   71   23   95   224   80   56   172   71   127   93   151   61   39   65   123   20   62   56   23   28   35   147   139   17   178   258   122   80   69   42   265   126   118   102   212   39   146   233   33   243   50   51   70   57   37   40   56   245   181   84   220   18   215   70   134   28   100   252   214   34   167   72   35   154   311   100   99   205   140   55   48   27   76   96   30   60   135   178   236   161   175   77   236   87   157   30   193   142   140   69   86   157   93   84   74   114   34   69   71   31   184   351   10   146   35   258   237   79   3   200   42   39   89   223   158   97   31   270   46   184   171   162   48   209   86   66   56   92   159   88   205   189   186   252   142   159   170   8   80   104   21   256   129   169   325   83   34   16   134   40   56   118   26   145   12   134   77   223   85   111   269   146   50   22   220   101   126   
