30    200
42      730
270      1771
290      1911
261      1832
128      1248
323      1938
231      1582
49      829
161      1289
363      1968
188      1442
56      849
320      1923
459      2268
360      2144
85      1027
185      1437
112      1167
287      1769
270      1737
462      2351
161      1413
323      1887
99      1026
201      1474
194      1444
294      1894
102      1051
33      652
346      2038
15   32   21   21   13   15   27   5   34   30   12   9   30   8   23   25   31   5   14   12   34   29   5   8   19   28   16   32   9   16   18   20   18   15   5   9   24   33   18   29   32   6   13   34   13   31   20   19   19   10   7   29   16   30   24   17   7   13   30   20   12   13   20   26   31   18   15   17   8   19   19   26   10   28   17   11   29   22   21   15   6   6   11   18   6   21   8   13   16   14   5   28   15   23   34   18   16   29   29   15   22   24   13   17   12   28   17   26   6   24   31   12   34   29   8   6   20   16   14   16   30   27   12   28   11   9   29   10   31   12   5   27   12   26   10   18   22   9   11   29   7   12   11   10   16   5   18   8   29   24   30   12   28   31   7   11   9   20   20   19   34   7   23   24   33   30   5   20   16   14   32   21   13   16   35   10   19   19   33   21   14   13   29   23   17   9   9   14   28   34   14   32   13   26   18   29   27   31   14   14   
108   97   108   135   95   48   46   37   134   31   70   22   192   47   18   44   221   32   33   28   100   80   30   43   118   53   79   183   63   39   70   84   37   103   10   23   104   197   106   171   126   19   95   48   44   178   142   51   134   60   18   234   96   193   69   110   52   108   173   53   83   41   8   45   201   102   123   74   50   126   129   79   34   134   84   29   84   109   41   87   26   21   68   120   29   52   51   30   70   76   33   144   27   22   125   108   142   35   203   95   91   55   39   115   62   57   37   77   41   129   173   31   206   21   20   12   155   80   64   139   138   174   72   50   4   22   122   32   91   27   34   158   63   62   63   119   58   51   31   132   19   65   38   43   17   31   164   33   224   181   185   18   179   88   49   69   51   120   59   52   144   43   61   177   143   89   12   143   51   91   44   143   8   66   65   45   110   67   103   157   52   44   70   30   123   22   16   40   108   191   132   256   10   137   113   124   111   157   12   10   
134   114   107   103   88   56   92   37   206   84   91   37   248   31   71   54   258   42   58   49   68   16   20   58   149   62   100   224   69   65   62   109   67   103   8   8   141   210   68   226   196   22   86   29   37   217   130   73   125   72   19   245   123   189   30   98   66   114   204   49   107   44   45   74   191   69   128   107   67   166   90   136   49   83   65   47   22   158   81   118   32   7   79   150   41   93   36   31   46   47   35   187   62   72   171   105   146   59   257   63   106   16   69   109   69   89   14   107   37   135   218   45   229   50   32   9   143   91   95   142   163   123   97   115   21   5   185   11   163   55   27   142   37   98   45   121   105   50   46   155   4   48   15   65   48   21   163   51   283   185   118   45   157   158   43   60   64   94   65   79   141   31   40   192   198   155   24   176   15   66   60   187   23   71   146   64   114   105   28   165   84   15   136   66   116   18   12   72   51   164   130   272   29   124   74   128   171   188   26   25   
109   114   29   73   12   142   147   8   238   171   76   47   214   40   153   195   157   39   123   105   139   187   26   51   117   222   71   151   30   142   48   84   94   18   37   63   119   68   99   203   232   56   16   212   42   141   18   82   12   42   27   88   101   19   176   17   62   45   114   169   99   42   121   212   3   78   44   110   65   165   99   231   99   122   44   56   193   180   120   116   21   34   43   118   42   121   38   54   60   72   9   147   106   146   153   12   54   213   220   85   66   130   109   5   31   130   117   110   6   43   161   53   96   195   38   28   27   45   112   49   96   124   95   200   72   60   218   68   248   91   14   26   69   231   42   24   146   8   103   91   45   39   59   77   121   23   54   66   260   51   187   80   32   262   10   12   46   54   182   89   76   27   180   80   177   212   38   135   91   60   165   184   78   40   264   63   30   120   211   56   120   79   237   124   13   37   65   113   144   53   45   106   93   34   104   66   210   113   79   82   
125   85   85   85   74   70   82   32   196   78   84   33   232   27   73   75   232   40   66   56   31   43   17   53   137   87   87   199   60   75   43   94   58   87   13   18   125   177   62   211   188   27   72   48   23   192   108   59   104   63   13   215   113   156   55   80   63   101   177   70   102   31   45   93   158   57   112   100   64   160   81   145   56   64   48   41   49   153   74   112   27   8   69   138   39   85   31   20   31   41   29   168   62   71   148   86   129   80   241   58   86   9   71   90   57   72   32   89   30   110   196   37   196   65   27   4   122   76   92   125   136   106   92   116   25   15   179   19   165   56   23   112   35   117   39   101   101   41   54   129   10   37   12   63   56   18   144   51   270   160   114   45   127   165   36   48   58   75   84   67   105   25   64   168   178   151   24   162   17   56   47   180   24   55   151   59   94   98   51   143   85   19   143   58   98   10   21   73   40   127   115   239   36   96   69   98   167   161   24   25   
44   123   75   155   67   140   123   18   140   156   27   34   89   67   135   200   30   19   110   94   198   230   43   20   37   228   20   23   14   129   84   40   75   52   40   74   50   75   159   87   140   56   73   236   65   18   105   69   93   2   32   87   35   112   205   90   32   39   20   178   49   53   118   206   132   140   49   56   33   89   169   186   90   205   99   40   236   107   93   59   11   46   4   40   22   85   67   64   105   116   13   46   84   127   87   67   62   216   96   136   57   162   83   74   24   121   134   86   33   66   39   44   52   200   29   35   108   31   68   63   60   224   48   160   72   71   132   84   184   71   34   131   105   215   80   57   102   32   95   61   55   82   82   46   111   41   84   43   136   77   284   64   151   206   40   58   9   132   184   66   133   53   200   46   77   145   29   47   121   113   179   100   79   52   214   30   52   70   266   54   87   104   190   113   79   48   70   86   211   179   71   86   92   119   165   101   132   41   82   85   
148   145   75   4   41   129   166   24   290   181   104   57   286   15   158   174   249   50   121   103   115   143   10   69   165   198   108   234   58   139   54   125   110   67   32   50   168   166   45   268   279   51   35   183   41   222   58   103   61   69   29   183   140   116   139   38   78   88   196   146   127   52   120   197   104   25   93   141   82   205   37   242   96   55   26   70   147   216   138   147   34   23   75   164   54   145   12   55   31   32   25   212   115   153   213   65   105   195   292   37   109   104   118   59   61   150   96   145   14   106   238   66   196   180   48   25   69   84   133   99   163   37   120   216   68   47   262   50   273   99   4   64   36   221   10   82   169   33   98   155   34   10   39   92   118   7   107   76   329   129   96   87   59   279   15   23   69   11   162   113   118   5   149   157   243   245   42   189   64   14   160   229   74   67   279   82   85   149   154   125   133   55   250   133   61   35   56   123   89   65   84   210   87   67   48   112   248   189   76   78   
165   166   118   68   82   94   160   38   294   164   116   58   314   11   137   124   304   54   99   84   107   76   7   75   187   139   128   279   78   111   75   145   110   107   21   29   189   237   19   291   280   37   76   129   49   268   119   111   118   86   31   259   156   194   78   89   83   122   246   98   136   62   101   148   189   34   134   148   86   214   41   213   77   46   57   72   77   217   134   154   42   9   94   186   56   145   17   55   37   14   37   242   104   136   239   109   150   144   320   21   137   70   107   107   82   151   59   159   33   154   276   70   264   136   50   21   132   110   132   145   205   62   126   195   54   27   262   24   252   89   20   135   3   173   25   127   164   54   77   196   18   33   19   92   96   10   162   73   352   193   30   79   141   249   37   55   80   71   115   120   169   18   92   213   268   237   38   215   31   36   139   240   60   89   247   88   126   152   74   177   124   23   221   124   112   33   37   112   40   151   127   292   67   126   23   156   245   234   63   64   
109   48   41   67   48   98   84   21   188   94   71   30   203   28   93   121   182   36   85   72   39   103   19   46   115   138   66   154   43   98   5   70   55   56   22   37   100   112   71   186   182   38   47   110   3   147   70   46   66   47   8   155   96   94   105   48   58   75   128   109   93   13   66   136   94   54   81   90   59   149   81   168   71   68   24   36   109   149   74   103   18   18   51   117   36   81   30   17   27   48   19   136   71   87   114   48   96   128   213   64   51   59   80   56   35   65   66   67   19   63   157   30   132   110   23   10   83   48   90   91   88   100   85   134   41   34   174   39   180   63   16   60   45   157   35   64   103   22   71   82   24   27   29   61   76   17   106   51   248   110   136   51   76   189   23   28   46   51   122   56   37   22   112   122   148   154   27   138   46   50   73   168   40   26   178   53   56   91   117   101   91   43   166   65   63   11   38   82   74   66   86   174   55   43   77   42   166   113   39   42   
46   93   69   147   68   123   92   20   107   122   23   24   83   62   109   172   62   17   94   80   168   201   40   16   36   196   2   20   21   110   72   18   54   56   35   64   23   80   147   75   109   49   74   200   55   20   106   48   94   10   25   111   31   115   180   88   31   50   27   155   47   42   95   176   133   129   61   41   30   82   159   157   78   186   91   27   207   90   68   51   6   41   13   42   17   60   63   52   94   107   15   25   67   100   48   66   76   183   95   127   41   139   69   76   21   90   116   58   32   62   27   31   63   167   20   29   111   25   56   75   40   211   42   128   60   62   105   74   150   57   33   125   96   185   75   61   77   31   82   41   48   75   72   37   93   38   97   35   134   91   263   50   147   172   40   56   8   124   161   44   113   50   175   67   43   112   24   54   106   107   145   92   65   42   174   21   52   50   234   69   72   92   157   88   82   40   60   70   187   168   81   114   77   110   153   85   107   22   67   69   
135   164   151   163   120   16   102   47   188   95   93   40   246   54   57   18   286   40   23   20   154   87   34   58   154   18   113   249   82   24   103   126   75   134   6   21   153   267   119   222   174   6   119   79   67   243   180   92   171   82   32   296   126   254   59   141   63   136   237   20   102   68   50   11   262   121   155   103   62   153   145   83   21   164   111   52   86   138   83   110   39   24   91   154   39   93   59   55   91   87   44   200   47   65   196   144   176   30   254   105   139   80   47   148   87   117   36   133   52   179   236   57   279   49   37   22   193   114   82   173   202   201   90   87   20   23   163   32   120   39   41   208   70   27   74   156   94   69   15   195   21   82   47   57   24   36   201   42   269   231   199   38   229   103   61   88   70   150   16   92   212   51   41   229   209   133   17   181   61   106   105   173   32   100   100   63   149   101   111   201   63   50   87   79   156   38   13   51   132   251   160   325   17   186   124   184   146   223   39   36   
100   26   50   87   58   88   58   24   157   65   64   22   183   34   72   105   173   32   73   62   41   97   22   41   104   121   58   140   43   84   19   58   38   63   20   34   84   116   82   165   153   34   58   92   10   134   86   30   80   44   2   163   86   110   98   63   53   77   120   98   84   7   48   117   114   69   85   76   52   134   96   143   63   87   41   26   104   129   54   91   16   18   48   107   31   62   37   6   38   57   21   119   56   65   90   58   101   108   194   74   44   53   67   67   34   38   60   46   24   67   140   19   131   89   16   7   98   45   78   97   78   123   75   107   32   31   148   38   150   52   21   82   52   136   43   71   82   26   63   74   23   38   31   52   63   21   115   44   227   118   154   40   100   159   30   38   41   70   109   39   48   28   102   123   124   126   22   127   47   63   48   151   30   25   144   45   60   74   114   105   78   44   139   43   75   7   33   68   83   96   93   180   45   63   89   46   141   102   28   31   
167   171   111   46   72   111   174   35   310   182   118   62   320   3   154   150   300   55   113   96   118   107   1   77   189   170   129   279   75   127   73   148   118   99   26   39   194   226   3   298   296   44   65   159   50   267   104   117   104   85   33   244   159   178   106   76   85   115   242   121   139   63   116   175   171   19   125   154   89   221   18   235   88   41   50   76   109   228   145   160   42   15   93   188   58   155   7   59   35   7   35   245   115   152   246   101   140   173   326   5   137   89   117   96   80   162   77   165   28   147   278   74   256   162   53   24   115   109   140   135   204   30   130   215   63   37   277   35   274   98   15   120   11   200   13   119   177   50   89   195   25   25   27   97   110   4   149   78   360   180   25   87   121   274   31   47   81   54   138   126   164   11   118   204   275   255   42   216   46   20   158   247   70   88   275   91   120   160   110   168   134   37   244   137   100   37   47   123   59   131   117   277   79   114   7   152   260   233   73   74   
148   128   94   57   70   90   131   33   258   134   102   49   279   12   117   113   267   48   91   77   68   66   8   66   164   128   109   240   67   102   53   122   90   91   19   27   161   198   28   258   246   35   65   105   34   231   101   89   100   74   23   227   137   162   74   73   75   107   210   94   122   46   83   135   157   27   117   129   77   193   46   193   73   21   40   60   69   194   112   138   35   6   81   165   49   123   17   40   19   15   32   208   91   115   199   90   133   127   287   29   111   50   96   90   68   120   52   129   27   126   239   57   224   116   41   15   114   91   118   128   169   59   112   170   45   24   232   23   224   79   17   108   13   160   22   108   142   44   72   161   15   23   10   81   85   9   144   66   319   167   59   68   116   224   32   44   70   56   110   98   128   15   88   185   229   207   34   191   22   33   107   216   49   70   218   76   105   132   65   154   112   20   197   100   95   23   33   100   14   117   114   256   59   97   34   121   217   197   50   51   
136   150   60   47   16   149   177   16   289   200   97   59   267   32   175   207   213   47   135   115   151   189   21   65   150   235   98   207   45   155   60   117   115   43   39   65   159   127   82   252   279   59   9   226   50   196   20   106   26   60   33   132   129   73   178   15   74   65   167   175   120   55   137   228   58   62   66   137   79   197   75   260   107   107   41   71   194   214   145   141   31   33   63   150   52   149   29   64   56   61   18   195   123   168   205   43   74   230   271   69   100   136   125   31   51   161   121   145   3   84   215   68   158   213   49   31   28   72   133   69   145   92   115   232   80   61   262   67   286   105   6   42   61   250   30   55   175   23   111   138   45   31   57   92   134   17   71   77   311   88   159   93   26   297   2   11   62   35   190   115   114   19   185   122   231   253   44   171   90   43   188   220   87   62   301   79   64   148   209   91   138   77   268   146   30   43   68   130   137   56   55   157   102   55   85   104   250   166   89   92   
85   103   112   159   100   64   36   36   75   42   52   14   144   58   23   82   187   23   36   30   140   132   37   31   91   95   64   148   57   44   82   67   27   103   18   39   77   188   134   124   69   25   102   109   54   147   151   46   140   51   22   222   72   196   112   120   40   102   149   84   63   47   35   76   209   126   118   46   36   92   155   56   36   172   100   19   136   70   22   61   23   31   59   94   19   26   62   41   90   97   32   109   5   20   96   111   137   81   156   118   86   93   22   119   57   60   67   66   44   126   135   27   189   73   16   20   162   73   38   135   124   210   51   12   24   38   69   50   42   10   39   172   83   79   76   117   19   52   37   120   32   79   56   25   29   37   161   19   174   175   234   2   195   53   53   75   41   140   84   40   155   51   101   163   101   35   5   114   78   109   81   105   28   67   29   30   107   36   161   148   30   67   41   37   127   31   32   19   152   214   130   240   30   150   141   129   62   134   32   31   
128   166   154   174   123   19   98   48   170   93   88   38   232   59   51   34   278   37   12   10   166   107   37   54   147   38   109   241   81   11   108   122   72   136   10   28   147   268   130   208   157   8   123   94   71   236   185   90   175   80   33   296   119   258   77   146   59   136   232   36   96   70   51   16   268   131   155   96   58   142   157   63   14   179   117   49   106   124   78   102   39   28   89   147   35   87   64   58   99   96   44   191   40   60   190   147   177   42   240   115   138   92   38   152   87   117   48   130   54   181   226   56   277   57   36   24   198   113   73   174   200   217   84   73   22   29   146   39   100   32   43   215   78   8   80   158   84   71   8   193   26   87   53   51   18   38   203   37   252   232   220   33   238   81   64   92   67   159   28   90   217   55   59   227   198   117   14   173   71   114   111   160   34   101   81   59   151   92   134   201   53   58   67   78   160   40   19   42   148   262   162   324   19   193   136   187   130   219   41   38   
53   76   75   146   76   105   61   24   73   88   26   13   88   59   81   143   99   16   77   65   148   175   38   15   45   164   17   56   32   90   68   13   33   68   29   56   9   107   140   73   77   42   80   166   50   57   116   32   105   22   21   144   36   134   156   94   31   66   64   133   46   37   73   145   150   124   77   27   28   76   155   125   65   175   88   14   181   72   43   45   7   37   27   51   13   34   61   43   89   101   20   33   48   72   17   76   94   150   102   122   42   119   53   86   29   64   99   36   35   74   50   20   97   135   11   24   124   34   43   92   51   205   38   92   47   53   77   66   112   42   34   132   90   153   73   76   49   35   69   51   42   74   65   28   73   37   116   27   135   114   249   35   155   134   43   59   16   124   137   24   111   49   150   95   19   76   17   66   94   104   115   87   51   41   130   14   64   29   206   92   56   82   121   63   93   34   51   53   170   173   95   152   62   114   146   85   80   49   52   54   
151   136   100   61   73   89   136   34   264   139   105   50   286   12   120   112   276   49   91   77   76   64   8   68   169   127   113   249   70   103   58   127   94   95   19   26   167   208   26   264   252   35   69   107   37   239   107   94   105   77   25   236   141   171   72   78   77   111   218   92   125   50   86   135   166   29   122   132   79   197   46   195   72   27   45   62   67   198   116   141   36   6   84   169   51   127   17   43   24   14   33   216   93   118   207   95   138   128   294   28   117   52   97   94   71   125   52   135   29   133   247   59   234   117   43   16   120   96   120   133   178   61   115   173   46   23   237   21   228   80   18   116   11   160   23   113   145   46   72   169   15   26   10   83   86   10   149   67   325   174   53   69   123   227   33   47   72   60   109   103   138   16   85   192   237   212   34   196   21   35   112   221   50   74   222   78   110   135   62   160   114   18   200   104   100   25   33   102   16   127   118   265   59   105   32   129   222   206   52   53   
116   158   57   91   12   164   183   6   275   213   84   59   233   48   185   232   165   42   143   122   188   229   31   57   128   262   84   171   31   165   74   105   117   20   45   76   142   90   119   224   267   65   19   261   61   160   25   107   19   47   37   73   111   46   211   34   66   38   132   198   107   61   150   249   44   98   35   127   71   179   116   266   113   157   67   70   235   202   147   128   27   42   49   127   48   147   46   72   81   88   10   170   126   177   191   34   39   256   236   100   92   165   126   19   42   169   142   143   10   68   183   69   114   237   48   37   16   60   126   34   126   150   104   238   88   73   249   82   287   107   17   63   84   268   52   31   173   19   118   121   55   53   74   87   144   28   32   75   277   42   220   96   61   303   13   24   52   75   211   113   125   34   213   79   209   248   45   143   114   73   211   200   96   61   310   72   47   141   258   52   137   97   275   156   11   51   78   131   183   97   26   93   112   72   123   105   240   139   99   102   
135   150   140   148   112   24   96   45   191   87   92   39   246   48   56   3   279   40   31   27   132   66   30   58   153   2   109   243   79   34   93   121   71   127   3   15   150   253   105   223   179   9   111   56   59   237   168   86   159   79   28   284   125   238   42   131   64   131   229   16   104   61   44   21   245   108   149   104   63   157   131   96   28   143   99   50   65   143   80   112   37   20   88   153   39   91   53   48   80   77   42   196   49   63   189   135   169   19   255   94   130   64   52   139   83   107   24   125   48   168   231   53   267   36   35   18   181   108   85   165   192   181   92   91   16   16   168   25   129   42   38   192   61   45   67   148   95   65   23   184   16   73   38   59   26   32   192   44   273   220   177   38   211   116   57   81   68   136   24   88   194   46   26   220   205   137   18   180   49   96   89   177   26   92   108   63   141   101   87   193   68   40   97   73   147   32   6   56   111   229   153   312   14   171   111   170   152   214   32   29   
14   174   131   208   107   135   133   34   91   167   12   37   7   84   132   202   96   3   99   85   252   258   53   8   23   230   47   85   42   117   122   69   83   99   42   80   65   176   195   15   90   54   112   260   89   88   165   89   150   33   42   179   16   203   222   139   10   78   108   180   11   76   124   201   225   179   96   35   9   29   212   152   80   261   139   44   263   55   94   16   23   55   39   20   10   83   86   82   137   144   29   59   75   126   121   120   112   219   16   167   104   190   66   126   57   146   145   115   50   133   66   56   158   208   34   42   170   72   38   113   129   287   12   142   75   78   79   94   143   59   48   206   126   200   103   113   86   58   87   127   62   110   98   27   106   52   142   27   47   154   341   60   230   167   61   89   19   183   180   80   211   70   210   121   81   113   24   28   142   147   207   33   86   88   188   18   108   55   302   122   62   120   160   125   132   61   74   68   255   269   116   186   92   187   201   169   82   115   91   92   
146   185   163   170   127   8   122   51   213   116   102   47   268   55   74   29   308   44   30   26   170   92   35   64   169   30   125   273   89   31   113   141   88   144   7   22   171   289   121   243   197   3   125   94   74   266   190   105   181   89   36   316   138   272   59   150   68   145   259   16   111   76   64   30   280   125   165   116   68   166   148   98   22   172   118   60   90   153   99   121   43   26   99   168   43   109   61   63   97   89   47   221   58   83   221   155   187   49   275   107   154   90   56   158   96   137   40   151   55   195   259   65   303   67   43   25   203   125   92   183   223   207   99   107   28   24   184   33   141   48   43   222   71   38   77   168   110   75   17   215   22   86   49   64   36   37   212   47   290   247   200   47   243   123   65   94   76   158   1   106   232   53   39   245   233   154   20   196   65   110   124   188   40   110   125   71   162   115   116   216   71   51   106   96   166   43   16   60   138   268   169   347   26   200   126   202   165   245   48   45   
125   166   63   84   10   166   190   9   289   220   90   62   250   46   191   234   183   45   146   125   190   228   29   62   139   265   92   188   36   168   76   114   123   28   45   76   153   107   114   239   280   66   14   264   62   177   21   113   19   52   38   90   120   57   210   31   70   46   148   199   114   63   154   253   50   93   44   135   75   189   109   273   115   152   65   74   234   212   154   136   30   42   55   137   51   155   43   74   79   85   13   184   131   183   205   39   48   259   253   95   100   165   130   23   47   176   142   152   9   78   199   73   133   241   51   37   8   67   133   42   139   140   110   246   90   73   262   81   297   111   15   62   81   273   48   40   181   22   120   133   54   50   73   92   147   26   39   78   293   57   211   99   56   312   11   23   57   69   213   120   131   32   214   93   224   260   46   155   113   68   216   211   98   66   320   77   56   149   256   64   142   96   284   161   15   51   79   136   180   94   30   112   114   74   117   113   251   154   101   104   
116   78   90   105   81   60   59   33   166   49   76   26   211   35   49   58   221   36   53   44   53   52   23   48   125   68   80   186   60   60   50   84   44   91   10   18   111   178   81   190   159   23   80   27   28   180   120   49   114   60   12   217   103   166   56   90   58   102   169   60   93   31   25   71   170   75   114   86   57   143   101   118   47   92   61   33   58   133   55   100   25   13   66   128   34   67   40   18   47   56   30   152   47   48   129   92   132   56   221   74   82   21   58   98   56   54   28   76   34   113   180   31   193   38   22   4   133   73   79   128   129   134   82   88   14   15   152   23   133   43   27   127   47   94   49   105   80   43   45   123   12   48   23   54   40   23   149   43   248   164   144   33   145   133   41   55   53   93   72   55   112   32   59   167   156   122   19   151   30   70   20   162   11   55   115   52   96   82   68   145   71   29   112   37   106   11   16   59   69   149   120   240   24   108   87   101   141   152   9   10   
28   225   166   243   128   149   171   41   128   208   32   50   55   97   160   232   137   6   111   95   305   299   61   21   53   262   73   136   56   131   152   102   109   123   48   92   104   229   223   61   121   60   133   306   110   137   198   119   181   48   53   220   42   252   254   167   1   96   156   203   9   97   151   229   276   208   118   58   11   23   243   170   87   306   167   61   304   66   123   28   33   64   56   44   17   111   99   102   163   166   37   106   91   155   176   150   134   254   41   192   141   225   75   153   77   188   167   157   60   173   117   74   211   245   46   51   202   99   48   136   178   331   20   172   89   91   105   108   169   71   56   251   145   224   120   142   112   72   97   175   72   129   115   35   124   60   167   32   1   190   388   74   277   191   73   107   34   216   201   109   267   81   239   156   134   145   29   50   166   170   253   22   103   114   223   33   139   80   349   152   71   140   184   158   159   75   85   79   299   325   136   230   108   230   230   217   103   166   110   112   
90   42   17   85   41   111   86   16   168   104   58   27   170   39   102   145   138   31   93   79   86   143   25   38   91   166   46   112   30   107   21   48   53   38   28   48   76   63   95   156   165   44   43   148   21   105   61   39   55   33   12   115   78   63   137   45   51   56   85   131   80   14   78   157   69   77   61   77   51   132   103   173   77   107   41   32   149   136   73   90   11   27   35   95   31   75   40   27   49   67   12   104   72   94   85   30   75   154   180   84   24   90   80   42   17   68   87   53   18   28   118   26   81   136   20   17   72   24   83   71   47   131   74   137   49   45   158   53   178   64   19   53   63   175   46   42   97   12   79   43   34   40   45   56   86   23   86   48   217   79   179   53   73   192   23   27   34   66   142   47   14   29   139   86   116   146   27   112   70   65   99   149   50   5   185   44   29   80   164   71   89   62   171   72   51   21   48   82   116   72   71   129   66   37   102   1   153   71   50   53   
30   207   158   232   124   136   151   40   100   185   28   44   48   92   142   211   138   4   99   85   283   277   58   17   50   239   67   128   55   117   142   92   96   120   44   85   92   220   212   48   95   54   129   280   103   130   192   107   176   46   49   219   38   243   235   161   4   96   149   186   6   90   135   207   266   198   117   46   4   7   233   147   79   289   158   53   282   47   108   16   31   59   54   44   12   96   94   94   154   158   36   95   78   137   156   144   134   230   43   182   130   208   64   149   73   169   154   141   58   165   108   66   204   222   41   47   197   93   35   135   166   316   11   149   80   84   80   101   142   61   54   240   137   202   114   138   94   69   87   163   67   123   107   26   111   57   167   25   26   187   369   64   266   164   70   103   32   206   183   97   251   77   220   155   115   120   24   52   154   162   230   5   93   107   193   26   134   65   325   151   59   130   159   141   155   69   78   67   280   310   135   230   97   219   219   203   80   155   100   101   
45   151   130   198   110   106   96   37   29   123   25   26   64   77   93   158   139   8   72   61   219   217   49   13   50   180   52   110   51   85   112   65   60   106   34   67   61   190   178   47   28   42   114   209   80   112   168   72   155   41   36   207   36   211   185   139   18   93   128   144   26   68   94   153   231   166   111   17   12   34   199   99   60   237   130   32   221   15   65   15   23   47   48   51   2   54   80   69   125   131   32   71   47   89   104   123   129   169   75   155   99   159   39   130   59   116   119   95   51   137   90   45   178   161   26   35   176   75   11   129   129   269   14   90   57   65   21   80   81   36   47   203   114   150   97   121   48   59   65   127   52   103   85   6   77   48   158   11   85   172   311   39   229   105   61   88   27   175   142   63   199   66   172   145   71   57   14   66   122   138   165   41   66   83   121   12   114   28   257   140   34   104   102   94   137   52   59   40   225   261   128   219   70   182   185   160   27   124   71   72   
110   48   56   76   58   86   72   25   179   76   72   27   204   29   78   102   193   36   75   64   18   83   19   46   117   117   69   162   48   86   19   72   49   67   19   30   101   131   70   186   173   34   57   84   6   155   85   43   81   50   6   174   98   116   88   61   58   83   139   94   92   15   52   116   118   57   91   88   58   147   84   152   64   68   34   34   90   143   66   101   20   15   55   120   35   74   32   9   28   47   22   139   63   73   115   62   107   106   215   64   58   41   72   69   41   54   54   64   24   77   162   27   150   88   21   6   98   54   86   103   98   106   83   118   32   27   166   33   164   57   19   80   43   138   37   77   94   28   63   92   20   32   24   59   65   18   120   48   247   127   133   45   97   171   29   36   48   62   107   52   58   24   94   136   147   142   24   141   37   54   51   165   31   34   157   52   68   87   96   114   85   36   149   53   76   4   31   74   63   91   96   195   46   63   77   58   157   123   29   31   
149   147   127   111   98   53   118   42   237   113   103   46   278   31   89   57   290   47   62   53   99   14   20   66   168   64   116   258   78   69   79   129   84   117   8   5   165   243   67   254   224   21   95   57   49   249   145   92   140   82   26   273   139   216   13   110   73   127   234   44   119   57   62   79   217   73   142   123   74   183   91   150   50   92   77   58   8   177   101   132   38   8   90   168   47   113   37   45   55   48   39   215   73   91   206   121   161   70   286   62   129   40   77   123   81   118   16   134   41   159   250   58   263   69   40   15   158   107   107   157   194   127   108   136   29   5   210   3   185   63   30   163   35   103   48   137   125   59   47   185   3   53   18   74   57   22   179   58   311   208   110   55   177   177   48   68   73   105   61   98   173   33   29   216   231   181   27   196   20   69   93   206   35   87   170   74   132   123   20   185   94   13   153   88   130   27   14   81   58   189   142   303   35   146   72   156   194   220   39   37   
