30 200
42 270 290 261 128 323 231 49 161 363 188 56 320 459 360 85 185 112 287 270 462 161 323 99 201 194 294 102 33 346 
730.000000 1771.000000 1911.000000 1832.000000 1248.000000 1938.000000 1582.000000 829.000000 1289.000000 1968.000000 1442.000000 849.000000 1923.000000 2268.000000 2144.000000 1027.000000 1437.000000 1167.000000 1769.000000 1737.000000 2351.000000 1413.000000 1887.000000 1026.000000 1474.000000 1444.000000 1894.000000 1051.000000 652.000000 2038.000000 
15 32 21 21 13 15 27 5 34 30 12 9 30 8 23 25 31 5 14 12 34 29 5 8 19 28 16 32 9 16 18 20 18 15 5 9 24 33 18 29 32 6 13 34 13 31 20 19 19 10 7 29 16 30 24 17 7 13 30 20 12 13 20 26 31 18 15 17 8 19 19 26 10 28 17 11 29 22 21 15 6 6 11 18 6 21 8 13 16 14 5 28 15 23 34 18 16 29 29 15 22 24 13 17 12 28 17 26 6 24 31 12 34 29 8 6 20 16 14 16 30 27 12 28 11 9 29 10 31 12 5 27 12 26 10 18 22 9 11 29 7 12 11 10 16 5 18 8 29 24 30 12 28 31 7 11 9 20 20 19 34 7 23 24 33 30 5 20 16 14 32 21 13 16 35 10 19 19 33 21 14 13 29 23 17 9 9 14 28 34 14 32 13 26 18 29 27 31 14 14 
108.000000 134.000000 109.000000 125.000000 44.000000 148.000000 165.000000 109.000000 46.000000 135.000000 100.000000 167.000000 148.000000 136.000000 85.000000 128.000000 53.000000 151.000000 116.000000 135.000000 14.000000 146.000000 125.000000 116.000000 28.000000 90.000000 30.000000 45.000000 110.000000 149.000000 
97.000000 114.000000 114.000000 85.000000 123.000000 145.000000 166.000000 48.000000 93.000000 164.000000 26.000000 171.000000 128.000000 150.000000 103.000000 166.000000 76.000000 136.000000 158.000000 150.000000 174.000000 185.000000 166.000000 78.000000 225.000000 42.000000 207.000000 151.000000 48.000000 147.000000 
108.000000 107.000000 29.000000 85.000000 75.000000 75.000000 118.000000 41.000000 69.000000 151.000000 50.000000 111.000000 94.000000 60.000000 112.000000 154.000000 75.000000 100.000000 57.000000 140.000000 131.000000 163.000000 63.000000 90.000000 166.000000 17.000000 158.000000 130.000000 56.000000 127.000000 
135.000000 103.000000 73.000000 85.000000 155.000000 4.000000 68.000000 67.000000 147.000000 163.000000 87.000000 46.000000 57.000000 47.000000 159.000000 174.000000 146.000000 61.000000 91.000000 148.000000 208.000000 170.000000 84.000000 105.000000 243.000000 85.000000 232.000000 198.000000 76.000000 111.000000 
95.000000 88.000000 12.000000 74.000000 67.000000 41.000000 82.000000 48.000000 68.000000 120.000000 58.000000 72.000000 70.000000 16.000000 100.000000 123.000000 76.000000 73.000000 12.000000 112.000000 107.000000 127.000000 10.000000 81.000000 128.000000 41.000000 124.000000 110.000000 58.000000 98.000000 
48.000000 56.000000 142.000000 70.000000 140.000000 129.000000 94.000000 98.000000 123.000000 16.000000 88.000000 111.000000 90.000000 149.000000 64.000000 19.000000 105.000000 89.000000 164.000000 24.000000 135.000000 8.000000 166.000000 60.000000 149.000000 111.000000 136.000000 106.000000 86.000000 53.000000 
46.000000 92.000000 147.000000 82.000000 123.000000 166.000000 160.000000 84.000000 92.000000 102.000000 58.000000 174.000000 131.000000 177.000000 36.000000 98.000000 61.000000 136.000000 183.000000 96.000000 133.000000 122.000000 190.000000 59.000000 171.000000 86.000000 151.000000 96.000000 72.000000 118.000000 
37.000000 37.000000 8.000000 32.000000 18.000000 24.000000 38.000000 21.000000 20.000000 47.000000 24.000000 35.000000 33.000000 16.000000 36.000000 48.000000 24.000000 34.000000 6.000000 45.000000 34.000000 51.000000 9.000000 33.000000 41.000000 16.000000 40.000000 37.000000 25.000000 42.000000 
134.000000 206.000000 238.000000 196.000000 140.000000 290.000000 294.000000 188.000000 107.000000 188.000000 157.000000 310.000000 258.000000 289.000000 75.000000 170.000000 73.000000 264.000000 275.000000 191.000000 91.000000 213.000000 289.000000 166.000000 128.000000 168.000000 100.000000 29.000000 179.000000 237.000000 
31.000000 84.000000 171.000000 78.000000 156.000000 181.000000 164.000000 94.000000 122.000000 95.000000 65.000000 182.000000 134.000000 200.000000 42.000000 93.000000 88.000000 139.000000 213.000000 87.000000 167.000000 116.000000 220.000000 49.000000 208.000000 104.000000 185.000000 123.000000 76.000000 113.000000 
70.000000 91.000000 76.000000 84.000000 27.000000 104.000000 116.000000 71.000000 23.000000 93.000000 64.000000 118.000000 102.000000 97.000000 52.000000 88.000000 26.000000 105.000000 84.000000 92.000000 12.000000 102.000000 90.000000 76.000000 32.000000 58.000000 28.000000 25.000000 72.000000 103.000000 
22.000000 37.000000 47.000000 33.000000 34.000000 57.000000 58.000000 30.000000 24.000000 40.000000 22.000000 62.000000 49.000000 59.000000 14.000000 38.000000 13.000000 50.000000 59.000000 39.000000 37.000000 47.000000 62.000000 26.000000 50.000000 27.000000 44.000000 26.000000 27.000000 46.000000 
192.000000 248.000000 214.000000 232.000000 89.000000 286.000000 314.000000 203.000000 83.000000 246.000000 183.000000 320.000000 279.000000 267.000000 144.000000 232.000000 88.000000 286.000000 233.000000 246.000000 7.000000 268.000000 250.000000 211.000000 55.000000 170.000000 48.000000 64.000000 204.000000 278.000000 
47.000000 31.000000 40.000000 27.000000 67.000000 15.000000 11.000000 28.000000 62.000000 54.000000 34.000000 3.000000 12.000000 32.000000 58.000000 59.000000 59.000000 12.000000 48.000000 48.000000 84.000000 55.000000 46.000000 35.000000 97.000000 39.000000 92.000000 77.000000 29.000000 31.000000 
18.000000 71.000000 153.000000 73.000000 135.000000 158.000000 137.000000 93.000000 109.000000 57.000000 72.000000 154.000000 117.000000 175.000000 23.000000 51.000000 81.000000 120.000000 185.000000 56.000000 132.000000 74.000000 191.000000 49.000000 160.000000 102.000000 142.000000 93.000000 78.000000 89.000000 
44.000000 54.000000 195.000000 75.000000 200.000000 174.000000 124.000000 121.000000 172.000000 18.000000 105.000000 150.000000 113.000000 207.000000 82.000000 34.000000 143.000000 112.000000 232.000000 3.000000 202.000000 29.000000 234.000000 58.000000 232.000000 145.000000 211.000000 158.000000 102.000000 57.000000 
221.000000 258.000000 157.000000 232.000000 30.000000 249.000000 304.000000 182.000000 62.000000 286.000000 173.000000 300.000000 267.000000 213.000000 187.000000 278.000000 99.000000 276.000000 165.000000 279.000000 96.000000 308.000000 183.000000 221.000000 137.000000 138.000000 138.000000 139.000000 193.000000 290.000000 
32.000000 42.000000 39.000000 40.000000 19.000000 50.000000 54.000000 36.000000 17.000000 40.000000 32.000000 55.000000 48.000000 47.000000 23.000000 37.000000 16.000000 49.000000 42.000000 40.000000 3.000000 44.000000 45.000000 36.000000 6.000000 31.000000 4.000000 8.000000 36.000000 47.000000 
33.000000 58.000000 123.000000 66.000000 110.000000 121.000000 99.000000 85.000000 94.000000 23.000000 73.000000 113.000000 91.000000 135.000000 36.000000 12.000000 77.000000 91.000000 143.000000 31.000000 99.000000 30.000000 146.000000 53.000000 111.000000 93.000000 99.000000 72.000000 75.000000 62.000000 
28.000000 49.000000 105.000000 56.000000 94.000000 103.000000 84.000000 72.000000 80.000000 20.000000 62.000000 96.000000 77.000000 115.000000 30.000000 10.000000 65.000000 77.000000 122.000000 27.000000 85.000000 26.000000 125.000000 44.000000 95.000000 79.000000 85.000000 61.000000 64.000000 53.000000 
100.000000 68.000000 139.000000 31.000000 198.000000 115.000000 107.000000 39.000000 168.000000 154.000000 41.000000 118.000000 68.000000 151.000000 140.000000 166.000000 148.000000 76.000000 188.000000 132.000000 252.000000 170.000000 190.000000 53.000000 305.000000 86.000000 283.000000 219.000000 18.000000 99.000000 
80.000000 16.000000 187.000000 43.000000 230.000000 143.000000 76.000000 103.000000 201.000000 87.000000 97.000000 107.000000 66.000000 189.000000 132.000000 107.000000 175.000000 64.000000 229.000000 66.000000 258.000000 92.000000 228.000000 52.000000 299.000000 143.000000 277.000000 217.000000 83.000000 14.000000 
30.000000 20.000000 26.000000 17.000000 43.000000 10.000000 7.000000 19.000000 40.000000 34.000000 22.000000 1.000000 8.000000 21.000000 37.000000 37.000000 38.000000 8.000000 31.000000 30.000000 53.000000 35.000000 29.000000 23.000000 61.000000 25.000000 58.000000 49.000000 19.000000 20.000000 
43.000000 58.000000 51.000000 53.000000 20.000000 69.000000 75.000000 46.000000 16.000000 58.000000 41.000000 77.000000 66.000000 65.000000 31.000000 54.000000 15.000000 68.000000 57.000000 58.000000 8.000000 64.000000 62.000000 48.000000 21.000000 38.000000 17.000000 13.000000 46.000000 66.000000 
118.000000 149.000000 117.000000 137.000000 37.000000 165.000000 187.000000 115.000000 36.000000 154.000000 104.000000 189.000000 164.000000 150.000000 91.000000 147.000000 45.000000 169.000000 128.000000 153.000000 23.000000 169.000000 139.000000 125.000000 53.000000 91.000000 50.000000 50.000000 117.000000 168.000000 
53.000000 62.000000 222.000000 87.000000 228.000000 198.000000 139.000000 138.000000 196.000000 18.000000 121.000000 170.000000 128.000000 235.000000 95.000000 38.000000 164.000000 127.000000 262.000000 2.000000 230.000000 30.000000 265.000000 68.000000 262.000000 166.000000 239.000000 180.000000 117.000000 64.000000 
79.000000 100.000000 71.000000 87.000000 20.000000 108.000000 128.000000 66.000000 2.000000 113.000000 58.000000 129.000000 109.000000 98.000000 64.000000 109.000000 17.000000 113.000000 84.000000 109.000000 47.000000 125.000000 92.000000 80.000000 73.000000 46.000000 67.000000 52.000000 69.000000 116.000000 
183.000000 224.000000 151.000000 199.000000 23.000000 234.000000 279.000000 154.000000 20.000000 249.000000 140.000000 279.000000 240.000000 207.000000 148.000000 241.000000 56.000000 249.000000 171.000000 243.000000 85.000000 273.000000 188.000000 186.000000 136.000000 112.000000 128.000000 110.000000 162.000000 258.000000 
63.000000 69.000000 30.000000 60.000000 14.000000 58.000000 78.000000 43.000000 21.000000 82.000000 43.000000 75.000000 67.000000 45.000000 57.000000 81.000000 32.000000 70.000000 31.000000 79.000000 42.000000 89.000000 36.000000 60.000000 56.000000 30.000000 55.000000 51.000000 48.000000 78.000000 
39.000000 65.000000 142.000000 75.000000 129.000000 139.000000 111.000000 98.000000 110.000000 24.000000 84.000000 127.000000 102.000000 155.000000 44.000000 11.000000 90.000000 103.000000 165.000000 34.000000 117.000000 31.000000 168.000000 60.000000 131.000000 107.000000 117.000000 85.000000 86.000000 69.000000 
70.000000 62.000000 48.000000 43.000000 84.000000 54.000000 75.000000 5.000000 72.000000 103.000000 19.000000 73.000000 53.000000 60.000000 82.000000 108.000000 68.000000 58.000000 74.000000 93.000000 122.000000 113.000000 76.000000 50.000000 152.000000 21.000000 142.000000 112.000000 19.000000 79.000000 
84.000000 109.000000 84.000000 94.000000 40.000000 125.000000 145.000000 70.000000 18.000000 126.000000 58.000000 148.000000 122.000000 117.000000 67.000000 122.000000 13.000000 127.000000 105.000000 121.000000 69.000000 141.000000 114.000000 84.000000 102.000000 48.000000 92.000000 65.000000 72.000000 129.000000 
37.000000 67.000000 94.000000 58.000000 75.000000 110.000000 110.000000 55.000000 54.000000 75.000000 38.000000 118.000000 90.000000 115.000000 27.000000 72.000000 33.000000 94.000000 117.000000 71.000000 83.000000 88.000000 123.000000 44.000000 109.000000 53.000000 96.000000 60.000000 49.000000 84.000000 
103.000000 103.000000 18.000000 87.000000 52.000000 67.000000 107.000000 56.000000 56.000000 134.000000 63.000000 99.000000 91.000000 43.000000 103.000000 136.000000 68.000000 95.000000 20.000000 127.000000 99.000000 144.000000 28.000000 91.000000 123.000000 38.000000 120.000000 106.000000 67.000000 117.000000 
10.000000 8.000000 37.000000 13.000000 40.000000 32.000000 21.000000 22.000000 35.000000 6.000000 20.000000 26.000000 19.000000 39.000000 18.000000 10.000000 29.000000 19.000000 45.000000 3.000000 42.000000 7.000000 45.000000 10.000000 48.000000 28.000000 44.000000 34.000000 19.000000 8.000000 
23.000000 8.000000 63.000000 18.000000 74.000000 50.000000 29.000000 37.000000 64.000000 21.000000 34.000000 39.000000 27.000000 65.000000 39.000000 28.000000 56.000000 26.000000 76.000000 15.000000 80.000000 22.000000 76.000000 18.000000 92.000000 48.000000 85.000000 67.000000 30.000000 5.000000 
104.000000 141.000000 119.000000 125.000000 50.000000 168.000000 189.000000 100.000000 23.000000 153.000000 84.000000 194.000000 161.000000 159.000000 77.000000 147.000000 9.000000 167.000000 142.000000 150.000000 65.000000 171.000000 153.000000 111.000000 104.000000 76.000000 92.000000 61.000000 101.000000 165.000000 
197.000000 210.000000 68.000000 177.000000 75.000000 166.000000 237.000000 112.000000 80.000000 267.000000 116.000000 226.000000 198.000000 127.000000 188.000000 268.000000 107.000000 208.000000 90.000000 253.000000 176.000000 289.000000 107.000000 178.000000 229.000000 63.000000 220.000000 190.000000 131.000000 243.000000 
106.000000 68.000000 99.000000 62.000000 159.000000 45.000000 19.000000 71.000000 147.000000 119.000000 82.000000 3.000000 28.000000 82.000000 134.000000 130.000000 140.000000 26.000000 119.000000 105.000000 195.000000 121.000000 114.000000 81.000000 223.000000 95.000000 212.000000 178.000000 70.000000 67.000000 
171.000000 226.000000 203.000000 211.000000 87.000000 268.000000 291.000000 186.000000 75.000000 222.000000 165.000000 298.000000 258.000000 252.000000 124.000000 208.000000 73.000000 264.000000 224.000000 223.000000 15.000000 243.000000 239.000000 190.000000 61.000000 156.000000 48.000000 47.000000 186.000000 254.000000 
126.000000 196.000000 232.000000 188.000000 140.000000 279.000000 280.000000 182.000000 109.000000 174.000000 153.000000 296.000000 246.000000 279.000000 69.000000 157.000000 77.000000 252.000000 267.000000 179.000000 90.000000 197.000000 280.000000 159.000000 121.000000 165.000000 95.000000 28.000000 173.000000 224.000000 
19.000000 22.000000 56.000000 27.000000 56.000000 51.000000 37.000000 38.000000 49.000000 6.000000 34.000000 44.000000 35.000000 59.000000 25.000000 8.000000 42.000000 35.000000 65.000000 9.000000 54.000000 3.000000 66.000000 23.000000 60.000000 44.000000 54.000000 42.000000 34.000000 21.000000 
95.000000 86.000000 16.000000 72.000000 73.000000 35.000000 76.000000 47.000000 74.000000 119.000000 58.000000 65.000000 65.000000 9.000000 102.000000 123.000000 80.000000 69.000000 19.000000 111.000000 112.000000 125.000000 14.000000 80.000000 133.000000 43.000000 129.000000 114.000000 57.000000 95.000000 
48.000000 29.000000 212.000000 48.000000 236.000000 183.000000 129.000000 110.000000 200.000000 79.000000 92.000000 159.000000 105.000000 226.000000 109.000000 94.000000 166.000000 107.000000 261.000000 56.000000 260.000000 94.000000 264.000000 27.000000 306.000000 148.000000 280.000000 209.000000 84.000000 57.000000 
44.000000 37.000000 42.000000 23.000000 65.000000 41.000000 49.000000 3.000000 55.000000 67.000000 10.000000 50.000000 34.000000 50.000000 54.000000 71.000000 50.000000 37.000000 61.000000 59.000000 89.000000 74.000000 62.000000 28.000000 110.000000 21.000000 103.000000 80.000000 6.000000 49.000000 
178.000000 217.000000 141.000000 192.000000 18.000000 222.000000 268.000000 147.000000 20.000000 243.000000 134.000000 267.000000 231.000000 196.000000 147.000000 236.000000 57.000000 239.000000 160.000000 237.000000 88.000000 266.000000 177.000000 180.000000 137.000000 105.000000 130.000000 112.000000 155.000000 249.000000 
142.000000 130.000000 18.000000 108.000000 105.000000 58.000000 119.000000 70.000000 106.000000 180.000000 86.000000 104.000000 101.000000 20.000000 151.000000 185.000000 116.000000 107.000000 25.000000 168.000000 165.000000 190.000000 21.000000 120.000000 198.000000 61.000000 192.000000 168.000000 85.000000 145.000000 
51.000000 73.000000 82.000000 59.000000 69.000000 103.000000 111.000000 46.000000 48.000000 92.000000 30.000000 117.000000 89.000000 106.000000 46.000000 90.000000 32.000000 94.000000 107.000000 86.000000 89.000000 105.000000 113.000000 49.000000 119.000000 39.000000 107.000000 72.000000 43.000000 92.000000 
134.000000 125.000000 12.000000 104.000000 93.000000 61.000000 118.000000 66.000000 94.000000 171.000000 80.000000 104.000000 100.000000 26.000000 140.000000 175.000000 105.000000 105.000000 19.000000 159.000000 150.000000 181.000000 19.000000 114.000000 181.000000 55.000000 176.000000 155.000000 81.000000 140.000000 
60.000000 72.000000 42.000000 63.000000 2.000000 69.000000 86.000000 47.000000 10.000000 82.000000 44.000000 85.000000 74.000000 60.000000 51.000000 80.000000 22.000000 77.000000 47.000000 79.000000 33.000000 89.000000 52.000000 60.000000 48.000000 33.000000 46.000000 41.000000 50.000000 82.000000 
18.000000 19.000000 27.000000 13.000000 32.000000 29.000000 31.000000 8.000000 25.000000 32.000000 2.000000 33.000000 23.000000 33.000000 22.000000 33.000000 21.000000 25.000000 37.000000 28.000000 42.000000 36.000000 38.000000 12.000000 53.000000 12.000000 49.000000 36.000000 6.000000 26.000000 
234.000000 245.000000 88.000000 215.000000 87.000000 183.000000 259.000000 155.000000 111.000000 296.000000 163.000000 244.000000 227.000000 132.000000 222.000000 296.000000 144.000000 236.000000 73.000000 284.000000 179.000000 316.000000 90.000000 217.000000 220.000000 115.000000 219.000000 207.000000 174.000000 273.000000 
96.000000 123.000000 101.000000 113.000000 35.000000 140.000000 156.000000 96.000000 31.000000 126.000000 86.000000 159.000000 137.000000 129.000000 72.000000 119.000000 36.000000 141.000000 111.000000 125.000000 16.000000 138.000000 120.000000 103.000000 42.000000 78.000000 38.000000 36.000000 98.000000 139.000000 
193.000000 189.000000 19.000000 156.000000 112.000000 116.000000 194.000000 94.000000 115.000000 254.000000 110.000000 178.000000 162.000000 73.000000 196.000000 258.000000 134.000000 171.000000 46.000000 238.000000 203.000000 272.000000 57.000000 166.000000 252.000000 63.000000 243.000000 211.000000 116.000000 216.000000 
69.000000 30.000000 176.000000 55.000000 205.000000 139.000000 78.000000 105.000000 180.000000 59.000000 98.000000 106.000000 74.000000 178.000000 112.000000 77.000000 156.000000 72.000000 211.000000 42.000000 222.000000 59.000000 210.000000 56.000000 254.000000 137.000000 235.000000 185.000000 88.000000 13.000000 
110.000000 98.000000 17.000000 80.000000 90.000000 38.000000 89.000000 48.000000 88.000000 141.000000 63.000000 76.000000 73.000000 15.000000 120.000000 146.000000 94.000000 78.000000 34.000000 131.000000 139.000000 150.000000 31.000000 90.000000 167.000000 45.000000 161.000000 139.000000 61.000000 110.000000 
52.000000 66.000000 62.000000 63.000000 32.000000 78.000000 83.000000 58.000000 31.000000 63.000000 53.000000 85.000000 75.000000 74.000000 40.000000 59.000000 31.000000 77.000000 66.000000 64.000000 10.000000 68.000000 70.000000 58.000000 1.000000 51.000000 4.000000 18.000000 58.000000 73.000000 
108.000000 114.000000 45.000000 101.000000 39.000000 88.000000 122.000000 75.000000 50.000000 136.000000 77.000000 115.000000 107.000000 65.000000 102.000000 136.000000 66.000000 111.000000 38.000000 131.000000 78.000000 145.000000 46.000000 102.000000 96.000000 56.000000 96.000000 93.000000 83.000000 127.000000 
173.000000 204.000000 114.000000 177.000000 20.000000 196.000000 246.000000 128.000000 27.000000 237.000000 120.000000 242.000000 210.000000 167.000000 149.000000 232.000000 64.000000 218.000000 132.000000 229.000000 108.000000 259.000000 148.000000 169.000000 156.000000 85.000000 149.000000 128.000000 139.000000 234.000000 
53.000000 49.000000 169.000000 70.000000 178.000000 146.000000 98.000000 109.000000 155.000000 20.000000 98.000000 121.000000 94.000000 175.000000 84.000000 36.000000 133.000000 92.000000 198.000000 16.000000 180.000000 16.000000 199.000000 60.000000 203.000000 131.000000 186.000000 144.000000 94.000000 44.000000 
83.000000 107.000000 99.000000 102.000000 49.000000 127.000000 136.000000 93.000000 47.000000 102.000000 84.000000 139.000000 122.000000 120.000000 63.000000 96.000000 46.000000 125.000000 107.000000 104.000000 11.000000 111.000000 114.000000 93.000000 9.000000 80.000000 6.000000 26.000000 92.000000 119.000000 
41.000000 44.000000 42.000000 31.000000 53.000000 52.000000 62.000000 13.000000 42.000000 68.000000 7.000000 63.000000 46.000000 55.000000 47.000000 70.000000 37.000000 50.000000 61.000000 61.000000 76.000000 76.000000 63.000000 31.000000 97.000000 14.000000 90.000000 68.000000 15.000000 57.000000 
8.000000 45.000000 121.000000 45.000000 118.000000 120.000000 101.000000 66.000000 95.000000 50.000000 48.000000 116.000000 83.000000 137.000000 35.000000 51.000000 73.000000 86.000000 150.000000 44.000000 124.000000 64.000000 154.000000 25.000000 151.000000 78.000000 135.000000 94.000000 52.000000 62.000000 
45.000000 74.000000 212.000000 93.000000 206.000000 197.000000 148.000000 136.000000 176.000000 11.000000 117.000000 175.000000 135.000000 228.000000 76.000000 16.000000 145.000000 135.000000 249.000000 21.000000 201.000000 30.000000 253.000000 71.000000 229.000000 157.000000 207.000000 153.000000 116.000000 79.000000 
201.000000 191.000000 3.000000 158.000000 132.000000 104.000000 189.000000 94.000000 133.000000 262.000000 114.000000 171.000000 157.000000 58.000000 209.000000 268.000000 150.000000 166.000000 44.000000 245.000000 225.000000 280.000000 50.000000 170.000000 276.000000 69.000000 266.000000 231.000000 118.000000 217.000000 
102.000000 69.000000 78.000000 57.000000 140.000000 25.000000 34.000000 54.000000 129.000000 121.000000 69.000000 19.000000 27.000000 62.000000 126.000000 131.000000 124.000000 29.000000 98.000000 108.000000 179.000000 125.000000 93.000000 75.000000 208.000000 77.000000 198.000000 166.000000 57.000000 73.000000 
123.000000 128.000000 44.000000 112.000000 49.000000 93.000000 134.000000 81.000000 61.000000 155.000000 85.000000 125.000000 117.000000 66.000000 118.000000 155.000000 77.000000 122.000000 35.000000 149.000000 96.000000 165.000000 44.000000 114.000000 118.000000 61.000000 117.000000 111.000000 91.000000 142.000000 
74.000000 107.000000 110.000000 100.000000 56.000000 141.000000 148.000000 90.000000 41.000000 103.000000 76.000000 154.000000 129.000000 137.000000 46.000000 96.000000 27.000000 132.000000 127.000000 104.000000 35.000000 116.000000 135.000000 86.000000 58.000000 77.000000 46.000000 17.000000 88.000000 123.000000 
50.000000 67.000000 65.000000 64.000000 33.000000 82.000000 86.000000 59.000000 30.000000 62.000000 52.000000 89.000000 77.000000 79.000000 36.000000 58.000000 28.000000 79.000000 71.000000 63.000000 9.000000 68.000000 75.000000 57.000000 11.000000 51.000000 4.000000 12.000000 58.000000 74.000000 
126.000000 166.000000 165.000000 160.000000 89.000000 205.000000 214.000000 149.000000 82.000000 153.000000 134.000000 221.000000 193.000000 197.000000 92.000000 142.000000 76.000000 197.000000 179.000000 157.000000 29.000000 166.000000 189.000000 143.000000 23.000000 132.000000 7.000000 34.000000 147.000000 183.000000 
129.000000 90.000000 99.000000 81.000000 169.000000 37.000000 41.000000 81.000000 159.000000 145.000000 96.000000 18.000000 46.000000 75.000000 155.000000 157.000000 155.000000 46.000000 116.000000 131.000000 212.000000 148.000000 109.000000 101.000000 243.000000 103.000000 233.000000 199.000000 84.000000 91.000000 
79.000000 136.000000 231.000000 145.000000 186.000000 242.000000 213.000000 168.000000 157.000000 83.000000 143.000000 235.000000 193.000000 260.000000 56.000000 63.000000 125.000000 195.000000 266.000000 96.000000 152.000000 98.000000 273.000000 118.000000 170.000000 173.000000 147.000000 99.000000 152.000000 150.000000 
34.000000 49.000000 99.000000 56.000000 90.000000 96.000000 77.000000 71.000000 78.000000 21.000000 63.000000 88.000000 73.000000 107.000000 36.000000 14.000000 65.000000 72.000000 113.000000 28.000000 80.000000 22.000000 115.000000 47.000000 87.000000 77.000000 79.000000 60.000000 64.000000 50.000000 
134.000000 83.000000 122.000000 64.000000 205.000000 55.000000 46.000000 68.000000 186.000000 164.000000 87.000000 41.000000 21.000000 107.000000 172.000000 179.000000 175.000000 27.000000 157.000000 143.000000 261.000000 172.000000 152.000000 92.000000 306.000000 107.000000 289.000000 237.000000 68.000000 92.000000 
84.000000 65.000000 44.000000 48.000000 99.000000 26.000000 57.000000 24.000000 91.000000 111.000000 41.000000 50.000000 40.000000 41.000000 100.000000 117.000000 88.000000 45.000000 67.000000 99.000000 139.000000 118.000000 65.000000 61.000000 167.000000 41.000000 158.000000 130.000000 34.000000 77.000000 
29.000000 47.000000 56.000000 41.000000 40.000000 70.000000 72.000000 36.000000 27.000000 52.000000 26.000000 76.000000 60.000000 71.000000 19.000000 49.000000 14.000000 62.000000 70.000000 50.000000 44.000000 60.000000 74.000000 33.000000 61.000000 32.000000 53.000000 32.000000 34.000000 58.000000 
84.000000 22.000000 193.000000 49.000000 236.000000 147.000000 77.000000 109.000000 207.000000 86.000000 104.000000 109.000000 69.000000 194.000000 136.000000 106.000000 181.000000 67.000000 235.000000 65.000000 263.000000 90.000000 234.000000 58.000000 304.000000 149.000000 282.000000 221.000000 90.000000 8.000000 
109.000000 158.000000 180.000000 153.000000 107.000000 216.000000 217.000000 149.000000 90.000000 138.000000 129.000000 228.000000 194.000000 214.000000 70.000000 124.000000 72.000000 198.000000 202.000000 143.000000 55.000000 153.000000 212.000000 133.000000 66.000000 136.000000 47.000000 15.000000 143.000000 177.000000 
41.000000 81.000000 120.000000 74.000000 93.000000 138.000000 134.000000 74.000000 68.000000 83.000000 54.000000 145.000000 112.000000 145.000000 22.000000 78.000000 43.000000 116.000000 147.000000 80.000000 94.000000 99.000000 154.000000 55.000000 123.000000 73.000000 108.000000 65.000000 66.000000 101.000000 
87.000000 118.000000 116.000000 112.000000 59.000000 147.000000 154.000000 103.000000 51.000000 110.000000 91.000000 160.000000 138.000000 141.000000 61.000000 102.000000 45.000000 141.000000 128.000000 112.000000 16.000000 121.000000 136.000000 100.000000 28.000000 90.000000 16.000000 15.000000 101.000000 132.000000 
26.000000 32.000000 21.000000 27.000000 11.000000 34.000000 42.000000 18.000000 6.000000 39.000000 16.000000 42.000000 35.000000 31.000000 23.000000 39.000000 7.000000 36.000000 27.000000 37.000000 23.000000 43.000000 30.000000 25.000000 33.000000 11.000000 31.000000 23.000000 20.000000 38.000000 
21.000000 7.000000 34.000000 8.000000 46.000000 23.000000 9.000000 18.000000 41.000000 24.000000 18.000000 15.000000 6.000000 33.000000 31.000000 28.000000 37.000000 6.000000 42.000000 20.000000 55.000000 26.000000 42.000000 13.000000 64.000000 27.000000 59.000000 47.000000 15.000000 8.000000 
68.000000 79.000000 43.000000 69.000000 4.000000 75.000000 94.000000 51.000000 13.000000 91.000000 48.000000 93.000000 81.000000 63.000000 59.000000 89.000000 27.000000 84.000000 49.000000 88.000000 39.000000 99.000000 55.000000 66.000000 56.000000 35.000000 54.000000 48.000000 55.000000 90.000000 
120.000000 150.000000 118.000000 138.000000 40.000000 164.000000 186.000000 117.000000 42.000000 154.000000 107.000000 188.000000 165.000000 150.000000 94.000000 147.000000 51.000000 169.000000 127.000000 153.000000 20.000000 168.000000 137.000000 128.000000 44.000000 95.000000 44.000000 51.000000 120.000000 168.000000 
29.000000 41.000000 42.000000 39.000000 22.000000 54.000000 56.000000 36.000000 17.000000 39.000000 31.000000 58.000000 49.000000 52.000000 19.000000 35.000000 13.000000 51.000000 48.000000 39.000000 10.000000 43.000000 51.000000 34.000000 17.000000 31.000000 12.000000 2.000000 35.000000 47.000000 
52.000000 93.000000 121.000000 85.000000 85.000000 145.000000 145.000000 81.000000 60.000000 93.000000 62.000000 155.000000 123.000000 149.000000 26.000000 87.000000 34.000000 127.000000 147.000000 91.000000 83.000000 109.000000 155.000000 67.000000 111.000000 75.000000 96.000000 54.000000 74.000000 113.000000 
51.000000 36.000000 38.000000 31.000000 67.000000 12.000000 17.000000 30.000000 63.000000 59.000000 37.000000 7.000000 17.000000 29.000000 62.000000 64.000000 61.000000 17.000000 46.000000 53.000000 86.000000 61.000000 43.000000 40.000000 99.000000 40.000000 94.000000 80.000000 32.000000 37.000000 
30.000000 31.000000 54.000000 20.000000 64.000000 55.000000 55.000000 17.000000 52.000000 55.000000 6.000000 59.000000 40.000000 64.000000 41.000000 58.000000 43.000000 43.000000 72.000000 48.000000 82.000000 63.000000 74.000000 18.000000 102.000000 27.000000 94.000000 69.000000 9.000000 45.000000 
70.000000 46.000000 60.000000 31.000000 105.000000 31.000000 37.000000 27.000000 94.000000 91.000000 38.000000 35.000000 19.000000 56.000000 90.000000 99.000000 89.000000 24.000000 81.000000 80.000000 137.000000 97.000000 79.000000 47.000000 163.000000 49.000000 154.000000 125.000000 28.000000 55.000000 
76.000000 47.000000 72.000000 41.000000 116.000000 32.000000 14.000000 48.000000 107.000000 87.000000 57.000000 7.000000 15.000000 61.000000 97.000000 96.000000 101.000000 14.000000 88.000000 77.000000 144.000000 89.000000 85.000000 56.000000 166.000000 67.000000 158.000000 131.000000 47.000000 48.000000 
33.000000 35.000000 9.000000 29.000000 13.000000 25.000000 37.000000 19.000000 15.000000 44.000000 21.000000 35.000000 32.000000 18.000000 32.000000 44.000000 20.000000 33.000000 10.000000 42.000000 29.000000 47.000000 13.000000 30.000000 37.000000 12.000000 36.000000 32.000000 22.000000 39.000000 
144.000000 187.000000 147.000000 168.000000 46.000000 212.000000 242.000000 136.000000 25.000000 200.000000 119.000000 245.000000 208.000000 195.000000 109.000000 191.000000 33.000000 216.000000 170.000000 196.000000 59.000000 221.000000 184.000000 152.000000 106.000000 104.000000 95.000000 71.000000 139.000000 215.000000 
27.000000 62.000000 106.000000 62.000000 84.000000 115.000000 104.000000 71.000000 67.000000 47.000000 56.000000 115.000000 91.000000 123.000000 5.000000 40.000000 48.000000 93.000000 126.000000 49.000000 75.000000 58.000000 131.000000 47.000000 91.000000 72.000000 78.000000 47.000000 63.000000 73.000000 
22.000000 72.000000 146.000000 71.000000 127.000000 153.000000 136.000000 87.000000 100.000000 65.000000 65.000000 152.000000 115.000000 168.000000 20.000000 60.000000 72.000000 118.000000 177.000000 63.000000 126.000000 83.000000 183.000000 48.000000 155.000000 94.000000 137.000000 89.000000 73.000000 91.000000 
125.000000 171.000000 153.000000 148.000000 87.000000 213.000000 239.000000 114.000000 48.000000 196.000000 90.000000 246.000000 199.000000 205.000000 96.000000 190.000000 17.000000 207.000000 191.000000 189.000000 121.000000 221.000000 205.000000 129.000000 176.000000 85.000000 156.000000 104.000000 115.000000 206.000000 
108.000000 105.000000 12.000000 86.000000 67.000000 65.000000 109.000000 48.000000 66.000000 144.000000 58.000000 101.000000 90.000000 43.000000 111.000000 147.000000 76.000000 95.000000 34.000000 135.000000 120.000000 155.000000 39.000000 92.000000 150.000000 30.000000 144.000000 123.000000 62.000000 121.000000 
142.000000 146.000000 54.000000 129.000000 62.000000 105.000000 150.000000 96.000000 76.000000 176.000000 101.000000 140.000000 133.000000 74.000000 137.000000 177.000000 94.000000 138.000000 39.000000 169.000000 112.000000 187.000000 48.000000 132.000000 134.000000 75.000000 134.000000 129.000000 107.000000 161.000000 
35.000000 59.000000 213.000000 80.000000 216.000000 195.000000 144.000000 128.000000 183.000000 30.000000 108.000000 173.000000 127.000000 230.000000 81.000000 42.000000 150.000000 128.000000 256.000000 19.000000 219.000000 49.000000 259.000000 56.000000 254.000000 154.000000 230.000000 169.000000 106.000000 70.000000 
203.000000 257.000000 220.000000 241.000000 96.000000 292.000000 320.000000 213.000000 95.000000 254.000000 194.000000 326.000000 287.000000 271.000000 156.000000 240.000000 102.000000 294.000000 236.000000 255.000000 16.000000 275.000000 253.000000 221.000000 41.000000 180.000000 43.000000 75.000000 215.000000 286.000000 
95.000000 63.000000 85.000000 58.000000 136.000000 37.000000 21.000000 64.000000 127.000000 105.000000 74.000000 5.000000 29.000000 69.000000 118.000000 115.000000 122.000000 28.000000 100.000000 94.000000 167.000000 107.000000 95.000000 74.000000 192.000000 84.000000 182.000000 155.000000 64.000000 62.000000 
91.000000 106.000000 66.000000 86.000000 57.000000 109.000000 137.000000 51.000000 41.000000 139.000000 44.000000 137.000000 111.000000 100.000000 86.000000 138.000000 42.000000 117.000000 92.000000 130.000000 104.000000 154.000000 100.000000 82.000000 141.000000 24.000000 130.000000 99.000000 58.000000 129.000000 
55.000000 16.000000 130.000000 9.000000 162.000000 104.000000 70.000000 59.000000 139.000000 80.000000 53.000000 89.000000 50.000000 136.000000 93.000000 92.000000 119.000000 52.000000 165.000000 64.000000 190.000000 90.000000 165.000000 21.000000 225.000000 90.000000 208.000000 159.000000 41.000000 40.000000 
39.000000 69.000000 109.000000 71.000000 83.000000 118.000000 107.000000 80.000000 69.000000 47.000000 67.000000 117.000000 96.000000 125.000000 22.000000 38.000000 53.000000 97.000000 126.000000 52.000000 66.000000 56.000000 130.000000 58.000000 75.000000 80.000000 64.000000 39.000000 72.000000 77.000000 
115.000000 109.000000 5.000000 90.000000 74.000000 59.000000 107.000000 56.000000 76.000000 148.000000 67.000000 96.000000 90.000000 31.000000 119.000000 152.000000 86.000000 94.000000 19.000000 139.000000 126.000000 158.000000 23.000000 98.000000 153.000000 42.000000 149.000000 130.000000 69.000000 123.000000 
62.000000 69.000000 31.000000 57.000000 24.000000 61.000000 82.000000 35.000000 21.000000 87.000000 34.000000 80.000000 68.000000 51.000000 57.000000 87.000000 29.000000 71.000000 42.000000 83.000000 57.000000 96.000000 47.000000 56.000000 77.000000 17.000000 73.000000 59.000000 41.000000 81.000000 
57.000000 89.000000 130.000000 72.000000 121.000000 150.000000 151.000000 65.000000 90.000000 117.000000 38.000000 162.000000 120.000000 161.000000 60.000000 117.000000 64.000000 125.000000 169.000000 107.000000 146.000000 137.000000 176.000000 54.000000 188.000000 68.000000 169.000000 116.000000 54.000000 118.000000 
37.000000 14.000000 117.000000 32.000000 134.000000 96.000000 59.000000 66.000000 116.000000 36.000000 60.000000 77.000000 52.000000 121.000000 67.000000 48.000000 99.000000 52.000000 142.000000 24.000000 145.000000 40.000000 142.000000 28.000000 167.000000 87.000000 154.000000 119.000000 54.000000 16.000000 
77.000000 107.000000 110.000000 89.000000 86.000000 145.000000 159.000000 67.000000 58.000000 133.000000 46.000000 165.000000 129.000000 145.000000 66.000000 130.000000 36.000000 135.000000 143.000000 125.000000 115.000000 151.000000 152.000000 76.000000 157.000000 53.000000 141.000000 95.000000 64.000000 134.000000 
41.000000 37.000000 6.000000 30.000000 33.000000 14.000000 33.000000 19.000000 32.000000 52.000000 24.000000 28.000000 27.000000 3.000000 44.000000 54.000000 35.000000 29.000000 10.000000 48.000000 50.000000 55.000000 9.000000 34.000000 60.000000 18.000000 58.000000 51.000000 24.000000 41.000000 
129.000000 135.000000 43.000000 110.000000 66.000000 106.000000 154.000000 63.000000 62.000000 179.000000 67.000000 147.000000 126.000000 84.000000 126.000000 181.000000 74.000000 133.000000 68.000000 168.000000 133.000000 195.000000 78.000000 113.000000 173.000000 28.000000 165.000000 137.000000 77.000000 159.000000 
173.000000 218.000000 161.000000 196.000000 39.000000 238.000000 276.000000 157.000000 27.000000 236.000000 140.000000 278.000000 239.000000 215.000000 135.000000 226.000000 50.000000 247.000000 183.000000 231.000000 66.000000 259.000000 199.000000 180.000000 117.000000 118.000000 108.000000 90.000000 162.000000 250.000000 
31.000000 45.000000 53.000000 37.000000 44.000000 66.000000 70.000000 30.000000 31.000000 57.000000 19.000000 74.000000 57.000000 68.000000 27.000000 56.000000 20.000000 59.000000 69.000000 53.000000 56.000000 65.000000 73.000000 31.000000 74.000000 26.000000 66.000000 45.000000 27.000000 58.000000 
206.000000 229.000000 96.000000 196.000000 52.000000 196.000000 264.000000 132.000000 63.000000 279.000000 131.000000 256.000000 224.000000 158.000000 189.000000 277.000000 97.000000 234.000000 114.000000 267.000000 158.000000 303.000000 133.000000 193.000000 211.000000 81.000000 204.000000 178.000000 150.000000 263.000000 
21.000000 50.000000 195.000000 65.000000 200.000000 180.000000 136.000000 110.000000 167.000000 49.000000 89.000000 162.000000 116.000000 213.000000 73.000000 57.000000 135.000000 117.000000 237.000000 36.000000 208.000000 67.000000 241.000000 38.000000 245.000000 136.000000 222.000000 161.000000 88.000000 69.000000 
20.000000 32.000000 38.000000 27.000000 29.000000 48.000000 50.000000 23.000000 20.000000 37.000000 16.000000 53.000000 41.000000 49.000000 16.000000 36.000000 11.000000 43.000000 48.000000 35.000000 34.000000 43.000000 51.000000 22.000000 46.000000 20.000000 41.000000 26.000000 21.000000 40.000000 
12.000000 9.000000 28.000000 4.000000 35.000000 25.000000 21.000000 10.000000 29.000000 22.000000 7.000000 24.000000 15.000000 31.000000 20.000000 24.000000 24.000000 16.000000 37.000000 18.000000 42.000000 25.000000 37.000000 4.000000 51.000000 17.000000 47.000000 35.000000 6.000000 15.000000 
155.000000 143.000000 27.000000 122.000000 108.000000 69.000000 132.000000 83.000000 111.000000 193.000000 98.000000 115.000000 114.000000 28.000000 162.000000 198.000000 124.000000 120.000000 16.000000 181.000000 170.000000 203.000000 8.000000 133.000000 202.000000 72.000000 197.000000 176.000000 98.000000 158.000000 
80.000000 91.000000 45.000000 76.000000 31.000000 84.000000 110.000000 48.000000 25.000000 114.000000 45.000000 109.000000 91.000000 72.000000 73.000000 113.000000 34.000000 96.000000 60.000000 108.000000 72.000000 125.000000 67.000000 73.000000 99.000000 24.000000 93.000000 75.000000 54.000000 107.000000 
64.000000 95.000000 112.000000 92.000000 68.000000 133.000000 132.000000 90.000000 56.000000 82.000000 78.000000 140.000000 118.000000 133.000000 38.000000 73.000000 43.000000 120.000000 126.000000 85.000000 38.000000 92.000000 133.000000 79.000000 48.000000 83.000000 35.000000 11.000000 86.000000 107.000000 
139.000000 142.000000 49.000000 125.000000 63.000000 99.000000 145.000000 91.000000 75.000000 173.000000 97.000000 135.000000 128.000000 69.000000 135.000000 174.000000 92.000000 133.000000 34.000000 165.000000 113.000000 183.000000 42.000000 128.000000 136.000000 71.000000 135.000000 129.000000 103.000000 157.000000 
138.000000 163.000000 96.000000 136.000000 60.000000 163.000000 205.000000 88.000000 40.000000 202.000000 78.000000 204.000000 169.000000 145.000000 124.000000 200.000000 51.000000 178.000000 126.000000 192.000000 129.000000 223.000000 139.000000 129.000000 178.000000 47.000000 166.000000 129.000000 98.000000 194.000000 
174.000000 123.000000 124.000000 106.000000 224.000000 37.000000 62.000000 100.000000 211.000000 201.000000 123.000000 30.000000 59.000000 92.000000 210.000000 217.000000 205.000000 61.000000 150.000000 181.000000 287.000000 207.000000 140.000000 134.000000 331.000000 131.000000 316.000000 269.000000 106.000000 127.000000 
72.000000 97.000000 95.000000 92.000000 48.000000 120.000000 126.000000 85.000000 42.000000 90.000000 75.000000 130.000000 112.000000 115.000000 51.000000 84.000000 38.000000 115.000000 104.000000 92.000000 12.000000 99.000000 110.000000 82.000000 20.000000 74.000000 11.000000 14.000000 83.000000 108.000000 
50.000000 115.000000 200.000000 116.000000 160.000000 216.000000 195.000000 134.000000 128.000000 87.000000 107.000000 215.000000 170.000000 232.000000 12.000000 73.000000 92.000000 173.000000 238.000000 91.000000 142.000000 107.000000 246.000000 88.000000 172.000000 137.000000 149.000000 90.000000 118.000000 136.000000 
4.000000 21.000000 72.000000 25.000000 72.000000 68.000000 54.000000 41.000000 60.000000 20.000000 32.000000 63.000000 45.000000 80.000000 24.000000 22.000000 47.000000 46.000000 88.000000 16.000000 75.000000 28.000000 90.000000 14.000000 89.000000 49.000000 80.000000 57.000000 32.000000 29.000000 
22.000000 5.000000 60.000000 15.000000 71.000000 47.000000 27.000000 34.000000 62.000000 23.000000 31.000000 37.000000 24.000000 61.000000 38.000000 29.000000 53.000000 23.000000 73.000000 16.000000 78.000000 24.000000 73.000000 15.000000 91.000000 45.000000 84.000000 65.000000 27.000000 5.000000 
122.000000 185.000000 218.000000 179.000000 132.000000 262.000000 262.000000 174.000000 105.000000 163.000000 148.000000 277.000000 232.000000 262.000000 69.000000 146.000000 77.000000 237.000000 249.000000 168.000000 79.000000 184.000000 262.000000 152.000000 105.000000 158.000000 80.000000 21.000000 166.000000 210.000000 
32.000000 11.000000 68.000000 19.000000 84.000000 50.000000 24.000000 39.000000 74.000000 32.000000 38.000000 35.000000 23.000000 67.000000 50.000000 39.000000 66.000000 21.000000 82.000000 25.000000 94.000000 33.000000 81.000000 23.000000 108.000000 53.000000 101.000000 80.000000 33.000000 3.000000 
91.000000 163.000000 248.000000 165.000000 184.000000 273.000000 252.000000 180.000000 150.000000 120.000000 150.000000 274.000000 224.000000 286.000000 42.000000 100.000000 112.000000 228.000000 287.000000 129.000000 143.000000 141.000000 297.000000 133.000000 169.000000 178.000000 142.000000 81.000000 164.000000 185.000000 
27.000000 55.000000 91.000000 56.000000 71.000000 99.000000 89.000000 63.000000 57.000000 39.000000 52.000000 98.000000 79.000000 105.000000 10.000000 32.000000 42.000000 80.000000 107.000000 42.000000 59.000000 48.000000 111.000000 43.000000 71.000000 64.000000 61.000000 36.000000 57.000000 63.000000 
34.000000 27.000000 14.000000 23.000000 34.000000 4.000000 20.000000 16.000000 33.000000 41.000000 21.000000 15.000000 17.000000 6.000000 39.000000 43.000000 34.000000 18.000000 17.000000 38.000000 48.000000 43.000000 15.000000 27.000000 56.000000 19.000000 54.000000 47.000000 19.000000 30.000000 
158.000000 142.000000 26.000000 112.000000 131.000000 64.000000 135.000000 60.000000 125.000000 208.000000 82.000000 120.000000 108.000000 42.000000 172.000000 215.000000 132.000000 116.000000 63.000000 192.000000 206.000000 222.000000 62.000000 127.000000 251.000000 53.000000 240.000000 203.000000 80.000000 163.000000 
63.000000 37.000000 69.000000 35.000000 105.000000 36.000000 3.000000 45.000000 96.000000 70.000000 52.000000 11.000000 13.000000 61.000000 83.000000 78.000000 90.000000 11.000000 84.000000 61.000000 126.000000 71.000000 81.000000 47.000000 145.000000 63.000000 137.000000 114.000000 43.000000 35.000000 
62.000000 98.000000 231.000000 117.000000 215.000000 221.000000 173.000000 157.000000 185.000000 27.000000 136.000000 200.000000 160.000000 250.000000 79.000000 8.000000 153.000000 160.000000 268.000000 45.000000 200.000000 38.000000 273.000000 94.000000 224.000000 175.000000 202.000000 150.000000 138.000000 103.000000 
63.000000 45.000000 42.000000 39.000000 80.000000 10.000000 25.000000 35.000000 75.000000 74.000000 43.000000 13.000000 22.000000 30.000000 76.000000 80.000000 73.000000 23.000000 52.000000 67.000000 103.000000 77.000000 48.000000 49.000000 120.000000 46.000000 114.000000 97.000000 37.000000 48.000000 
119.000000 121.000000 24.000000 101.000000 57.000000 82.000000 127.000000 64.000000 61.000000 156.000000 71.000000 119.000000 108.000000 55.000000 117.000000 158.000000 76.000000 113.000000 31.000000 148.000000 113.000000 168.000000 40.000000 105.000000 142.000000 42.000000 138.000000 121.000000 77.000000 137.000000 
58.000000 105.000000 146.000000 101.000000 102.000000 169.000000 164.000000 103.000000 77.000000 94.000000 82.000000 177.000000 142.000000 175.000000 19.000000 84.000000 49.000000 145.000000 173.000000 95.000000 86.000000 110.000000 181.000000 80.000000 112.000000 97.000000 94.000000 48.000000 94.000000 125.000000 
51.000000 50.000000 8.000000 41.000000 32.000000 33.000000 54.000000 22.000000 31.000000 69.000000 26.000000 50.000000 44.000000 23.000000 52.000000 71.000000 35.000000 46.000000 19.000000 65.000000 58.000000 75.000000 22.000000 43.000000 72.000000 12.000000 69.000000 59.000000 28.000000 59.000000 
31.000000 46.000000 103.000000 54.000000 95.000000 98.000000 77.000000 71.000000 82.000000 15.000000 63.000000 89.000000 72.000000 111.000000 37.000000 8.000000 69.000000 72.000000 118.000000 23.000000 87.000000 17.000000 120.000000 45.000000 97.000000 79.000000 87.000000 65.000000 63.000000 47.000000 
132.000000 155.000000 91.000000 129.000000 61.000000 155.000000 196.000000 82.000000 41.000000 195.000000 74.000000 195.000000 161.000000 138.000000 120.000000 193.000000 51.000000 169.000000 121.000000 184.000000 127.000000 215.000000 133.000000 123.000000 175.000000 43.000000 163.000000 127.000000 92.000000 185.000000 
19.000000 4.000000 45.000000 10.000000 55.000000 34.000000 18.000000 24.000000 48.000000 21.000000 23.000000 25.000000 15.000000 45.000000 32.000000 26.000000 42.000000 15.000000 55.000000 16.000000 62.000000 22.000000 54.000000 12.000000 72.000000 34.000000 67.000000 52.000000 20.000000 3.000000 
65.000000 48.000000 39.000000 37.000000 82.000000 10.000000 33.000000 27.000000 75.000000 82.000000 38.000000 25.000000 23.000000 31.000000 79.000000 87.000000 74.000000 26.000000 53.000000 73.000000 110.000000 86.000000 50.000000 48.000000 129.000000 40.000000 123.000000 103.000000 32.000000 53.000000 
38.000000 15.000000 59.000000 12.000000 82.000000 39.000000 19.000000 29.000000 72.000000 47.000000 31.000000 27.000000 10.000000 57.000000 56.000000 53.000000 65.000000 10.000000 74.000000 38.000000 98.000000 49.000000 73.000000 23.000000 115.000000 45.000000 107.000000 85.000000 24.000000 18.000000 
43.000000 65.000000 77.000000 63.000000 46.000000 92.000000 92.000000 61.000000 37.000000 57.000000 52.000000 97.000000 81.000000 92.000000 25.000000 51.000000 28.000000 83.000000 87.000000 59.000000 27.000000 64.000000 92.000000 54.000000 35.000000 56.000000 26.000000 6.000000 59.000000 74.000000 
17.000000 48.000000 121.000000 56.000000 111.000000 118.000000 96.000000 76.000000 93.000000 24.000000 63.000000 110.000000 85.000000 134.000000 29.000000 18.000000 73.000000 86.000000 144.000000 26.000000 106.000000 36.000000 147.000000 40.000000 124.000000 86.000000 111.000000 77.000000 65.000000 57.000000 
31.000000 21.000000 23.000000 18.000000 41.000000 7.000000 10.000000 17.000000 38.000000 36.000000 21.000000 4.000000 9.000000 17.000000 37.000000 38.000000 37.000000 10.000000 28.000000 32.000000 52.000000 37.000000 26.000000 23.000000 60.000000 23.000000 57.000000 48.000000 18.000000 22.000000 
164.000000 163.000000 54.000000 144.000000 84.000000 107.000000 162.000000 106.000000 97.000000 201.000000 115.000000 149.000000 144.000000 71.000000 161.000000 203.000000 116.000000 149.000000 32.000000 192.000000 142.000000 212.000000 39.000000 149.000000 167.000000 86.000000 167.000000 158.000000 120.000000 179.000000 
33.000000 51.000000 66.000000 51.000000 43.000000 76.000000 73.000000 51.000000 35.000000 42.000000 44.000000 78.000000 66.000000 77.000000 19.000000 37.000000 27.000000 67.000000 75.000000 44.000000 27.000000 47.000000 78.000000 43.000000 32.000000 48.000000 25.000000 11.000000 48.000000 58.000000 
224.000000 283.000000 260.000000 270.000000 136.000000 329.000000 352.000000 248.000000 134.000000 269.000000 227.000000 360.000000 319.000000 311.000000 174.000000 252.000000 135.000000 325.000000 277.000000 273.000000 47.000000 290.000000 293.000000 248.000000 1.000000 217.000000 26.000000 85.000000 247.000000 311.000000 
181.000000 185.000000 51.000000 160.000000 77.000000 129.000000 193.000000 110.000000 91.000000 231.000000 118.000000 180.000000 167.000000 88.000000 175.000000 232.000000 114.000000 174.000000 42.000000 220.000000 154.000000 247.000000 57.000000 164.000000 190.000000 79.000000 187.000000 172.000000 127.000000 208.000000 
185.000000 118.000000 187.000000 114.000000 284.000000 96.000000 30.000000 136.000000 263.000000 199.000000 154.000000 25.000000 59.000000 159.000000 234.000000 220.000000 249.000000 53.000000 220.000000 177.000000 341.000000 200.000000 211.000000 144.000000 388.000000 179.000000 369.000000 311.000000 133.000000 110.000000 
18.000000 45.000000 80.000000 45.000000 64.000000 87.000000 79.000000 51.000000 50.000000 38.000000 40.000000 87.000000 68.000000 93.000000 2.000000 33.000000 35.000000 69.000000 96.000000 38.000000 60.000000 47.000000 99.000000 33.000000 74.000000 53.000000 64.000000 39.000000 45.000000 55.000000 
179.000000 157.000000 32.000000 127.000000 151.000000 59.000000 141.000000 76.000000 147.000000 229.000000 100.000000 121.000000 116.000000 26.000000 195.000000 238.000000 155.000000 123.000000 61.000000 211.000000 230.000000 243.000000 56.000000 145.000000 277.000000 73.000000 266.000000 229.000000 97.000000 177.000000 
88.000000 158.000000 262.000000 165.000000 206.000000 279.000000 249.000000 189.000000 172.000000 103.000000 159.000000 274.000000 224.000000 297.000000 53.000000 81.000000 134.000000 227.000000 303.000000 116.000000 167.000000 123.000000 312.000000 133.000000 191.000000 192.000000 164.000000 105.000000 171.000000 177.000000 
49.000000 43.000000 10.000000 36.000000 40.000000 15.000000 37.000000 23.000000 40.000000 61.000000 30.000000 31.000000 32.000000 2.000000 53.000000 64.000000 43.000000 33.000000 13.000000 57.000000 61.000000 65.000000 11.000000 41.000000 73.000000 23.000000 70.000000 61.000000 29.000000 48.000000 
69.000000 60.000000 12.000000 48.000000 58.000000 23.000000 55.000000 28.000000 56.000000 88.000000 38.000000 47.000000 44.000000 11.000000 75.000000 92.000000 59.000000 47.000000 24.000000 81.000000 89.000000 94.000000 23.000000 55.000000 107.000000 27.000000 103.000000 88.000000 36.000000 68.000000 
51.000000 64.000000 46.000000 58.000000 9.000000 69.000000 80.000000 46.000000 8.000000 70.000000 41.000000 81.000000 70.000000 62.000000 41.000000 67.000000 16.000000 72.000000 52.000000 68.000000 19.000000 76.000000 57.000000 53.000000 34.000000 34.000000 32.000000 27.000000 48.000000 73.000000 
120.000000 94.000000 54.000000 75.000000 132.000000 11.000000 71.000000 51.000000 124.000000 150.000000 70.000000 54.000000 56.000000 35.000000 140.000000 159.000000 124.000000 60.000000 75.000000 136.000000 183.000000 158.000000 69.000000 93.000000 216.000000 66.000000 206.000000 175.000000 62.000000 105.000000 
59.000000 65.000000 182.000000 84.000000 184.000000 162.000000 115.000000 122.000000 161.000000 16.000000 109.000000 138.000000 110.000000 190.000000 84.000000 28.000000 137.000000 109.000000 211.000000 24.000000 180.000000 1.000000 213.000000 72.000000 201.000000 142.000000 183.000000 142.000000 107.000000 61.000000 
52.000000 79.000000 89.000000 67.000000 66.000000 113.000000 120.000000 56.000000 44.000000 92.000000 39.000000 126.000000 98.000000 115.000000 40.000000 90.000000 24.000000 103.000000 113.000000 88.000000 80.000000 106.000000 120.000000 55.000000 109.000000 47.000000 97.000000 63.000000 52.000000 98.000000 
144.000000 141.000000 76.000000 105.000000 133.000000 118.000000 169.000000 37.000000 113.000000 212.000000 48.000000 164.000000 128.000000 114.000000 155.000000 217.000000 111.000000 138.000000 125.000000 194.000000 211.000000 232.000000 131.000000 112.000000 267.000000 14.000000 251.000000 199.000000 58.000000 173.000000 
43.000000 31.000000 27.000000 25.000000 53.000000 5.000000 18.000000 22.000000 50.000000 51.000000 28.000000 11.000000 15.000000 19.000000 51.000000 55.000000 49.000000 16.000000 34.000000 46.000000 70.000000 53.000000 32.000000 32.000000 81.000000 29.000000 77.000000 66.000000 24.000000 33.000000 
61.000000 40.000000 180.000000 64.000000 200.000000 149.000000 92.000000 112.000000 175.000000 41.000000 102.000000 118.000000 88.000000 185.000000 101.000000 59.000000 150.000000 85.000000 213.000000 26.000000 210.000000 39.000000 214.000000 59.000000 239.000000 139.000000 220.000000 172.000000 94.000000 29.000000 
177.000000 192.000000 80.000000 168.000000 46.000000 157.000000 213.000000 122.000000 67.000000 229.000000 123.000000 204.000000 185.000000 122.000000 163.000000 227.000000 95.000000 192.000000 79.000000 220.000000 121.000000 245.000000 93.000000 167.000000 156.000000 86.000000 155.000000 145.000000 136.000000 216.000000 
143.000000 198.000000 177.000000 178.000000 77.000000 243.000000 268.000000 148.000000 43.000000 209.000000 124.000000 275.000000 229.000000 231.000000 101.000000 198.000000 19.000000 237.000000 209.000000 205.000000 81.000000 233.000000 224.000000 156.000000 134.000000 116.000000 115.000000 71.000000 147.000000 231.000000 
89.000000 155.000000 212.000000 151.000000 145.000000 245.000000 237.000000 154.000000 112.000000 133.000000 126.000000 255.000000 207.000000 253.000000 35.000000 117.000000 76.000000 212.000000 248.000000 137.000000 113.000000 154.000000 260.000000 122.000000 145.000000 146.000000 120.000000 57.000000 142.000000 181.000000 
12.000000 24.000000 38.000000 24.000000 29.000000 42.000000 38.000000 27.000000 24.000000 17.000000 22.000000 42.000000 34.000000 44.000000 5.000000 14.000000 17.000000 34.000000 45.000000 18.000000 24.000000 20.000000 46.000000 19.000000 29.000000 27.000000 24.000000 14.000000 24.000000 27.000000 
143.000000 176.000000 135.000000 162.000000 47.000000 189.000000 215.000000 138.000000 54.000000 181.000000 127.000000 216.000000 191.000000 171.000000 114.000000 173.000000 66.000000 196.000000 143.000000 180.000000 28.000000 196.000000 155.000000 151.000000 50.000000 112.000000 52.000000 66.000000 141.000000 196.000000 
51.000000 15.000000 91.000000 17.000000 121.000000 64.000000 31.000000 46.000000 106.000000 61.000000 47.000000 46.000000 22.000000 90.000000 78.000000 71.000000 94.000000 21.000000 114.000000 49.000000 142.000000 65.000000 113.000000 30.000000 166.000000 70.000000 154.000000 122.000000 37.000000 20.000000 
91.000000 66.000000 60.000000 56.000000 113.000000 14.000000 36.000000 50.000000 107.000000 106.000000 63.000000 20.000000 33.000000 43.000000 109.000000 114.000000 104.000000 35.000000 73.000000 96.000000 147.000000 110.000000 68.000000 70.000000 170.000000 65.000000 162.000000 138.000000 54.000000 69.000000 
44.000000 60.000000 165.000000 47.000000 179.000000 160.000000 139.000000 73.000000 145.000000 105.000000 48.000000 158.000000 107.000000 188.000000 81.000000 111.000000 115.000000 112.000000 211.000000 89.000000 207.000000 124.000000 216.000000 20.000000 253.000000 99.000000 230.000000 165.000000 51.000000 93.000000 
143.000000 187.000000 184.000000 180.000000 100.000000 229.000000 240.000000 168.000000 92.000000 173.000000 151.000000 247.000000 216.000000 220.000000 105.000000 160.000000 87.000000 221.000000 200.000000 177.000000 33.000000 188.000000 211.000000 162.000000 22.000000 149.000000 5.000000 41.000000 165.000000 206.000000 
8.000000 23.000000 78.000000 24.000000 79.000000 74.000000 60.000000 40.000000 65.000000 32.000000 30.000000 70.000000 49.000000 87.000000 28.000000 34.000000 51.000000 50.000000 96.000000 26.000000 86.000000 40.000000 98.000000 11.000000 103.000000 50.000000 93.000000 66.000000 31.000000 35.000000 
66.000000 71.000000 40.000000 55.000000 52.000000 67.000000 89.000000 26.000000 42.000000 100.000000 25.000000 88.000000 70.000000 62.000000 67.000000 101.000000 41.000000 74.000000 61.000000 92.000000 88.000000 110.000000 66.000000 55.000000 114.000000 5.000000 107.000000 83.000000 34.000000 87.000000 
65.000000 146.000000 264.000000 151.000000 214.000000 279.000000 247.000000 178.000000 174.000000 100.000000 144.000000 275.000000 218.000000 301.000000 29.000000 81.000000 130.000000 222.000000 310.000000 108.000000 188.000000 125.000000 320.000000 115.000000 223.000000 185.000000 193.000000 121.000000 157.000000 170.000000 
45.000000 64.000000 63.000000 59.000000 30.000000 82.000000 88.000000 53.000000 21.000000 63.000000 45.000000 91.000000 76.000000 79.000000 30.000000 59.000000 14.000000 78.000000 72.000000 63.000000 18.000000 71.000000 77.000000 52.000000 33.000000 44.000000 26.000000 12.000000 52.000000 74.000000 
110.000000 114.000000 30.000000 94.000000 52.000000 85.000000 126.000000 56.000000 52.000000 149.000000 60.000000 120.000000 105.000000 64.000000 107.000000 151.000000 64.000000 110.000000 47.000000 141.000000 108.000000 162.000000 56.000000 96.000000 139.000000 29.000000 134.000000 114.000000 68.000000 132.000000 
67.000000 105.000000 120.000000 98.000000 70.000000 149.000000 152.000000 91.000000 50.000000 101.000000 74.000000 160.000000 132.000000 148.000000 36.000000 92.000000 29.000000 135.000000 141.000000 101.000000 55.000000 115.000000 149.000000 82.000000 80.000000 80.000000 65.000000 28.000000 87.000000 123.000000 
103.000000 28.000000 211.000000 51.000000 266.000000 154.000000 74.000000 117.000000 234.000000 111.000000 114.000000 110.000000 65.000000 209.000000 161.000000 134.000000 206.000000 62.000000 258.000000 87.000000 302.000000 116.000000 256.000000 68.000000 349.000000 164.000000 325.000000 257.000000 96.000000 20.000000 
157.000000 165.000000 56.000000 143.000000 54.000000 125.000000 177.000000 101.000000 69.000000 201.000000 105.000000 168.000000 154.000000 91.000000 148.000000 201.000000 92.000000 160.000000 52.000000 193.000000 122.000000 216.000000 64.000000 145.000000 152.000000 71.000000 151.000000 140.000000 114.000000 185.000000 
52.000000 84.000000 120.000000 85.000000 87.000000 133.000000 124.000000 91.000000 72.000000 63.000000 78.000000 134.000000 112.000000 138.000000 30.000000 53.000000 56.000000 114.000000 137.000000 68.000000 62.000000 71.000000 142.000000 71.000000 71.000000 89.000000 59.000000 34.000000 85.000000 94.000000 
44.000000 15.000000 79.000000 19.000000 104.000000 55.000000 23.000000 43.000000 92.000000 50.000000 44.000000 37.000000 20.000000 77.000000 67.000000 58.000000 82.000000 18.000000 97.000000 40.000000 120.000000 51.000000 96.000000 29.000000 140.000000 62.000000 130.000000 104.000000 36.000000 13.000000 
70.000000 136.000000 237.000000 143.000000 190.000000 250.000000 221.000000 166.000000 157.000000 87.000000 139.000000 244.000000 197.000000 268.000000 41.000000 67.000000 121.000000 200.000000 275.000000 97.000000 160.000000 106.000000 284.000000 112.000000 184.000000 171.000000 159.000000 102.000000 149.000000 153.000000 
30.000000 66.000000 124.000000 58.000000 113.000000 133.000000 124.000000 65.000000 88.000000 79.000000 43.000000 137.000000 100.000000 146.000000 37.000000 78.000000 63.000000 104.000000 156.000000 73.000000 125.000000 96.000000 161.000000 37.000000 158.000000 72.000000 141.000000 94.000000 53.000000 88.000000 
123.000000 116.000000 13.000000 98.000000 79.000000 61.000000 112.000000 63.000000 82.000000 156.000000 75.000000 100.000000 95.000000 30.000000 127.000000 160.000000 93.000000 100.000000 11.000000 147.000000 132.000000 166.000000 15.000000 106.000000 159.000000 51.000000 155.000000 137.000000 76.000000 130.000000 
22.000000 18.000000 37.000000 10.000000 48.000000 35.000000 33.000000 11.000000 40.000000 38.000000 7.000000 37.000000 23.000000 43.000000 31.000000 40.000000 34.000000 25.000000 51.000000 32.000000 61.000000 43.000000 51.000000 11.000000 75.000000 21.000000 69.000000 52.000000 4.000000 27.000000 
16.000000 12.000000 65.000000 21.000000 70.000000 56.000000 37.000000 38.000000 60.000000 13.000000 33.000000 47.000000 33.000000 68.000000 32.000000 19.000000 51.000000 33.000000 78.000000 6.000000 74.000000 16.000000 79.000000 16.000000 85.000000 48.000000 78.000000 59.000000 31.000000 14.000000 
40.000000 72.000000 113.000000 73.000000 86.000000 123.000000 112.000000 82.000000 70.000000 51.000000 68.000000 123.000000 100.000000 130.000000 19.000000 42.000000 53.000000 102.000000 131.000000 56.000000 68.000000 60.000000 136.000000 59.000000 79.000000 82.000000 67.000000 40.000000 74.000000 81.000000 
108.000000 51.000000 144.000000 40.000000 211.000000 89.000000 40.000000 74.000000 187.000000 132.000000 83.000000 59.000000 14.000000 137.000000 152.000000 148.000000 170.000000 16.000000 183.000000 111.000000 255.000000 138.000000 180.000000 69.000000 299.000000 116.000000 280.000000 225.000000 63.000000 58.000000 
191.000000 164.000000 53.000000 127.000000 179.000000 65.000000 151.000000 66.000000 168.000000 251.000000 96.000000 131.000000 117.000000 56.000000 214.000000 262.000000 173.000000 127.000000 97.000000 229.000000 269.000000 268.000000 94.000000 149.000000 325.000000 72.000000 310.000000 261.000000 91.000000 189.000000 
132.000000 130.000000 45.000000 115.000000 71.000000 84.000000 127.000000 86.000000 81.000000 160.000000 93.000000 117.000000 114.000000 55.000000 130.000000 162.000000 95.000000 118.000000 26.000000 153.000000 116.000000 169.000000 30.000000 120.000000 136.000000 71.000000 135.000000 128.000000 96.000000 142.000000 
256.000000 272.000000 106.000000 239.000000 86.000000 210.000000 292.000000 174.000000 114.000000 325.000000 180.000000 277.000000 256.000000 157.000000 240.000000 324.000000 152.000000 265.000000 93.000000 312.000000 186.000000 347.000000 112.000000 240.000000 230.000000 129.000000 230.000000 219.000000 195.000000 303.000000 
10.000000 29.000000 93.000000 36.000000 92.000000 87.000000 67.000000 55.000000 77.000000 17.000000 45.000000 79.000000 59.000000 102.000000 30.000000 19.000000 62.000000 59.000000 112.000000 14.000000 92.000000 26.000000 114.000000 24.000000 108.000000 66.000000 97.000000 70.000000 46.000000 35.000000 
137.000000 124.000000 34.000000 96.000000 119.000000 67.000000 126.000000 43.000000 110.000000 186.000000 63.000000 114.000000 97.000000 55.000000 150.000000 193.000000 114.000000 105.000000 72.000000 171.000000 187.000000 200.000000 74.000000 108.000000 230.000000 37.000000 219.000000 182.000000 63.000000 146.000000 
113.000000 74.000000 104.000000 69.000000 165.000000 48.000000 23.000000 77.000000 153.000000 124.000000 89.000000 7.000000 34.000000 85.000000 141.000000 136.000000 146.000000 32.000000 123.000000 111.000000 201.000000 126.000000 117.000000 87.000000 230.000000 102.000000 219.000000 185.000000 77.000000 72.000000 
124.000000 128.000000 66.000000 98.000000 101.000000 112.000000 156.000000 42.000000 85.000000 184.000000 46.000000 152.000000 121.000000 104.000000 129.000000 187.000000 85.000000 129.000000 105.000000 170.000000 169.000000 202.000000 113.000000 101.000000 217.000000 1.000000 203.000000 160.000000 58.000000 156.000000 
111.000000 171.000000 210.000000 167.000000 132.000000 248.000000 245.000000 166.000000 107.000000 146.000000 141.000000 260.000000 217.000000 250.000000 62.000000 130.000000 80.000000 222.000000 240.000000 152.000000 82.000000 165.000000 251.000000 141.000000 103.000000 153.000000 80.000000 27.000000 157.000000 194.000000 
157.000000 188.000000 113.000000 161.000000 41.000000 189.000000 234.000000 113.000000 22.000000 223.000000 102.000000 233.000000 197.000000 166.000000 134.000000 219.000000 49.000000 206.000000 139.000000 214.000000 115.000000 245.000000 154.000000 152.000000 166.000000 71.000000 155.000000 124.000000 123.000000 220.000000 
12.000000 26.000000 79.000000 24.000000 82.000000 76.000000 63.000000 39.000000 67.000000 39.000000 28.000000 73.000000 50.000000 89.000000 32.000000 41.000000 52.000000 52.000000 99.000000 32.000000 91.000000 48.000000 101.000000 9.000000 110.000000 50.000000 100.000000 71.000000 29.000000 39.000000 
10.000000 25.000000 82.000000 25.000000 85.000000 78.000000 64.000000 42.000000 69.000000 36.000000 31.000000 74.000000 51.000000 92.000000 31.000000 38.000000 54.000000 53.000000 102.000000 29.000000 92.000000 45.000000 104.000000 10.000000 112.000000 53.000000 101.000000 72.000000 31.000000 37.000000 