60    300
198      1501
85      943
660      2717
127      1161
497      2322
788      2860
916      3061
923      3182
866      3163
291      1834
916      3346
1115      3448
589      2481
831      2954
731      2737
177      1379
674      2923
454      2263
142      1239
284      1744
99      1021
312      1891
1072      3559
369      2110
312      1922
767      2937
731      2801
703      2883
817      3188
824      3168
248      1721
653      2759
1079      3580
177      1433
404      2221
944      3351
952      3232
149      1275
568      2660
525      2351
1072      3553
454      2302
369      2141
333      1966
831      3008
163      1358
859      2973
980      3131
582      2623
660      2713
404      2135
134      1239
539      2519
824      2970
383      2176
298      1859
660      2717
433      2294
845      3148
468      2339
19   11   26   5   14   24   10   33   17   15   12   10   32   24   30   23   23   20   8   12   21   11   8   15   18   22   10   10   9   29   35   6   30   28   17   8   30   11   29   5   27   17   22   11   15   33   34   6   29   27   35   10   14   17   8   29   11   31   6   19   5   25   6   10   12   7   18   31   5   9   7   8   30   29   33   6   26   8   13   5   5   8   23   27   26   7   5   27   30   15   12   32   25   15   18   23   10   16   22   19   17   26   19   14   27   27   34   5   18   9   13   12   10   10   32   17   10   35   25   33   18   31   5   23   26   26   24   10   6   15   29   33   16   9   12   33   21   33   26   10   23   34   17   31   16   31   9   21   31   35   28   14   13   35   13   20   25   25   33   8   21   14   26   5   32   30   23   24   25   25   24   12   5   21   33   10   30   25   8   16   21   34   5   12   27   27   8   17   22   14   25   32   19   34   9   13   22   11   23   14   22   26   25   35   6   33   6   29   34   27   30   30   26   28   5   12   17   24   8   27   11   23   32   12   31   26   18   35   26   24   15   12   32   18   7   26   29   9   32   24   14   20   30   22   17   16   10   8   5   29   13   30   33   25   29   12   29   13   15   14   9   22   26   31   18   23   21   23   35   11   19   30   23   11   6   6   19   26   31   6   17   30   35   25   30   21   12   11   23   9   31   7   23   20   21   32   9   26   9   23   
140   93   25   41   147   213   31   239   169   162   75   66   210   172   189   64   250   12   75   109   170   61   65   107   134   220   88   92   102   273   255   41   291   98   66   8   210   87   199   19   149   148   41   66   119   243   349   36   137   249   360   19   55   97   45   246   70   292   7   199   10   127   4   24   48   50   136   283   42   44   63   68   225   343   157   29   206   57   81   25   57   53   191   274   159   59   41   293   212   137   97   158   111   70   44   226   64   94   224   145   88   44   50   50   221   154   68   26   136   31   93   20   79   92   221   101   50   323   186   270   150   139   35   56   201   220   174   54   3   17   245   272   76   79   51   201   204   86   98   109   105   359   80   210   92   153   39   265   178   171   52   109   97   373   41   154   4   151   182   72   13   27   58   33   244   292   43   31   143   90   92   130   41   6   199   10   307   171   18   72   13   301   7   116   252   195   57   108   86   108   56   315   178   230   55   103   171   12   191   39   195   99   230   156   24   171   41   346   98   268   101   322   273   29   32   134   133   72   35   124   125   104   353   122   323   201   129   93   151   180   49   146   242   156   21   117   194   79   322   215   86   164   30   259   82   140   28   42   0   18   104   222   271   227   215   81   296   73   28   10   11   180   10   332   69   81   142   125   101   44   89   93   116   15   52   27   142   165   170   51   170   219   128   34   118   73   104   33   76   84   284   49   119   130   98   36   69   269   75   169   
39   18   154   44   91   137   58   122   66   87   64   44   189   14   30   99   135   145   55   29   27   17   27   107   36   69   74   75   57   74   192   27   84   101   92   46   214   11   182   15   61   32   122   10   75   101   179   43   66   72   157   54   49   30   16   206   29   81   41   83   25   163   40   51   80   17   17   77   13   38   21   34   161   188   92   12   85   59   40   17   28   56   142   94   154   11   10   148   59   74   46   77   81   35   80   67   24   53   79   25   33   143   101   77   36   122   231   10   117   33   29   71   40   32   97   21   30   247   156   143   26   107   12   102   51   43   54   19   37   86   254   274   68   36   54   65   61   169   174   54   53   217   49   34   55   114   53   144   124   96   143   38   98   149   78   156   174   99   232   20   151   97   140   21   60   139   126   134   39   99   93   66   9   139   46   60   102   18   37   38   134   66   27   81   70   55   6   102   74   38   137   94   78   177   13   35   150   66   171   62   105   83   146   85   28   230   13   194   157   84   124   123   156   181   26   74   133   113   20   99   66   75   168   52   126   46   60   232   123   146   56   73   25   161   39   90   127   41   101   77   31   106   176   138   62   33   41   22   35   215   114   15   147   80   86   81   125   41   75   90   52   33   187   136   108   95   29   58   154   60   113   116   110   60   15   41   63   58   145   47   113   94   117   139   106   94   23   55   104   65   119   0   45   67   151   187   56   103   15   140   
13   41   165   32   56   72   50   34   48   56   37   20   116   52   58   102   87   148   33   33   54   24   49   72   14   82   48   49   39   100   104   12   114   137   72   50   146   30   114   18   122   48   143   27   35   11   107   31   83   130   107   53   71   30   14   130   57   103   40   63   29   122   41   49   64   36   62   85   26   26   38   13   83   135   156   16   19   41   14   11   21   38   81   94   99   24   9   98   22   36   14   78   127   59   92   101   50   91   75   74   65   144   93   63   74   70   216   20   72   33   6   70   13   57   182   35   52   153   94   55   49   86   1   117   120   98   11   20   39   92   184   194   47   60   41   147   96   211   144   37   74   133   42   117   27   76   40   113   65   82   150   76   67   127   67   109   181   48   172   38   162   91   134   9   145   77   124   144   50   90   133   44   10   145   125   67   119   85   44   53   145   113   29   49   123   18   16   65   107   76   130   142   41   96   36   69   94   73   112   61   48   92   79   126   22   174   3   139   149   96   167   118   95   181   14   49   92   103   31   73   46   61   122   35   106   115   13   207   71   86   74   59   75   117   34   71   57   18   133   43   67   52   190   101   98   41   48   39   37   228   84   88   59   49   164   55   87   71   85   98   58   51   193   113   88   131   27   41   197   47   83   127   73   65   11   32   12   24   88   32   68   174   159   154   99   82   49   49   93   41   60   19   56   118   120   207   33   88   22   83   
56   3   200   50   94   153   76   155   57   85   80   56   231   42   80   140   132   181   61   18   22   36   25   126   51   39   84   84   55   34   232   34   38   148   121   61   254   10   219   24   96   17   159   30   88   130   178   52   118   32   142   72   71   59   29   235   38   42   52   70   34   203   51   69   100   19   20   52   9   53   14   39   193   176   141   23   101   70   57   26   25   67   164   65   191   1   9   140   90   80   53   133   118   60   112   26   32   68   57   25   60   190   135   102   24   162   292   18   137   49   41   93   47   22   113   51   43   275   185   166   16   161   17   142   49   9   76   36   48   112   290   314   94   31   74   102   23   222   219   50   94   223   79   64   78   164   68   130   169   156   194   37   114   117   101   182   219   133   283   10   188   122   187   27   59   139   167   177   83   143   130   63   8   176   92   78   58   47   51   66   171   18   36   88   24   81   14   126   109   37   182   37   79   220   24   32   175   85   196   87   116   130   160   147   38   282   20   182   218   49   172   88   159   232   32   72   154   156   34   145   61   115   150   47   99   43   79   294   160   173   81   63   45   182   51   135   162   46   48   76   45   122   230   127   84   22   58   32   44   266   131   38   171   76   92   98   112   55   101   114   68   29   233   109   139   131   57   96   212   79   143   170   147   79   14   51   80   94   191   54   121   102   177   183   160   131   7   75   145   72   121   11   86   81   186   243   65   81   10   167   
54   65   185   22   37   25   49   39   66   49   23   11   68   105   121   122   77   157   16   56   99   45   66   45   53   121   26   26   34   156   39   5   171   179   70   57   95   55   66   25   175   83   168   50   2   61   97   23   128   189   129   58   94   61   28   67   80   161   42   80   35   99   43   54   58   51   102   142   37   26   53   10   24   126   216   26   49   27   27   14   22   25   30   135   67   39   19   97   88   23   16   125   171   86   112   147   71   124   107   117   98   160   99   62   132   58   220   29   36   42   35   75   10   79   250   69   71   75   46   29   87   111   12   143   178   155   64   37   44   104   126   128   49   80   43   215   140   255   132   37   111   92   62   184   36   93   36   112   66   126   172   107   43   167   66   71   195   46   136   56   177   93   145   5   216   79   136   163   97   109   172   42   20   158   194   76   171   139   54   79   162   184   32   25   180   78   33   42   143   106   140   206   50   47   54   98   50   83   64   72   28   125   33   184   22   142   15   128   170   143   212   160   72   194   8   43   59   116   45   90   44   83   134   43   142   172   27   205   55   38   96   64   145   80   34   92   33   12   194   75   96   8   214   98   129   73   60   55   40   246   60   154   26   83   228   35   109   97   100   109   67   98   206   146   82   167   73   73   245   45   72   160   66   75   21   28   30   72   74   19   37   239   212   177   127   92   76   52   105   21   82   35   95   160   103   235   14   120   41   39   
22   38   197   36   49   75   63   64   25   42   50   30   148   58   80   131   66   173   35   23   48   34   49   85   20   60   53   52   30   77   132   18   89   166   95   60   174   29   141   24   139   38   169   35   42   44   77   38   114   120   62   66   84   48   23   146   62   76   48   38   35   152   48   62   80   38   62   57   25   37   36   13   105   104   182   22   23   48   31   18   14   46   93   62   127   21   6   69   44   31   16   115   149   73   113   85   55   101   48   75   78   178   118   82   65   103   261   24   85   45   17   85   16   54   193   50   59   163   114   62   42   126   7   144   122   90   29   31   47   110   206   219   68   60   56   164   83   246   177   25   98   115   64   127   48   117   52   88   104   126   186   78   78   82   84   126   213   78   210   36   188   110   168   14   148   48   154   173   74   123   156   31   7   172   143   79   89   93   53   70   171   95   35   49   110   36   17   83   128   77   162   119   21   129   40   70   110   86   127   79   44   123   79   161   29   213   10   109   193   69   198   82   78   218   19   38   105   135   39   109   34   91   82   20   66   116   31   253   102   104   90   44   75   130   43   105   87   16   105   12   74   60   227   76   111   30   60   45   43   264   95   90   67   17   171   66   49   79   103   115   69   42   226   73   111   153   41   70   234   62   107   164   102   79   5   40   27   56   126   36   65   182   195   184   137   109   46   64   123   43   26   21   80   127   146   246   39   54   18   101   
87   35   138   52   126   194   64   196   108   126   85   64   245   75   93   101   194   135   73   56   76   34   15   133   81   115   95   97   80   134   263   39   142   77   107   41   265   35   234   16   23   70   98   28   109   179   267   52   91   91   246   54   32   60   29   266   2   146   40   130   20   193   38   53   90   6   43   149   12   51   20   54   224   262   49   18   149   72   66   25   40   69   192   155   196   24   22   217   131   111   75   115   44   29   71   102   2   13   130   40   27   140   108   88   97   168   233   7   152   37   60   71   64   31   26   51   11   326   205   222   67   142   24   91   46   81   113   35   33   77   305   334   89   24   67   20   88   125   193   79   64   303   70   47   83   157   62   196   177   141   136   22   120   232   86   191   159   145   274   25   132   97   145   32   55   216   125   122   82   115   57   97   21   127   42   52   162   47   31   44   117   133   26   110   99   121   26   131   50   21   141   142   127   243   9   23   193   56   217   65   160   93   206   88   34   268   27   268   169   141   86   190   223   174   35   105   163   124   17   132   94   102   248   82   200   49   101   244   167   194   44   102   105   193   43   120   186   64   158   138   3   151   158   194   27   70   36   7   31   191   135   80   226   144   35   101   198   10   65   78   44   87   172   210   123   62   79   96   116   70   135   117   143   53   30   47   108   113   194   59   154   35   95   121   129   109   37   61   118   85   198   17   74   17   171   162   74   165   36   185   
68   71   218   24   19   8   62   73   62   34   36   24   100   123   149   151   54   182   11   59   110   56   72   55   65   123   25   24   25   162   73   13   177   212   91   67   116   61   91   31   202   89   196   61   17   87   70   28   162   201   114   71   110   79   36   71   90   168   50   73   41   126   51   67   72   57   114   149   40   38   57   10   54   98   252   32   63   32   42   21   18   32   35   134   94   42   21   75   111   15   22   162   199   102   135   153   80   139   105   130   115   193   123   80   145   92   262   35   47   54   44   90   16   84   278   86   81   61   63   44   96   150   16   172   196   168   81   48   51   123   135   139   70   86   58   246   146   295   163   30   138   51   83   210   56   132   47   92   105   168   208   117   50   157   82   81   227   78   168   60   204   110   179   11   239   64   166   194   122   141   200   32   22   185   224   88   173   160   63   98   189   197   39   13   191   98   39   59   168   117   172   214   45   85   63   108   60   97   70   89   21   156   4   224   30   176   20   98   214   145   248   154   43   229   13   30   67   146   54   124   35   112   114   39   135   190   44   248   87   55   114   55   166   84   43   124   70   10   198   77   109   18   252   78   147   78   73   63   46   283   65   175   40   84   251   45   98   110   119   127   78   108   239   136   104   194   90   100   288   59   94   197   95   89   23   34   44   98   113   20   17   264   253   209   164   118   82   66   134   17   78   40   120   179   126   276   19   114   45   56   
63   35   250   47   66   123   87   146   20   51   80   55   226   85   128   179   78   217   50   19   57   54   49   121   57   27   74   73   32   50   216   33   53   212   136   76   247   33   212   33   168   36   208   51   76   126   106   53   169   101   60   88   105   82   39   210   69   49   62   21   44   214   61   84   109   40   69   47   24   59   32   30   176   98   225   33   88   67   62   30   11   65   143   14   192   20   10   74   107   58   44   181   182   95   148   57   61   113   8   80   101   234   161   115   73   170   340   30   128   64   46   112   40   48   207   79   70   232   173   138   46   197   18   188   125   85   83   51   59   141   273   295   107   57   85   192   60   301   241   25   139   154   101   149   87   191   74   69   181   201   244   78   109   17   115   173   266   140   293   31   230   142   226   27   154   83   204   222   121   178   190   34   11   216   177   98   36   112   68   98   213   82   45   71   88   93   27   125   162   78   219   80   47   212   48   70   161   107   179   109   88   175   126   220   44   296   23   105   268   30   244   7   105   279   32   43   145   189   52   172   32   143   64   19   16   119   76   337   167   160   115   28   102   171   59   164   159   34   59   48   84   104   288   67   130   31   79   53   53   323   126   110   141   45   178   95   44   91   132   143   86   54   281   21   155   188   79   121   293   88   154   224   159   101   11   54   74   114   203   49   93   190   254   233   202   158   41   89   175   61   75   27   124   139   198   308   60   12   21   156   
103   48   119   53   138   211   62   219   127   141   89   69   256   100   118   95   217   119   78   70   100   40   23   137   98   142   100   102   89   169   280   42   179   62   106   35   272   48   243   16   37   90   78   36   119   205   300   52   100   125   283   50   23   71   34   280   14   184   36   151   17   193   34   49   88   14   65   185   18   52   28   60   240   292   43   21   171   74   74   26   46   70   205   188   202   32   28   245   156   124   85   127   30   31   61   131   14   8   156   64   34   127   102   86   129   176   216   9   159   36   71   65   71   43   52   63   7   346   215   248   88   148   28   78   78   113   133   40   29   67   313   343   92   31   68   54   114   93   187   90   70   333   74   83   91   166   62   220   190   152   122   38   124   273   83   196   139   156   274   35   113   90   135   34   95   245   115   106   98   114   37   109   27   111   72   43   199   75   25   47   100   174   23   118   133   144   34   135   40   37   132   182   146   258   18   37   201   47   226   61   178   93   224   93   35   267   32   298   161   174   61   226   247   156   37   117   168   119   18   138   105   107   283   95   236   82   114   230   175   205   36   116   140   198   41   125   201   71   198   163   20   164   135   218   9   89   31   7   27   164   138   114   251   170   63   104   230   6   55   66   37   111   151   246   121   42   97   107   89   70   135   109   147   45   36   46   123   131   202   61   167   60   83   102   130   107   52   59   115   91   229   25   84   22   169   136   78   195   46   195   
47   26   134   43   97   143   52   127   78   96   62   44   185   30   30   83   148   130   56   38   44   12   27   105   44   87   75   77   62   98   192   27   108   78   83   40   210   20   179   11   43   46   104   5   78   109   198   42   48   87   180   47   37   26   14   207   25   105   37   96   21   154   36   44   74   16   27   101   14   35   23   37   163   206   67   8   94   58   39   16   31   54   145   116   149   16   13   165   68   80   50   61   62   23   66   85   21   44   96   32   19   125   89   70   58   117   208   6   116   27   33   63   43   36   88   16   23   253   156   153   41   93   13   84   56   61   62   16   32   74   251   271   62   36   49   49   76   143   161   60   36   232   42   32   52   103   49   159   118   81   123   39   96   176   71   154   155   96   221   25   134   88   123   21   65   155   110   116   32   84   75   74   12   123   27   52   126   20   31   26   118   93   24   84   88   64   11   99   56   38   120   118   89   176   9   36   149   57   171   52   113   65   153   57   25   217   15   212   135   106   100   147   169   161   25   81   131   98   14   88   73   65   189   60   149   52   64   210   118   146   44   82   50   159   35   79   127   45   126   92   25   109   153   153   50   45   33   16   31   192   112   38   157   96   82   79   145   33   63   79   45   50   167   159   100   77   35   52   126   55   105   94   103   51   19   38   68   59   137   47   118   88   89   119   89   82   31   49   91   67   136   6   33   59   142   162   56   123   22   139   
91   24   188   57   126   203   80   214   99   122   97   72   277   78   113   141   188   173   77   48   67   45   6   148   85   91   102   103   77   105   290   44   108   130   132   57   297   31   263   24   71   58   141   37   117   192   259   59   130   48   228   72   59   76   37   287   20   118   51   117   30   228   50   70   108   7   36   128   3   62   7   56   245   248   112   26   155   81   76   30   37   77   207   131   225   18   21   206   142   113   78   155   93   55   105   70   17   41   111   29   54   188   140   110   83   196   295   15   167   52   65   93   67   12   48   66   31   344   226   233   57   184   26   134   21   55   120   45   45   106   335   366   109   10   84   70   57   190   234   75   98   302   91   59   99   195   75   181   209   184   189   5   134   203   107   212   208   168   318   12   174   123   190   35   29   210   167   168   105   154   105   93   20   167   80   71   128   54   46   68   159   103   35   114   60   129   27   149   93   6   185   97   124   273   19   2   211   78   236   89   164   135   213   144   43   314   30   254   226   115   145   160   220   227   40   101   180   163   31   167   88   132   229   76   176   27   111   304   194   214   73   93   102   211   54   155   209   65   118   132   27   161   216   182   60   61   55   23   41   248   150   76   238   136   28   114   183   35   94   105   62   78   222   185   151   108   88   120   185   87   161   169   171   74   28   56   116   131   228   64   158   35   160   170   173   141   22   79   154   90   193   18   101   41   203   225   81   145   31   204   
112   87   62   28   116   158   6   174   143   132   46   44   129   150   161   49   203   47   55   96   151   51   68   68   108   197   62   67   84   246   170   27   264   111   25   19   131   78   125   17   155   131   78   58   85   185   282   21   114   239   300   12   63   78   35   171   74   261   9   169   16   61   11   12   17   51   128   247   42   25   62   51   153   286   169   24   160   35   58   15   48   32   134   240   92   54   35   241   170   106   74   123   125   69   51   210   67   105   195   139   87   38   17   16   198   93   29   26   90   22   74   13   59   92   237   85   56   235   122   202   133   90   27   65   199   205   138   43   14   34   168   185   42   83   26   205   192   136   31   90   93   284   57   202   62   96   15   225   113   125   54   112   63   322   7   101   63   99   96   70   68   14   27   22   241   235   29   54   117   56   114   107   35   49   194   29   276   161   25   64   59   273   9   87   238   156   50   64   97   111   23   292   144   149   54   105   114   32   131   26   149   81   172   146   11   84   31   288   56   238   129   283   218   44   20   109   88   36   34   77   104   70   297   102   278   197   95   14   90   120   57   125   213   109   5   76   130   61   293   178   90   118   73   217   97   123   30   45   13   93   70   202   202   189   226   49   248   81   41   41   26   158   65   287   22   104   117   92   135   16   40   80   63   27   44   12   107   126   99   35   130   232   136   67   80   36   98   12   38   61   230   44   97   143   45   90   46   232   66   111   
32   27   139   40   86   124   50   102   68   85   55   37   164   20   7   83   132   133   50   33   38   8   32   95   30   81   67   69   56   90   168   23   102   90   78   42   191   18   160   12   63   40   112   4   66   84   173   38   46   94   158   47   45   17   9   186   33   96   37   85   23   143   36   44   70   21   31   88   17   31   26   31   141   186   89   8   74   53   30   13   28   49   128   104   133   16   10   146   45   68   40   52   78   31   70   84   28   57   86   40   30   126   87   66   51   101   206   9   104   27   23   63   35   40   113   7   31   226   138   127   36   82   9   89   70   64   44   11   34   77   232   249   55   42   44   74   77   158   153   53   39   206   36   52   42   88   45   145   99   67   126   48   88   157   68   141   159   80   205   27   140   87   122   18   83   133   110   120   19   80   88   65   10   126   53   55   117   33   33   29   123   88   24   75   91   44   7   89   67   47   119   117   75   152   16   44   134   60   155   52   96   65   133   68   23   203   10   192   132   97   115   134   149   163   22   72   120   95   17   77   65   57   169   52   133   66   50   205   102   129   50   75   40   147   33   69   107   38   120   76   36   94   159   138   62   39   35   22   32   199   104   39   131   80   103   72   126   43   67   82   48   41   171   143   94   90   19   40   141   51   97   96   92   54   15   36   53   39   120   43   105   110   102   125   83   78   33   47   86   60   114   6   28   75   134   170   49   109   18   123   
35   52   192   29   37   43   56   32   44   39   36   19   107   81   98   126   61   165   24   40   74   39   58   65   34   92   38   38   28   118   84   11   131   172   82   59   134   42   103   24   158   61   169   42   21   33   70   30   119   156   87   62   89   53   24   105   72   120   45   56   35   125   46   58   69   45   83   102   31   31   45   3   64   105   200   23   18   37   25   16   17   35   60   99   96   30   13   72   61   16   1   117   160   79   113   118   63   113   77   97   88   169   108   72   100   77   241   26   60   43   22   80   3   67   224   58   65   114   79   15   66   116   8   144   152   124   40   32   45   107   165   172   57   70   49   191   113   251   155   28   104   88   61   157   39   101   44   94   80   122   179   93   60   121   75   98   205   57   173   46   183   101   156   9   184   48   145   168   83   114   165   32   14   165   169   77   131   117   53   74   167   141   34   34   147   52   25   62   136   93   151   164   27   86   47   85   79   85   95   75   19   123   47   172   25   177   11   108   181   107   206   120   62   206   13   35   82   124   42   97   35   85   99   29   102   146   18   229   76   70   93   51   111   104   38   95   55   6   151   43   85   31   221   80   121   52   60   50   42   256   77   123   20   49   201   51   73   88   102   113   68   71   217   106   96   160   54   68   240   53   89   161   82   77   14   34   14   58   97   27   45   213   203   181   130   99   61   58   113   31   42   28   86   145   125   241   26   85   30   69   
40   50   214   33   34   55   66   64   28   27   48   29   139   84   109   145   43   184   28   34   71   44   58   79   38   77   45   44   21   103   117   17   115   190   99   65   162   41   131   28   168   55   185   46   34   56   42   36   138   148   51   71   97   63   29   126   74   104   51   38   39   151   51   67   81   45   82   86   31   40   44   7   92   79   215   27   30   45   36   20   12   43   77   78   122   28   11   47   72   16   12   140   173   87   127   106   66   118   60   96   96   192   126   85   95   105   274   29   76   50   28   91   13   65   229   66   69   133   102   44   61   143   10   161   151   118   49   39   51   120   189   199   72   69   60   200   103   274   181   18   118   77   75   161   53   130   53   74   110   149   203   93   72   89   88   115   227   82   206   44   201   115   180   14   184   19   166   189   96   136   178   21   13   184   179   86   111   120   59   84   185   130   38   38   137   60   26   79   149   93   174   149   8   120   50   85   98   94   112   87   24   142   55   192   31   211   14   84   211   90   224   94   50   232   18   26   96   146   46   121   25   104   67   17   74   145   35   264   102   92   103   39   111   119   45   118   84   8   132   28   89   46   246   59   128   46   67   53   46   282   88   124   47   33   204   62   44   93   114   124   75   66   240   77   114   174   62   85   264   64   108   185   105   86   11   40   30   74   128   32   48   216   226   201   155   119   59   68   134   36   14   29   100   149   146   267   34   62   28   90   
73   68   248   31   11   45   75   102   48   12   54   37   149   126   161   176   19   207   21   53   107   63   72   78   69   108   39   36   11   147   126   21   160   234   114   76   163   60   136   35   214   84   218   65   38   106   28   38   183   192   78   83   120   90   42   113   94   151   58   54   46   164   58   79   89   58   114   135   39   49   55   14   99   53   271   37   71   45   53   26   11   44   70   113   133   40   20   38   122   17   28   188   215   112   153   141   83   146   87   129   124   224   147   99   141   128   308   37   75   63   49   105   24   81   285   95   86   106   102   71   92   183   18   194   196   162   90   55   58   140   177   187   89   85   73   257   136   325   200   16   154   19   99   216   73   167   59   60   142   199   240   118   70   122   100   111   258   107   219   57   228   129   211   18   240   40   194   221   137   168   217   15   21   210   236   99   151   164   71   109   213   185   44   26   180   106   40   84   184   117   203   197   34   135   66   107   94   109   103   105   31   180   40   249   37   226   24   53   253   127   272   126   4   264   21   12   92   175   60   154   18   135   72   27   106   190   58   296   123   92   126   37   167   110   52   152   107   13   178   67   113   48   286   44   157   73   82   67   52   318   85   176   69   73   254   63   70   115   135   143   88   104   271   104   129   211   98   119   318   74   121   227   125   101   21   43   56   115   155   29   27   268   281   236   195   144   79   80   161   28   64   41   136   184   157   311   33   90   43   92   
23   40   197   35   47   70   62   59   27   41   48   28   142   61   82   130   64   173   33   26   52   35   51   83   22   65   50   50   29   83   125   17   95   167   93   60   169   31   136   24   142   41   169   36   39   40   73   37   115   125   63   66   85   49   23   140   64   83   48   39   35   148   48   61   78   39   66   64   26   36   38   11   99   102   185   22   19   47   30   18   14   44   88   67   123   22   7   67   46   28   13   116   151   74   114   90   56   103   52   78   80   177   116   80   70   99   258   24   82   45   17   85   14   56   198   51   60   156   109   55   45   125   7   145   127   95   29   31   47   110   200   212   66   61   55   168   88   248   174   25   99   110   63   131   47   115   51   87   101   125   185   80   76   86   83   122   212   75   205   37   188   109   167   13   154   45   153   173   75   122   157   30   8   171   147   79   95   96   53   71   171   102   35   47   115   37   18   80   130   80   161   126   19   123   41   73   106   86   123   78   40   123   74   163   29   209   9   107   192   74   199   86   74   216   18   37   102   133   40   107   33   90   82   20   69   121   29   251   98   99   90   44   80   126   42   104   82   14   112   15   76   56   227   75   112   33   60   46   43   264   93   95   60   21   176   64   50   81   103   115   69   47   225   76   109   155   43   70   236   60   105   164   99   79   6   39   24   55   122   35   62   187   197   184   136   108   48   63   122   42   23   22   81   130   143   245   37   58   20   97   
101   65   43   42   128   185   34   188   134   137   67   55   193   115   121   35   211   61   67   81   120   37   45   105   96   167   83   86   87   203   224   34   218   25   63   12   207   60   186   8   79   107   25   39   101   185   291   38   74   179   290   20   19   62   28   229   42   218   18   159   3   131   16   21   55   32   91   211   29   35   45   55   196   291   71   16   159   56   60   18   47   52   171   212   148   42   30   243   150   114   77   93   47   31   9   168   38   54   174   96   44   49   49   49   156   128   114   13   126   17   67   29   64   66   141   62   25   295   170   221   106   94   25   11   133   154   127   34   11   23   248   272   60   56   41   115   151   36   115   90   52   310   50   130   69   113   39   225   141   108   38   73   96   296   46   153   68   120   191   52   58   48   59   27   161   238   47   34   89   59   34   108   30   50   113   16   235   107   1   34   42   217   7   104   183   140   39   101   29   72   59   234   143   201   32   70   161   17   182   25   162   48   199   71   21   182   29   296   71   203   29   253   233   72   28   114   131   57   15   89   105   69   290   98   255   134   99   128   128   164   11   121   165   158   22   80   160   65   243   166   50   141   48   219   42   102   5   21   13   88   107   147   223   176   141   78   237   40   10   28   12   129   77   265   73   27   96   83   19   42   88   39   100   13   39   30   110   115   144   49   150   143   38   30   72   56   73   30   57   77   226   31   69   80   111   46   63   212   54   154   
61   58   91   29   88   114   22   96   98   97   32   25   102   86   81   37   150   89   44   63   95   23   52   64   60   137   53   57   63   167   120   16   182   82   29   28   126   49   104   8   104   85   87   30   57   101   202   23   46   170   210   23   47   32   13   144   54   177   23   119   17   76   23   19   36   37   82   163   30   9   46   33   106   217   117   10   94   35   25   3   35   31   102   167   76   36   22   176   88   73   45   40   92   42   46   148   48   80   136   93   53   68   37   26   125   48   117   16   74   9   39   34   36   68   177   40   41   191   97   128   85   5   14   58   138   138   74   17   22   49   172   183   14   64   10   138   136   134   79   66   43   214   12   130   23   21   20   174   48   31   70   82   61   228   31   99   108   46   118   50   102   50   57   13   167   162   56   75   51   17   91   78   22   84   121   39   194   100   24   31   86   182   14   68   168   83   28   53   70   81   56   207   96   100   35   76   97   42   116   21   101   33   126   78   6   113   15   221   49   165   107   202   161   98   13   82   85   32   20   9   78   8   216   70   195   135   51   108   51   93   43   95   128   110   14   5   74   40   207   114   62   82   105   164   76   79   24   32   22   144   75   125   129   123   168   46   173   60   45   58   34   98   116   204   42   87   60   29   119   20   45   50   35   35   27   19   60   56   53   32   100   175   92   85   17   20   67   17   25   50   151   26   39   109   75   118   36   162   42   87   
61   64   116   23   75   89   23   74   93   86   17   15   63   98   98   62   134   103   34   65   102   31   59   46   60   140   41   44   57   174   78   10   190   116   27   35   92   54   68   14   134   90   112   39   41   88   179   18   76   186   196   31   64   42   18   109   65   182   26   113   22   57   27   27   32   43   94   166   34   2   51   27   71   198   156   16   82   26   21   3   33   22   75   167   46   39   22   159   90   61   37   69   122   59   67   157   58   98   134   106   71   90   48   26   135   16   131   21   52   20   38   42   29   75   210   52   53   149   67   102   91   38   13   85   160   152   72   23   28   64   138   144   6   72   10   172   145   174   73   60   69   184   28   156   16   21   16   162   20   61   98   95   46   222   33   76   128   23   90   55   120   56   75   7   193   144   75   99   68   45   121   70   22   101   153   49   198   119   34   49   106   194   19   55   182   83   31   33   97   94   73   219   87   59   43   88   70   54   88   35   83   65   100   118   6   89   15   200   80   168   144   200   140   118   7   73   65   51   30   24   71   31   201   66   190   156   41   116   19   64   61   89   141   89   16   31   44   33   215   108   77   61   134   151   97   82   36   41   26   168   60   142   102   117   196   32   162   75   61   72   43   104   136   197   39   115   66   40   162   18   33   86   12   46   27   16   50   59   15   25   82   205   135   111   54   35   74   23   43   40   137   31   59   131   64   151   25   158   44   58   
6   31   174   37   63   91   57   66   40   58   49   29   147   34   47   110   91   157   40   22   34   23   42   87   3   62   57   57   40   72   138   18   85   137   85   53   176   20   143   19   111   31   147   23   48   41   113   37   85   105   97   58   69   32   15   157   51   73   43   54   30   144   43   54   74   31   47   57   21   33   32   18   112   135   147   16   33   49   25   15   20   46   102   72   124   17   4   98   17   44   22   85   122   57   96   79   44   84   58   59   60   156   104   73   48   95   237   18   89   37   7   76   21   48   162   32   48   183   118   80   32   103   4   122   100   73   13   21   42   97   212   226   59   52   49   130   76   212   164   36   74   148   49   96   40   98   48   109   93   96   161   65   80   106   76   128   191   70   203   31   169   100   147   14   120   80   135   152   49   102   130   44   5   153   109   69   92   68   45   53   152   80   30   58   97   12   9   82   105   65   143   110   42   129   31   59   116   76   134   67   61   99   97   124   26   204   5   140   166   72   166   96   105   195   19   51   108   116   31   90   46   73   114   31   87   94   30   231   95   109   74   55   47   134   38   85   86   23   103   34   59   69   200   99   93   26   50   36   39   238   97   63   84   38   144   66   77   65   89   102   61   30   204   96   101   129   19   51   198   56   100   136   93   69   6   37   29   35   116   38   79   154   159   160   112   94   38   56   106   49   59   14   57   107   138   215   41   71   14   105   
93   49   98   49   129   194   52   196   121   133   79   61   227   91   102   73   206   104   72   68   96   33   28   123   88   140   92   94   85   167   251   38   178   36   90   29   245   46   218   11   30   87   63   31   107   184   282   47   76   131   270   40   10   59   28   255   19   180   31   145   13   170   29   40   76   17   64   179   20   44   31   55   216   280   17   16   155   67   64   22   44   63   187   183   179   32   26   233   140   115   77   101   6   19   45   133   18   20   152   65   24   103   84   73   124   153   185   6   144   28   63   54   65   47   73   53   4   319   194   225   85   120   24   57   85   114   120   33   24   54   286   313   77   37   57   54   117   72   163   86   50   312   60   80   78   139   53   212   163   123   96   45   112   264   70   178   120   136   243   37   99   77   110   30   102   230   94   85   81   91   19   104   25   94   63   36   197   71   18   33   84   172   18   109   138   129   31   120   19   44   108   185   136   229   17   43   183   39   206   48   164   69   207   63   29   236   28   285   128   171   38   221   232   132   33   111   153   96   11   114   101   86   271   90   228   87   102   198   152   185   22   113   131   182   35   102   177   66   198   153   22   150   111   209   9   85   22   5   23   144   126   109   229   160   80   93   219   12   42   55   30   106   131   238   104   26   86   89   61   59   117   81   126   36   34   40   111   113   175   56   155   80   50   82   102   87   53   49   93   84   214   23   67   38   149   112   71   189   44   175   
36   50   203   31   35   48   61   48   35   33   42   24   123   81   102   135   52   175   26   37   71   41   58   72   35   83   42   41   25   109   101   14   122   181   90   62   149   41   117   26   162   57   177   44   27   43   55   33   128   151   68   67   93   57   26   116   73   111   48   46   37   138   49   62   75   45   82   92   31   35   44   4   78   92   207   25   21   41   30   18   14   39   68   87   109   29   12   59   64   14   7   128   166   83   119   111   64   115   68   96   91   180   117   79   96   91   257   27   68   47   24   85   8   66   225   62   67   123   91   29   62   129   9   152   150   120   43   35   48   113   177   186   65   70   55   194   107   262   168   23   110   82   68   157   46   115   48   84   95   134   191   93   66   104   81   107   216   69   190   45   192   108   168   11   183   33   155   178   89   125   171   26   13   174   173   81   120   117   56   78   176   134   36   36   141   54   25   71   142   92   162   155   17   103   48   84   89   89   104   81   19   132   50   181   28   194   12   96   196   97   214   106   55   219   16   31   89   135   44   109   30   94   83   22   87   144   26   247   89   81   97   45   109   112   42   107   70   6   140   33   87   39   233   69   124   48   64   51   44   269   83   122   33   39   201   56   58   90   107   118   72   67   228   91   105   167   57   76   252   58   99   172   94   82   12   37   21   65   113   30   46   213   214   191   142   109   59   63   123   33   26   28   92   146   136   254   30   73   28   80   
74   74   225   23   17   10   63   83   66   35   38   26   103   130   158   157   55   186   9   62   116   59   75   55   71   128   24   22   25   170   77   14   185   220   94   69   116   64   92   32   211   94   202   64   21   97   74   29   170   209   120   73   114   84   39   68   94   176   51   77   43   129   52   69   74   59   119   158   41   40   59   13   58   98   262   34   71   32   46   22   19   32   35   140   97   44   22   78   121   18   25   172   206   107   139   159   83   144   110   135   121   199   127   82   153   98   268   36   47   56   48   92   19   87   288   91   84   54   64   54   101   158   17   178   204   176   89   51   53   126   132   135   73   88   61   256   152   304   166   31   144   47   88   219   60   140   48   93   113   178   215   122   50   164   84   80   233   84   171   62   208   113   184   13   249   70   171   199   130   147   207   33   24   189   235   91   180   167   66   102   194   207   40   10   199   106   41   60   175   121   177   223   49   91   65   112   60   99   67   93   27   163   4   234   31   179   22   97   222   152   257   161   43   235   14   30   65   152   56   131   35   118   118   41   142   198   50   254   92   56   118   56   176   82   44   131   77   12   207   83   113   22   259   79   153   83   75   65   47   290   64   184   50   91   260   45   104   114   123   131   80   114   244   142   106   200   97   106   297   60   96   205   99   92   25   35   50   106   120   20   12   274   263   215   172   123   85   69   139   15   86   42   127   185   128   284   20   120   48   57   
46   41   231   40   48   88   76   103   4   34   64   42   182   78   113   160   53   200   39   22   58   48   53   100   42   49   59   58   24   71   166   24   80   199   117   70   204   34   171   30   165   41   196   47   55   86   62   44   150   122   22   79   100   70   33   168   71   69   56   13   41   182   56   75   95   42   73   55   27   49   38   19   134   77   217   29   55   56   48   25   9   54   110   41   157   23   9   46   82   36   28   156   175   89   136   80   62   114   29   85   96   212   143   100   77   137   306   29   102   56   33   101   26   55   215   69   69   182   137   90   49   167   13   173   135   98   60   43   55   130   231   247   89   63   72   192   80   285   211   16   125   110   86   150   69   158   63   63   144   171   222   84   90   39   101   144   246   110   249   37   215   128   202   20   165   41   184   204   104   155   182   22   10   199   173   92   71   112   63   89   198   98   41   54   110   69   24   102   153   84   195   112   20   165   48   76   130   100   146   97   56   156   90   202   37   253   17   83   238   55   232   51   72   254   25   31   121   166   48   145   24   121   44   6   29   129   54   299   134   126   108   28   98   144   52   139   121   21   93   19   85   75   266   54   128   33   72   52   49   302   107   110   94   17   188   79   13   91   122   133   81   53   260   34   134   179   65   100   276   76   131   202   131   93   7   47   50   89   165   40   69   201   237   216   176   137   48   78   153   48   31   27   109   143   172   286   47   25   21   123   
116   100   181   5   75   94   41   146   128   99   28   34   58   177   201   133   152   139   27   98   168   70   88   9   112   199   22   26   63   257   89   20   276   212   61   56   16   89   42   31   231   140   175   77   54   170   215   6   180   275   256   56   113   101   46   58   105   270   37   150   37   55   39   53   39   69   155   251   51   33   75   39   85   221   273   37   141   2   60   21   40   6   62   233   47   61   36   191   181   76   60   184   210   113   123   226   94   155   187   172   132   154   93   54   220   86   182   39   29   50   76   68   46   109   325   111   88   106   45   150   147   149   27   157   251   237   141   59   42   102   35   31   61   104   47   290   210   276   92   72   151   190   89   266   68   133   27   182   115   187   175   144   5   295   53   8   179   93   58   81   166   76   138   17   305   187   131   162   156   127   203   83   37   147   271   75   279   207   58   107   157   298   32   46   269   163   58   28   173   144   131   315   120   88   76   134   33   82   34   77   107   156   105   243   23   70   33   220   178   240   244   269   153   175   12   81   10   119   58   121   82   114   248   87   256   246   84   163   77   49   112   106   245   26   30   123   99   44   306   162   127   72   210   172   156   128   68   70   37   228   14   243   147   174   300   10   215   122   105   106   67   170   186   260   62   192   134   121   275   38   51   184   73   76   43   16   94   142   96   8   76   313   256   179   157   97   114   51   111   27   195   55   142   203   57   235   18   215   71   45   
22   42   192   33   46   65   59   49   32   42   44   25   132   62   80   125   66   168   31   29   55   34   52   78   21   71   48   48   30   90   115   15   103   163   88   58   160   32   127   23   142   45   165   36   35   30   75   35   111   131   71   63   84   46   22   133   64   91   46   45   34   141   47   59   75   39   67   72   27   34   39   10   91   106   183   21   11   44   26   16   15   42   82   75   115   24   8   71   43   26   10   110   149   72   110   95   56   103   58   80   79   171   112   76   75   91   250   24   77   43   15   82   12   58   200   50   60   148   102   47   49   118   6   141   129   100   26   29   46   107   192   203   62   62   52   168   92   243   167   26   96   108   60   133   42   107   48   91   92   118   179   81   72   96   79   116   207   68   195   39   183   105   160   12   157   47   148   168   72   116   155   32   9   167   147   77   103   97   52   69   167   109   34   45   121   34   19   75   127   81   155   133   22   112   41   74   100   84   116   75   36   118   69   159   27   199   8   111   184   82   196   95   74   210   17   38   97   128   39   100   35   85   89   23   79   123   23   241   90   92   88   47   83   121   40   97   74   13   121   22   76   50   221   79   112   37   58   45   42   257   89   98   51   28   178   60   58   80   100   112   67   50   219   85   104   152   41   65   231   57   99   158   93   77   8   37   18   50   113   33   60   189   192   179   129   103   50   60   116   40   28   22   78   131   137   239   35   66   22   90   
70   52   263   42   44   96   87   134   20   25   73   50   205   109   151   188   39   223   40   35   83   62   62   109   65   66   62   60   16   98   189   29   105   235   134   80   222   48   190   36   199   60   224   61   64   122   55   49   187   147   25   91   118   91   43   178   84   99   63   15   48   204   63   87   107   50   94   89   32   58   44   24   153   46   259   37   82   61   62   30   2   59   119   59   177   30   15   27   120   41   38   196   207   109   159   98   75   134   43   107   118   243   164   115   109   162   344   35   111   67   49   115   34   65   253   91   82   188   151   113   70   203   19   202   165   126   90   56   62   148   242   260   106   72   85   234   97   328   236   8   155   99   107   189   86   193   72   36   175   214   256   100   97   45   115   154   276   134   276   44   241   144   232   24   202   48   211   234   136   185   213   14   16   224   215   104   90   143   73   110   224   134   47   54   135   103   35   114   182   100   224   137   32   191   59   91   140   114   154   114   65   189   95   247   44   281   25   52   278   76   271   59   63   287   29   22   129   194   59   175   12   149   6   10   41   159   72   337   158   139   127   14   138   151   60   169   146   26   116   49   103   85   303   28   149   51   85   63   56   337   113   148   116   49   222   87   24   107   141   150   92   80   291   35   152   209   92   128   321   87   149   239   154   107   15   52   69   121   194   43   68   236   282   247   212   161   61   90   180   49   58   36   138   167   191   326   51   37   32   136   
121   94   81   25   116   158   10   182   149   134   46   46   125   165   179   67   207   56   54   102   163   58   74   62   117   208   60   64   85   261   169   28   280   134   28   25   120   85   118   20   176   141   95   65   86   196   288   18   134   257   311   20   74   87   39   164   83   277   12   176   20   51   14   20   11   57   140   263   46   27   67   53   153   291   195   28   168   32   63   18   49   29   132   253   88   59   38   247   184   108   76   142   145   81   65   223   75   118   205   152   100   59   31   19   213   97   40   29   86   29   79   21   61   99   262   95   64   229   118   207   144   107   29   84   217   222   148   49   18   45   153   170   48   90   30   230   205   162   17   92   109   285   67   224   67   109   14   230   121   145   77   123   57   336   10   92   76   105   79   75   79   18   48   23   264   242   48   72   133   73   133   109   38   61   218   36   292   178   32   76   73   293   13   86   256   168   54   61   115   122   43   311   149   148   61   115   109   40   124   37   152   99   173   172   13   68   34   293   81   252   153   297   220   61   20   111   81   53   41   90   106   83   306   105   291   215   100   18   93   117   69   129   232   100   8   90   134   62   311   187   100   119   95   222   111   131   38   51   16   107   62   221   207   199   248   45   257   91   53   51   33   170   77   298   20   123   128   104   164   18   37   103   66   36   46   8   113   138   104   32   129   256   164   86   100   49   106   19   53   60   239   49   112   159   31   113   45   243   71   108   
90   85   164   12   64   70   36   101   106   83   12   20   14   144   161   112   129   132   22   82   139   56   77   11   87   170   20   24   54   217   45   11   235   182   49   51   24   74   3   26   198   117   158   63   36   125   178   9   145   238   214   49   97   79   35   48   91   228   34   126   33   49   36   45   36   59   130   209   45   23   65   29   48   192   235   30   106   8   42   15   34   6   42   197   18   52   29   161   139   59   44   144   182   95   106   195   82   136   158   146   111   137   80   44   183   51   171   33   14   41   58   61   33   96   285   89   77   89   19   108   122   112   20   136   216   201   107   46   38   92   70   66   43   92   35   248   182   247   86   61   124   161   68   224   46   95   22   161   74   143   153   126   15   251   47   29   168   59   61   70   156   72   121   10   262   152   115   145   123   101   177   70   30   136   229   68   238   173   51   87   144   251   28   39   231   126   47   8   149   125   115   272   96   41   64   116   21   75   35   64   81   127   81   202   17   70   25   193   149   203   214   230   128   161   5   70   25   99   49   89   70   86   211   73   216   211   60   152   44   23   96   92   201   47   25   93   59   34   262   130   110   49   190   149   137   106   58   60   34   215   31   202   105   141   263   6   179   106   93   98   61   140   175   221   54   169   105   91   242   31   40   154   47   68   35   15   68   107   58   11   63   274   218   161   125   78   97   42   90   24   156   45   112   178   59   213   10   181   59   18   
61   50   84   35   98   136   31   119   99   105   47   35   142   72   64   33   162   89   52   59   83   15   42   83   59   128   65   68   68   153   159   22   167   50   48   25   165   42   140   2   70   77   72   21   70   114   218   31   17   147   217   25   30   26   11   179   40   163   24   120   13   107   23   22   49   28   67   153   25   20   39   38   138   229   74   4   104   45   33   8   36   42   127   161   110   31   21   186   88   82   51   25   60   22   34   133   35   59   131   74   31   69   47   40   110   81   133   10   96   7   40   37   42   58   137   30   28   229   128   151   75   37   15   43   111   118   76   13   21   45   209   225   34   53   25   98   121   105   105   69   15   238   15   97   37   56   31   180   82   34   65   66   77   226   43   125   106   71   159   43   96   57   66   17   133   174   60   69   38   30   63   83   20   81   83   35   182   76   18   11   79   162   13   80   147   83   24   75   43   65   65   186   103   139   24   62   124   38   145   21   115   9   147   33   14   154   16   233   59   155   74   196   178   102   19   88   107   45   10   41   82   25   223   72   193   109   61   133   83   121   27   96   109   134   20   33   103   46   190   116   45   100   96   172   55   73   16   22   21   138   91   101   153   124   133   61   177   44   37   54   29   89   115   203   62   61   54   34   85   32   69   32   65   31   27   26   69   59   92   40   115   138   51   74   25   37   57   25   40   60   160   20   22   84   99   105   47   160   38   114   
122   82   3   40   137   198   29   213   153   150   69   60   196   148   160   44   232   30   70   97   149   51   57   103   117   198   84   88   95   244   235   37   261   70   59   0   202   75   187   14   122   131   24   55   109   215   321   35   109   221   329   14   41   81   37   233   59   261   9   181   5   121   7   18   47   43   118   252   37   38   56   61   207   319   123   24   184   55   71   21   52   51   178   247   148   52   37   270   184   126   87   128   86   54   25   202   54   78   202   126   71   29   41   45   194   137   74   20   128   23   81   17   71   82   190   84   41   305   174   245   132   113   30   33   174   193   153   45   2   3   240   265   65   70   43   167   183   60   97   100   82   335   65   178   80   130   36   246   156   140   28   95   94   339   38   149   28   133   177   64   28   31   46   30   212   267   31   9   119   70   70   120   36   17   165   4   277   145   10   56   11   266   3   109   224   170   49   101   64   94   45   282   162   211   46   90   162   4   183   28   179   74   213   120   21   166   35   323   73   241   72   293   254   33   29   124   128   57   27   104   116   85   325   111   294   174   114   95   135   169   34   135   209   153   19   97   175   72   289   193   72   151   2   241   67   124   17   34   5   45   102   191   246   204   186   77   270   60   13   9   4   158   36   303   64   60   122   104   67   39   83   64   104   4   46   27   127   141   152   49   159   190   92   9   92   59   91   27   60   80   257   41   96   111   98   9   65   245   66   158   
36   20   205   44   72   118   72   115   31   62   68   45   197   41   75   140   96   182   49   3   19   35   38   110   32   27   70   70   41   26   189   27   37   161   112   62   222   14   187   24   119   9   168   31   68   91   124   47   118   73   88   71   79   53   26   197   51   24   52   43   35   184   51   68   93   29   39   9   17   47   25   27   156   132   165   23   66   61   46   23   17   58   133   36   165   9   3   98   63   57   37   127   136   68   116   44   44   86   31   49   70   190   131   95   26   138   285   21   115   49   28   92   34   37   155   49   52   225   155   120   15   148   12   148   86   48   51   34   49   115   255   274   84   46   68   134   46   241   205   35   98   169   73   95   66   146   62   100   142   144   196   58   99   72   96   159   222   110   256   22   193   120   184   22   104   91   166   180   77   137   146   44   2   179   118   81   45   68   53   69   176   36   37   71   62   54   13   108   122   58   178   63   49   182   32   52   148   88   167   86   83   130   123   157   35   257   15   138   213   30   190   57   117   232   27   53   134   150   37   131   44   106   102   28   58   80   58   283   137   144   88   47   44   160   49   124   131   32   52   38   60   95   235   94   99   2   61   39   45   273   116   57   125   36   133   85   67   68   105   118   70   14   236   68   130   146   44   85   229   73   130   172   129   82   5   47   56   75   165   46   95   144   191   189   153   125   26   72   139   59   72   15   84   106   172   251   54   46   5   139   
110   98   205   7   59   71   51   135   116   83   30   32   64   174   201   149   129   161   17   93   162   71   88   17   107   188   9   13   53   244   76   18   263   227   76   63   40   87   46   34   238   134   193   78   44   159   183   14   189   269   228   65   120   103   47   24   108   256   43   135   41   82   45   61   52   69   153   237   51   37   74   33   70   190   286   39   128   10   59   23   35   13   41   217   60   59   34   165   174   63   53   193   221   118   135   217   96   161   173   170   137   178   110   66   212   92   220   41   21   55   72   80   41   108   332   113   92   63   35   129   141   161   26   173   250   231   134   60   48   116   39   30   69   105   54   297   203   300   121   63   159   152   95   267   69   143   35   160   120   196   198   145   12   270   67   19   205   94   97   80   188   92   161   16   305   162   152   183   158   142   216   71   35   168   276   84   263   207   64   112   177   287   36   32   261   156   56   35   184   144   154   303   105   83   77   134   18   92   6   87   89   169   80   256   27   109   32   189   203   226   262   249   125   204   12   69   13   137   61   132   70   123   220   78   234   245   79   201   84   37   121   94   239   25   36   134   94   37   291   148   130   56   237   149   164   122   75   72   42   259   23   240   125   159   304   18   192   126   117   120   75   164   214   237   80   206   131   124   298   48   68   203   84   86   40   23   86   141   107   1   56   317   274   200   173   112   111   60   127   16   174   54   147   208   83   264   13   197   68   36   
94   60   57   43   125   181   37   182   127   133   67   54   195   104   108   39   205   73   67   75   110   33   40   107   90   156   83   86   85   189   223   33   203   10   67   17   211   54   188   7   64   99   35   34   99   176   281   39   65   164   278   24   11   56   26   230   36   203   21   152   5   136   19   24   58   28   81   197   27   35   41   53   194   282   53   14   152   57   58   17   45   54   170   200   151   38   28   235   140   111   74   85   34   24   16   156   33   46   164   86   35   61   55   53   143   128   130   10   127   17   63   34   61   61   124   55   20   293   171   214   98   92   24   20   119   140   119   30   15   31   252   276   60   51   42   97   140   42   124   87   43   303   47   113   67   111   41   217   139   101   51   65   97   281   51   155   81   117   199   47   69   55   69   27   144   229   57   47   79   60   24   105   28   62   96   21   221   94   6   28   53   200   10   102   168   130   35   102   17   65   69   217   137   200   27   62   161   23   184   28   157   44   195   55   21   190   27   287   79   191   19   240   227   87   28   111   133   62   11   88   102   66   279   93   242   119   95   142   128   164   2   117   150   161   24   78   157   63   227   158   42   138   64   212   34   95   6   17   16   103   110   132   216   166   125   80   227   33   19   35   17   118   91   252   78   20   89   77   18   44   92   40   101   19   36   32   106   107   144   50   147   127   21   44   70   59   67   33   61   77   216   28   61   70   118   64   63   201   50   154   
139   96   35   37   142   204   26   230   168   158   70   63   193   174   192   64   244   7   71   110   173   62   69   98   133   222   83   87   100   277   239   39   295   110   58   11   191   88   183   20   160   150   56   67   113   237   341   32   140   257   355   17   61   97   45   229   75   295   2   197   12   110   1   21   40   53   141   285   44   40   66   65   211   336   171   30   201   51   79   23   56   48   180   275   144   61   42   287   210   133   94   158   123   75   49   230   68   102   224   151   94   41   43   43   225   143   42   27   126   31   92   15   77   96   238   102   55   305   172   260   152   133   34   63   210   226   172   54   6   22   224   250   70   84   46   214   209   108   80   107   109   347   78   219   88   145   34   261   168   169   54   115   88   371   33   140   16   143   159   75   29   16   50   32   256   286   38   38   144   86   106   127   41   15   209   17   310   177   22   75   28   306   7   110   259   193   58   98   96   114   47   321   175   215   58   109   159   19   177   38   189   101   220   164   22   148   40   339   92   270   117   322   265   17   30   131   122   66   37   118   123   101   349   120   322   210   125   68   140   168   56   144   245   143   18   113   184   77   326   213   92   156   43   255   92   141   30   45   4   36   94   227   261   226   229   73   293   79   34   20   16   182   14   331   58   94   142   122   120   38   78   96   106   20   52   23   138   162   157   47   162   234   140   46   115   67   107   29   70   79   279   50   120   141   82   55   64   269   76   157   
34   52   182   28   41   44   52   19   49   44   32   15   97   80   93   117   69   158   24   42   75   36   58   61   33   96   37   38   32   122   75   9   136   164   75   56   126   42   95   23   153   63   162   40   18   27   82   29   111   158   99   58   85   48   22   101   70   125   43   62   34   116   44   54   64   44   82   107   31   27   45   5   57   116   192   22   19   35   20   14   19   33   57   105   88   30   13   83   57   20   3   108   154   76   107   120   62   110   83   96   85   159   101   66   101   67   228   25   56   40   21   75   1   67   220   55   63   113   73   16   67   104   7   136   150   125   38   30   43   102   159   166   51   70   44   186   115   241   145   31   97   98   56   153   33   89   40   102   68   110   169   92   57   132   70   93   196   47   162   47   175   96   147   7   182   59   137   160   77   105   158   36   14   158   164   74   137   114   51   70   160   144   32   35   149   49   25   56   130   92   141   169   34   75   46   84   75   81   91   70   24   114   49   162   23   166   9   119   168   113   197   128   70   196   11   40   78   115   40   87   39   77   111   33   111   145   12   216   66   65   88   55   110   101   36   86   44   9   157   49   83   29   210   88   117   54   57   48   40   246   74   122   20   56   199   47   83   86   97   108   65   72   207   116   89   154   52   61   230   49   82   151   73   73   15   31   10   51   85   26   48   210   193   172   119   92   62   54   104   31   52   27   80   142   117   230   24   93   31   64   
86   56   63   41   119   172   36   169   120   126   63   50   185   94   96   36   195   77   64   71   102   28   39   102   83   148   80   83   81   179   211   31   192   9   63   18   203   50   179   5   59   93   43   30   93   163   267   38   53   157   263   24   12   49   23   220   35   192   22   144   7   131   20   24   57   27   75   185   25   32   39   50   183   270   48   12   141   55   52   16   43   51   162   189   143   36   26   224   128   105   69   72   33   19   18   148   31   46   156   81   30   62   53   51   133   119   132   9   121   14   58   35   57   59   120   48   19   281   163   200   91   81   22   22   113   132   109   26   16   34   245   267   55   50   39   90   133   56   121   83   34   289   41   104   61   100   39   209   127   87   53   63   94   267   49   150   88   108   192   45   76   56   68   25   136   217   57   51   69   53   29   100   26   66   86   24   209   86   8   21   59   188   11   98   160   119   32   97   16   62   68   207   129   188   24   60   154   26   177   26   148   34   185   41   20   184   25   275   74   180   29   228   216   91   26   106   129   58   8   79   97   58   266   88   230   113   88   141   119   156   4   112   138   156   23   69   146   59   215   148   40   131   72   203   35   89   6   16   17   112   107   122   203   156   121   77   215   33   22   40   20   110   97   240   75   27   80   68   33   42   88   33   94   21   34   31   98   97   134   48   141   124   9   50   61   54   63   31   57   74   203   25   51   69   115   73   60   191   46   147   
57   2   200   50   95   155   76   158   59   87   81   57   234   44   81   141   134   181   61   19   24   37   25   128   52   40   85   85   56   37   235   34   39   148   122   61   257   11   222   24   95   19   159   30   90   133   181   53   119   30   146   72   71   60   29   238   37   44   52   72   34   205   51   69   101   19   20   55   9   53   13   39   196   178   141   23   104   70   58   26   25   67   166   67   193   2   10   142   92   81   55   135   118   60   112   26   32   67   59   24   60   191   136   102   26   164   293   18   139   50   42   93   48   21   111   51   43   278   187   169   18   162   17   143   47   7   78   37   48   113   292   317   95   31   75   101   22   222   220   51   95   226   80   64   79   166   68   131   171   158   194   36   115   120   102   183   219   135   286   9   188   123   188   28   57   142   168   177   84   144   129   64   9   177   91   78   60   47   51   67   171   22   36   90   22   83   15   127   109   36   183   36   81   222   24   31   177   85   198   87   118   131   162   147   39   284   21   185   219   51   172   90   161   233   32   73   155   157   34   146   62   116   152   48   102   41   80   296   162   176   81   64   48   184   52   136   165   46   49   78   45   124   230   129   83   24   58   32   44   266   132   39   174   78   90   99   115   54   102   114   68   31   234   111   140   131   58   97   212   80   145   170   148   79   15   51   82   96   193   54   122   100   177   183   161   132   6   76   146   73   124   12   87   79   187   243   66   83   11   169   
56   20   228   49   79   137   82   147   35   67   80   55   229   62   103   162   103   201   55   9   34   45   38   124   50   5   79   78   43   11   223   33   13   183   129   69   251   21   216   29   136   17   187   41   81   124   138   53   145   65   96   81   90   70   34   222   55   10   57   43   40   210   57   77   106   31   47   24   17   56   23   34   184   134   188   28   90   69   59   28   17   66   153   23   192   10   8   104   94   67   47   158   153   79   132   28   48   93   23   55   82   215   150   109   42   166   320   24   132   57   41   104   43   34   164   65   58   253   179   149   26   180   17   168   90   50   76   44   54   129   282   305   101   45   80   152   33   266   232   37   118   186   90   110   82   178   71   97   174   180   222   59   112   63   109   178   246   136   290   20   212   134   209   27   111   107   188   203   102   162   163   48   7   199   138   89   14   82   60   84   195   37   41   79   52   82   20   125   138   59   203   41   60   215   38   53   168   98   188   99   100   155   141   187   41   291   21   141   246   6   212   39   129   259   32   56   150   174   44   159   46   130   103   31   53   85   75   319   164   166   100   44   70   177   56   150   160   39   22   55   67   112   263   95   109   16   70   44   49   299   129   75   153   52   139   97   73   75   119   130   78   34   261   61   148   163   66   108   257   84   150   200   153   91   10   53   74   102   197   51   106   150   219   211   183   146   25   83   162   66   92   20   106   113   194   280   62   42   12   161   
125   92   52   31   126   176   14   198   154   143   55   52   154   163   177   56   221   33   61   103   162   57   70   78   120   210   70   74   91   262   197   32   280   114   38   17   152   84   146   18   161   141   72   63   97   208   307   25   127   250   325   13   64   87   40   193   77   279   5   182   15   78   7   15   24   53   136   266   44   31   65   57   176   307   175   27   178   41   67   19   52   38   152   257   112   58   38   261   189   117   82   140   128   73   51   221   69   107   209   147   92   36   26   26   212   114   3   27   103   26   82   10   67   95   243   94   57   262   141   226   143   109   30   66   208   217   154   49   11   30   186   207   54   85   34   213   202   130   46   97   102   310   67   214   73   117   22   241   136   146   54   116   72   345   17   114   47   117   116   73   55   3   33   26   252   257   30   48   131   70   114   115   38   37   205   25   294   171   25   70   49   291   8   96   251   173   54   77   99   115   30   308   158   175   57   109   131   28   148   31   166   91   192   157   16   105   35   310   70   254   128   302   237   28   24   119   99   48   37   95   112   84   320   110   299   206   108   23   110   138   58   134   230   120   10   92   152   67   311   194   93   134   62   234   98   132   31   46   10   74   78   216   227   206   232   58   268   82   39   35   23   170   48   307   35   103   129   106   133   25   54   88   80   25   48   15   121   143   123   39   143   239   142   60   96   49   103   19   51   68   252   47   109   145   56   79   53   249   71   129   
36   25   211   43   66   111   73   110   23   55   66   44   193   49   83   145   86   187   46   6   28   38   41   107   32   28   67   67   37   34   183   26   44   170   113   64   217   19   183   26   130   16   175   35   65   87   109   46   125   84   73   73   84   57   27   190   56   30   53   34   37   183   52   69   93   32   47   11   19   47   28   25   150   119   178   24   61   60   45   23   15   57   127   29   163   13   3   86   65   52   34   133   146   73   121   51   49   93   24   58   76   195   133   96   38   137   290   23   112   50   28   94   31   41   170   53   56   215   151   112   23   152   12   154   98   60   51   36   50   118   249   268   85   50   69   148   53   252   206   30   104   155   76   108   66   148   62   91   142   150   202   64   97   58   97   155   228   109   254   25   198   122   188   21   119   79   170   186   83   141   155   39   3   184   131   83   45   78   56   74   181   50   38   66   73   55   15   107   129   64   182   72   41   177   36   57   143   91   162   88   76   136   115   167   36   256   15   125   218   30   200   49   107   237   26   48   131   154   40   134   40   109   88   23   45   91   55   287   135   139   93   42   56   157   49   127   127   29   58   29   66   90   243   85   106   9   64   42   46   280   114   70   116   27   147   83   54   74   109   122   73   23   242   56   130   154   48   87   241   73   130   179   129   84   3   47   53   77   164   45   89   158   202   195   158   127   31   73   142   57   61   18   89   115   172   260   52   36   8   135   
84   80   237   23   15   23   68   101   72   37   43   31   113   144   175   169   57   195   8   68   127   66   79   57   81   138   23   20   25   184   90   17   199   236   102   73   121   70   100   35   226   102   213   70   28   116   82   30   186   222   132   78   122   94   43   68   100   190   54   83   45   137   55   74   78   63   129   172   44   44   63   17   70   98   281   37   85   33   53   25   20   33   40   151   105   48   25   83   138   25   32   190   221   115   149   170   89   154   118   146   130   211   136   88   168   111   282   39   50   61   56   98   25   92   307   101   90   49   70   73   110   175   20   190   219   189   102   56   56   134   130   134   81   93   66   275   162   322   176   33   157   44   97   237   69   156   51   93   129   197   229   129   51   176   90   81   244   97   179   66   218   118   197   15   267   81   182   211   144   160   221   35   26   199   254   96   193   181   70   111   204   224   42   6   212   121   46   65   187   129   189   238   57   105   71   119   62   105   67   100   39   178   18   254   34   188   26   96   239   164   273   171   44   248   16   31   66   164   61   145   36   130   125   45   153   213   60   268   104   62   126   57   193   80   47   145   92   17   221   94   121   32   274   80   162   91   81   70   50   303   64   200   69   102   276   48   114   121   131   137   85   126   256   152   113   213   108   119   317   65   103   221   109   98   28   37   61   121   134   19   2   290   282   227   188   134   91   74   151   13   100   46   140   196   134   300   22   129   52   63   
90   73   281   37   23   77   89   144   51   12   70   50   192   145   189   204   17   233   30   58   119   74   76   98   86   110   51   47   2   154   174   29   165   265   137   86   202   66   175   41   238   91   244   75   58   143   48   46   216   200   81   96   135   108   51   149   102   159   65   52   52   198   66   92   106   62   125   146   41   61   58   24   140   19   303   43   99   55   69   33   8   55   101   114   169   43   23   32   152   37   42   225   239   127   174   144   91   159   87   140   141   257   172   117   155   164   354   42   99   74   62   121   36   85   307   111   96   146   135   113   101   222   24   222   211   174   113   65   66   159   211   227   111   89   89   284   139   362   236   13   179   50   119   238   93   206   72   35   183   241   275   126   87   117   117   136   290   140   264   60   255   148   245   24   258   61   223   251   163   200   242   13   24   237   264   112   152   183   81   127   239   198   51   39   188   132   46   108   207   125   236   202   47   182   73   114   122   122   131   123   60   211   73   286   45   271   30   15   297   130   305   121   31   301   28   5   113   206   68   189   9   163   59   29   104   205   80   344   158   124   143   27   189   131   61   184   146   25   181   82   124   75   324   22   173   80   94   74   59   355   101   196   113   86   273   80   73   127   153   161   99   117   305   98   153   236   117   146   357   88   147   263   156   115   24   51   79   144   197   36   45   288   319   266   232   171   84   95   191   38   86   46   161   200   186   351   45   90   48   123   
65   56   79   33   96   130   24   114   102   104   41   32   125   83   77   26   162   83   49   63   93   20   47   75   63   137   61   64   68   166   145   20   181   61   37   24   148   47   125   4   88   85   73   27   67   114   218   27   33   163   222   21   37   31   13   166   47   176   21   124   13   91   21   17   41   33   77   165   28   15   43   37   127   230   94   8   104   41   31   6   37   37   119   170   95   35   22   187   94   81   51   34   74   32   34   145   42   69   138   86   43   60   36   31   123   68   116   13   87   4   42   32   41   64   158   37   34   216   116   146   83   23   15   43   127   132   80   16   20   42   192   207   26   59   18   119   132   111   88   70   30   234   13   117   32   42   25   182   70   33   58   75   70   235   34   114   99   62   138   47   92   50   53   16   153   175   50   64   48   14   73   83   22   76   105   34   195   91   19   21   76   178   12   76   162   88   27   66   54   74   53   202   104   125   30   70   113   37   133   15   113   14   142   55   10   132   17   234   42   165   85   206   176   91   17   88   98   31   15   28   82   16   227   74   202   125   60   112   71   111   32   98   124   123   15   21   94   45   205   121   54   95   91   173   64   79   17   27   20   132   84   118   148   129   152   55   181   52   36   52   29   97   108   211   50   70   60   34   94   25   57   30   52   29   28   22   69   62   76   37   111   157   66   71   5   23   64   18   26   57   162   24   33   96   85   101   43   167   42   104   
80   14   199   56   115   187   81   196   84   109   93   67   266   66   103   146   168   181   72   37   51   43   13   143   74   70   97   98   69   77   274   41   79   142   132   60   287   23   252   25   83   44   153   35   108   173   231   58   130   22   197   74   66   72   35   272   27   88   53   99   33   224   52   72   108   12   27   100   1   60   4   50   231   221   128   25   138   78   71   29   32   75   194   105   217   12   17   182   126   102   70   151   107   59   111   47   24   53   90   21   58   194   142   110   62   188   302   17   159   53   57   96   61   8   76   62   37   323   215   212   43   181   23   142   22   32   107   43   47   112   324   353   106   17   82   83   36   209   234   66   100   275   89   58   94   189   74   161   199   179   197   18   129   170   108   204   218   159   312   5   184   126   195   33   30   185   172   176   100   155   118   82   16   176   85   76   98   49   49   70   168   71   37   106   33   114   23   144   103   18   190   65   108   259   21   14   202   83   225   91   148   138   196   150   42   309   27   227   230   88   161   130   199   235   38   91   173   165   33   164   78   130   199   66   147   22   101   309   186   203   79   81   82   204   55   152   196   59   86   113   35   149   228   161   71   47   58   27   43   262   146   60   217   115   55   110   157   44   100   112   66   61   233   155   150   121   79   114   202   86   158   175   166   79   23   55   105   120   220   61   146   63   172   180   174   142   11   80   155   85   169   16   98   59   201   239   77   120   24   194   
121   104   216   6   64   82   55   153   124   89   36   38   81   187   218   161   137   168   19   99   174   78   93   23   117   200   12   15   56   260   96   22   279   242   83   67   51   93   62   36   254   144   204   85   52   177   197   15   205   284   244   69   127   113   51   37   114   273   45   144   44   91   47   66   56   73   164   254   54   42   78   37   87   200   304   42   143   12   67   26   37   16   53   231   73   63   37   175   191   70   59   211   235   126   144   230   102   170   184   181   146   189   118   72   228   107   232   44   31   60   80   85   46   114   350   122   98   73   49   146   151   178   29   184   265   246   147   66   50   122   29   22   77   110   60   316   215   317   129   67   172   163   104   285   79   160   39   167   137   216   211   153   15   286   72   21   215   109   107   84   196   97   173   19   323   176   162   194   173   155   229   76   38   177   295   89   279   222   68   121   186   306   38   36   276   172   61   44   196   153   165   321   114   103   82   142   31   97   18   94   100   183   90   275   30   119   35   198   220   240   278   264   135   215   15   73   15   149   66   146   74   135   233   84   249   260   89   213   98   51   128   99   257   17   39   148   111   42   309   160   138   67   251   157   173   130   80   77   44   270   20   257   142   172   321   23   206   134   124   126   79   176   224   251   87   218   143   137   316   53   76   218   96   91   43   25   97   156   124   1   61   334   293   212   189   122   118   65   138   18   189   58   160   220   89   278   18   210   73   49   
69   57   72   34   100   137   24   124   106   108   44   35   133   86   81   20   168   79   51   65   96   22   47   78   67   141   63   67   70   170   155   22   185   54   39   22   154   48   132   3   85   87   67   28   71   123   227   28   34   164   230   19   34   34   15   173   46   181   20   128   12   94   20   16   41   33   78   170   28   18   43   40   136   238   89   8   111   43   35   8   38   39   125   175   101   35   23   194   100   85   54   39   69   30   29   147   41   66   143   87   41   55   35   32   126   75   112   12   92   2   45   30   44   64   155   39   33   226   122   156   86   32   16   37   127   134   85   17   18   38   199   214   29   59   20   117   134   102   89   72   29   244   17   117   37   51   26   188   79   42   51   74   73   243   34   118   93   70   143   48   87   48   50   17   153   183   46   58   52   15   68   86   23   71   103   31   199   92   16   20   70   182   11   80   164   94   29   69   49   73   49   206   109   134   30   70   119   34   139   13   119   10   149   52   11   137   18   242   38   170   77   212   183   86   18   91   101   30   14   35   85   22   235   77   208   125   65   111   77   117   28   101   128   127   15   28   102   48   209   126   53   101   83   179   60   82   14   25   19   125   86   120   158   135   149   57   188   50   32   48   26   101   102   217   51   64   64   40   84   26   59   21   57   26   30   23   74   68   84   38   116   155   58   65   12   24   65   18   26   59   170   25   35   94   87   93   45   173   43   110   
100   49   110   52   135   205   58   211   126   138   85   66   245   97   112   86   213   112   76   70   99   38   25   132   95   142   97   100   88   169   270   41   179   52   100   33   262   48   234   14   33   90   71   34   115   198   294   50   91   128   280   46   18   66   32   271   16   184   34   149   15   184   32   46   83   16   65   184   19   49   30   59   231   289   32   19   166   71   70   24   45   68   199   187   194   32   27   241   151   121   82   117   21   26   54   132   15   13   155   65   30   117   95   81   128   168   203   8   153   33   68   60   69   45   60   60   4   337   208   240   88   138   27   70   81   114   129   38   27   62   303   332   86   34   64   54   116   83   178   89   63   326   69   82   86   156   58   218   180   142   111   41   120   271   78   190   130   149   262   36   106   85   125   33   98   240   106   97   92   105   28   108   26   103   69   40   199   74   22   42   93   175   21   115   136   139   34   130   31   40   122   184   143   247   18   40   195   43   219   56   173   84   218   82   32   255   31   294   148   174   51   225   242   146   35   115   162   110   15   129   104   99   280   94   234   84   110   217   167   198   30   115   138   192   39   117   192   69   199   160   20   159   125   215   3   88   28   6   25   155   133   113   244   167   70   100   227   7   50   61   34   110   142   244   114   34   93   100   76   66   128   98   139   41   36   44   119   125   192   59   163   68   70   94   119   99   53   55   106   88   224   24   78   28   161   125   75   194   46   188   
23   23   158   40   79   117   56   95   55   75   56   36   167   8   21   99   117   147   48   24   24   15   34   97   21   65   66   67   50   70   165   22   82   112   86   48   194   12   162   15   80   29   129   12   63   73   152   40   66   85   132   54   56   24   13   183   38   74   41   71   26   151   41   50   75   23   29   64   16   34   25   27   138   166   112   12   62   54   31   15   24   50   124   84   138   13   7   127   33   61   35   71   96   42   84   71   33   65   69   39   42   144   99   73   34   106   227   13   103   33   18   71   31   39   125   18   37   218   138   115   24   98   8   106   72   54   34   16   38   88   234   250   61   43   49   91   66   183   165   46   57   188   45   60   45   100   49   130   105   86   146   50   89   130   75   142   178   83   215   25   155   96   139   18   86   114   126   138   33   95   106   57   6   142   71   63   96   39   39   41   138   67   28   71   80   32   1   91   84   49   135   99   63   153   20   45   133   68   154   61   86   84   124   95   26   214   9   172   154   77   138   111   135   182   22   65   121   109   23   89   57   69   146   43   109   66   46   225   107   128   61   66   20   148   37   82   106   34   100   59   43   89   181   122   74   27   43   27   36   221   105   32   119   62   111   74   105   51   78   93   54   25   190   119   102   107   13   48   168   56   104   118   99   62   11   38   47   40   127   43   98   120   129   144   101   90   29   53   100   58   94   6   43   84   143   194   49   89   12   123   
142   90   34   46   154   227   41   253   171   167   84   72   236   168   188   71   258   37   80   108   167   61   59   121   136   216   97   101   106   268   279   44   285   86   81   10   239   84   224   19   134   145   24   64   128   253   361   43   138   237   366   26   47   98   46   270   62   287   14   201   7   151   12   30   61   45   130   281   39   49   59   71   245   352   138   29   213   64   86   27   58   61   207   272   181   57   41   300   216   144   101   161   95   65   42   219   57   81   223   137   82   62   65   62   216   171   107   23   151   33   95   31   83   87   198   100   43   349   206   284   147   150   36   54   187   211   178   55   7   22   274   305   85   72   59   183   197   58   126   111   103   376   84   197   99   168   47   270   195   179   63   100   110   374   54   173   35   164   216   69   18   43   78   36   228   301   60   39   144   101   75   133   41   29   185   8   302   162   16   70   17   293   9   124   241   198   57   122   75   99   76   305   183   254   51   95   190   9   212   45   205   102   244   149   29   205   42   356   116   264   81   320   285   59   36   138   149   87   32   137   128   112   360   124   324   188   135   132   168   199   43   148   237   175   28   128   210   83   314   219   78   176   39   266   69   138   26   37   6   33   118   214   286   230   194   92   300   63   26   9   8   178   42   334   86   65   143   130   81   53   107   96   132   16   52   34   149   170   191   56   180   197   116   33   127   85   99   41   89   91   292   47   119   114   121   33   76   270   74   187   
63   64   234   30   15   37   70   85   44   17   49   32   136   115   146   164   27   197   20   49   98   57   69   74   61   103   37   35   15   139   112   18   151   220   106   72   153   55   125   33   201   78   206   60   31   88   28   35   168   183   74   78   113   81   38   107   88   142   54   52   44   153   55   74   84   54   106   125   37   44   53   10   86   64   254   33   58   42   46   24   12   41   64   107   122   38   18   42   107   9   21   171   202   104   143   134   78   138   82   121   116   210   137   92   130   115   291   35   69   58   43   99   18   78   270   86   81   102   93   53   85   166   16   182   185   153   78   49   55   132   171   180   81   81   67   241   129   307   188   17   142   33   90   201   64   150   55   67   126   181   225   112   66   118   93   106   245   94   206   55   217   122   197   15   226   31   182   208   124   155   205   17   19   199   220   94   144   153   67   101   202   173   42   25   172   93   36   78   173   111   190   188   27   120   61   102   88   103   98   98   20   166   33   230   34   212   20   65   235   121   256   122   18   250   18   17   88   162   55   140   21   123   74   26   101   179   49   279   110   84   118   40   153   107   49   138   93   8   170   58   107   39   270   51   148   67   77   63   50   303   82   163   52   64   242   59   66   109   127   136   83   95   258   101   120   199   87   107   299   68   113   211   114   95   19   41   46   101   140   28   28   255   262   222   179   133   74   75   149   27   52   38   124   175   148   294   30   86   39   83   
63   22   237   51   83   145   86   160   39   70   85   59   241   70   114   170   108   208   58   13   41   49   38   130   58   5   82   82   44   18   236   35   13   191   136   72   263   24   227   31   142   23   193   44   87   137   147   55   155   63   104   85   93   77   37   233   57   21   60   46   41   220   59   81   110   31   50   37   17   60   23   36   195   139   196   30   101   72   64   30   18   69   161   27   202   12   10   110   106   72   52   170   159   83   138   25   50   96   27   57   87   224   157   115   51   177   332   26   139   61   47   108   46   33   168   71   60   265   188   161   31   192   19   176   93   53   85   47   56   134   293   318   107   44   85   158   30   275   242   39   126   195   97   117   89   190   75   98   187   193   232   60   117   67   114   185   254   146   303   20   219   139   219   29   114   116   197   211   111   172   169   50   9   206   146   92   6   88   63   89   202   44   43   83   50   93   23   132   144   60   212   35   66   229   39   53   176   101   196   104   107   164   150   197   44   304   23   146   259   12   220   39   136   269   34   59   156   183   46   169   48   138   108   34   57   87   83   332   174   176   105   45   81   184   59   160   171   42   13   63   69   119   272   98   113   22   73   45   51   308   134   83   165   61   141   102   80   77   123   135   81   42   270   64   155   169   74   117   267   89   157   210   162   95   12   55   82   112   210   54   111   152   230   219   194   154   26   87   171   70   103   22   114   115   202   290   66   46   15   170   
79   61   59   34   107   147   23   139   115   116   48   39   142   97   95   9   179   69   55   71   105   27   48   82   76   151   67   70   75   183   168   24   198   49   39   18   161   53   140   4   88   95   57   32   77   140   244   29   46   174   248   15   32   43   19   183   47   195   18   138   10   96   17   12   40   34   84   185   30   20   45   43   147   252   89   11   124   44   41   10   41   40   134   188   107   38   26   208   115   92   60   55   67   32   21   157   42   67   153   93   44   42   30   31   138   85   99   13   97   2   51   25   49   67   158   47   32   239   130   171   94   45   19   26   134   144   98   22   15   31   204   221   34   60   22   123   143   89   86   77   37   260   26   126   44   64   26   198   91   60   37   77   76   260   32   122   81   80   145   50   76   43   40   19   162   198   36   46   64   19   63   92   25   61   112   26   213   100   13   25   60   197   8   85   174   108   32   74   47   76   40   219   118   146   32   73   125   28   146   8   130   17   160   59   11   137   21   256   28   182   70   226   195   73   20   97   105   25   15   46   91   33   251   83   224   133   73   101   86   125   24   107   142   131   14   39   114   52   223   138   55   109   68   190   59   89   10   26   16   110   88   132   173   147   154   60   203   50   25   41   22   111   89   233   50   58   75   51   73   27   61   9   63   21   33   23   83   82   94   40   123   158   54   52   24   24   69   16   24   63   186   28   46   95   86   76   48   186   47   117   
69   15   230   53   95   161   86   175   54   84   89   63   255   67   111   167   129   204   63   19   40   48   31   137   63   25   88   88   53   27   254   38   20   181   138   70   276   21   240   30   127   25   185   42   96   151   176   57   151   38   135   83   87   76   37   250   49   35   59   64   39   226   58   80   112   26   41   53   12   61   16   42   211   166   179   30   114   75   68   30   23   73   175   52   211   9   12   134   114   83   59   168   147   78   133   3   43   85   47   45   80   220   156   116   47   185   330   23   149   60   51   107   52   24   143   69   55   289   201   181   30   193   21   169   73   37   93   47   55   130   308   335   109   36   86   139   10   261   245   48   121   224   97   100   92   194   76   118   195   193   226   48   123   100   115   195   248   154   312   12   212   138   217   31   90   140   194   205   109   171   157   61   11   201   130   89   34   76   60   85   196   36   42   92   25   101   22   139   135   48   210   5   81   243   35   42   188   98   209   103   123   160   168   187   44   312   25   173   256   35   207   67   159   264   36   70   165   182   43   172   58   139   138   45   86   68   90   332   182   188   99   56   77   194   59   162   183   48   17   80   60   132   265   119   103   27   70   41   50   300   140   73   185   79   117   107   106   69   119   131   78   44   264   94   157   158   76   119   253   90   161   204   168   92   16   57   91   117   218   57   124   128   218   212   192   154   16   87   170   76   126   19   112   100   206   281   71   70   16   181   
104   94   226   14   42   50   60   125   102   66   36   32   85   168   199   164   102   181   7   86   154   72   87   35   100   174   4   0   42   228   78   18   245   240   90   70   76   83   68   36   242   126   208   78   37   148   147   21   196   259   196   73   125   104   47   22   108   238   49   118   44   109   51   69   65   69   149   219   50   42   72   28   66   155   295   40   116   20   59   25   29   22   30   197   81   57   32   135   166   50   46   200   229   122   146   205   97   163   156   166   140   199   126   78   202   103   254   42   29   60   69   90   36   105   332   113   95   20   45   110   134   174   25   187   246   222   126   61   53   127   74   71   77   103   62   299   193   320   149   52   165   111   100   265   72   155   44   134   128   206   219   143   29   239   79   45   229   99   136   77   207   106   183   16   300   134   170   202   159   156   226   58   33   187   278   92   242   204   69   117   194   271   40   17   249   148   54   49   193   143   175   286   90   92   77   132   32   101   26   96   71   180   55   266   31   147   31   153   227   208   277   225   95   230   14   54   36   154   64   143   58   131   187   67   208   240   74   237   95   42   128   81   229   45   42   145   95   30   272   132   131   45   262   123   169   113   80   74   47   286   40   233   105   142   303   31   166   129   127   131   82   154   239   209   98   217   127   128   317   57   86   219   98   94   36   30   79   139   122   8   35   317   288   219   187   126   107   68   143   4   150   53   150   210   108   288   14   175   64   43   
66   20   155   50   110   170   65   166   86   107   78   56   227   47   66   107   166   147   66   40   48   27   17   125   61   85   87   89   69   94   237   35   102   95   105   47   250   21   217   16   40   47   117   19   95   146   225   50   84   62   200   57   43   49   24   244   15   104   43   104   24   187   41   55   89   7   19   107   8   47   15   45   200   224   74   16   121   68   56   22   34   65   173   119   183   14   16   182   100   95   62   103   67   33   81   73   12   34   100   16   29   150   111   88   61   153   245   8   139   38   47   75   54   24   54   39   22   295   188   189   43   134   19   103   23   47   88   29   37   87   289   315   83   24   64   32   62   156   193   66   62   263   64   9   74   145   60   168   159   127   149   20   113   185   87   180   175   129   265   17   149   102   151   28   24   179   133   136   65   114   80   82   15   140   29   59   122   16   36   43   133   87   28   98   67   92   17   122   66   19   148   101   104   220   6   18   178   64   201   68   136   95   180   91   33   261   22   230   174   105   112   149   192   188   32   90   153   126   20   124   79   95   205   66   158   21   85   251   153   177   53   86   64   183   43   113   164   54   116   108   15   133   177   165   47   49   41   15   35   213   129   41   193   112   46   95   160   27   75   88   51   58   189   168   122   84   58   83   144   69   130   124   134   60   22   46   90   91   179   55   136   52   113   138   126   108   22   62   118   77   160   9   64   41   169   185   67   130   24   169   
81   77   120   19   79   95   20   100   109   95   14   20   45   125   132   73   147   100   34   77   126   43   68   34   79   163   37   41   62   205   77   13   223   138   20   37   65   66   50   18   161   109   120   51   47   119   200   11   106   217   225   32   75   61   27   97   77   216   25   130   25   29   26   28   21   51   114   199   40   10   59   32   74   215   186   22   105   19   34   9   37   15   73   194   26   47   27   177   123   69   46   103   144   73   76   183   69   113   156   128   88   93   48   21   166   30   119   26   43   26   52   41   36   87   244   71   62   143   57   122   111   68   18   97   189   182   97   35   28   66   112   116   19   82   15   206   169   191   52   67   92   196   46   191   33   55   8   176   49   98   105   110   34   254   27   58   127   45   52   64   121   51   76   10   229   166   76   104   96   60   139   78   28   101   188   51   230   148   38   65   108   232   20   55   213   112   41   21   115   109   73   255   102   59   53   102   58   56   75   41   95   87   107   151   7   52   21   217   91   196   165   230   152   115   7   80   51   57   37   51   78   54   226   76   219   185   57   99   26   57   72   98   178   74   14   56   60   39   250   130   92   66   139   165   111   99   42   49   26   167   47   176   121   141   227   22   187   88   67   74   45   128   133   225   27   132   90   66   183   12   14   105   14   49   33   10   67   88   27   21   84   237   163   118   78   43   88   23   51   38   163   39   84   151   42   158   23   183   54   51   
36   54   152   26   55   61   40   20   66   63   22   7   76   77   81   91   97   134   28   49   79   29   56   53   37   110   38   40   43   137   64   5   152   137   55   46   109   43   78   17   136   69   137   35   24   36   124   24   85   162   139   46   73   36   16   100   65   142   36   83   28   91   36   42   51   42   81   124   31   16   46   15   52   151   167   17   40   31   8   8   25   28   60   127   66   32   15   115   55   38   18   77   134   64   87   130   57   100   101   94   73   128   78   49   107   37   186   22   51   30   21   61   13   68   206   45   56   125   65   51   71   68   6   110   146   128   40   22   36   84   149   155   31   68   30   169   123   207   115   44   77   135   37   143   13   52   30   127   30   74   136   89   51   166   54   85   165   18   131   48   150   79   115   3   176   95   109   132   61   76   136   51   16   132   147   62   157   107   42   55   135   155   26   43   156   50   24   44   110   88   111   182   56   54   42   82   69   68   87   53   49   86   69   132   16   133   8   154   127   130   168   154   101   161   8   54   71   86   33   54   53   50   149   46   141   141   12   174   39   59   73   69   111   96   27   56   22   19   174   70   76   38   175   115   104   62   46   43   34   211   68   119   52   78   189   39   115   78   80   91   55   78   175   147   68   132   47   39   194   36   61   117   47   61   18   25   19   36   51   25   62   199   159   143   85   66   63   40   76   34   86   26   61   131   95   193   23   117   34   56   
