16 50
15000 15000 15000 15000 15000 15000 15000 15000 15000 15000 15000 15000 15000 15000 15000 15000 
25000.000000 25000.000000 25000.000000 25000.000000 25000.000000 25000.000000 25000.000000 25000.000000 25000.000000 25000.000000 0.000000 25000.000000 25000.000000 25000.000000 25000.000000 25000.000000 
146 87 672 1337 31 559 2370 1089 33 32 5495 904 1466 143 615 564 226 3016 253 195 38 807 551 304 814 337 4368 577 482 495 231 322 685 12912 325 366 3671 2213 705 328 1681 1117 275 500 2241 733 222 49 1464 222 
6739.725000 10355.050000 7650.400000 5219.500000 5776.125000 6641.175000 4374.525000 3847.100000 6429.475000 5396.525000 5219.500000 4182.900000 7391.250000 5038.825000 10349.575000 6051.700000 
3204.862500 5457.075000 3845.400000 2396.850000 2628.487500 3220.087500 1838.962500 2266.350000 3117.862500 2582.812500 2296.800000 1779.150000 5115.600000 2189.137500 5399.437500 2838.375000 
4914.000000 26409.600000 19622.400000 13876.800000 9147.600000 14977.200000 21848.400000 35330.400000 15111.600000 23679.600000 9828.000000 19303.200000 57472.800000 11180.400000 22957.200000 15489.600000 
32372.112500 29982.225000 21024.325000 29681.400000 21275.012500 20071.712500 64292.987500 80186.575000 25921.087500 69206.462500 23096.675000 48700.225000 135170.700000 40527.812500 60515.962500 52911.775000 
1715.462500 2152.175000 1577.900000 1061.750000 1250.462500 1363.612500 1524.037500 955.575000 1318.662500 1789.087500 1133.050000 1015.250000 2005.700000 1379.887500 2512.937500 1823.575000 
6421.512500 23701.600000 16197.025000 10383.425000 7483.612500 12332.937500 15840.662500 27251.250000 12444.737500 17769.212500 7029.425000 13919.100000 45474.650000 6966.537500 20326.637500 10956.400000 
81972.375000 28499.250000 43134.000000 65767.500000 58805.625000 48555.375000 138615.375000 155294.250000 53176.875000 147325.125000 56998.500000 102384.000000 259515.000000 96429.375000 131920.125000 118381.500000 
33391.462500 26544.375000 6370.650000 16770.600000 13571.662500 8861.737500 51550.537500 57907.575000 10985.287500 57376.687500 12741.300000 33595.650000 105796.350000 32220.787500 60071.962500 46527.525000 
2020.837500 2480.775000 1869.450000 1324.950000 1525.837500 1646.287500 1817.062500 1211.925000 1593.487500 2099.212500 1395.900000 1275.450000 1940.400000 1663.612500 2869.762500 2135.925000 
1459.600000 1995.200000 1402.400000 869.600000 1050.800000 1181.200000 1133.200000 546.400000 1134.800000 1406.800000 928.800000 768.800000 1950.400000 1145.200000 2314.800000 1500.800000 
141015.437500 205925.125000 104130.250000 12638.500000 46089.312500 66146.062500 198300.812500 220212.125000 58178.312500 241573.937500 25277.000000 97536.250000 461992.125000 106122.187500 288418.812500 185456.250000 
17684.500000 32069.400000 15322.800000 8429.800000 1231.700000 9073.900000 32781.300000 41335.400000 9254.700000 37595.100000 2463.400000 19775.000000 79235.600000 16712.700000 41956.900000 28589.000000 
38207.625000 42477.350000 15319.700000 15832.800000 11526.425000 5185.975000 62653.175000 71210.950000 11563.075000 70496.275000 10371.950000 38482.500000 135275.150000 36631.675000 77569.725000 55891.250000 
1953.737500 5044.325000 4089.800000 3428.425000 2289.787500 3530.312500 5553.762500 8308.300000 3558.912500 5947.012500 2434.575000 4897.750000 13134.550000 3283.637500 4634.987500 4204.200000 
17181.562500 36054.375000 25399.500000 16297.500000 15828.562500 21148.312500 7310.812500 21709.500000 20779.312500 12569.062500 14621.625000 11931.000000 39913.500000 11169.937500 32479.687500 14375.625000 
25640.850000 35602.500000 25154.400000 15763.800000 18421.650000 21255.750000 18478.050000 8135.700000 20437.950000 23300.250000 16271.400000 12619.500000 35094.900000 19253.550000 39867.750000 24957.000000 
7031.425000 10492.050000 6305.400000 2542.500000 3918.275000 4743.175000 6856.275000 7119.000000 4415.475000 8788.575000 3062.300000 2712.000000 17458.500000 5031.325000 13093.875000 8294.200000 
78453.700000 92515.800000 36644.400000 27445.600000 23562.500000 23034.700000 126332.700000 141375.000000 11423.100000 144881.100000 22846.200000 74042.800000 274079.000000 75211.500000 159433.300000 114834.200000 
9452.712500 12441.275000 7754.450000 3542.000000 5082.137500 6005.587500 10274.962500 10214.875000 5638.737500 12438.112500 4123.900000 5635.575000 21789.625000 8073.862500 16239.437500 11726.550000 
8597.062500 14113.125000 10500.750000 7254.000000 7875.562500 9152.812500 5467.312500 6371.625000 8870.062500 6729.937500 7312.500000 5869.500000 9506.250000 6695.812500 13554.937500 7707.375000 
1581.275000 2030.150000 1326.200000 693.500000 924.825000 1063.525000 1628.775000 1619.750000 1008.425000 1953.675000 780.900000 931.950000 3066.600000 1298.175000 2600.625000 1846.800000 
23170.987500 48702.450000 36072.900000 26166.975000 23493.787500 30494.512500 14919.412500 33813.300000 30655.912500 11166.862500 22333.725000 20982.000000 56025.975000 17380.762500 40178.512500 15978.600000 
12087.562500 19877.325000 9670.050000 3801.900000 2252.212500 5847.487500 19650.037500 23844.525000 6260.737500 22873.387500 0.000000 10703.175000 46945.200000 10145.287500 26881.912500 17728.425000 
4883.000000 12851.600000 10822.400000 8930.000000 6798.200000 9435.400000 11943.400000 18148.800000 9496.200000 11616.600000 7106.000000 10898.400000 28226.400000 7117.400000 7725.400000 7911.600000 
24063.875000 39682.500000 24603.150000 11050.050000 13644.675000 18976.375000 20197.375000 24684.550000 17796.075000 27157.075000 10541.300000 5270.650000 59259.200000 14845.325000 44597.025000 26495.700000 
4124.037500 12148.850000 8180.675000 5611.050000 2952.962500 5851.162500 11613.862500 17111.175000 5918.562500 12852.337500 3268.900000 9073.725000 29479.075000 5623.687500 13172.487500 8745.150000 
281463.000000 406770.000000 325852.800000 253234.800000 264755.400000 294457.800000 211356.600000 210756.000000 289434.600000 239639.400000 248102.400000 222222.000000 124051.200000 238875.000000 392519.400000 261534.000000 
11056.762500 22113.525000 11424.600000 5582.475000 2430.612500 7436.087500 19279.012500 25460.125000 7551.487500 22351.537500 1601.175000 11698.675000 49650.850000 9022.837500 26549.212500 16963.800000 
8585.625000 22449.150000 14122.600000 7458.950000 6609.425000 10790.775000 11525.825000 20448.850000 10887.175000 14092.475000 5916.550000 8953.150000 37089.900000 2958.275000 20575.375000 9917.150000 
12480.187500 25455.375000 22151.250000 19069.875000 15598.687500 19892.812500 23976.562500 34080.750000 19991.812500 23444.437500 16099.875000 22275.000000 50490.000000 16118.437500 8049.937500 17411.625000 
3727.762500 11116.875000 8229.375000 5826.975000 4628.662500 6632.587500 6476.662500 11884.950000 6678.787500 6101.287500 4440.975000 6843.375000 18722.550000 3693.112500 8596.087500 3285.975000 
4673.025000 13346.900000 7880.950000 4330.900000 2861.775000 5655.125000 9623.775000 14610.750000 5719.525000 11338.425000 2398.900000 6931.050000 26701.850000 3900.225000 13310.675000 7961.450000 
13451.687500 35106.250000 25927.250000 17347.625000 15249.812500 21192.187500 16808.187500 32845.750000 21329.187500 15695.062500 14693.250000 19385.500000 53121.750000 10951.437500 27888.062500 7346.625000 
372672.600000 229188.000000 203364.000000 322800.000000 261306.600000 229995.000000 681269.400000 810550.800000 258078.600000 728398.200000 261790.800000 512606.400000 1361570.400000 451435.800000 644793.000000 575875.200000 
9745.937500 18070.000000 12049.375000 7198.750000 7592.812500 9802.812500 5780.937500 10692.500000 9607.812500 8559.687500 6353.750000 4891.250000 21336.250000 5951.562500 17830.312500 9514.375000 
12055.125000 18181.050000 11400.900000 5307.000000 7379.475000 8870.925000 10865.625000 10202.250000 8340.225000 13994.925000 5984.100000 4154.100000 26946.750000 8459.175000 21470.475000 13697.550000 
97602.712500 73603.550000 59561.975000 83331.700000 65940.337500 56946.387500 185247.837500 222003.725000 73007.012500 198738.762500 65986.225000 137295.400000 378755.425000 119995.812500 174969.037500 155375.075000 
60774.512500 63568.425000 27330.550000 30982.000000 20497.912500 15076.062500 97731.612500 114578.075000 24757.937500 109515.837500 20525.575000 63513.100000 209073.175000 58395.537500 114439.762500 87468.825000 
54470.062500 65177.250000 52117.125000 40378.875000 44494.312500 47243.812500 47631.562500 34351.125000 46820.812500 53659.312500 42775.875000 39250.875000 40960.500000 48318.937500 73399.312500 55712.625000 
7146.300000 8618.200000 6428.800000 7822.800000 5211.100000 5621.100000 15256.100000 19762.000000 7047.900000 16305.700000 5658.000000 11939.200000 32644.200000 9417.700000 13583.300000 12308.200000 
38011.612500 70728.075000 39587.550000 15801.400000 16494.812500 27925.612500 49862.662500 62659.275000 26917.012500 61965.862500 10086.000000 22567.425000 133135.200000 23134.762500 81255.337500 47404.200000 
39723.312500 52917.875000 32225.450000 13627.400000 20427.137500 24504.187500 41119.562500 40854.275000 22884.537500 50669.912500 16196.500000 20636.575000 91957.025000 31401.662500 69686.837500 47528.350000 
16111.562500 20714.375000 15620.000000 11041.250000 12598.437500 13719.062500 12502.187500 7885.625000 13320.312500 14853.437500 11550.000000 10071.875000 13193.125000 13052.187500 23103.437500 15654.375000 
16981.250000 32575.000000 23312.500000 16250.000000 16268.750000 19856.250000 9331.250000 20750.000000 19556.250000 9543.750000 14550.000000 13087.500000 32087.500000 12481.250000 27518.750000 12525.000000 
168663.262500 210766.050000 169251.525000 131938.875000 144628.537500 153760.612500 134768.137500 109304.775000 150511.162500 149278.612500 136084.725000 124879.725000 89976.150000 142499.587500 224408.137500 160511.625000 
57109.862500 66703.000000 53124.175000 40919.725000 45381.862500 48057.312500 52583.587500 39050.575000 46994.462500 58814.087500 42605.625000 40553.225000 45922.450000 49175.137500 75966.287500 61003.925000 
15576.075000 18481.500000 14368.950000 10672.650000 12024.075000 12834.375000 14205.225000 10134.300000 12512.475000 16103.325000 11183.250000 10561.650000 14940.600000 13172.925000 21287.025000 16755.450000 
2542.487500 3928.575000 3020.850000 2205.000000 2361.187500 2682.137500 1756.037500 1983.275000 2611.087500 2073.312500 2174.375000 1857.100000 2006.550000 2064.737500 3788.312500 2318.925000 
34056.300000 34221.000000 24448.800000 31329.600000 21905.100000 20807.100000 69009.300000 86632.200000 27212.100000 74352.900000 23899.800000 51935.400000 147937.200000 42986.700000 64873.500000 56510.400000 
7095.675000 11999.100000 7886.550000 4190.250000 4847.925000 6351.975000 4903.425000 6421.350000 6030.075000 6801.525000 4001.550000 2614.050000 14979.450000 4503.825000 12617.925000 7448.100000 