10 20
59 48 65 43 64 65 57 49 58 30 
329.000000 144.000000 408.000000 202.000000 369.000000 440.000000 195.000000 162.000000 174.000000 197.000000 
12 18 18 19 26 21 18 19 18 11 22 21 13 19 13 14 22 17 27 28 
8.000000 85.000000 5.000000 49.000000 42.000000 8.000000 87.000000 93.000000 62.000000 84.000000 
9.000000 0.000000 4.000000 65.000000 59.000000 77.000000 26.000000 68.000000 91.000000 25.000000 
35.000000 21.000000 65.000000 94.000000 46.000000 29.000000 56.000000 47.000000 46.000000 75.000000 
60.000000 80.000000 82.000000 46.000000 16.000000 18.000000 78.000000 31.000000 45.000000 88.000000 
63.000000 44.000000 67.000000 47.000000 62.000000 74.000000 32.000000 5.000000 91.000000 44.000000 
96.000000 72.000000 38.000000 51.000000 26.000000 25.000000 34.000000 12.000000 97.000000 71.000000 
51.000000 36.000000 34.000000 53.000000 71.000000 0.000000 8.000000 21.000000 12.000000 95.000000 
81.000000 66.000000 17.000000 78.000000 70.000000 98.000000 28.000000 37.000000 59.000000 6.000000 
10.000000 62.000000 2.000000 26.000000 0.000000 71.000000 78.000000 26.000000 74.000000 41.000000 
95.000000 61.000000 92.000000 44.000000 54.000000 72.000000 39.000000 83.000000 25.000000 26.000000 
69.000000 79.000000 98.000000 17.000000 43.000000 53.000000 87.000000 88.000000 99.000000 9.000000 
38.000000 29.000000 95.000000 10.000000 41.000000 75.000000 28.000000 99.000000 51.000000 93.000000 
6.000000 8.000000 85.000000 45.000000 25.000000 65.000000 20.000000 67.000000 94.000000 82.000000 
42.000000 89.000000 91.000000 87.000000 2.000000 92.000000 54.000000 37.000000 69.000000 84.000000 
41.000000 17.000000 21.000000 34.000000 99.000000 22.000000 77.000000 90.000000 50.000000 73.000000 
80.000000 82.000000 63.000000 4.000000 82.000000 84.000000 75.000000 38.000000 87.000000 79.000000 
86.000000 31.000000 62.000000 49.000000 39.000000 46.000000 5.000000 3.000000 55.000000 95.000000 
46.000000 94.000000 87.000000 61.000000 15.000000 92.000000 18.000000 82.000000 5.000000 29.000000 
8.000000 56.000000 3.000000 11.000000 71.000000 18.000000 81.000000 77.000000 33.000000 76.000000 
65.000000 57.000000 8.000000 13.000000 19.000000 32.000000 89.000000 4.000000 25.000000 22.000000 