20 40
99 26 72 73 77 51 88 61 101 80 108 94 22 69 79 31 23 63 54 96 
1710.000000 958.000000 1326.000000 1786.000000 1023.000000 793.000000 1600.000000 1874.000000 1967.000000 2178.000000 3604.000000 2243.000000 555.000000 1518.000000 2105.000000 424.000000 339.000000 1582.000000 1624.000000 1646.000000 
22 11 18 20 13 14 16 22 12 22 26 12 26 12 29 27 16 22 29 29 27 25 23 17 20 26 24 19 20 27 24 29 18 21 16 24 14 17 12 14 
95.000000 22.000000 77.000000 89.000000 72.000000 45.000000 82.000000 16.000000 77.000000 96.000000 79.000000 45.000000 45.000000 16.000000 62.000000 49.000000 36.000000 78.000000 57.000000 87.000000 
0.000000 58.000000 34.000000 83.000000 2.000000 97.000000 14.000000 57.000000 71.000000 93.000000 80.000000 55.000000 24.000000 77.000000 72.000000 88.000000 83.000000 48.000000 40.000000 78.000000 
94.000000 73.000000 73.000000 76.000000 13.000000 93.000000 33.000000 94.000000 5.000000 67.000000 67.000000 67.000000 95.000000 59.000000 64.000000 44.000000 51.000000 47.000000 95.000000 64.000000 
78.000000 15.000000 35.000000 66.000000 82.000000 41.000000 70.000000 53.000000 14.000000 15.000000 40.000000 95.000000 94.000000 26.000000 48.000000 45.000000 1.000000 19.000000 63.000000 1.000000 
61.000000 8.000000 89.000000 43.000000 66.000000 81.000000 64.000000 30.000000 20.000000 64.000000 25.000000 21.000000 88.000000 98.000000 58.000000 74.000000 91.000000 60.000000 4.000000 26.000000 
72.000000 39.000000 93.000000 56.000000 43.000000 33.000000 40.000000 96.000000 60.000000 38.000000 14.000000 29.000000 8.000000 43.000000 58.000000 98.000000 89.000000 51.000000 33.000000 5.000000 
33.000000 93.000000 18.000000 88.000000 94.000000 93.000000 75.000000 92.000000 81.000000 22.000000 55.000000 81.000000 53.000000 32.000000 36.000000 55.000000 69.000000 60.000000 90.000000 53.000000 
72.000000 56.000000 23.000000 94.000000 56.000000 55.000000 53.000000 45.000000 25.000000 14.000000 93.000000 43.000000 73.000000 73.000000 87.000000 3.000000 22.000000 19.000000 82.000000 86.000000 
96.000000 58.000000 54.000000 22.000000 35.000000 20.000000 29.000000 90.000000 61.000000 66.000000 33.000000 21.000000 59.000000 50.000000 99.000000 62.000000 28.000000 73.000000 4.000000 28.000000 
23.000000 31.000000 93.000000 18.000000 84.000000 35.000000 41.000000 86.000000 35.000000 58.000000 51.000000 77.000000 88.000000 39.000000 81.000000 80.000000 85.000000 50.000000 56.000000 67.000000 
70.000000 5.000000 3.000000 84.000000 77.000000 63.000000 26.000000 60.000000 60.000000 63.000000 91.000000 18.000000 16.000000 80.000000 2.000000 13.000000 72.000000 2.000000 89.000000 35.000000 
33.000000 64.000000 27.000000 40.000000 24.000000 82.000000 62.000000 19.000000 54.000000 84.000000 23.000000 92.000000 7.000000 19.000000 35.000000 5.000000 17.000000 6.000000 59.000000 63.000000 
96.000000 37.000000 38.000000 18.000000 24.000000 58.000000 13.000000 12.000000 3.000000 88.000000 40.000000 29.000000 50.000000 54.000000 27.000000 7.000000 77.000000 42.000000 73.000000 29.000000 
81.000000 0.000000 60.000000 79.000000 43.000000 46.000000 59.000000 27.000000 7.000000 56.000000 28.000000 5.000000 92.000000 49.000000 22.000000 60.000000 54.000000 77.000000 43.000000 7.000000 
6.000000 2.000000 98.000000 26.000000 58.000000 15.000000 44.000000 62.000000 35.000000 20.000000 38.000000 34.000000 89.000000 95.000000 22.000000 45.000000 12.000000 13.000000 6.000000 74.000000 
13.000000 57.000000 38.000000 74.000000 14.000000 93.000000 65.000000 5.000000 96.000000 68.000000 34.000000 91.000000 68.000000 43.000000 68.000000 63.000000 64.000000 0.000000 43.000000 46.000000 
95.000000 55.000000 31.000000 83.000000 88.000000 84.000000 86.000000 12.000000 7.000000 41.000000 4.000000 47.000000 32.000000 22.000000 63.000000 12.000000 42.000000 7.000000 40.000000 45.000000 
29.000000 78.000000 48.000000 64.000000 38.000000 3.000000 54.000000 58.000000 9.000000 30.000000 62.000000 53.000000 65.000000 33.000000 71.000000 59.000000 73.000000 97.000000 51.000000 8.000000 
84.000000 43.000000 80.000000 29.000000 2.000000 29.000000 56.000000 15.000000 62.000000 70.000000 67.000000 0.000000 15.000000 72.000000 74.000000 32.000000 27.000000 64.000000 55.000000 9.000000 
74.000000 92.000000 12.000000 32.000000 64.000000 78.000000 29.000000 72.000000 26.000000 82.000000 42.000000 65.000000 57.000000 24.000000 59.000000 83.000000 94.000000 25.000000 39.000000 36.000000 
76.000000 5.000000 14.000000 22.000000 5.000000 31.000000 21.000000 2.000000 7.000000 5.000000 72.000000 91.000000 73.000000 41.000000 80.000000 87.000000 23.000000 59.000000 23.000000 62.000000 
15.000000 6.000000 7.000000 18.000000 3.000000 82.000000 66.000000 48.000000 15.000000 24.000000 9.000000 81.000000 93.000000 75.000000 99.000000 90.000000 33.000000 54.000000 24.000000 89.000000 
8.000000 93.000000 2.000000 62.000000 56.000000 99.000000 24.000000 76.000000 82.000000 85.000000 19.000000 1.000000 92.000000 49.000000 16.000000 9.000000 61.000000 5.000000 22.000000 48.000000 
10.000000 4.000000 37.000000 10.000000 36.000000 86.000000 87.000000 14.000000 22.000000 58.000000 41.000000 10.000000 25.000000 88.000000 43.000000 57.000000 11.000000 55.000000 76.000000 14.000000 
94.000000 9.000000 31.000000 86.000000 97.000000 13.000000 64.000000 83.000000 28.000000 76.000000 49.000000 83.000000 58.000000 16.000000 68.000000 39.000000 36.000000 88.000000 93.000000 34.000000 
78.000000 76.000000 52.000000 90.000000 10.000000 43.000000 89.000000 92.000000 59.000000 66.000000 41.000000 68.000000 22.000000 26.000000 24.000000 49.000000 56.000000 14.000000 68.000000 91.000000 
64.000000 67.000000 65.000000 34.000000 74.000000 73.000000 17.000000 39.000000 38.000000 69.000000 78.000000 20.000000 95.000000 59.000000 62.000000 56.000000 80.000000 3.000000 33.000000 63.000000 
59.000000 55.000000 0.000000 61.000000 39.000000 71.000000 8.000000 49.000000 79.000000 85.000000 70.000000 88.000000 90.000000 46.000000 88.000000 60.000000 10.000000 57.000000 76.000000 35.000000 
95.000000 64.000000 55.000000 70.000000 52.000000 74.000000 0.000000 40.000000 10.000000 5.000000 67.000000 46.000000 6.000000 13.000000 4.000000 70.000000 31.000000 25.000000 44.000000 73.000000 
64.000000 80.000000 34.000000 34.000000 86.000000 69.000000 34.000000 3.000000 53.000000 19.000000 10.000000 6.000000 73.000000 47.000000 81.000000 14.000000 14.000000 5.000000 16.000000 79.000000 
37.000000 78.000000 82.000000 94.000000 30.000000 98.000000 80.000000 27.000000 93.000000 7.000000 41.000000 41.000000 94.000000 65.000000 48.000000 92.000000 96.000000 88.000000 18.000000 81.000000 
27.000000 74.000000 55.000000 87.000000 49.000000 35.000000 65.000000 9.000000 32.000000 56.000000 85.000000 16.000000 58.000000 44.000000 65.000000 43.000000 97.000000 35.000000 26.000000 20.000000 
32.000000 82.000000 55.000000 1.000000 38.000000 27.000000 24.000000 34.000000 21.000000 45.000000 52.000000 95.000000 91.000000 6.000000 24.000000 66.000000 8.000000 88.000000 64.000000 45.000000 
43.000000 45.000000 5.000000 96.000000 32.000000 16.000000 5.000000 7.000000 9.000000 16.000000 16.000000 88.000000 65.000000 54.000000 92.000000 32.000000 50.000000 68.000000 97.000000 31.000000 
27.000000 75.000000 47.000000 24.000000 40.000000 67.000000 0.000000 89.000000 51.000000 7.000000 82.000000 37.000000 71.000000 9.000000 98.000000 71.000000 79.000000 1.000000 86.000000 80.000000 
5.000000 1.000000 96.000000 30.000000 21.000000 71.000000 7.000000 40.000000 73.000000 9.000000 26.000000 64.000000 39.000000 4.000000 14.000000 25.000000 5.000000 74.000000 42.000000 52.000000 
84.000000 35.000000 71.000000 35.000000 23.000000 2.000000 10.000000 97.000000 80.000000 95.000000 93.000000 36.000000 59.000000 17.000000 86.000000 94.000000 41.000000 23.000000 0.000000 63.000000 
32.000000 87.000000 91.000000 15.000000 42.000000 52.000000 60.000000 39.000000 54.000000 12.000000 81.000000 10.000000 30.000000 59.000000 34.000000 16.000000 95.000000 94.000000 8.000000 35.000000 
75.000000 90.000000 9.000000 28.000000 81.000000 57.000000 78.000000 88.000000 73.000000 42.000000 23.000000 68.000000 40.000000 55.000000 98.000000 71.000000 84.000000 29.000000 92.000000 82.000000 
88.000000 35.000000 22.000000 70.000000 18.000000 7.000000 20.000000 85.000000 67.000000 73.000000 85.000000 49.000000 68.000000 67.000000 13.000000 88.000000 17.000000 83.000000 40.000000 70.000000 