20 40
111 54 74 108 36 64 112 35 61 104 92 56 35 23 80 113 37 94 83 94 
2772.000000 1265.000000 1608.000000 3663.000000 1660.000000 2763.000000 2584.000000 1008.000000 1333.000000 4485.000000 2439.000000 2248.000000 1333.000000 704.000000 3432.000000 4935.000000 1045.000000 4001.000000 1964.000000 2574.000000 
12 21 21 18 22 16 14 27 18 22 12 10 23 15 23 29 13 15 16 19 22 27 18 14 19 22 11 16 23 15 15 23 15 10 11 14 10 28 24 21 
89.000000 14.000000 99.000000 56.000000 50.000000 76.000000 59.000000 14.000000 65.000000 13.000000 5.000000 88.000000 85.000000 66.000000 66.000000 20.000000 21.000000 94.000000 0.000000 67.000000 
30.000000 41.000000 30.000000 31.000000 67.000000 32.000000 88.000000 16.000000 97.000000 54.000000 44.000000 20.000000 42.000000 59.000000 1.000000 40.000000 34.000000 10.000000 86.000000 27.000000 
89.000000 31.000000 65.000000 18.000000 8.000000 56.000000 65.000000 48.000000 2.000000 84.000000 80.000000 17.000000 61.000000 63.000000 89.000000 49.000000 41.000000 92.000000 23.000000 74.000000 
32.000000 96.000000 49.000000 39.000000 16.000000 10.000000 65.000000 3.000000 54.000000 87.000000 22.000000 81.000000 39.000000 14.000000 10.000000 53.000000 13.000000 95.000000 92.000000 40.000000 
41.000000 39.000000 52.000000 12.000000 77.000000 65.000000 98.000000 89.000000 68.000000 4.000000 49.000000 50.000000 97.000000 73.000000 84.000000 47.000000 36.000000 34.000000 22.000000 9.000000 
75.000000 74.000000 86.000000 66.000000 56.000000 74.000000 60.000000 37.000000 0.000000 37.000000 26.000000 60.000000 34.000000 3.000000 61.000000 58.000000 51.000000 76.000000 28.000000 75.000000 
36.000000 31.000000 76.000000 2.000000 75.000000 76.000000 53.000000 14.000000 15.000000 0.000000 81.000000 61.000000 29.000000 12.000000 55.000000 90.000000 22.000000 72.000000 65.000000 98.000000 
86.000000 59.000000 49.000000 34.000000 69.000000 16.000000 34.000000 2.000000 24.000000 98.000000 8.000000 42.000000 73.000000 81.000000 43.000000 80.000000 69.000000 20.000000 67.000000 70.000000 
64.000000 74.000000 34.000000 95.000000 14.000000 16.000000 57.000000 65.000000 63.000000 18.000000 2.000000 53.000000 7.000000 62.000000 48.000000 48.000000 23.000000 20.000000 75.000000 23.000000 
4.000000 8.000000 19.000000 36.000000 50.000000 15.000000 18.000000 15.000000 96.000000 43.000000 40.000000 9.000000 82.000000 20.000000 50.000000 85.000000 98.000000 72.000000 77.000000 20.000000 
45.000000 69.000000 80.000000 1.000000 15.000000 73.000000 15.000000 52.000000 68.000000 52.000000 68.000000 38.000000 67.000000 55.000000 98.000000 14.000000 80.000000 38.000000 0.000000 27.000000 
92.000000 7.000000 90.000000 83.000000 62.000000 1.000000 77.000000 41.000000 15.000000 43.000000 54.000000 91.000000 78.000000 31.000000 37.000000 31.000000 78.000000 38.000000 46.000000 53.000000 
69.000000 50.000000 79.000000 99.000000 53.000000 61.000000 37.000000 43.000000 20.000000 6.000000 16.000000 20.000000 11.000000 95.000000 43.000000 6.000000 89.000000 78.000000 47.000000 7.000000 
65.000000 62.000000 82.000000 25.000000 14.000000 60.000000 42.000000 14.000000 84.000000 30.000000 43.000000 21.000000 81.000000 50.000000 50.000000 94.000000 74.000000 23.000000 82.000000 1.000000 
65.000000 24.000000 24.000000 87.000000 21.000000 17.000000 27.000000 54.000000 38.000000 11.000000 66.000000 65.000000 16.000000 38.000000 9.000000 83.000000 45.000000 58.000000 91.000000 11.000000 
37.000000 44.000000 12.000000 86.000000 52.000000 85.000000 6.000000 47.000000 5.000000 11.000000 33.000000 79.000000 58.000000 43.000000 12.000000 3.000000 11.000000 5.000000 74.000000 63.000000 
81.000000 59.000000 25.000000 31.000000 4.000000 52.000000 39.000000 35.000000 9.000000 76.000000 12.000000 65.000000 56.000000 98.000000 62.000000 41.000000 21.000000 87.000000 49.000000 18.000000 
91.000000 68.000000 47.000000 77.000000 78.000000 64.000000 96.000000 31.000000 84.000000 14.000000 22.000000 30.000000 77.000000 78.000000 90.000000 59.000000 31.000000 59.000000 29.000000 60.000000 
82.000000 15.000000 62.000000 7.000000 80.000000 34.000000 11.000000 37.000000 23.000000 89.000000 64.000000 3.000000 42.000000 10.000000 32.000000 6.000000 50.000000 37.000000 23.000000 20.000000 
63.000000 22.000000 16.000000 11.000000 80.000000 22.000000 10.000000 38.000000 67.000000 87.000000 92.000000 52.000000 86.000000 24.000000 27.000000 55.000000 64.000000 18.000000 76.000000 87.000000 
80.000000 18.000000 12.000000 34.000000 37.000000 28.000000 55.000000 89.000000 42.000000 58.000000 70.000000 4.000000 87.000000 31.000000 0.000000 28.000000 36.000000 47.000000 13.000000 92.000000 
48.000000 38.000000 96.000000 12.000000 83.000000 99.000000 23.000000 10.000000 81.000000 38.000000 84.000000 67.000000 9.000000 3.000000 36.000000 80.000000 22.000000 84.000000 35.000000 59.000000 
60.000000 75.000000 43.000000 5.000000 10.000000 68.000000 29.000000 58.000000 82.000000 2.000000 5.000000 83.000000 79.000000 87.000000 61.000000 55.000000 77.000000 85.000000 97.000000 61.000000 
20.000000 7.000000 63.000000 11.000000 21.000000 70.000000 59.000000 43.000000 8.000000 16.000000 45.000000 59.000000 57.000000 82.000000 77.000000 29.000000 7.000000 81.000000 58.000000 43.000000 
49.000000 40.000000 74.000000 6.000000 31.000000 83.000000 65.000000 5.000000 15.000000 76.000000 24.000000 83.000000 88.000000 60.000000 47.000000 16.000000 15.000000 43.000000 82.000000 64.000000 
76.000000 35.000000 16.000000 46.000000 24.000000 21.000000 39.000000 68.000000 67.000000 43.000000 48.000000 85.000000 59.000000 8.000000 86.000000 96.000000 43.000000 48.000000 38.000000 99.000000 
86.000000 14.000000 9.000000 37.000000 9.000000 57.000000 76.000000 38.000000 85.000000 46.000000 86.000000 17.000000 73.000000 23.000000 30.000000 86.000000 97.000000 84.000000 22.000000 0.000000 
99.000000 49.000000 66.000000 45.000000 27.000000 54.000000 88.000000 20.000000 19.000000 78.000000 68.000000 81.000000 21.000000 90.000000 87.000000 68.000000 23.000000 80.000000 92.000000 96.000000 
17.000000 0.000000 33.000000 16.000000 13.000000 39.000000 26.000000 54.000000 54.000000 12.000000 52.000000 91.000000 27.000000 19.000000 82.000000 48.000000 58.000000 23.000000 6.000000 83.000000 
34.000000 40.000000 94.000000 11.000000 94.000000 44.000000 24.000000 8.000000 91.000000 36.000000 43.000000 69.000000 88.000000 25.000000 63.000000 7.000000 77.000000 12.000000 97.000000 41.000000 
13.000000 91.000000 84.000000 89.000000 93.000000 96.000000 73.000000 79.000000 52.000000 61.000000 45.000000 26.000000 26.000000 78.000000 13.000000 57.000000 21.000000 61.000000 13.000000 77.000000 
86.000000 53.000000 83.000000 96.000000 68.000000 38.000000 97.000000 74.000000 14.000000 48.000000 91.000000 43.000000 37.000000 59.000000 2.000000 33.000000 56.000000 45.000000 17.000000 81.000000 
99.000000 8.000000 90.000000 24.000000 2.000000 8.000000 73.000000 97.000000 58.000000 79.000000 78.000000 78.000000 1.000000 86.000000 69.000000 79.000000 19.000000 58.000000 36.000000 36.000000 
40.000000 22.000000 9.000000 72.000000 29.000000 1.000000 19.000000 43.000000 93.000000 57.000000 0.000000 63.000000 83.000000 7.000000 8.000000 92.000000 39.000000 19.000000 79.000000 22.000000 
7.000000 82.000000 73.000000 2.000000 48.000000 9.000000 62.000000 79.000000 96.000000 99.000000 59.000000 48.000000 38.000000 87.000000 10.000000 47.000000 35.000000 51.000000 79.000000 27.000000 
96.000000 45.000000 12.000000 90.000000 79.000000 97.000000 42.000000 75.000000 75.000000 72.000000 92.000000 34.000000 8.000000 2.000000 83.000000 24.000000 52.000000 23.000000 31.000000 19.000000 
44.000000 75.000000 26.000000 2.000000 57.000000 67.000000 4.000000 2.000000 43.000000 90.000000 56.000000 81.000000 77.000000 44.000000 46.000000 92.000000 55.000000 15.000000 17.000000 60.000000 
22.000000 6.000000 25.000000 44.000000 47.000000 21.000000 19.000000 7.000000 57.000000 51.000000 46.000000 83.000000 3.000000 98.000000 75.000000 26.000000 15.000000 59.000000 59.000000 77.000000 
85.000000 49.000000 53.000000 83.000000 64.000000 16.000000 1.000000 57.000000 70.000000 98.000000 37.000000 66.000000 54.000000 28.000000 47.000000 77.000000 50.000000 69.000000 24.000000 98.000000 
26.000000 40.000000 83.000000 15.000000 3.000000 78.000000 27.000000 82.000000 97.000000 36.000000 95.000000 28.000000 32.000000 8.000000 1.000000 99.000000 1.000000 43.000000 81.000000 36.000000 