20 40
43 61 69 21 64 22 49 60 48 60 39 59 50 82 21 69 38 30 78 76 
1518.000000 1595.000000 3224.000000 1216.000000 2416.000000 803.000000 1148.000000 3188.000000 3034.000000 1946.000000 2228.000000 3656.000000 2313.000000 5073.000000 704.000000 1980.000000 890.000000 1929.000000 3781.000000 1866.000000 
12 21 21 18 22 16 14 27 18 22 12 10 23 15 23 29 13 15 16 19 22 27 18 14 19 22 11 16 23 15 15 23 15 10 11 14 10 28 24 21 
83.000000 62.000000 1.000000 77.000000 41.000000 15.000000 43.000000 54.000000 91.000000 78.000000 31.000000 37.000000 31.000000 78.000000 38.000000 46.000000 53.000000 69.000000 50.000000 79.000000 
99.000000 53.000000 61.000000 37.000000 43.000000 20.000000 6.000000 16.000000 20.000000 11.000000 95.000000 43.000000 6.000000 89.000000 78.000000 47.000000 7.000000 65.000000 62.000000 82.000000 
25.000000 14.000000 60.000000 42.000000 14.000000 84.000000 30.000000 43.000000 21.000000 81.000000 50.000000 50.000000 94.000000 74.000000 23.000000 82.000000 1.000000 65.000000 24.000000 24.000000 
87.000000 21.000000 17.000000 27.000000 54.000000 38.000000 11.000000 66.000000 65.000000 16.000000 38.000000 9.000000 83.000000 45.000000 58.000000 91.000000 11.000000 37.000000 44.000000 12.000000 
86.000000 52.000000 85.000000 6.000000 47.000000 5.000000 11.000000 33.000000 79.000000 58.000000 43.000000 12.000000 3.000000 11.000000 5.000000 74.000000 63.000000 81.000000 59.000000 25.000000 
31.000000 4.000000 52.000000 39.000000 35.000000 9.000000 76.000000 12.000000 65.000000 56.000000 98.000000 62.000000 41.000000 21.000000 87.000000 49.000000 18.000000 91.000000 68.000000 47.000000 
77.000000 78.000000 64.000000 96.000000 31.000000 84.000000 14.000000 22.000000 30.000000 77.000000 78.000000 90.000000 59.000000 31.000000 59.000000 29.000000 60.000000 82.000000 15.000000 62.000000 
7.000000 80.000000 34.000000 11.000000 37.000000 23.000000 89.000000 64.000000 3.000000 42.000000 10.000000 32.000000 6.000000 50.000000 37.000000 23.000000 20.000000 63.000000 22.000000 16.000000 
11.000000 80.000000 22.000000 10.000000 38.000000 67.000000 87.000000 92.000000 52.000000 86.000000 24.000000 27.000000 55.000000 64.000000 18.000000 76.000000 87.000000 80.000000 18.000000 12.000000 
34.000000 37.000000 28.000000 55.000000 89.000000 42.000000 58.000000 70.000000 4.000000 87.000000 31.000000 0.000000 28.000000 36.000000 47.000000 13.000000 92.000000 48.000000 38.000000 96.000000 
12.000000 83.000000 99.000000 23.000000 10.000000 81.000000 38.000000 84.000000 67.000000 9.000000 3.000000 36.000000 80.000000 22.000000 84.000000 35.000000 59.000000 60.000000 75.000000 43.000000 
5.000000 10.000000 68.000000 29.000000 58.000000 82.000000 2.000000 5.000000 83.000000 79.000000 87.000000 61.000000 55.000000 77.000000 85.000000 97.000000 61.000000 20.000000 7.000000 63.000000 
11.000000 21.000000 70.000000 59.000000 43.000000 8.000000 16.000000 45.000000 59.000000 57.000000 82.000000 77.000000 29.000000 7.000000 81.000000 58.000000 43.000000 49.000000 40.000000 74.000000 
6.000000 31.000000 83.000000 65.000000 5.000000 15.000000 76.000000 24.000000 83.000000 88.000000 60.000000 47.000000 16.000000 15.000000 43.000000 82.000000 64.000000 76.000000 35.000000 16.000000 
46.000000 24.000000 21.000000 39.000000 68.000000 67.000000 43.000000 48.000000 85.000000 59.000000 8.000000 86.000000 96.000000 43.000000 48.000000 38.000000 99.000000 86.000000 14.000000 9.000000 
37.000000 9.000000 57.000000 76.000000 38.000000 85.000000 46.000000 86.000000 17.000000 73.000000 23.000000 30.000000 86.000000 97.000000 84.000000 22.000000 0.000000 99.000000 49.000000 66.000000 
45.000000 27.000000 54.000000 88.000000 20.000000 19.000000 78.000000 68.000000 81.000000 21.000000 90.000000 87.000000 68.000000 23.000000 80.000000 92.000000 96.000000 17.000000 0.000000 33.000000 
16.000000 13.000000 39.000000 26.000000 54.000000 54.000000 12.000000 52.000000 91.000000 27.000000 19.000000 82.000000 48.000000 58.000000 23.000000 6.000000 83.000000 34.000000 40.000000 94.000000 
11.000000 94.000000 44.000000 24.000000 8.000000 91.000000 36.000000 43.000000 69.000000 88.000000 25.000000 63.000000 7.000000 77.000000 12.000000 97.000000 41.000000 13.000000 91.000000 84.000000 
89.000000 93.000000 96.000000 73.000000 79.000000 52.000000 61.000000 45.000000 26.000000 26.000000 78.000000 13.000000 57.000000 21.000000 61.000000 13.000000 77.000000 86.000000 53.000000 83.000000 
96.000000 68.000000 38.000000 97.000000 74.000000 14.000000 48.000000 91.000000 43.000000 37.000000 59.000000 2.000000 33.000000 56.000000 45.000000 17.000000 81.000000 99.000000 8.000000 90.000000 
24.000000 2.000000 8.000000 73.000000 97.000000 58.000000 79.000000 78.000000 78.000000 1.000000 86.000000 69.000000 79.000000 19.000000 58.000000 36.000000 36.000000 40.000000 22.000000 9.000000 
72.000000 29.000000 1.000000 19.000000 43.000000 93.000000 57.000000 0.000000 63.000000 83.000000 7.000000 8.000000 92.000000 39.000000 19.000000 79.000000 22.000000 7.000000 82.000000 73.000000 
2.000000 48.000000 9.000000 62.000000 79.000000 96.000000 99.000000 59.000000 48.000000 38.000000 87.000000 10.000000 47.000000 35.000000 51.000000 79.000000 27.000000 96.000000 45.000000 12.000000 
90.000000 79.000000 97.000000 42.000000 75.000000 75.000000 72.000000 92.000000 34.000000 8.000000 2.000000 83.000000 24.000000 52.000000 23.000000 31.000000 19.000000 44.000000 75.000000 26.000000 
2.000000 57.000000 67.000000 4.000000 2.000000 43.000000 90.000000 56.000000 81.000000 77.000000 44.000000 46.000000 92.000000 55.000000 15.000000 17.000000 60.000000 22.000000 6.000000 25.000000 
44.000000 47.000000 21.000000 19.000000 7.000000 57.000000 51.000000 46.000000 83.000000 3.000000 98.000000 75.000000 26.000000 15.000000 59.000000 59.000000 77.000000 85.000000 49.000000 53.000000 
83.000000 64.000000 16.000000 1.000000 57.000000 70.000000 98.000000 37.000000 66.000000 54.000000 28.000000 47.000000 77.000000 50.000000 69.000000 24.000000 98.000000 26.000000 40.000000 83.000000 
15.000000 3.000000 78.000000 27.000000 82.000000 97.000000 36.000000 95.000000 28.000000 32.000000 8.000000 1.000000 99.000000 1.000000 43.000000 81.000000 36.000000 76.000000 81.000000 86.000000 
50.000000 14.000000 23.000000 82.000000 65.000000 85.000000 23.000000 72.000000 32.000000 38.000000 59.000000 24.000000 21.000000 67.000000 25.000000 80.000000 69.000000 54.000000 41.000000 88.000000 
18.000000 99.000000 92.000000 64.000000 83.000000 51.000000 32.000000 94.000000 39.000000 17.000000 96.000000 27.000000 3.000000 13.000000 46.000000 7.000000 54.000000 64.000000 10.000000 63.000000 
27.000000 86.000000 4.000000 53.000000 68.000000 10.000000 45.000000 12.000000 23.000000 5.000000 92.000000 68.000000 23.000000 43.000000 79.000000 33.000000 70.000000 93.000000 13.000000 54.000000 
39.000000 30.000000 76.000000 4.000000 53.000000 29.000000 27.000000 55.000000 0.000000 40.000000 5.000000 31.000000 91.000000 86.000000 89.000000 62.000000 82.000000 40.000000 45.000000 81.000000 
14.000000 37.000000 82.000000 22.000000 29.000000 64.000000 92.000000 31.000000 86.000000 23.000000 41.000000 77.000000 68.000000 43.000000 51.000000 40.000000 65.000000 5.000000 70.000000 15.000000 
69.000000 7.000000 32.000000 37.000000 14.000000 67.000000 56.000000 45.000000 52.000000 56.000000 30.000000 25.000000 49.000000 2.000000 76.000000 88.000000 34.000000 3.000000 3.000000 8.000000 
39.000000 57.000000 92.000000 85.000000 20.000000 76.000000 49.000000 37.000000 38.000000 54.000000 52.000000 27.000000 40.000000 3.000000 62.000000 72.000000 74.000000 76.000000 69.000000 2.000000 
28.000000 50.000000 1.000000 61.000000 72.000000 21.000000 11.000000 62.000000 46.000000 42.000000 35.000000 46.000000 25.000000 24.000000 67.000000 7.000000 50.000000 43.000000 96.000000 78.000000 
8.000000 55.000000 22.000000 90.000000 1.000000 8.000000 16.000000 56.000000 35.000000 79.000000 15.000000 38.000000 20.000000 7.000000 60.000000 87.000000 61.000000 81.000000 0.000000 93.000000 
84.000000 9.000000 56.000000 55.000000 26.000000 73.000000 90.000000 74.000000 74.000000 48.000000 20.000000 23.000000 47.000000 55.000000 4.000000 55.000000 52.000000 44.000000 62.000000 41.000000 
46.000000 56.000000 5.000000 60.000000 98.000000 1.000000 6.000000 78.000000 30.000000 38.000000 28.000000 83.000000 79.000000 71.000000 85.000000 76.000000 9.000000 68.000000 8.000000 21.000000 