20 40
174 58 199 325 123 79 165 268 139 26 89 112 330 28 55 55 199 115 274 210 
1146.000000 315.000000 929.000000 1599.000000 791.000000 205.000000 547.000000 928.000000 395.000000 89.000000 267.000000 506.000000 2275.000000 103.000000 271.000000 176.000000 974.000000 292.000000 1689.000000 1300.000000 
15 36 31 27 6 5 35 34 37 1 10 31 30 9 19 16 21 12 33 26 27 36 27 18 38 14 2 8 20 23 20 10 6 32 36 38 6 4 38 22 
24.000000 93.000000 94.000000 77.000000 24.000000 14.000000 66.000000 34.000000 95.000000 85.000000 21.000000 64.000000 59.000000 76.000000 90.000000 48.000000 67.000000 33.000000 69.000000 44.000000 
27.000000 31.000000 42.000000 51.000000 43.000000 31.000000 89.000000 24.000000 58.000000 85.000000 83.000000 36.000000 75.000000 35.000000 43.000000 74.000000 31.000000 22.000000 80.000000 8.000000 
28.000000 68.000000 54.000000 47.000000 48.000000 28.000000 44.000000 8.000000 15.000000 12.000000 78.000000 40.000000 74.000000 11.000000 86.000000 73.000000 0.000000 3.000000 85.000000 5.000000 
54.000000 8.000000 84.000000 35.000000 66.000000 13.000000 77.000000 98.000000 88.000000 96.000000 79.000000 75.000000 58.000000 26.000000 2.000000 75.000000 80.000000 92.000000 82.000000 12.000000 
88.000000 16.000000 7.000000 30.000000 95.000000 84.000000 28.000000 0.000000 22.000000 1.000000 30.000000 83.000000 26.000000 41.000000 27.000000 28.000000 68.000000 58.000000 95.000000 2.000000 
92.000000 86.000000 75.000000 21.000000 19.000000 45.000000 74.000000 63.000000 86.000000 63.000000 45.000000 50.000000 20.000000 69.000000 15.000000 79.000000 87.000000 56.000000 8.000000 40.000000 
62.000000 90.000000 63.000000 54.000000 15.000000 57.000000 62.000000 25.000000 94.000000 49.000000 18.000000 81.000000 64.000000 21.000000 71.000000 48.000000 22.000000 1.000000 12.000000 90.000000 
5.000000 12.000000 23.000000 2.000000 60.000000 37.000000 2.000000 37.000000 44.000000 52.000000 12.000000 14.000000 61.000000 97.000000 82.000000 32.000000 69.000000 55.000000 33.000000 78.000000 
13.000000 78.000000 18.000000 22.000000 50.000000 57.000000 0.000000 26.000000 0.000000 41.000000 97.000000 7.000000 11.000000 45.000000 80.000000 43.000000 40.000000 5.000000 95.000000 3.000000 
79.000000 71.000000 47.000000 34.000000 85.000000 39.000000 66.000000 53.000000 89.000000 69.000000 52.000000 20.000000 91.000000 43.000000 51.000000 77.000000 70.000000 55.000000 21.000000 96.000000 
61.000000 30.000000 99.000000 66.000000 89.000000 32.000000 57.000000 12.000000 48.000000 95.000000 17.000000 21.000000 72.000000 84.000000 73.000000 20.000000 37.000000 82.000000 27.000000 38.000000 
90.000000 56.000000 39.000000 44.000000 90.000000 41.000000 53.000000 32.000000 14.000000 46.000000 47.000000 9.000000 58.000000 84.000000 19.000000 7.000000 38.000000 69.000000 99.000000 7.000000 
67.000000 28.000000 68.000000 71.000000 72.000000 33.000000 6.000000 5.000000 69.000000 40.000000 3.000000 95.000000 6.000000 99.000000 15.000000 3.000000 63.000000 67.000000 40.000000 9.000000 
39.000000 36.000000 46.000000 30.000000 86.000000 65.000000 85.000000 55.000000 74.000000 72.000000 57.000000 87.000000 70.000000 23.000000 30.000000 69.000000 93.000000 37.000000 17.000000 33.000000 
68.000000 76.000000 64.000000 16.000000 87.000000 1.000000 9.000000 13.000000 54.000000 13.000000 7.000000 68.000000 67.000000 4.000000 41.000000 32.000000 81.000000 86.000000 56.000000 22.000000 
32.000000 82.000000 86.000000 73.000000 23.000000 98.000000 62.000000 65.000000 17.000000 86.000000 31.000000 58.000000 69.000000 0.000000 9.000000 81.000000 2.000000 90.000000 54.000000 49.000000 
0.000000 73.000000 29.000000 2.000000 90.000000 3.000000 10.000000 99.000000 23.000000 6.000000 23.000000 4.000000 64.000000 65.000000 46.000000 47.000000 85.000000 68.000000 5.000000 47.000000 
94.000000 44.000000 28.000000 45.000000 47.000000 72.000000 67.000000 55.000000 33.000000 17.000000 85.000000 48.000000 30.000000 36.000000 63.000000 42.000000 66.000000 58.000000 83.000000 29.000000 
31.000000 35.000000 3.000000 86.000000 37.000000 9.000000 1.000000 49.000000 5.000000 48.000000 78.000000 39.000000 41.000000 49.000000 41.000000 71.000000 18.000000 99.000000 97.000000 88.000000 
85.000000 58.000000 47.000000 8.000000 67.000000 90.000000 41.000000 54.000000 20.000000 69.000000 49.000000 26.000000 70.000000 29.000000 44.000000 35.000000 38.000000 25.000000 21.000000 85.000000 
27.000000 51.000000 81.000000 0.000000 41.000000 13.000000 60.000000 23.000000 42.000000 39.000000 85.000000 19.000000 76.000000 10.000000 84.000000 88.000000 23.000000 23.000000 80.000000 40.000000 
44.000000 10.000000 48.000000 10.000000 45.000000 93.000000 25.000000 6.000000 69.000000 47.000000 78.000000 17.000000 85.000000 89.000000 93.000000 25.000000 44.000000 19.000000 28.000000 98.000000 
20.000000 95.000000 51.000000 70.000000 43.000000 95.000000 48.000000 7.000000 5.000000 21.000000 71.000000 39.000000 97.000000 25.000000 76.000000 8.000000 4.000000 82.000000 53.000000 42.000000 
50.000000 35.000000 53.000000 71.000000 5.000000 70.000000 73.000000 45.000000 70.000000 26.000000 45.000000 7.000000 97.000000 20.000000 42.000000 50.000000 39.000000 59.000000 95.000000 46.000000 
9.000000 66.000000 90.000000 25.000000 7.000000 35.000000 85.000000 60.000000 35.000000 98.000000 66.000000 68.000000 19.000000 70.000000 28.000000 33.000000 8.000000 4.000000 59.000000 27.000000 
3.000000 66.000000 63.000000 68.000000 57.000000 17.000000 34.000000 54.000000 35.000000 70.000000 85.000000 46.000000 28.000000 43.000000 89.000000 7.000000 67.000000 33.000000 80.000000 17.000000 
72.000000 91.000000 31.000000 97.000000 30.000000 57.000000 91.000000 50.000000 3.000000 97.000000 70.000000 74.000000 96.000000 42.000000 91.000000 14.000000 29.000000 35.000000 35.000000 61.000000 
19.000000 19.000000 84.000000 9.000000 42.000000 31.000000 2.000000 32.000000 39.000000 85.000000 21.000000 39.000000 87.000000 61.000000 43.000000 28.000000 54.000000 26.000000 34.000000 29.000000 
95.000000 53.000000 4.000000 25.000000 68.000000 34.000000 90.000000 85.000000 83.000000 72.000000 82.000000 40.000000 96.000000 23.000000 62.000000 0.000000 27.000000 10.000000 41.000000 82.000000 
49.000000 33.000000 24.000000 1.000000 99.000000 56.000000 31.000000 46.000000 81.000000 28.000000 56.000000 41.000000 80.000000 77.000000 37.000000 56.000000 7.000000 93.000000 78.000000 35.000000 
32.000000 76.000000 40.000000 43.000000 90.000000 20.000000 93.000000 42.000000 48.000000 57.000000 98.000000 74.000000 95.000000 88.000000 56.000000 83.000000 65.000000 71.000000 49.000000 21.000000 
17.000000 38.000000 57.000000 13.000000 44.000000 70.000000 28.000000 76.000000 66.000000 44.000000 27.000000 28.000000 30.000000 42.000000 5.000000 8.000000 38.000000 72.000000 57.000000 21.000000 
66.000000 49.000000 47.000000 62.000000 39.000000 38.000000 44.000000 82.000000 85.000000 51.000000 84.000000 10.000000 83.000000 57.000000 45.000000 38.000000 69.000000 33.000000 12.000000 33.000000 
67.000000 87.000000 63.000000 37.000000 75.000000 14.000000 4.000000 60.000000 99.000000 66.000000 38.000000 83.000000 31.000000 60.000000 38.000000 37.000000 10.000000 43.000000 65.000000 2.000000 
4.000000 90.000000 51.000000 55.000000 22.000000 5.000000 31.000000 66.000000 26.000000 64.000000 8.000000 10.000000 98.000000 92.000000 68.000000 49.000000 4.000000 82.000000 91.000000 8.000000 
46.000000 9.000000 24.000000 34.000000 87.000000 64.000000 3.000000 23.000000 5.000000 38.000000 54.000000 59.000000 5.000000 28.000000 95.000000 85.000000 91.000000 30.000000 32.000000 11.000000 
80.000000 61.000000 11.000000 24.000000 15.000000 6.000000 78.000000 61.000000 0.000000 90.000000 52.000000 51.000000 70.000000 36.000000 9.000000 44.000000 69.000000 32.000000 53.000000 82.000000 
89.000000 29.000000 98.000000 80.000000 17.000000 55.000000 91.000000 14.000000 63.000000 1.000000 66.000000 45.000000 87.000000 20.000000 97.000000 31.000000 40.000000 47.000000 84.000000 79.000000 
85.000000 24.000000 0.000000 69.000000 80.000000 1.000000 91.000000 40.000000 4.000000 33.000000 80.000000 13.000000 93.000000 97.000000 41.000000 3.000000 8.000000 9.000000 44.000000 42.000000 
32.000000 9.000000 61.000000 4.000000 96.000000 34.000000 22.000000 21.000000 63.000000 8.000000 30.000000 23.000000 26.000000 24.000000 81.000000 32.000000 1.000000 85.000000 72.000000 13.000000 