20 50
242 55 216 46 195 62 49 104 156 96 97 53 46 163 200 204 214 240 65 36 
2479.000000 1052.000000 3550.000000 461.000000 1616.000000 683.000000 478.000000 1746.000000 3353.000000 924.000000 834.000000 630.000000 949.000000 3216.000000 1996.000000 1764.000000 2553.000000 5052.000000 1405.000000 818.000000 
19 14 29 23 26 26 10 23 11 13 14 24 13 12 25 23 21 11 10 11 12 28 15 26 15 21 29 26 25 16 23 13 24 13 21 26 21 28 10 20 17 17 28 12 21 25 29 17 15 24 
25.000000 35.000000 95.000000 49.000000 97.000000 77.000000 61.000000 52.000000 89.000000 44.000000 21.000000 37.000000 95.000000 74.000000 60.000000 58.000000 17.000000 90.000000 67.000000 28.000000 
17.000000 33.000000 46.000000 9.000000 12.000000 25.000000 97.000000 81.000000 99.000000 87.000000 60.000000 48.000000 67.000000 29.000000 31.000000 41.000000 22.000000 3.000000 99.000000 38.000000 
26.000000 69.000000 72.000000 93.000000 38.000000 16.000000 73.000000 64.000000 11.000000 53.000000 44.000000 64.000000 59.000000 50.000000 76.000000 81.000000 26.000000 85.000000 54.000000 57.000000 
11.000000 49.000000 87.000000 96.000000 20.000000 3.000000 68.000000 47.000000 67.000000 85.000000 76.000000 6.000000 28.000000 20.000000 12.000000 3.000000 38.000000 73.000000 43.000000 75.000000 
71.000000 55.000000 86.000000 62.000000 42.000000 69.000000 63.000000 49.000000 35.000000 55.000000 0.000000 51.000000 34.000000 70.000000 58.000000 25.000000 11.000000 16.000000 24.000000 41.000000 
9.000000 2.000000 84.000000 55.000000 8.000000 95.000000 68.000000 58.000000 75.000000 7.000000 39.000000 2.000000 32.000000 16.000000 65.000000 26.000000 89.000000 19.000000 88.000000 28.000000 
34.000000 68.000000 88.000000 61.000000 68.000000 35.000000 6.000000 41.000000 33.000000 2.000000 72.000000 7.000000 67.000000 82.000000 45.000000 69.000000 95.000000 14.000000 69.000000 17.000000 
21.000000 77.000000 9.000000 95.000000 95.000000 31.000000 6.000000 71.000000 64.000000 76.000000 64.000000 22.000000 36.000000 81.000000 77.000000 50.000000 9.000000 26.000000 46.000000 86.000000 
45.000000 66.000000 41.000000 40.000000 2.000000 2.000000 11.000000 17.000000 34.000000 20.000000 52.000000 94.000000 43.000000 39.000000 83.000000 40.000000 29.000000 68.000000 90.000000 22.000000 
74.000000 67.000000 32.000000 17.000000 69.000000 75.000000 29.000000 38.000000 41.000000 27.000000 71.000000 38.000000 75.000000 89.000000 14.000000 46.000000 16.000000 86.000000 65.000000 56.000000 
88.000000 80.000000 56.000000 67.000000 97.000000 51.000000 67.000000 57.000000 70.000000 69.000000 51.000000 15.000000 70.000000 67.000000 65.000000 87.000000 80.000000 53.000000 13.000000 9.000000 
45.000000 16.000000 53.000000 12.000000 19.000000 25.000000 28.000000 42.000000 56.000000 9.000000 19.000000 26.000000 38.000000 85.000000 28.000000 76.000000 33.000000 65.000000 51.000000 3.000000 
21.000000 48.000000 81.000000 98.000000 41.000000 96.000000 64.000000 92.000000 33.000000 42.000000 0.000000 7.000000 89.000000 72.000000 45.000000 57.000000 37.000000 99.000000 75.000000 54.000000 
7.000000 91.000000 12.000000 55.000000 81.000000 49.000000 16.000000 18.000000 92.000000 36.000000 0.000000 71.000000 54.000000 95.000000 22.000000 28.000000 21.000000 27.000000 60.000000 78.000000 
10.000000 92.000000 68.000000 37.000000 38.000000 73.000000 79.000000 58.000000 59.000000 12.000000 2.000000 24.000000 1.000000 4.000000 16.000000 58.000000 31.000000 8.000000 74.000000 54.000000 
9.000000 13.000000 63.000000 89.000000 5.000000 71.000000 76.000000 77.000000 87.000000 80.000000 14.000000 75.000000 7.000000 79.000000 98.000000 64.000000 46.000000 93.000000 68.000000 38.000000 
81.000000 38.000000 11.000000 99.000000 9.000000 66.000000 33.000000 33.000000 20.000000 24.000000 63.000000 6.000000 10.000000 47.000000 65.000000 24.000000 79.000000 12.000000 95.000000 22.000000 
56.000000 21.000000 16.000000 2.000000 41.000000 98.000000 76.000000 14.000000 60.000000 6.000000 2.000000 55.000000 66.000000 23.000000 58.000000 41.000000 45.000000 44.000000 91.000000 66.000000 
98.000000 81.000000 45.000000 55.000000 13.000000 86.000000 15.000000 74.000000 49.000000 25.000000 88.000000 56.000000 88.000000 68.000000 87.000000 63.000000 45.000000 72.000000 95.000000 76.000000 
20.000000 85.000000 53.000000 1.000000 46.000000 89.000000 54.000000 21.000000 64.000000 54.000000 52.000000 29.000000 30.000000 86.000000 89.000000 45.000000 29.000000 76.000000 97.000000 77.000000 
53.000000 95.000000 19.000000 81.000000 85.000000 86.000000 76.000000 45.000000 67.000000 44.000000 48.000000 98.000000 57.000000 0.000000 73.000000 7.000000 17.000000 29.000000 65.000000 21.000000 
66.000000 60.000000 4.000000 78.000000 0.000000 70.000000 68.000000 80.000000 59.000000 62.000000 77.000000 6.000000 98.000000 75.000000 6.000000 9.000000 93.000000 87.000000 62.000000 25.000000 
75.000000 82.000000 38.000000 89.000000 95.000000 21.000000 91.000000 39.000000 45.000000 10.000000 11.000000 36.000000 91.000000 75.000000 68.000000 57.000000 8.000000 88.000000 60.000000 24.000000 
0.000000 87.000000 2.000000 68.000000 58.000000 95.000000 20.000000 64.000000 97.000000 33.000000 56.000000 63.000000 54.000000 78.000000 68.000000 21.000000 51.000000 15.000000 19.000000 96.000000 
62.000000 73.000000 67.000000 69.000000 22.000000 58.000000 92.000000 95.000000 73.000000 18.000000 46.000000 3.000000 37.000000 94.000000 95.000000 9.000000 73.000000 59.000000 91.000000 82.000000 
26.000000 34.000000 95.000000 8.000000 3.000000 46.000000 49.000000 23.000000 31.000000 47.000000 46.000000 18.000000 68.000000 33.000000 63.000000 36.000000 84.000000 21.000000 55.000000 7.000000 
28.000000 61.000000 16.000000 5.000000 52.000000 22.000000 64.000000 8.000000 52.000000 40.000000 99.000000 8.000000 52.000000 50.000000 49.000000 91.000000 42.000000 24.000000 95.000000 89.000000 
37.000000 83.000000 42.000000 77.000000 28.000000 77.000000 83.000000 63.000000 43.000000 20.000000 65.000000 94.000000 25.000000 43.000000 59.000000 76.000000 13.000000 10.000000 91.000000 82.000000 
68.000000 90.000000 81.000000 99.000000 88.000000 87.000000 16.000000 32.000000 7.000000 73.000000 25.000000 71.000000 61.000000 86.000000 57.000000 82.000000 77.000000 67.000000 66.000000 88.000000 
9.000000 61.000000 61.000000 44.000000 36.000000 10.000000 73.000000 26.000000 86.000000 95.000000 41.000000 83.000000 65.000000 31.000000 30.000000 22.000000 89.000000 0.000000 23.000000 37.000000 
50.000000 79.000000 64.000000 84.000000 88.000000 15.000000 19.000000 79.000000 16.000000 37.000000 7.000000 57.000000 34.000000 0.000000 10.000000 29.000000 45.000000 35.000000 60.000000 24.000000 
27.000000 13.000000 58.000000 0.000000 53.000000 59.000000 90.000000 56.000000 52.000000 93.000000 29.000000 95.000000 41.000000 50.000000 40.000000 3.000000 94.000000 33.000000 38.000000 49.000000 
12.000000 94.000000 53.000000 32.000000 12.000000 39.000000 10.000000 8.000000 56.000000 13.000000 23.000000 1.000000 82.000000 97.000000 66.000000 55.000000 7.000000 45.000000 63.000000 91.000000 
18.000000 20.000000 21.000000 84.000000 68.000000 18.000000 85.000000 64.000000 50.000000 96.000000 2.000000 9.000000 1.000000 21.000000 8.000000 80.000000 77.000000 31.000000 88.000000 26.000000 
90.000000 62.000000 76.000000 49.000000 93.000000 81.000000 69.000000 11.000000 72.000000 30.000000 5.000000 27.000000 68.000000 79.000000 15.000000 67.000000 35.000000 38.000000 39.000000 64.000000 
15.000000 61.000000 79.000000 12.000000 85.000000 71.000000 29.000000 85.000000 9.000000 74.000000 1.000000 14.000000 86.000000 25.000000 32.000000 19.000000 91.000000 94.000000 48.000000 62.000000 
59.000000 31.000000 25.000000 76.000000 27.000000 22.000000 59.000000 92.000000 64.000000 88.000000 43.000000 61.000000 43.000000 83.000000 17.000000 47.000000 35.000000 75.000000 30.000000 36.000000 
28.000000 18.000000 36.000000 87.000000 98.000000 67.000000 12.000000 25.000000 2.000000 67.000000 68.000000 40.000000 46.000000 40.000000 89.000000 59.000000 61.000000 44.000000 29.000000 93.000000 
93.000000 71.000000 45.000000 73.000000 81.000000 16.000000 44.000000 39.000000 86.000000 32.000000 77.000000 38.000000 95.000000 59.000000 8.000000 50.000000 99.000000 76.000000 40.000000 41.000000 
42.000000 26.000000 69.000000 13.000000 79.000000 19.000000 15.000000 10.000000 79.000000 94.000000 31.000000 92.000000 78.000000 13.000000 97.000000 80.000000 65.000000 12.000000 67.000000 48.000000 
44.000000 19.000000 92.000000 3.000000 16.000000 43.000000 64.000000 91.000000 78.000000 66.000000 45.000000 3.000000 19.000000 99.000000 76.000000 85.000000 70.000000 4.000000 79.000000 74.000000 
30.000000 64.000000 0.000000 96.000000 94.000000 62.000000 55.000000 24.000000 27.000000 20.000000 72.000000 71.000000 79.000000 85.000000 52.000000 57.000000 37.000000 64.000000 79.000000 83.000000 
42.000000 71.000000 62.000000 7.000000 36.000000 9.000000 88.000000 97.000000 98.000000 7.000000 9.000000 6.000000 9.000000 98.000000 3.000000 95.000000 29.000000 91.000000 82.000000 5.000000 
87.000000 91.000000 28.000000 42.000000 29.000000 50.000000 89.000000 36.000000 48.000000 62.000000 58.000000 88.000000 16.000000 51.000000 30.000000 9.000000 85.000000 80.000000 88.000000 22.000000 
12.000000 12.000000 89.000000 71.000000 50.000000 87.000000 34.000000 70.000000 92.000000 96.000000 42.000000 87.000000 61.000000 71.000000 79.000000 28.000000 0.000000 11.000000 87.000000 85.000000 
79.000000 30.000000 38.000000 51.000000 40.000000 89.000000 91.000000 29.000000 51.000000 33.000000 38.000000 74.000000 25.000000 74.000000 57.000000 46.000000 30.000000 72.000000 18.000000 84.000000 
7.000000 96.000000 7.000000 92.000000 56.000000 6.000000 52.000000 35.000000 66.000000 36.000000 88.000000 62.000000 4.000000 6.000000 81.000000 6.000000 72.000000 90.000000 94.000000 44.000000 
13.000000 89.000000 77.000000 99.000000 19.000000 26.000000 6.000000 21.000000 70.000000 39.000000 10.000000 87.000000 16.000000 34.000000 52.000000 6.000000 69.000000 39.000000 53.000000 3.000000 
65.000000 68.000000 88.000000 36.000000 39.000000 78.000000 84.000000 70.000000 89.000000 84.000000 92.000000 96.000000 41.000000 64.000000 26.000000 81.000000 41.000000 71.000000 84.000000 92.000000 
30.000000 27.000000 94.000000 16.000000 79.000000 76.000000 58.000000 73.000000 91.000000 14.000000 66.000000 7.000000 6.000000 23.000000 36.000000 86.000000 41.000000 82.000000 69.000000 48.000000 