20 50
37 45 44 115 77 96 185 186 30 140 73 143 136 107 207 140 50 48 40 172 
157.000000 188.000000 187.000000 516.000000 553.000000 252.000000 491.000000 634.000000 194.000000 480.000000 427.000000 836.000000 597.000000 700.000000 1030.000000 777.000000 168.000000 340.000000 98.000000 798.000000 
15 22 24 17 32 9 4 36 6 22 28 35 18 32 33 33 10 24 5 30 29 16 9 27 23 8 31 14 38 5 21 32 29 9 29 34 30 6 37 10 5 35 20 1 26 25 29 34 33 8 
2.000000 57.000000 98.000000 14.000000 66.000000 19.000000 86.000000 38.000000 25.000000 21.000000 49.000000 55.000000 0.000000 62.000000 62.000000 36.000000 3.000000 36.000000 79.000000 96.000000 
79.000000 57.000000 16.000000 14.000000 81.000000 58.000000 21.000000 21.000000 62.000000 53.000000 99.000000 74.000000 12.000000 1.000000 5.000000 99.000000 73.000000 0.000000 26.000000 68.000000 
2.000000 10.000000 13.000000 40.000000 81.000000 76.000000 37.000000 80.000000 76.000000 93.000000 87.000000 47.000000 4.000000 60.000000 16.000000 99.000000 64.000000 83.000000 17.000000 67.000000 
26.000000 43.000000 85.000000 91.000000 5.000000 46.000000 89.000000 27.000000 37.000000 88.000000 66.000000 58.000000 68.000000 42.000000 10.000000 71.000000 88.000000 28.000000 14.000000 95.000000 
94.000000 20.000000 96.000000 87.000000 65.000000 15.000000 10.000000 40.000000 58.000000 59.000000 28.000000 28.000000 89.000000 5.000000 35.000000 19.000000 43.000000 55.000000 83.000000 28.000000 
24.000000 95.000000 0.000000 80.000000 43.000000 50.000000 28.000000 12.000000 10.000000 96.000000 59.000000 28.000000 74.000000 8.000000 85.000000 97.000000 16.000000 53.000000 77.000000 46.000000 
12.000000 26.000000 64.000000 92.000000 5.000000 10.000000 74.000000 17.000000 47.000000 1.000000 64.000000 82.000000 25.000000 20.000000 39.000000 32.000000 54.000000 30.000000 48.000000 22.000000 
18.000000 93.000000 7.000000 1.000000 86.000000 61.000000 78.000000 6.000000 39.000000 89.000000 11.000000 51.000000 79.000000 84.000000 26.000000 42.000000 6.000000 64.000000 97.000000 17.000000 
89.000000 68.000000 51.000000 18.000000 63.000000 47.000000 12.000000 32.000000 33.000000 36.000000 43.000000 61.000000 58.000000 67.000000 60.000000 9.000000 56.000000 94.000000 39.000000 90.000000 
46.000000 26.000000 24.000000 12.000000 18.000000 95.000000 10.000000 62.000000 8.000000 9.000000 62.000000 27.000000 98.000000 51.000000 4.000000 11.000000 90.000000 44.000000 64.000000 26.000000 
14.000000 85.000000 77.000000 86.000000 60.000000 5.000000 86.000000 19.000000 65.000000 32.000000 76.000000 76.000000 79.000000 51.000000 47.000000 8.000000 92.000000 80.000000 0.000000 33.000000 
3.000000 23.000000 98.000000 26.000000 57.000000 56.000000 27.000000 87.000000 89.000000 69.000000 59.000000 79.000000 38.000000 54.000000 8.000000 53.000000 31.000000 26.000000 21.000000 74.000000 
48.000000 11.000000 37.000000 38.000000 11.000000 38.000000 25.000000 44.000000 69.000000 22.000000 76.000000 37.000000 63.000000 19.000000 0.000000 68.000000 3.000000 0.000000 64.000000 19.000000 
70.000000 62.000000 77.000000 82.000000 50.000000 83.000000 87.000000 16.000000 60.000000 88.000000 70.000000 87.000000 96.000000 80.000000 13.000000 99.000000 42.000000 47.000000 22.000000 46.000000 
20.000000 65.000000 8.000000 50.000000 43.000000 48.000000 28.000000 79.000000 28.000000 11.000000 4.000000 29.000000 74.000000 51.000000 15.000000 50.000000 0.000000 69.000000 54.000000 27.000000 
14.000000 84.000000 1.000000 49.000000 51.000000 96.000000 39.000000 29.000000 4.000000 23.000000 20.000000 66.000000 22.000000 13.000000 59.000000 51.000000 73.000000 96.000000 13.000000 59.000000 
80.000000 27.000000 76.000000 87.000000 74.000000 50.000000 88.000000 18.000000 42.000000 75.000000 43.000000 39.000000 39.000000 43.000000 53.000000 20.000000 15.000000 28.000000 90.000000 48.000000 
57.000000 98.000000 17.000000 76.000000 58.000000 34.000000 84.000000 14.000000 66.000000 85.000000 50.000000 82.000000 59.000000 98.000000 51.000000 12.000000 69.000000 58.000000 27.000000 49.000000 
34.000000 19.000000 81.000000 0.000000 63.000000 29.000000 32.000000 35.000000 40.000000 57.000000 84.000000 24.000000 92.000000 88.000000 27.000000 76.000000 13.000000 52.000000 30.000000 14.000000 
13.000000 71.000000 3.000000 96.000000 23.000000 86.000000 44.000000 71.000000 90.000000 60.000000 82.000000 26.000000 41.000000 86.000000 86.000000 59.000000 92.000000 42.000000 7.000000 5.000000 
35.000000 73.000000 81.000000 74.000000 29.000000 99.000000 84.000000 85.000000 80.000000 55.000000 36.000000 22.000000 86.000000 49.000000 2.000000 20.000000 82.000000 60.000000 11.000000 81.000000 
96.000000 29.000000 19.000000 56.000000 31.000000 17.000000 68.000000 62.000000 13.000000 20.000000 20.000000 10.000000 64.000000 80.000000 84.000000 62.000000 18.000000 18.000000 37.000000 48.000000 
52.000000 93.000000 35.000000 9.000000 36.000000 48.000000 45.000000 49.000000 1.000000 5.000000 51.000000 4.000000 78.000000 21.000000 21.000000 72.000000 77.000000 17.000000 30.000000 54.000000 
90.000000 35.000000 76.000000 8.000000 45.000000 89.000000 36.000000 1.000000 38.000000 22.000000 54.000000 33.000000 32.000000 75.000000 50.000000 44.000000 94.000000 35.000000 98.000000 50.000000 
2.000000 13.000000 3.000000 53.000000 54.000000 80.000000 89.000000 26.000000 57.000000 51.000000 67.000000 78.000000 71.000000 96.000000 49.000000 25.000000 50.000000 25.000000 24.000000 54.000000 
99.000000 71.000000 18.000000 30.000000 23.000000 71.000000 97.000000 96.000000 69.000000 9.000000 92.000000 63.000000 59.000000 88.000000 51.000000 90.000000 75.000000 34.000000 39.000000 98.000000 
53.000000 44.000000 66.000000 77.000000 79.000000 47.000000 79.000000 66.000000 7.000000 22.000000 78.000000 30.000000 39.000000 13.000000 30.000000 55.000000 37.000000 12.000000 83.000000 30.000000 
52.000000 9.000000 26.000000 4.000000 2.000000 47.000000 19.000000 23.000000 18.000000 0.000000 9.000000 89.000000 53.000000 84.000000 6.000000 89.000000 20.000000 68.000000 75.000000 6.000000 
98.000000 27.000000 68.000000 88.000000 27.000000 81.000000 9.000000 46.000000 86.000000 90.000000 10.000000 9.000000 13.000000 8.000000 68.000000 59.000000 15.000000 15.000000 75.000000 11.000000 
92.000000 77.000000 48.000000 23.000000 48.000000 1.000000 26.000000 59.000000 9.000000 11.000000 69.000000 77.000000 5.000000 35.000000 6.000000 45.000000 74.000000 85.000000 80.000000 51.000000 
19.000000 55.000000 0.000000 14.000000 94.000000 64.000000 71.000000 84.000000 46.000000 81.000000 88.000000 82.000000 9.000000 59.000000 78.000000 49.000000 25.000000 63.000000 80.000000 40.000000 
74.000000 83.000000 14.000000 62.000000 53.000000 60.000000 75.000000 62.000000 8.000000 72.000000 43.000000 6.000000 29.000000 55.000000 2.000000 99.000000 63.000000 50.000000 20.000000 50.000000 
97.000000 15.000000 14.000000 70.000000 14.000000 32.000000 8.000000 63.000000 30.000000 97.000000 65.000000 46.000000 65.000000 81.000000 51.000000 15.000000 10.000000 96.000000 47.000000 27.000000 
74.000000 0.000000 32.000000 81.000000 46.000000 35.000000 99.000000 14.000000 97.000000 70.000000 80.000000 35.000000 0.000000 3.000000 83.000000 78.000000 54.000000 36.000000 68.000000 35.000000 
33.000000 34.000000 31.000000 12.000000 6.000000 31.000000 58.000000 5.000000 75.000000 31.000000 62.000000 92.000000 60.000000 45.000000 33.000000 8.000000 4.000000 30.000000 60.000000 18.000000 
85.000000 42.000000 85.000000 20.000000 57.000000 14.000000 29.000000 55.000000 55.000000 16.000000 78.000000 84.000000 47.000000 66.000000 17.000000 71.000000 99.000000 91.000000 78.000000 75.000000 
5.000000 67.000000 1.000000 59.000000 81.000000 70.000000 52.000000 43.000000 42.000000 39.000000 45.000000 67.000000 95.000000 18.000000 38.000000 59.000000 27.000000 30.000000 32.000000 2.000000 
75.000000 2.000000 76.000000 53.000000 85.000000 44.000000 56.000000 52.000000 28.000000 59.000000 21.000000 43.000000 9.000000 14.000000 88.000000 77.000000 86.000000 24.000000 10.000000 64.000000 
1.000000 19.000000 9.000000 16.000000 75.000000 89.000000 8.000000 81.000000 23.000000 43.000000 11.000000 68.000000 0.000000 11.000000 19.000000 5.000000 67.000000 83.000000 72.000000 85.000000 
55.000000 66.000000 68.000000 98.000000 53.000000 96.000000 90.000000 43.000000 51.000000 42.000000 46.000000 73.000000 29.000000 88.000000 96.000000 18.000000 52.000000 77.000000 32.000000 88.000000 
11.000000 55.000000 29.000000 49.000000 46.000000 46.000000 78.000000 31.000000 20.000000 57.000000 81.000000 98.000000 24.000000 80.000000 62.000000 4.000000 56.000000 45.000000 15.000000 4.000000 
81.000000 44.000000 15.000000 97.000000 78.000000 27.000000 45.000000 27.000000 33.000000 45.000000 15.000000 55.000000 13.000000 80.000000 90.000000 91.000000 59.000000 95.000000 42.000000 42.000000 
71.000000 0.000000 93.000000 17.000000 55.000000 5.000000 16.000000 97.000000 92.000000 5.000000 15.000000 53.000000 12.000000 37.000000 92.000000 83.000000 5.000000 77.000000 86.000000 91.000000 
6.000000 90.000000 27.000000 30.000000 6.000000 43.000000 41.000000 87.000000 15.000000 32.000000 19.000000 74.000000 54.000000 9.000000 9.000000 67.000000 52.000000 80.000000 11.000000 88.000000 
90.000000 33.000000 81.000000 34.000000 10.000000 13.000000 66.000000 4.000000 71.000000 38.000000 41.000000 60.000000 37.000000 43.000000 7.000000 36.000000 21.000000 79.000000 72.000000 79.000000 
20.000000 19.000000 33.000000 87.000000 9.000000 41.000000 23.000000 71.000000 95.000000 81.000000 94.000000 61.000000 35.000000 93.000000 49.000000 39.000000 70.000000 50.000000 45.000000 57.000000 
42.000000 74.000000 25.000000 82.000000 72.000000 73.000000 61.000000 68.000000 45.000000 35.000000 13.000000 59.000000 7.000000 2.000000 24.000000 63.000000 79.000000 15.000000 18.000000 50.000000 
45.000000 20.000000 78.000000 72.000000 63.000000 63.000000 97.000000 6.000000 17.000000 14.000000 53.000000 61.000000 88.000000 8.000000 43.000000 1.000000 38.000000 86.000000 61.000000 95.000000 
18.000000 69.000000 38.000000 65.000000 43.000000 12.000000 51.000000 8.000000 12.000000 8.000000 75.000000 23.000000 43.000000 44.000000 44.000000 54.000000 69.000000 31.000000 44.000000 25.000000 
5.000000 53.000000 33.000000 57.000000 86.000000 24.000000 95.000000 62.000000 40.000000 21.000000 47.000000 59.000000 34.000000 49.000000 62.000000 84.000000 20.000000 68.000000 89.000000 51.000000 