30 60
118 163 126 87 183 202 127 140 77 129 102 59 159 126 111 67 153 36 210 31 193 51 209 116 157 29 161 136 22 134 
870.000000 642.000000 2013.000000 1862.000000 1384.000000 404.000000 2150.000000 960.000000 1871.000000 943.000000 257.000000 571.000000 1350.000000 1608.000000 1326.000000 416.000000 376.000000 1258.000000 1793.000000 858.000000 632.000000 1817.000000 735.000000 517.000000 637.000000 1568.000000 1510.000000 475.000000 482.000000 1494.000000 
22 21 25 23 29 14 11 15 14 10 27 25 14 20 26 28 23 16 23 13 16 22 17 21 21 13 19 11 10 14 13 12 13 13 21 26 22 17 27 25 18 17 11 17 27 23 20 29 21 27 23 11 23 22 20 17 25 25 19 18 
83.000000 40.000000 24.000000 19.000000 44.000000 70.000000 51.000000 10.000000 7.000000 43.000000 11.000000 83.000000 78.000000 74.000000 40.000000 63.000000 18.000000 50.000000 85.000000 23.000000 87.000000 65.000000 5.000000 51.000000 46.000000 23.000000 55.000000 30.000000 68.000000 22.000000 
19.000000 15.000000 45.000000 87.000000 37.000000 95.000000 56.000000 11.000000 18.000000 58.000000 61.000000 38.000000 44.000000 96.000000 33.000000 89.000000 14.000000 25.000000 30.000000 10.000000 67.000000 6.000000 80.000000 93.000000 0.000000 90.000000 29.000000 16.000000 55.000000 18.000000 
72.000000 82.000000 53.000000 66.000000 69.000000 57.000000 89.000000 90.000000 16.000000 57.000000 25.000000 35.000000 27.000000 0.000000 42.000000 5.000000 35.000000 50.000000 31.000000 96.000000 29.000000 19.000000 45.000000 58.000000 91.000000 77.000000 31.000000 29.000000 74.000000 16.000000 
32.000000 54.000000 62.000000 60.000000 2.000000 83.000000 96.000000 1.000000 94.000000 24.000000 48.000000 25.000000 9.000000 75.000000 80.000000 45.000000 15.000000 69.000000 33.000000 58.000000 68.000000 17.000000 14.000000 99.000000 7.000000 15.000000 86.000000 40.000000 99.000000 57.000000 
86.000000 87.000000 41.000000 84.000000 6.000000 43.000000 79.000000 35.000000 30.000000 61.000000 64.000000 96.000000 9.000000 98.000000 82.000000 66.000000 9.000000 32.000000 16.000000 76.000000 65.000000 33.000000 22.000000 36.000000 42.000000 63.000000 42.000000 89.000000 67.000000 77.000000 
76.000000 15.000000 84.000000 33.000000 90.000000 88.000000 59.000000 34.000000 18.000000 98.000000 36.000000 72.000000 12.000000 86.000000 97.000000 28.000000 29.000000 54.000000 10.000000 64.000000 53.000000 44.000000 53.000000 10.000000 14.000000 2.000000 34.000000 17.000000 34.000000 75.000000 
72.000000 45.000000 9.000000 98.000000 95.000000 2.000000 31.000000 72.000000 63.000000 52.000000 78.000000 48.000000 37.000000 60.000000 47.000000 53.000000 41.000000 32.000000 6.000000 36.000000 94.000000 84.000000 77.000000 20.000000 7.000000 45.000000 90.000000 72.000000 69.000000 60.000000 
66.000000 47.000000 75.000000 72.000000 17.000000 57.000000 59.000000 84.000000 66.000000 75.000000 44.000000 36.000000 40.000000 69.000000 20.000000 45.000000 77.000000 34.000000 10.000000 95.000000 46.000000 65.000000 80.000000 78.000000 90.000000 82.000000 22.000000 6.000000 19.000000 7.000000 
90.000000 81.000000 23.000000 58.000000 87.000000 51.000000 94.000000 99.000000 27.000000 11.000000 47.000000 63.000000 16.000000 38.000000 11.000000 49.000000 33.000000 38.000000 8.000000 49.000000 5.000000 71.000000 54.000000 50.000000 99.000000 73.000000 42.000000 36.000000 77.000000 84.000000 
91.000000 72.000000 99.000000 63.000000 84.000000 42.000000 54.000000 44.000000 6.000000 83.000000 61.000000 58.000000 73.000000 33.000000 75.000000 32.000000 18.000000 82.000000 82.000000 43.000000 47.000000 95.000000 66.000000 79.000000 8.000000 52.000000 93.000000 40.000000 32.000000 19.000000 
41.000000 81.000000 24.000000 36.000000 60.000000 80.000000 29.000000 10.000000 57.000000 79.000000 92.000000 24.000000 32.000000 40.000000 92.000000 11.000000 9.000000 5.000000 14.000000 63.000000 38.000000 55.000000 96.000000 49.000000 68.000000 6.000000 59.000000 90.000000 15.000000 92.000000 
6.000000 97.000000 64.000000 22.000000 55.000000 75.000000 96.000000 99.000000 36.000000 55.000000 13.000000 51.000000 67.000000 91.000000 24.000000 16.000000 99.000000 53.000000 86.000000 65.000000 74.000000 95.000000 29.000000 61.000000 57.000000 69.000000 21.000000 5.000000 33.000000 34.000000 
29.000000 83.000000 60.000000 66.000000 87.000000 46.000000 47.000000 68.000000 92.000000 79.000000 80.000000 50.000000 78.000000 23.000000 18.000000 10.000000 31.000000 87.000000 39.000000 46.000000 63.000000 33.000000 97.000000 85.000000 46.000000 43.000000 31.000000 92.000000 73.000000 98.000000 
28.000000 12.000000 9.000000 10.000000 38.000000 52.000000 33.000000 9.000000 86.000000 99.000000 96.000000 71.000000 36.000000 46.000000 41.000000 25.000000 4.000000 58.000000 59.000000 95.000000 5.000000 4.000000 84.000000 50.000000 6.000000 44.000000 41.000000 72.000000 16.000000 35.000000 
6.000000 74.000000 17.000000 5.000000 41.000000 12.000000 31.000000 9.000000 14.000000 86.000000 80.000000 56.000000 14.000000 18.000000 78.000000 75.000000 27.000000 54.000000 60.000000 70.000000 22.000000 26.000000 38.000000 74.000000 76.000000 74.000000 47.000000 88.000000 27.000000 12.000000 
11.000000 93.000000 39.000000 88.000000 45.000000 49.000000 21.000000 70.000000 80.000000 24.000000 24.000000 67.000000 63.000000 33.000000 14.000000 56.000000 77.000000 47.000000 98.000000 74.000000 93.000000 34.000000 50.000000 7.000000 29.000000 28.000000 54.000000 80.000000 89.000000 38.000000 
77.000000 21.000000 9.000000 43.000000 26.000000 62.000000 31.000000 34.000000 58.000000 7.000000 75.000000 11.000000 47.000000 61.000000 90.000000 28.000000 25.000000 13.000000 2.000000 54.000000 52.000000 16.000000 83.000000 92.000000 78.000000 8.000000 15.000000 73.000000 18.000000 60.000000 
24.000000 20.000000 25.000000 46.000000 6.000000 40.000000 58.000000 87.000000 67.000000 6.000000 69.000000 90.000000 52.000000 13.000000 51.000000 94.000000 41.000000 44.000000 38.000000 8.000000 23.000000 67.000000 21.000000 79.000000 85.000000 43.000000 57.000000 40.000000 84.000000 43.000000 
54.000000 22.000000 70.000000 62.000000 67.000000 29.000000 95.000000 21.000000 61.000000 20.000000 19.000000 64.000000 83.000000 25.000000 98.000000 6.000000 90.000000 8.000000 19.000000 88.000000 2.000000 53.000000 5.000000 34.000000 77.000000 29.000000 25.000000 39.000000 46.000000 57.000000 
69.000000 0.000000 34.000000 93.000000 65.000000 1.000000 59.000000 4.000000 65.000000 99.000000 97.000000 86.000000 26.000000 65.000000 42.000000 63.000000 48.000000 93.000000 5.000000 63.000000 50.000000 72.000000 30.000000 53.000000 14.000000 88.000000 22.000000 99.000000 6.000000 87.000000 
16.000000 55.000000 56.000000 40.000000 17.000000 16.000000 72.000000 76.000000 19.000000 94.000000 7.000000 70.000000 66.000000 75.000000 2.000000 16.000000 97.000000 96.000000 83.000000 6.000000 20.000000 36.000000 83.000000 14.000000 95.000000 5.000000 14.000000 36.000000 1.000000 88.000000 
1.000000 48.000000 48.000000 72.000000 76.000000 84.000000 46.000000 53.000000 79.000000 31.000000 25.000000 19.000000 9.000000 9.000000 1.000000 47.000000 31.000000 83.000000 9.000000 58.000000 35.000000 11.000000 49.000000 21.000000 94.000000 34.000000 29.000000 95.000000 67.000000 69.000000 
88.000000 65.000000 58.000000 40.000000 36.000000 89.000000 9.000000 87.000000 52.000000 81.000000 95.000000 14.000000 16.000000 87.000000 56.000000 68.000000 72.000000 27.000000 74.000000 83.000000 52.000000 26.000000 84.000000 98.000000 89.000000 30.000000 77.000000 60.000000 29.000000 7.000000 
33.000000 54.000000 98.000000 63.000000 98.000000 33.000000 83.000000 28.000000 84.000000 31.000000 50.000000 94.000000 53.000000 80.000000 91.000000 0.000000 34.000000 83.000000 86.000000 9.000000 64.000000 91.000000 9.000000 18.000000 58.000000 92.000000 24.000000 92.000000 53.000000 21.000000 
49.000000 11.000000 71.000000 42.000000 79.000000 84.000000 17.000000 53.000000 3.000000 54.000000 79.000000 27.000000 42.000000 7.000000 11.000000 86.000000 13.000000 53.000000 25.000000 67.000000 85.000000 53.000000 7.000000 34.000000 77.000000 96.000000 34.000000 43.000000 23.000000 52.000000 
65.000000 53.000000 6.000000 75.000000 39.000000 60.000000 18.000000 98.000000 83.000000 81.000000 23.000000 75.000000 19.000000 19.000000 16.000000 46.000000 48.000000 95.000000 3.000000 32.000000 12.000000 12.000000 46.000000 86.000000 83.000000 96.000000 60.000000 62.000000 36.000000 34.000000 
44.000000 74.000000 81.000000 98.000000 77.000000 54.000000 93.000000 17.000000 34.000000 40.000000 36.000000 51.000000 77.000000 38.000000 79.000000 78.000000 46.000000 60.000000 68.000000 76.000000 43.000000 15.000000 75.000000 92.000000 84.000000 3.000000 46.000000 13.000000 76.000000 61.000000 
37.000000 76.000000 27.000000 37.000000 91.000000 98.000000 1.000000 99.000000 87.000000 99.000000 84.000000 13.000000 92.000000 55.000000 14.000000 36.000000 81.000000 5.000000 92.000000 13.000000 99.000000 0.000000 78.000000 73.000000 91.000000 59.000000 48.000000 66.000000 21.000000 79.000000 
52.000000 82.000000 61.000000 11.000000 99.000000 40.000000 9.000000 6.000000 76.000000 51.000000 73.000000 75.000000 62.000000 89.000000 40.000000 35.000000 93.000000 2.000000 97.000000 31.000000 98.000000 84.000000 91.000000 45.000000 13.000000 68.000000 38.000000 46.000000 25.000000 4.000000 
9.000000 39.000000 28.000000 53.000000 76.000000 10.000000 75.000000 95.000000 71.000000 73.000000 64.000000 45.000000 3.000000 92.000000 96.000000 4.000000 40.000000 92.000000 81.000000 12.000000 45.000000 18.000000 97.000000 73.000000 18.000000 91.000000 12.000000 57.000000 91.000000 65.000000 
36.000000 13.000000 85.000000 97.000000 52.000000 46.000000 3.000000 72.000000 54.000000 37.000000 40.000000 61.000000 85.000000 5.000000 26.000000 75.000000 51.000000 63.000000 30.000000 79.000000 60.000000 83.000000 95.000000 55.000000 6.000000 95.000000 77.000000 26.000000 4.000000 85.000000 
25.000000 6.000000 39.000000 57.000000 94.000000 7.000000 86.000000 76.000000 7.000000 30.000000 22.000000 12.000000 98.000000 32.000000 22.000000 52.000000 91.000000 33.000000 28.000000 39.000000 17.000000 6.000000 20.000000 76.000000 61.000000 63.000000 28.000000 81.000000 90.000000 41.000000 
75.000000 93.000000 10.000000 43.000000 27.000000 66.000000 58.000000 81.000000 1.000000 99.000000 5.000000 41.000000 49.000000 88.000000 54.000000 54.000000 18.000000 94.000000 43.000000 51.000000 63.000000 71.000000 84.000000 35.000000 64.000000 94.000000 9.000000 91.000000 53.000000 83.000000 
0.000000 30.000000 74.000000 11.000000 19.000000 24.000000 30.000000 37.000000 70.000000 85.000000 80.000000 13.000000 60.000000 97.000000 94.000000 48.000000 39.000000 2.000000 75.000000 35.000000 29.000000 95.000000 29.000000 65.000000 86.000000 84.000000 4.000000 79.000000 53.000000 20.000000 
56.000000 67.000000 76.000000 96.000000 10.000000 64.000000 20.000000 82.000000 14.000000 37.000000 97.000000 38.000000 16.000000 58.000000 86.000000 16.000000 98.000000 93.000000 6.000000 52.000000 61.000000 70.000000 90.000000 10.000000 34.000000 94.000000 53.000000 26.000000 65.000000 20.000000 
54.000000 58.000000 98.000000 17.000000 8.000000 42.000000 54.000000 68.000000 80.000000 27.000000 80.000000 97.000000 82.000000 17.000000 14.000000 17.000000 43.000000 48.000000 93.000000 39.000000 35.000000 87.000000 99.000000 86.000000 69.000000 22.000000 23.000000 99.000000 86.000000 89.000000 
81.000000 45.000000 22.000000 44.000000 26.000000 34.000000 11.000000 78.000000 37.000000 31.000000 67.000000 48.000000 65.000000 16.000000 36.000000 50.000000 88.000000 16.000000 40.000000 71.000000 92.000000 22.000000 26.000000 94.000000 78.000000 61.000000 7.000000 36.000000 76.000000 89.000000 
63.000000 55.000000 98.000000 26.000000 15.000000 47.000000 74.000000 37.000000 24.000000 20.000000 52.000000 53.000000 43.000000 15.000000 43.000000 61.000000 50.000000 23.000000 65.000000 22.000000 35.000000 94.000000 96.000000 94.000000 4.000000 65.000000 45.000000 68.000000 41.000000 35.000000 
9.000000 39.000000 31.000000 59.000000 73.000000 74.000000 42.000000 65.000000 61.000000 62.000000 8.000000 86.000000 51.000000 26.000000 72.000000 79.000000 23.000000 66.000000 83.000000 73.000000 83.000000 43.000000 34.000000 55.000000 94.000000 25.000000 17.000000 97.000000 8.000000 70.000000 
9.000000 85.000000 75.000000 90.000000 15.000000 95.000000 73.000000 46.000000 56.000000 26.000000 91.000000 61.000000 47.000000 99.000000 49.000000 36.000000 16.000000 67.000000 50.000000 31.000000 70.000000 96.000000 89.000000 31.000000 93.000000 22.000000 57.000000 1.000000 38.000000 91.000000 
38.000000 22.000000 46.000000 30.000000 62.000000 52.000000 11.000000 7.000000 78.000000 39.000000 63.000000 88.000000 55.000000 4.000000 51.000000 90.000000 20.000000 59.000000 34.000000 90.000000 5.000000 25.000000 19.000000 39.000000 42.000000 80.000000 14.000000 92.000000 45.000000 24.000000 
61.000000 52.000000 64.000000 73.000000 87.000000 93.000000 93.000000 3.000000 87.000000 97.000000 76.000000 94.000000 14.000000 38.000000 30.000000 79.000000 50.000000 90.000000 2.000000 64.000000 84.000000 35.000000 6.000000 84.000000 12.000000 5.000000 13.000000 26.000000 49.000000 92.000000 
2.000000 18.000000 4.000000 92.000000 78.000000 64.000000 64.000000 77.000000 30.000000 85.000000 88.000000 20.000000 68.000000 91.000000 11.000000 93.000000 80.000000 90.000000 1.000000 39.000000 90.000000 13.000000 23.000000 70.000000 5.000000 8.000000 3.000000 53.000000 82.000000 47.000000 
97.000000 79.000000 59.000000 18.000000 10.000000 25.000000 33.000000 25.000000 7.000000 66.000000 67.000000 10.000000 29.000000 87.000000 65.000000 56.000000 1.000000 0.000000 52.000000 60.000000 82.000000 77.000000 44.000000 58.000000 6.000000 44.000000 92.000000 69.000000 21.000000 95.000000 
41.000000 62.000000 8.000000 40.000000 33.000000 81.000000 44.000000 72.000000 42.000000 82.000000 46.000000 22.000000 37.000000 56.000000 2.000000 62.000000 90.000000 54.000000 84.000000 35.000000 81.000000 25.000000 95.000000 54.000000 80.000000 47.000000 86.000000 84.000000 90.000000 3.000000 
67.000000 98.000000 94.000000 36.000000 77.000000 92.000000 26.000000 79.000000 95.000000 56.000000 80.000000 52.000000 9.000000 88.000000 8.000000 69.000000 69.000000 64.000000 77.000000 95.000000 5.000000 5.000000 89.000000 43.000000 65.000000 20.000000 80.000000 16.000000 16.000000 97.000000 
62.000000 14.000000 17.000000 85.000000 53.000000 71.000000 51.000000 79.000000 27.000000 1.000000 75.000000 8.000000 81.000000 43.000000 21.000000 86.000000 84.000000 62.000000 67.000000 69.000000 68.000000 28.000000 59.000000 45.000000 80.000000 87.000000 42.000000 32.000000 84.000000 95.000000 
45.000000 70.000000 4.000000 73.000000 19.000000 31.000000 44.000000 16.000000 24.000000 78.000000 11.000000 55.000000 21.000000 62.000000 41.000000 57.000000 8.000000 17.000000 3.000000 13.000000 7.000000 5.000000 21.000000 47.000000 88.000000 20.000000 49.000000 47.000000 99.000000 52.000000 
94.000000 7.000000 23.000000 70.000000 49.000000 19.000000 95.000000 68.000000 2.000000 59.000000 36.000000 94.000000 38.000000 64.000000 90.000000 56.000000 19.000000 87.000000 93.000000 64.000000 43.000000 71.000000 72.000000 55.000000 99.000000 86.000000 84.000000 26.000000 74.000000 31.000000 
30.000000 46.000000 72.000000 67.000000 98.000000 44.000000 64.000000 57.000000 42.000000 82.000000 74.000000 30.000000 79.000000 62.000000 54.000000 69.000000 66.000000 33.000000 31.000000 18.000000 96.000000 86.000000 13.000000 48.000000 20.000000 59.000000 82.000000 24.000000 87.000000 87.000000 
17.000000 63.000000 55.000000 85.000000 42.000000 80.000000 13.000000 16.000000 55.000000 61.000000 27.000000 13.000000 17.000000 4.000000 92.000000 46.000000 91.000000 29.000000 55.000000 43.000000 58.000000 28.000000 38.000000 26.000000 63.000000 28.000000 81.000000 8.000000 56.000000 79.000000 
86.000000 59.000000 31.000000 85.000000 18.000000 43.000000 88.000000 45.000000 14.000000 94.000000 63.000000 69.000000 93.000000 58.000000 0.000000 97.000000 63.000000 41.000000 69.000000 19.000000 86.000000 36.000000 38.000000 87.000000 37.000000 3.000000 76.000000 58.000000 60.000000 51.000000 
21.000000 14.000000 16.000000 25.000000 51.000000 57.000000 84.000000 2.000000 56.000000 54.000000 44.000000 62.000000 63.000000 90.000000 56.000000 66.000000 2.000000 65.000000 27.000000 72.000000 90.000000 33.000000 12.000000 72.000000 73.000000 57.000000 10.000000 19.000000 70.000000 53.000000 
33.000000 90.000000 86.000000 31.000000 63.000000 99.000000 0.000000 55.000000 43.000000 45.000000 51.000000 89.000000 43.000000 85.000000 69.000000 97.000000 6.000000 41.000000 13.000000 9.000000 68.000000 91.000000 46.000000 79.000000 10.000000 11.000000 24.000000 92.000000 73.000000 52.000000 
2.000000 98.000000 52.000000 83.000000 72.000000 78.000000 60.000000 25.000000 85.000000 72.000000 8.000000 63.000000 42.000000 27.000000 50.000000 9.000000 28.000000 32.000000 4.000000 44.000000 35.000000 71.000000 20.000000 83.000000 12.000000 85.000000 79.000000 22.000000 15.000000 39.000000 
38.000000 62.000000 63.000000 42.000000 41.000000 40.000000 11.000000 42.000000 90.000000 76.000000 0.000000 19.000000 15.000000 50.000000 57.000000 33.000000 4.000000 57.000000 25.000000 4.000000 87.000000 88.000000 80.000000 35.000000 64.000000 59.000000 50.000000 95.000000 43.000000 74.000000 
29.000000 36.000000 18.000000 90.000000 79.000000 2.000000 99.000000 28.000000 45.000000 54.000000 83.000000 55.000000 26.000000 23.000000 25.000000 4.000000 84.000000 69.000000 41.000000 33.000000 79.000000 89.000000 65.000000 42.000000 71.000000 28.000000 29.000000 64.000000 8.000000 71.000000 
48.000000 46.000000 10.000000 14.000000 24.000000 53.000000 14.000000 63.000000 96.000000 69.000000 29.000000 86.000000 18.000000 94.000000 28.000000 31.000000 21.000000 28.000000 74.000000 86.000000 96.000000 23.000000 48.000000 30.000000 20.000000 29.000000 42.000000 19.000000 94.000000 70.000000 
20.000000 91.000000 64.000000 17.000000 64.000000 96.000000 64.000000 50.000000 67.000000 77.000000 77.000000 39.000000 26.000000 53.000000 22.000000 57.000000 59.000000 4.000000 9.000000 32.000000 37.000000 28.000000 1.000000 88.000000 23.000000 37.000000 9.000000 29.000000 38.000000 17.000000 
85.000000 79.000000 6.000000 52.000000 85.000000 73.000000 58.000000 98.000000 45.000000 60.000000 74.000000 62.000000 60.000000 67.000000 13.000000 12.000000 72.000000 35.000000 55.000000 21.000000 20.000000 29.000000 46.000000 31.000000 89.000000 73.000000 32.000000 88.000000 62.000000 72.000000 