30 60
66 141 39 23 156 181 22 106 153 98 103 62 172 129 198 56 209 59 144 29 113 88 194 55 26 134 39 162 177 152 
873.000000 573.000000 1847.000000 1471.000000 812.000000 1087.000000 955.000000 653.000000 1943.000000 1025.000000 1606.000000 805.000000 1771.000000 790.000000 1459.000000 1979.000000 732.000000 633.000000 493.000000 1712.000000 738.000000 336.000000 552.000000 953.000000 778.000000 869.000000 1767.000000 892.000000 521.000000 1466.000000 
22 27 15 22 28 26 18 21 12 27 29 19 11 29 27 18 28 20 10 21 14 29 11 13 14 20 18 24 15 11 21 23 14 13 19 26 26 28 12 15 23 29 23 28 25 26 13 19 22 22 26 29 23 23 13 24 17 26 24 24 
82.000000 42.000000 62.000000 4.000000 57.000000 20.000000 83.000000 23.000000 87.000000 74.000000 72.000000 72.000000 17.000000 46.000000 2.000000 98.000000 7.000000 90.000000 38.000000 37.000000 16.000000 52.000000 83.000000 60.000000 68.000000 38.000000 61.000000 63.000000 49.000000 44.000000 
6.000000 52.000000 33.000000 88.000000 3.000000 58.000000 26.000000 59.000000 10.000000 74.000000 97.000000 79.000000 62.000000 17.000000 23.000000 45.000000 16.000000 37.000000 62.000000 85.000000 1.000000 39.000000 41.000000 64.000000 94.000000 89.000000 17.000000 2.000000 8.000000 10.000000 
51.000000 10.000000 83.000000 6.000000 3.000000 47.000000 14.000000 54.000000 33.000000 48.000000 46.000000 57.000000 75.000000 87.000000 41.000000 56.000000 11.000000 69.000000 70.000000 31.000000 61.000000 73.000000 5.000000 49.000000 80.000000 69.000000 12.000000 36.000000 10.000000 7.000000 
56.000000 74.000000 32.000000 39.000000 88.000000 68.000000 35.000000 16.000000 63.000000 8.000000 66.000000 82.000000 8.000000 48.000000 51.000000 50.000000 47.000000 59.000000 98.000000 40.000000 48.000000 27.000000 7.000000 1.000000 48.000000 27.000000 69.000000 53.000000 72.000000 59.000000 
11.000000 34.000000 49.000000 46.000000 34.000000 18.000000 98.000000 44.000000 43.000000 44.000000 32.000000 78.000000 60.000000 84.000000 1.000000 39.000000 77.000000 27.000000 82.000000 87.000000 3.000000 58.000000 70.000000 42.000000 79.000000 71.000000 42.000000 79.000000 92.000000 28.000000 
98.000000 36.000000 10.000000 66.000000 95.000000 10.000000 98.000000 10.000000 25.000000 8.000000 19.000000 36.000000 8.000000 64.000000 99.000000 9.000000 15.000000 40.000000 31.000000 78.000000 8.000000 96.000000 40.000000 2.000000 91.000000 58.000000 27.000000 40.000000 5.000000 50.000000 
84.000000 39.000000 97.000000 59.000000 21.000000 94.000000 60.000000 41.000000 64.000000 61.000000 16.000000 4.000000 24.000000 51.000000 95.000000 7.000000 17.000000 39.000000 26.000000 79.000000 11.000000 72.000000 48.000000 31.000000 22.000000 32.000000 3.000000 25.000000 76.000000 20.000000 
71.000000 27.000000 27.000000 58.000000 64.000000 39.000000 80.000000 12.000000 73.000000 6.000000 69.000000 95.000000 57.000000 38.000000 94.000000 3.000000 4.000000 92.000000 95.000000 89.000000 96.000000 99.000000 42.000000 79.000000 85.000000 31.000000 62.000000 87.000000 32.000000 62.000000 
24.000000 77.000000 82.000000 43.000000 50.000000 89.000000 77.000000 5.000000 46.000000 18.000000 23.000000 64.000000 51.000000 17.000000 68.000000 88.000000 40.000000 61.000000 58.000000 46.000000 62.000000 0.000000 73.000000 62.000000 69.000000 76.000000 63.000000 27.000000 71.000000 86.000000 
42.000000 51.000000 41.000000 33.000000 91.000000 68.000000 34.000000 65.000000 4.000000 1.000000 4.000000 16.000000 59.000000 69.000000 43.000000 9.000000 5.000000 96.000000 43.000000 49.000000 91.000000 38.000000 97.000000 46.000000 90.000000 47.000000 63.000000 43.000000 89.000000 41.000000 
58.000000 29.000000 31.000000 45.000000 73.000000 63.000000 62.000000 19.000000 4.000000 47.000000 95.000000 89.000000 60.000000 15.000000 94.000000 63.000000 78.000000 37.000000 59.000000 72.000000 61.000000 45.000000 48.000000 77.000000 25.000000 28.000000 68.000000 49.000000 17.000000 67.000000 
28.000000 90.000000 29.000000 93.000000 36.000000 64.000000 37.000000 99.000000 73.000000 51.000000 38.000000 27.000000 89.000000 49.000000 45.000000 27.000000 98.000000 84.000000 89.000000 42.000000 59.000000 94.000000 23.000000 82.000000 86.000000 18.000000 23.000000 78.000000 12.000000 82.000000 
48.000000 37.000000 9.000000 81.000000 90.000000 36.000000 26.000000 92.000000 26.000000 24.000000 8.000000 64.000000 58.000000 28.000000 10.000000 78.000000 12.000000 69.000000 6.000000 59.000000 6.000000 48.000000 70.000000 7.000000 33.000000 46.000000 71.000000 55.000000 13.000000 58.000000 
15.000000 75.000000 97.000000 48.000000 19.000000 12.000000 47.000000 96.000000 9.000000 83.000000 4.000000 79.000000 65.000000 0.000000 39.000000 1.000000 66.000000 89.000000 38.000000 65.000000 10.000000 10.000000 56.000000 58.000000 89.000000 23.000000 67.000000 81.000000 81.000000 26.000000 
67.000000 60.000000 53.000000 77.000000 28.000000 1.000000 9.000000 76.000000 1.000000 91.000000 28.000000 58.000000 10.000000 59.000000 53.000000 42.000000 0.000000 27.000000 55.000000 13.000000 23.000000 41.000000 65.000000 49.000000 68.000000 53.000000 55.000000 20.000000 75.000000 84.000000 
4.000000 11.000000 6.000000 3.000000 90.000000 52.000000 28.000000 98.000000 87.000000 56.000000 54.000000 17.000000 61.000000 5.000000 55.000000 12.000000 90.000000 15.000000 12.000000 16.000000 56.000000 99.000000 93.000000 29.000000 88.000000 80.000000 66.000000 95.000000 38.000000 45.000000 
82.000000 5.000000 41.000000 30.000000 99.000000 39.000000 75.000000 81.000000 7.000000 51.000000 26.000000 29.000000 6.000000 52.000000 23.000000 77.000000 26.000000 44.000000 7.000000 88.000000 93.000000 9.000000 38.000000 11.000000 93.000000 65.000000 54.000000 3.000000 73.000000 27.000000 
45.000000 11.000000 84.000000 51.000000 2.000000 50.000000 62.000000 48.000000 45.000000 63.000000 0.000000 71.000000 57.000000 63.000000 54.000000 52.000000 65.000000 97.000000 80.000000 11.000000 45.000000 71.000000 8.000000 77.000000 54.000000 33.000000 96.000000 90.000000 1.000000 4.000000 
14.000000 69.000000 22.000000 99.000000 52.000000 84.000000 8.000000 74.000000 61.000000 40.000000 21.000000 15.000000 65.000000 78.000000 74.000000 19.000000 95.000000 52.000000 74.000000 55.000000 50.000000 28.000000 56.000000 16.000000 72.000000 19.000000 44.000000 65.000000 96.000000 50.000000 
29.000000 68.000000 7.000000 23.000000 46.000000 56.000000 29.000000 19.000000 93.000000 53.000000 10.000000 55.000000 9.000000 70.000000 82.000000 95.000000 30.000000 49.000000 24.000000 70.000000 72.000000 7.000000 42.000000 63.000000 3.000000 17.000000 50.000000 65.000000 32.000000 22.000000 
9.000000 95.000000 96.000000 66.000000 73.000000 69.000000 35.000000 98.000000 34.000000 25.000000 99.000000 76.000000 72.000000 61.000000 3.000000 79.000000 55.000000 48.000000 41.000000 97.000000 34.000000 0.000000 17.000000 75.000000 35.000000 39.000000 60.000000 11.000000 52.000000 73.000000 
30.000000 39.000000 78.000000 81.000000 22.000000 65.000000 28.000000 68.000000 38.000000 7.000000 56.000000 29.000000 81.000000 77.000000 57.000000 59.000000 83.000000 9.000000 14.000000 72.000000 82.000000 2.000000 16.000000 18.000000 4.000000 52.000000 81.000000 32.000000 12.000000 77.000000 
39.000000 33.000000 36.000000 68.000000 68.000000 68.000000 90.000000 24.000000 89.000000 59.000000 45.000000 31.000000 60.000000 10.000000 4.000000 29.000000 26.000000 77.000000 13.000000 44.000000 9.000000 3.000000 90.000000 93.000000 63.000000 78.000000 63.000000 95.000000 6.000000 74.000000 
54.000000 36.000000 19.000000 63.000000 31.000000 77.000000 65.000000 19.000000 41.000000 91.000000 71.000000 63.000000 77.000000 89.000000 84.000000 2.000000 45.000000 51.000000 85.000000 73.000000 44.000000 88.000000 14.000000 82.000000 63.000000 89.000000 60.000000 16.000000 61.000000 28.000000 
10.000000 54.000000 93.000000 51.000000 50.000000 13.000000 86.000000 52.000000 82.000000 4.000000 78.000000 11.000000 85.000000 78.000000 94.000000 62.000000 39.000000 95.000000 90.000000 2.000000 92.000000 35.000000 14.000000 60.000000 29.000000 57.000000 59.000000 7.000000 97.000000 45.000000 
0.000000 45.000000 65.000000 11.000000 47.000000 28.000000 36.000000 58.000000 55.000000 95.000000 53.000000 97.000000 67.000000 18.000000 44.000000 85.000000 92.000000 3.000000 10.000000 31.000000 39.000000 82.000000 50.000000 82.000000 45.000000 95.000000 75.000000 79.000000 99.000000 50.000000 
59.000000 60.000000 17.000000 5.000000 18.000000 43.000000 45.000000 14.000000 32.000000 8.000000 78.000000 27.000000 38.000000 76.000000 31.000000 38.000000 57.000000 42.000000 1.000000 30.000000 54.000000 11.000000 99.000000 37.000000 12.000000 60.000000 46.000000 49.000000 97.000000 2.000000 
62.000000 18.000000 29.000000 33.000000 88.000000 35.000000 89.000000 99.000000 26.000000 99.000000 40.000000 0.000000 84.000000 84.000000 17.000000 25.000000 57.000000 91.000000 32.000000 87.000000 89.000000 27.000000 2.000000 86.000000 91.000000 51.000000 81.000000 47.000000 13.000000 90.000000 
63.000000 89.000000 90.000000 0.000000 89.000000 20.000000 22.000000 28.000000 70.000000 86.000000 40.000000 15.000000 11.000000 0.000000 85.000000 22.000000 96.000000 32.000000 91.000000 88.000000 77.000000 38.000000 58.000000 47.000000 61.000000 65.000000 46.000000 53.000000 7.000000 50.000000 
25.000000 8.000000 66.000000 4.000000 86.000000 78.000000 22.000000 52.000000 65.000000 46.000000 29.000000 64.000000 49.000000 36.000000 44.000000 6.000000 78.000000 12.000000 5.000000 89.000000 43.000000 33.000000 95.000000 94.000000 49.000000 10.000000 7.000000 11.000000 5.000000 13.000000 
87.000000 6.000000 50.000000 7.000000 21.000000 18.000000 13.000000 28.000000 5.000000 42.000000 99.000000 16.000000 4.000000 47.000000 26.000000 78.000000 86.000000 43.000000 50.000000 43.000000 94.000000 93.000000 79.000000 20.000000 91.000000 32.000000 34.000000 3.000000 94.000000 40.000000 
23.000000 43.000000 69.000000 80.000000 40.000000 11.000000 66.000000 4.000000 95.000000 15.000000 17.000000 83.000000 42.000000 35.000000 11.000000 5.000000 53.000000 1.000000 34.000000 68.000000 71.000000 20.000000 39.000000 47.000000 31.000000 38.000000 66.000000 10.000000 26.000000 79.000000 
45.000000 24.000000 61.000000 98.000000 48.000000 68.000000 33.000000 58.000000 65.000000 43.000000 18.000000 0.000000 34.000000 46.000000 48.000000 65.000000 35.000000 62.000000 24.000000 4.000000 33.000000 67.000000 97.000000 67.000000 40.000000 57.000000 90.000000 67.000000 22.000000 63.000000 
71.000000 60.000000 60.000000 90.000000 96.000000 75.000000 67.000000 97.000000 55.000000 6.000000 2.000000 17.000000 28.000000 32.000000 31.000000 85.000000 6.000000 35.000000 37.000000 98.000000 46.000000 30.000000 74.000000 55.000000 70.000000 24.000000 19.000000 34.000000 5.000000 80.000000 
56.000000 10.000000 51.000000 35.000000 10.000000 20.000000 12.000000 13.000000 19.000000 21.000000 15.000000 28.000000 87.000000 17.000000 31.000000 56.000000 80.000000 29.000000 42.000000 44.000000 50.000000 46.000000 34.000000 66.000000 0.000000 77.000000 20.000000 49.000000 22.000000 95.000000 
91.000000 39.000000 66.000000 46.000000 86.000000 58.000000 42.000000 48.000000 6.000000 93.000000 45.000000 25.000000 11.000000 16.000000 53.000000 35.000000 96.000000 7.000000 53.000000 91.000000 17.000000 54.000000 83.000000 94.000000 15.000000 37.000000 1.000000 8.000000 59.000000 17.000000 
18.000000 60.000000 21.000000 3.000000 47.000000 47.000000 31.000000 54.000000 74.000000 67.000000 86.000000 39.000000 33.000000 25.000000 23.000000 77.000000 56.000000 70.000000 52.000000 12.000000 19.000000 61.000000 30.000000 97.000000 15.000000 85.000000 27.000000 14.000000 14.000000 52.000000 
90.000000 19.000000 0.000000 55.000000 29.000000 20.000000 95.000000 69.000000 74.000000 10.000000 98.000000 21.000000 70.000000 16.000000 21.000000 64.000000 21.000000 38.000000 74.000000 23.000000 89.000000 91.000000 48.000000 9.000000 14.000000 73.000000 1.000000 18.000000 19.000000 8.000000 
27.000000 45.000000 97.000000 65.000000 84.000000 10.000000 10.000000 30.000000 0.000000 47.000000 44.000000 86.000000 81.000000 10.000000 88.000000 31.000000 95.000000 16.000000 59.000000 41.000000 12.000000 4.000000 57.000000 57.000000 7.000000 87.000000 38.000000 46.000000 68.000000 43.000000 
51.000000 72.000000 74.000000 49.000000 54.000000 81.000000 10.000000 60.000000 22.000000 68.000000 55.000000 97.000000 1.000000 5.000000 61.000000 90.000000 80.000000 35.000000 90.000000 86.000000 77.000000 46.000000 95.000000 23.000000 69.000000 13.000000 59.000000 23.000000 8.000000 49.000000 
17.000000 69.000000 93.000000 4.000000 39.000000 59.000000 18.000000 10.000000 40.000000 43.000000 80.000000 58.000000 49.000000 12.000000 46.000000 59.000000 51.000000 68.000000 96.000000 20.000000 87.000000 7.000000 1.000000 30.000000 73.000000 98.000000 97.000000 56.000000 69.000000 28.000000 
64.000000 84.000000 23.000000 57.000000 28.000000 41.000000 55.000000 97.000000 33.000000 13.000000 62.000000 5.000000 64.000000 17.000000 69.000000 69.000000 11.000000 7.000000 37.000000 10.000000 0.000000 20.000000 19.000000 42.000000 43.000000 87.000000 19.000000 50.000000 75.000000 75.000000 
99.000000 90.000000 84.000000 16.000000 33.000000 24.000000 48.000000 64.000000 1.000000 17.000000 29.000000 68.000000 85.000000 95.000000 13.000000 56.000000 3.000000 20.000000 68.000000 73.000000 80.000000 35.000000 65.000000 11.000000 64.000000 83.000000 0.000000 29.000000 30.000000 5.000000 
98.000000 50.000000 10.000000 79.000000 82.000000 81.000000 69.000000 40.000000 56.000000 95.000000 6.000000 1.000000 22.000000 70.000000 43.000000 64.000000 26.000000 76.000000 34.000000 0.000000 22.000000 53.000000 11.000000 15.000000 74.000000 13.000000 52.000000 53.000000 57.000000 85.000000 
27.000000 95.000000 20.000000 55.000000 60.000000 44.000000 5.000000 80.000000 25.000000 32.000000 67.000000 99.000000 49.000000 61.000000 14.000000 32.000000 93.000000 73.000000 65.000000 72.000000 46.000000 22.000000 15.000000 5.000000 37.000000 80.000000 22.000000 86.000000 59.000000 5.000000 
84.000000 0.000000 52.000000 54.000000 59.000000 54.000000 8.000000 12.000000 41.000000 83.000000 70.000000 80.000000 8.000000 82.000000 54.000000 41.000000 92.000000 82.000000 14.000000 84.000000 52.000000 30.000000 20.000000 79.000000 25.000000 57.000000 39.000000 11.000000 16.000000 34.000000 
9.000000 20.000000 36.000000 37.000000 73.000000 24.000000 92.000000 5.000000 8.000000 92.000000 8.000000 24.000000 45.000000 20.000000 13.000000 95.000000 95.000000 10.000000 31.000000 67.000000 10.000000 64.000000 69.000000 28.000000 37.000000 44.000000 67.000000 4.000000 69.000000 46.000000 
73.000000 0.000000 76.000000 10.000000 55.000000 77.000000 80.000000 48.000000 58.000000 58.000000 15.000000 72.000000 65.000000 8.000000 65.000000 40.000000 30.000000 29.000000 97.000000 71.000000 90.000000 51.000000 10.000000 87.000000 61.000000 36.000000 76.000000 71.000000 90.000000 8.000000 
55.000000 78.000000 19.000000 74.000000 82.000000 16.000000 69.000000 17.000000 87.000000 78.000000 55.000000 54.000000 82.000000 18.000000 4.000000 5.000000 19.000000 86.000000 19.000000 16.000000 28.000000 55.000000 15.000000 16.000000 62.000000 28.000000 32.000000 18.000000 12.000000 90.000000 
80.000000 98.000000 96.000000 54.000000 95.000000 85.000000 97.000000 9.000000 91.000000 71.000000 32.000000 66.000000 44.000000 27.000000 59.000000 79.000000 54.000000 53.000000 69.000000 57.000000 47.000000 33.000000 10.000000 23.000000 37.000000 59.000000 41.000000 69.000000 47.000000 29.000000 
22.000000 14.000000 59.000000 70.000000 65.000000 74.000000 49.000000 4.000000 41.000000 89.000000 20.000000 72.000000 74.000000 73.000000 46.000000 3.000000 98.000000 80.000000 79.000000 56.000000 49.000000 7.000000 95.000000 98.000000 10.000000 64.000000 74.000000 95.000000 45.000000 97.000000 
34.000000 16.000000 79.000000 35.000000 85.000000 88.000000 11.000000 96.000000 42.000000 45.000000 79.000000 87.000000 43.000000 68.000000 98.000000 61.000000 43.000000 1.000000 44.000000 28.000000 81.000000 86.000000 69.000000 44.000000 54.000000 70.000000 44.000000 0.000000 28.000000 58.000000 
95.000000 3.000000 80.000000 18.000000 55.000000 23.000000 50.000000 81.000000 54.000000 31.000000 46.000000 65.000000 28.000000 64.000000 30.000000 26.000000 12.000000 0.000000 78.000000 30.000000 46.000000 11.000000 96.000000 83.000000 10.000000 33.000000 27.000000 53.000000 77.000000 80.000000 
90.000000 96.000000 35.000000 83.000000 34.000000 67.000000 22.000000 31.000000 85.000000 49.000000 87.000000 43.000000 44.000000 61.000000 52.000000 7.000000 39.000000 28.000000 47.000000 62.000000 56.000000 95.000000 48.000000 92.000000 96.000000 53.000000 30.000000 90.000000 26.000000 89.000000 
23.000000 83.000000 35.000000 78.000000 32.000000 37.000000 5.000000 87.000000 48.000000 88.000000 56.000000 55.000000 78.000000 54.000000 28.000000 76.000000 63.000000 38.000000 13.000000 75.000000 57.000000 25.000000 41.000000 89.000000 93.000000 18.000000 90.000000 70.000000 56.000000 88.000000 
75.000000 67.000000 43.000000 19.000000 24.000000 86.000000 77.000000 70.000000 63.000000 93.000000 0.000000 6.000000 63.000000 33.000000 67.000000 38.000000 3.000000 90.000000 23.000000 5.000000 81.000000 86.000000 21.000000 71.000000 58.000000 0.000000 23.000000 15.000000 23.000000 73.000000 
91.000000 56.000000 8.000000 15.000000 47.000000 27.000000 3.000000 23.000000 87.000000 92.000000 40.000000 93.000000 46.000000 73.000000 45.000000 80.000000 70.000000 25.000000 85.000000 30.000000 40.000000 87.000000 59.000000 94.000000 39.000000 88.000000 96.000000 6.000000 79.000000 86.000000 
74.000000 72.000000 11.000000 74.000000 73.000000 4.000000 95.000000 75.000000 7.000000 7.000000 98.000000 18.000000 29.000000 89.000000 49.000000 60.000000 73.000000 65.000000 73.000000 99.000000 0.000000 62.000000 72.000000 91.000000 47.000000 52.000000 36.000000 68.000000 1.000000 80.000000 
98.000000 17.000000 61.000000 42.000000 65.000000 81.000000 25.000000 48.000000 92.000000 62.000000 54.000000 73.000000 71.000000 66.000000 81.000000 73.000000 72.000000 17.000000 59.000000 20.000000 38.000000 1.000000 84.000000 96.000000 26.000000 58.000000 32.000000 30.000000 61.000000 6.000000 
83.000000 85.000000 19.000000 73.000000 34.000000 24.000000 77.000000 66.000000 32.000000 0.000000 95.000000 15.000000 49.000000 74.000000 93.000000 61.000000 12.000000 28.000000 77.000000 72.000000 46.000000 47.000000 99.000000 22.000000 87.000000 83.000000 57.000000 53.000000 88.000000 13.000000 