30 60
131 95 100 43 97 29 160 75 76 160 69 104 175 141 149 133 142 51 125 30 69 139 172 136 129 64 61 101 75 138 
3995.000000 697.000000 5177.000000 5351.000000 3701.000000 4164.000000 4267.000000 4675.000000 3920.000000 4809.000000 4032.000000 4544.000000 5013.000000 3104.000000 2355.000000 3903.000000 1699.000000 1249.000000 1298.000000 1309.000000 3127.000000 2119.000000 4320.000000 1838.000000 4784.000000 3201.000000 3484.000000 1304.000000 5283.000000 2196.000000 
19 14 19 25 22 19 18 10 12 21 23 10 11 20 29 19 21 25 25 21 14 25 24 15 16 13 15 24 10 15 27 19 25 12 14 13 10 19 10 12 26 22 18 18 15 11 13 17 29 21 18 19 14 17 18 28 13 27 17 26 
46.000000 45.000000 71.000000 97.000000 12.000000 37.000000 37.000000 73.000000 38.000000 24.000000 85.000000 14.000000 56.000000 11.000000 10.000000 6.000000 89.000000 62.000000 57.000000 25.000000 95.000000 34.000000 22.000000 85.000000 20.000000 14.000000 60.000000 99.000000 39.000000 41.000000 
94.000000 37.000000 19.000000 19.000000 26.000000 63.000000 42.000000 42.000000 0.000000 66.000000 77.000000 99.000000 56.000000 40.000000 77.000000 26.000000 94.000000 64.000000 56.000000 21.000000 21.000000 92.000000 54.000000 37.000000 43.000000 48.000000 7.000000 30.000000 60.000000 95.000000 
83.000000 14.000000 37.000000 15.000000 34.000000 53.000000 72.000000 24.000000 89.000000 4.000000 4.000000 11.000000 93.000000 69.000000 98.000000 63.000000 52.000000 42.000000 20.000000 27.000000 44.000000 47.000000 98.000000 26.000000 13.000000 1.000000 4.000000 6.000000 44.000000 58.000000 
26.000000 5.000000 5.000000 8.000000 12.000000 69.000000 80.000000 48.000000 93.000000 33.000000 41.000000 33.000000 28.000000 69.000000 47.000000 88.000000 26.000000 63.000000 36.000000 40.000000 39.000000 53.000000 76.000000 86.000000 23.000000 71.000000 80.000000 18.000000 18.000000 47.000000 
99.000000 71.000000 97.000000 75.000000 52.000000 65.000000 83.000000 60.000000 58.000000 45.000000 20.000000 73.000000 75.000000 56.000000 69.000000 8.000000 62.000000 4.000000 53.000000 99.000000 20.000000 73.000000 75.000000 54.000000 82.000000 28.000000 77.000000 0.000000 50.000000 99.000000 
21.000000 66.000000 99.000000 39.000000 12.000000 29.000000 9.000000 93.000000 87.000000 2.000000 81.000000 29.000000 37.000000 58.000000 54.000000 18.000000 52.000000 98.000000 22.000000 54.000000 93.000000 12.000000 32.000000 56.000000 26.000000 94.000000 6.000000 1.000000 91.000000 17.000000 
2.000000 73.000000 73.000000 62.000000 33.000000 20.000000 7.000000 71.000000 95.000000 68.000000 31.000000 63.000000 72.000000 25.000000 72.000000 31.000000 24.000000 80.000000 23.000000 17.000000 71.000000 69.000000 55.000000 20.000000 35.000000 74.000000 63.000000 97.000000 1.000000 79.000000 
44.000000 54.000000 3.000000 84.000000 58.000000 39.000000 52.000000 66.000000 16.000000 85.000000 68.000000 33.000000 0.000000 67.000000 65.000000 4.000000 3.000000 64.000000 21.000000 21.000000 52.000000 44.000000 15.000000 73.000000 48.000000 22.000000 28.000000 80.000000 31.000000 38.000000 
31.000000 76.000000 63.000000 74.000000 3.000000 94.000000 83.000000 4.000000 66.000000 22.000000 73.000000 35.000000 18.000000 99.000000 50.000000 92.000000 5.000000 75.000000 57.000000 59.000000 63.000000 37.000000 33.000000 66.000000 21.000000 81.000000 80.000000 96.000000 46.000000 91.000000 
48.000000 46.000000 73.000000 50.000000 24.000000 68.000000 42.000000 84.000000 77.000000 70.000000 48.000000 23.000000 10.000000 63.000000 74.000000 43.000000 10.000000 71.000000 48.000000 92.000000 9.000000 48.000000 56.000000 40.000000 82.000000 72.000000 15.000000 99.000000 56.000000 0.000000 
60.000000 94.000000 6.000000 8.000000 12.000000 0.000000 51.000000 58.000000 41.000000 48.000000 95.000000 56.000000 31.000000 99.000000 55.000000 93.000000 1.000000 9.000000 85.000000 91.000000 60.000000 50.000000 82.000000 92.000000 93.000000 61.000000 41.000000 58.000000 87.000000 28.000000 
81.000000 71.000000 77.000000 43.000000 69.000000 63.000000 46.000000 66.000000 17.000000 96.000000 13.000000 3.000000 14.000000 83.000000 8.000000 69.000000 39.000000 26.000000 97.000000 10.000000 50.000000 95.000000 20.000000 86.000000 49.000000 84.000000 51.000000 46.000000 73.000000 24.000000 
86.000000 59.000000 58.000000 28.000000 40.000000 57.000000 77.000000 6.000000 82.000000 33.000000 42.000000 62.000000 51.000000 77.000000 34.000000 79.000000 33.000000 48.000000 87.000000 47.000000 99.000000 25.000000 56.000000 80.000000 17.000000 81.000000 29.000000 43.000000 92.000000 62.000000 
65.000000 73.000000 21.000000 76.000000 87.000000 68.000000 27.000000 24.000000 41.000000 86.000000 42.000000 26.000000 97.000000 68.000000 37.000000 20.000000 79.000000 74.000000 24.000000 38.000000 26.000000 15.000000 79.000000 0.000000 27.000000 97.000000 49.000000 55.000000 91.000000 21.000000 
68.000000 90.000000 28.000000 15.000000 64.000000 55.000000 69.000000 66.000000 54.000000 0.000000 46.000000 7.000000 53.000000 13.000000 99.000000 53.000000 39.000000 97.000000 96.000000 6.000000 56.000000 39.000000 79.000000 74.000000 43.000000 47.000000 59.000000 52.000000 29.000000 74.000000 
53.000000 98.000000 13.000000 27.000000 96.000000 63.000000 48.000000 65.000000 2.000000 81.000000 71.000000 6.000000 52.000000 28.000000 59.000000 5.000000 15.000000 89.000000 10.000000 90.000000 58.000000 16.000000 67.000000 39.000000 68.000000 43.000000 37.000000 49.000000 24.000000 7.000000 
76.000000 42.000000 80.000000 83.000000 49.000000 92.000000 27.000000 36.000000 64.000000 66.000000 81.000000 47.000000 64.000000 31.000000 89.000000 61.000000 9.000000 53.000000 60.000000 75.000000 90.000000 0.000000 57.000000 49.000000 56.000000 19.000000 13.000000 25.000000 39.000000 52.000000 
65.000000 77.000000 24.000000 9.000000 86.000000 17.000000 82.000000 16.000000 2.000000 57.000000 68.000000 10.000000 1.000000 81.000000 57.000000 31.000000 65.000000 76.000000 69.000000 52.000000 96.000000 40.000000 4.000000 43.000000 11.000000 56.000000 81.000000 55.000000 36.000000 1.000000 
65.000000 72.000000 99.000000 32.000000 17.000000 64.000000 33.000000 68.000000 7.000000 51.000000 25.000000 53.000000 74.000000 44.000000 57.000000 78.000000 7.000000 31.000000 58.000000 94.000000 11.000000 38.000000 36.000000 43.000000 63.000000 53.000000 63.000000 91.000000 64.000000 11.000000 
51.000000 29.000000 66.000000 90.000000 17.000000 98.000000 8.000000 42.000000 33.000000 37.000000 3.000000 64.000000 24.000000 58.000000 57.000000 2.000000 40.000000 13.000000 9.000000 21.000000 21.000000 93.000000 20.000000 91.000000 39.000000 75.000000 64.000000 81.000000 76.000000 15.000000 
86.000000 45.000000 77.000000 51.000000 30.000000 57.000000 84.000000 54.000000 63.000000 16.000000 45.000000 51.000000 33.000000 41.000000 51.000000 8.000000 56.000000 16.000000 40.000000 42.000000 93.000000 59.000000 79.000000 5.000000 93.000000 32.000000 15.000000 52.000000 90.000000 96.000000 
39.000000 92.000000 89.000000 9.000000 26.000000 86.000000 80.000000 88.000000 37.000000 35.000000 58.000000 4.000000 77.000000 69.000000 51.000000 82.000000 80.000000 45.000000 67.000000 6.000000 45.000000 99.000000 27.000000 70.000000 33.000000 17.000000 35.000000 23.000000 19.000000 24.000000 
11.000000 85.000000 62.000000 91.000000 76.000000 44.000000 13.000000 34.000000 75.000000 68.000000 87.000000 29.000000 80.000000 65.000000 84.000000 80.000000 92.000000 8.000000 10.000000 16.000000 49.000000 85.000000 44.000000 99.000000 11.000000 47.000000 54.000000 71.000000 65.000000 70.000000 
59.000000 68.000000 81.000000 48.000000 82.000000 87.000000 11.000000 85.000000 48.000000 74.000000 11.000000 47.000000 19.000000 81.000000 28.000000 1.000000 72.000000 0.000000 79.000000 55.000000 62.000000 71.000000 22.000000 61.000000 21.000000 34.000000 84.000000 48.000000 90.000000 61.000000 
11.000000 21.000000 87.000000 92.000000 41.000000 8.000000 56.000000 57.000000 20.000000 60.000000 41.000000 64.000000 19.000000 43.000000 91.000000 89.000000 10.000000 55.000000 94.000000 78.000000 22.000000 77.000000 82.000000 67.000000 66.000000 30.000000 60.000000 80.000000 21.000000 1.000000 
59.000000 40.000000 13.000000 65.000000 6.000000 34.000000 19.000000 0.000000 66.000000 85.000000 88.000000 87.000000 0.000000 44.000000 65.000000 42.000000 34.000000 6.000000 47.000000 14.000000 51.000000 91.000000 15.000000 44.000000 38.000000 65.000000 23.000000 83.000000 44.000000 88.000000 
31.000000 0.000000 55.000000 13.000000 21.000000 35.000000 67.000000 60.000000 26.000000 79.000000 18.000000 59.000000 63.000000 77.000000 32.000000 31.000000 53.000000 96.000000 53.000000 41.000000 70.000000 4.000000 93.000000 45.000000 39.000000 45.000000 21.000000 29.000000 95.000000 2.000000 
53.000000 94.000000 60.000000 5.000000 45.000000 40.000000 97.000000 5.000000 68.000000 67.000000 62.000000 18.000000 40.000000 71.000000 52.000000 34.000000 42.000000 23.000000 22.000000 25.000000 27.000000 54.000000 20.000000 98.000000 19.000000 77.000000 61.000000 84.000000 48.000000 30.000000 
46.000000 62.000000 68.000000 8.000000 91.000000 46.000000 69.000000 35.000000 12.000000 90.000000 58.000000 81.000000 10.000000 4.000000 85.000000 19.000000 24.000000 54.000000 33.000000 98.000000 46.000000 16.000000 7.000000 65.000000 50.000000 6.000000 76.000000 54.000000 33.000000 84.000000 
56.000000 41.000000 0.000000 29.000000 65.000000 23.000000 40.000000 16.000000 40.000000 69.000000 51.000000 50.000000 33.000000 60.000000 43.000000 44.000000 27.000000 5.000000 9.000000 24.000000 8.000000 13.000000 37.000000 22.000000 19.000000 44.000000 24.000000 83.000000 58.000000 71.000000 
94.000000 85.000000 10.000000 44.000000 42.000000 63.000000 21.000000 13.000000 62.000000 79.000000 44.000000 66.000000 7.000000 86.000000 37.000000 87.000000 16.000000 61.000000 66.000000 35.000000 98.000000 25.000000 67.000000 5.000000 41.000000 66.000000 60.000000 18.000000 16.000000 28.000000 
10.000000 54.000000 68.000000 44.000000 93.000000 20.000000 19.000000 14.000000 10.000000 28.000000 47.000000 65.000000 44.000000 4.000000 86.000000 39.000000 63.000000 80.000000 72.000000 95.000000 24.000000 21.000000 42.000000 28.000000 8.000000 91.000000 41.000000 35.000000 3.000000 69.000000 
13.000000 77.000000 23.000000 58.000000 66.000000 34.000000 16.000000 60.000000 37.000000 26.000000 6.000000 99.000000 20.000000 71.000000 71.000000 17.000000 3.000000 96.000000 52.000000 82.000000 39.000000 4.000000 48.000000 79.000000 53.000000 98.000000 29.000000 67.000000 56.000000 84.000000 
94.000000 32.000000 11.000000 13.000000 39.000000 68.000000 84.000000 46.000000 11.000000 57.000000 64.000000 34.000000 79.000000 39.000000 43.000000 61.000000 33.000000 94.000000 87.000000 83.000000 95.000000 70.000000 32.000000 63.000000 6.000000 30.000000 7.000000 92.000000 26.000000 9.000000 
40.000000 38.000000 52.000000 99.000000 17.000000 59.000000 47.000000 99.000000 4.000000 89.000000 34.000000 8.000000 30.000000 66.000000 1.000000 37.000000 13.000000 67.000000 12.000000 78.000000 74.000000 70.000000 29.000000 46.000000 51.000000 63.000000 92.000000 98.000000 36.000000 58.000000 
92.000000 72.000000 83.000000 85.000000 68.000000 14.000000 50.000000 81.000000 83.000000 96.000000 95.000000 89.000000 64.000000 17.000000 24.000000 43.000000 38.000000 65.000000 65.000000 86.000000 61.000000 65.000000 13.000000 69.000000 42.000000 47.000000 81.000000 14.000000 21.000000 15.000000 
36.000000 38.000000 21.000000 93.000000 13.000000 83.000000 9.000000 78.000000 40.000000 86.000000 34.000000 32.000000 12.000000 88.000000 5.000000 91.000000 98.000000 75.000000 59.000000 73.000000 66.000000 85.000000 7.000000 9.000000 65.000000 33.000000 68.000000 35.000000 96.000000 41.000000 
33.000000 15.000000 64.000000 64.000000 3.000000 86.000000 91.000000 57.000000 14.000000 45.000000 25.000000 24.000000 34.000000 11.000000 93.000000 46.000000 83.000000 42.000000 63.000000 67.000000 27.000000 90.000000 23.000000 96.000000 52.000000 17.000000 1.000000 58.000000 91.000000 4.000000 
53.000000 89.000000 91.000000 37.000000 37.000000 62.000000 27.000000 46.000000 16.000000 97.000000 96.000000 25.000000 59.000000 87.000000 66.000000 66.000000 65.000000 40.000000 47.000000 87.000000 92.000000 15.000000 8.000000 27.000000 78.000000 20.000000 70.000000 51.000000 1.000000 84.000000 
44.000000 77.000000 97.000000 18.000000 83.000000 25.000000 33.000000 49.000000 82.000000 47.000000 22.000000 63.000000 40.000000 81.000000 2.000000 11.000000 62.000000 61.000000 40.000000 65.000000 71.000000 47.000000 18.000000 9.000000 62.000000 72.000000 6.000000 25.000000 8.000000 26.000000 
59.000000 89.000000 5.000000 8.000000 56.000000 7.000000 16.000000 30.000000 92.000000 35.000000 54.000000 43.000000 79.000000 80.000000 7.000000 34.000000 29.000000 70.000000 0.000000 89.000000 17.000000 31.000000 51.000000 49.000000 36.000000 29.000000 51.000000 95.000000 22.000000 44.000000 
89.000000 14.000000 78.000000 98.000000 5.000000 78.000000 48.000000 49.000000 26.000000 3.000000 12.000000 22.000000 27.000000 70.000000 93.000000 42.000000 28.000000 55.000000 23.000000 84.000000 9.000000 71.000000 78.000000 68.000000 8.000000 24.000000 2.000000 47.000000 33.000000 43.000000 
74.000000 79.000000 7.000000 41.000000 73.000000 74.000000 21.000000 1.000000 74.000000 57.000000 69.000000 3.000000 56.000000 4.000000 86.000000 39.000000 8.000000 8.000000 12.000000 73.000000 79.000000 14.000000 66.000000 61.000000 94.000000 21.000000 85.000000 6.000000 32.000000 30.000000 
66.000000 46.000000 48.000000 99.000000 29.000000 87.000000 70.000000 24.000000 79.000000 19.000000 22.000000 62.000000 25.000000 94.000000 45.000000 68.000000 10.000000 44.000000 99.000000 7.000000 37.000000 72.000000 3.000000 63.000000 96.000000 40.000000 20.000000 53.000000 49.000000 37.000000 
4.000000 34.000000 6.000000 12.000000 64.000000 41.000000 98.000000 88.000000 4.000000 98.000000 52.000000 2.000000 66.000000 8.000000 98.000000 42.000000 62.000000 91.000000 82.000000 58.000000 82.000000 33.000000 57.000000 88.000000 12.000000 75.000000 71.000000 19.000000 99.000000 45.000000 
91.000000 62.000000 56.000000 10.000000 6.000000 28.000000 79.000000 7.000000 29.000000 34.000000 23.000000 87.000000 63.000000 53.000000 64.000000 61.000000 15.000000 21.000000 52.000000 44.000000 78.000000 33.000000 7.000000 48.000000 98.000000 14.000000 34.000000 40.000000 14.000000 40.000000 
57.000000 94.000000 24.000000 29.000000 87.000000 98.000000 20.000000 62.000000 87.000000 68.000000 10.000000 68.000000 85.000000 24.000000 84.000000 3.000000 64.000000 1.000000 26.000000 6.000000 18.000000 91.000000 76.000000 3.000000 59.000000 80.000000 62.000000 97.000000 7.000000 85.000000 
96.000000 74.000000 9.000000 15.000000 85.000000 94.000000 58.000000 32.000000 0.000000 61.000000 16.000000 62.000000 2.000000 90.000000 60.000000 86.000000 33.000000 12.000000 96.000000 26.000000 6.000000 80.000000 27.000000 86.000000 52.000000 78.000000 59.000000 27.000000 21.000000 38.000000 
82.000000 83.000000 34.000000 21.000000 53.000000 39.000000 36.000000 15.000000 90.000000 40.000000 93.000000 51.000000 31.000000 93.000000 42.000000 55.000000 28.000000 90.000000 80.000000 71.000000 77.000000 51.000000 52.000000 30.000000 5.000000 76.000000 78.000000 50.000000 67.000000 51.000000 
22.000000 94.000000 18.000000 48.000000 96.000000 12.000000 76.000000 15.000000 61.000000 56.000000 64.000000 38.000000 49.000000 39.000000 33.000000 34.000000 38.000000 70.000000 80.000000 96.000000 40.000000 99.000000 12.000000 10.000000 85.000000 46.000000 39.000000 1.000000 29.000000 91.000000 
74.000000 83.000000 86.000000 76.000000 89.000000 37.000000 98.000000 7.000000 48.000000 10.000000 66.000000 86.000000 24.000000 38.000000 14.000000 12.000000 57.000000 23.000000 72.000000 0.000000 17.000000 7.000000 78.000000 48.000000 89.000000 52.000000 50.000000 23.000000 79.000000 93.000000 
73.000000 52.000000 12.000000 22.000000 8.000000 49.000000 75.000000 47.000000 4.000000 95.000000 27.000000 7.000000 84.000000 77.000000 74.000000 43.000000 33.000000 34.000000 77.000000 67.000000 1.000000 62.000000 53.000000 67.000000 8.000000 96.000000 84.000000 44.000000 13.000000 63.000000 
34.000000 74.000000 80.000000 64.000000 45.000000 31.000000 53.000000 33.000000 70.000000 18.000000 25.000000 95.000000 57.000000 6.000000 68.000000 8.000000 79.000000 46.000000 49.000000 53.000000 1.000000 40.000000 52.000000 28.000000 12.000000 62.000000 90.000000 52.000000 59.000000 70.000000 
66.000000 71.000000 74.000000 62.000000 18.000000 36.000000 74.000000 43.000000 64.000000 4.000000 80.000000 35.000000 24.000000 58.000000 66.000000 25.000000 98.000000 60.000000 65.000000 36.000000 4.000000 92.000000 74.000000 82.000000 29.000000 27.000000 29.000000 22.000000 36.000000 56.000000 
59.000000 31.000000 24.000000 55.000000 30.000000 64.000000 53.000000 59.000000 38.000000 58.000000 54.000000 91.000000 18.000000 22.000000 10.000000 61.000000 69.000000 98.000000 73.000000 22.000000 18.000000 91.000000 38.000000 57.000000 76.000000 1.000000 7.000000 40.000000 49.000000 17.000000 
4.000000 76.000000 19.000000 47.000000 26.000000 32.000000 95.000000 80.000000 50.000000 3.000000 10.000000 41.000000 11.000000 80.000000 12.000000 45.000000 40.000000 13.000000 68.000000 79.000000 18.000000 84.000000 86.000000 83.000000 90.000000 32.000000 23.000000 73.000000 36.000000 4.000000 
29.000000 61.000000 0.000000 11.000000 57.000000 51.000000 31.000000 19.000000 22.000000 4.000000 70.000000 17.000000 98.000000 27.000000 96.000000 8.000000 98.000000 14.000000 20.000000 52.000000 50.000000 36.000000 83.000000 43.000000 78.000000 75.000000 97.000000 83.000000 67.000000 39.000000 
39.000000 10.000000 37.000000 10.000000 81.000000 87.000000 78.000000 98.000000 26.000000 41.000000 25.000000 19.000000 76.000000 30.000000 49.000000 17.000000 44.000000 70.000000 26.000000 81.000000 5.000000 47.000000 87.000000 56.000000 38.000000 1.000000 64.000000 23.000000 95.000000 51.000000 
97.000000 10.000000 12.000000 5.000000 51.000000 60.000000 50.000000 64.000000 74.000000 58.000000 19.000000 27.000000 79.000000 3.000000 27.000000 51.000000 42.000000 79.000000 62.000000 14.000000 53.000000 40.000000 99.000000 93.000000 38.000000 43.000000 80.000000 63.000000 74.000000 76.000000 
17.000000 63.000000 36.000000 62.000000 24.000000 89.000000 62.000000 51.000000 59.000000 28.000000 21.000000 17.000000 41.000000 9.000000 20.000000 25.000000 81.000000 69.000000 96.000000 47.000000 33.000000 43.000000 49.000000 26.000000 53.000000 19.000000 49.000000 16.000000 25.000000 40.000000 