30 60
91 45 29 68 61 39 96 76 76 30 34 50 20 87 52 57 72 55 73 53 35 108 69 91 96 95 22 66 38 98 
6204.000000 1676.000000 4248.000000 6260.000000 5817.000000 3260.000000 3806.000000 5419.000000 3441.000000 4148.000000 1670.000000 5114.000000 4860.000000 2486.000000 2069.000000 1488.000000 5318.000000 1552.000000 2256.000000 4931.000000 2139.000000 5260.000000 3876.000000 5306.000000 3634.000000 3048.000000 2713.000000 6243.000000 3523.000000 3102.000000 
10 10 12 22 13 13 14 16 27 20 20 14 29 18 10 27 10 17 25 22 16 20 24 20 19 22 23 24 28 15 22 14 11 21 24 17 22 12 26 26 24 13 14 26 16 23 23 20 13 26 21 29 20 17 20 20 10 16 29 14 
29.000000 77.000000 93.000000 91.000000 41.000000 49.000000 74.000000 23.000000 18.000000 80.000000 38.000000 76.000000 36.000000 78.000000 76.000000 13.000000 85.000000 84.000000 89.000000 64.000000 59.000000 39.000000 18.000000 76.000000 29.000000 67.000000 4.000000 14.000000 14.000000 89.000000 
77.000000 91.000000 84.000000 58.000000 97.000000 35.000000 49.000000 91.000000 94.000000 24.000000 32.000000 27.000000 84.000000 29.000000 30.000000 42.000000 62.000000 78.000000 98.000000 98.000000 78.000000 98.000000 17.000000 15.000000 74.000000 14.000000 44.000000 76.000000 22.000000 19.000000 
28.000000 23.000000 96.000000 30.000000 61.000000 93.000000 67.000000 94.000000 96.000000 1.000000 1.000000 23.000000 42.000000 78.000000 2.000000 62.000000 25.000000 7.000000 35.000000 13.000000 66.000000 37.000000 14.000000 84.000000 34.000000 40.000000 33.000000 29.000000 58.000000 62.000000 
0.000000 92.000000 2.000000 79.000000 75.000000 78.000000 58.000000 49.000000 27.000000 15.000000 96.000000 38.000000 87.000000 72.000000 73.000000 43.000000 23.000000 63.000000 2.000000 47.000000 89.000000 27.000000 27.000000 94.000000 22.000000 90.000000 48.000000 40.000000 80.000000 31.000000 
8.000000 39.000000 52.000000 18.000000 18.000000 70.000000 76.000000 81.000000 1.000000 98.000000 60.000000 36.000000 61.000000 43.000000 78.000000 88.000000 21.000000 90.000000 89.000000 61.000000 92.000000 66.000000 2.000000 49.000000 40.000000 69.000000 93.000000 74.000000 95.000000 19.000000 
35.000000 96.000000 1.000000 76.000000 99.000000 22.000000 6.000000 39.000000 47.000000 0.000000 34.000000 15.000000 10.000000 88.000000 1.000000 33.000000 39.000000 54.000000 59.000000 39.000000 54.000000 29.000000 74.000000 95.000000 42.000000 25.000000 89.000000 64.000000 77.000000 90.000000 
9.000000 60.000000 54.000000 67.000000 23.000000 97.000000 77.000000 74.000000 43.000000 59.000000 22.000000 12.000000 29.000000 82.000000 84.000000 94.000000 26.000000 7.000000 68.000000 23.000000 31.000000 66.000000 83.000000 83.000000 76.000000 97.000000 61.000000 15.000000 81.000000 89.000000 
85.000000 80.000000 24.000000 27.000000 30.000000 54.000000 28.000000 79.000000 29.000000 84.000000 56.000000 32.000000 21.000000 16.000000 78.000000 83.000000 47.000000 69.000000 42.000000 44.000000 99.000000 13.000000 55.000000 3.000000 52.000000 78.000000 72.000000 65.000000 95.000000 0.000000 
46.000000 56.000000 88.000000 82.000000 72.000000 64.000000 89.000000 35.000000 47.000000 56.000000 13.000000 5.000000 20.000000 90.000000 49.000000 22.000000 0.000000 10.000000 27.000000 20.000000 57.000000 1.000000 6.000000 11.000000 23.000000 33.000000 46.000000 15.000000 88.000000 19.000000 
69.000000 75.000000 37.000000 82.000000 20.000000 24.000000 82.000000 93.000000 96.000000 54.000000 83.000000 15.000000 95.000000 33.000000 58.000000 94.000000 99.000000 61.000000 34.000000 58.000000 12.000000 48.000000 73.000000 18.000000 93.000000 70.000000 0.000000 97.000000 62.000000 34.000000 
96.000000 11.000000 92.000000 56.000000 33.000000 91.000000 74.000000 26.000000 83.000000 16.000000 52.000000 23.000000 13.000000 99.000000 52.000000 5.000000 43.000000 35.000000 48.000000 82.000000 43.000000 25.000000 52.000000 44.000000 94.000000 10.000000 4.000000 10.000000 24.000000 89.000000 
10.000000 19.000000 16.000000 23.000000 60.000000 73.000000 32.000000 9.000000 6.000000 2.000000 3.000000 17.000000 91.000000 22.000000 88.000000 3.000000 73.000000 1.000000 95.000000 35.000000 59.000000 48.000000 17.000000 17.000000 57.000000 91.000000 21.000000 75.000000 17.000000 19.000000 
7.000000 59.000000 9.000000 97.000000 19.000000 64.000000 55.000000 74.000000 60.000000 67.000000 30.000000 56.000000 65.000000 57.000000 86.000000 95.000000 30.000000 81.000000 59.000000 42.000000 82.000000 44.000000 82.000000 41.000000 64.000000 42.000000 98.000000 66.000000 53.000000 90.000000 
49.000000 51.000000 35.000000 11.000000 88.000000 34.000000 23.000000 76.000000 44.000000 25.000000 64.000000 3.000000 24.000000 85.000000 95.000000 77.000000 45.000000 58.000000 36.000000 37.000000 20.000000 93.000000 21.000000 43.000000 53.000000 60.000000 20.000000 14.000000 8.000000 37.000000 
89.000000 11.000000 48.000000 30.000000 67.000000 3.000000 89.000000 40.000000 93.000000 29.000000 80.000000 7.000000 14.000000 56.000000 26.000000 79.000000 14.000000 99.000000 10.000000 90.000000 78.000000 34.000000 77.000000 60.000000 79.000000 41.000000 92.000000 21.000000 41.000000 51.000000 
78.000000 65.000000 24.000000 75.000000 2.000000 43.000000 33.000000 49.000000 63.000000 69.000000 45.000000 22.000000 2.000000 21.000000 5.000000 74.000000 32.000000 20.000000 43.000000 24.000000 61.000000 40.000000 99.000000 86.000000 63.000000 90.000000 69.000000 78.000000 8.000000 58.000000 
10.000000 77.000000 64.000000 3.000000 55.000000 97.000000 33.000000 48.000000 41.000000 16.000000 74.000000 15.000000 41.000000 86.000000 37.000000 85.000000 55.000000 6.000000 4.000000 80.000000 1.000000 32.000000 15.000000 21.000000 17.000000 64.000000 21.000000 75.000000 54.000000 23.000000 
93.000000 22.000000 30.000000 19.000000 80.000000 94.000000 74.000000 73.000000 1.000000 67.000000 70.000000 27.000000 96.000000 13.000000 95.000000 78.000000 95.000000 31.000000 5.000000 7.000000 62.000000 27.000000 7.000000 85.000000 22.000000 17.000000 22.000000 94.000000 6.000000 48.000000 
44.000000 76.000000 26.000000 79.000000 29.000000 10.000000 2.000000 77.000000 72.000000 78.000000 98.000000 93.000000 71.000000 60.000000 14.000000 44.000000 65.000000 89.000000 73.000000 11.000000 20.000000 38.000000 86.000000 19.000000 75.000000 22.000000 71.000000 77.000000 79.000000 54.000000 
83.000000 83.000000 99.000000 65.000000 73.000000 15.000000 60.000000 87.000000 68.000000 80.000000 41.000000 67.000000 56.000000 82.000000 70.000000 47.000000 22.000000 28.000000 61.000000 37.000000 55.000000 93.000000 87.000000 62.000000 19.000000 5.000000 20.000000 62.000000 83.000000 17.000000 
25.000000 79.000000 28.000000 97.000000 27.000000 49.000000 85.000000 31.000000 95.000000 92.000000 73.000000 25.000000 69.000000 75.000000 40.000000 59.000000 68.000000 74.000000 29.000000 28.000000 38.000000 70.000000 9.000000 64.000000 19.000000 49.000000 65.000000 28.000000 55.000000 6.000000 
19.000000 21.000000 71.000000 59.000000 29.000000 50.000000 85.000000 15.000000 98.000000 48.000000 34.000000 70.000000 78.000000 25.000000 43.000000 15.000000 54.000000 18.000000 37.000000 84.000000 52.000000 50.000000 4.000000 65.000000 91.000000 27.000000 50.000000 73.000000 87.000000 23.000000 
92.000000 33.000000 73.000000 40.000000 2.000000 37.000000 83.000000 44.000000 75.000000 82.000000 36.000000 2.000000 99.000000 75.000000 2.000000 87.000000 49.000000 83.000000 35.000000 17.000000 24.000000 71.000000 18.000000 42.000000 11.000000 31.000000 41.000000 0.000000 38.000000 12.000000 
11.000000 17.000000 40.000000 0.000000 77.000000 92.000000 76.000000 12.000000 0.000000 21.000000 53.000000 98.000000 8.000000 45.000000 34.000000 60.000000 25.000000 8.000000 69.000000 51.000000 58.000000 84.000000 47.000000 87.000000 69.000000 92.000000 63.000000 6.000000 86.000000 22.000000 
65.000000 50.000000 23.000000 28.000000 8.000000 48.000000 99.000000 62.000000 25.000000 37.000000 0.000000 68.000000 19.000000 38.000000 8.000000 50.000000 9.000000 88.000000 90.000000 79.000000 88.000000 73.000000 31.000000 11.000000 0.000000 37.000000 53.000000 34.000000 9.000000 55.000000 
39.000000 47.000000 37.000000 74.000000 69.000000 69.000000 1.000000 93.000000 40.000000 3.000000 53.000000 19.000000 13.000000 13.000000 23.000000 11.000000 17.000000 4.000000 14.000000 22.000000 98.000000 81.000000 86.000000 82.000000 3.000000 61.000000 50.000000 82.000000 34.000000 41.000000 
49.000000 76.000000 99.000000 47.000000 83.000000 77.000000 57.000000 42.000000 26.000000 35.000000 40.000000 34.000000 39.000000 21.000000 82.000000 27.000000 65.000000 53.000000 2.000000 12.000000 66.000000 34.000000 12.000000 90.000000 41.000000 90.000000 53.000000 62.000000 37.000000 37.000000 
82.000000 29.000000 31.000000 95.000000 50.000000 10.000000 54.000000 57.000000 57.000000 44.000000 85.000000 49.000000 73.000000 43.000000 34.000000 61.000000 59.000000 20.000000 90.000000 29.000000 15.000000 97.000000 3.000000 98.000000 58.000000 72.000000 32.000000 91.000000 1.000000 8.000000 
75.000000 70.000000 82.000000 57.000000 51.000000 69.000000 63.000000 42.000000 26.000000 15.000000 97.000000 62.000000 80.000000 95.000000 52.000000 83.000000 63.000000 9.000000 9.000000 49.000000 93.000000 37.000000 95.000000 98.000000 87.000000 93.000000 19.000000 86.000000 36.000000 56.000000 
0.000000 63.000000 49.000000 7.000000 28.000000 27.000000 53.000000 82.000000 94.000000 67.000000 98.000000 58.000000 70.000000 75.000000 13.000000 8.000000 21.000000 76.000000 25.000000 94.000000 5.000000 10.000000 20.000000 1.000000 67.000000 72.000000 5.000000 2.000000 44.000000 83.000000 
25.000000 37.000000 39.000000 56.000000 21.000000 26.000000 24.000000 80.000000 30.000000 51.000000 87.000000 25.000000 92.000000 98.000000 26.000000 57.000000 81.000000 5.000000 65.000000 10.000000 93.000000 96.000000 33.000000 42.000000 61.000000 77.000000 40.000000 93.000000 66.000000 16.000000 
38.000000 7.000000 75.000000 66.000000 45.000000 85.000000 24.000000 60.000000 87.000000 2.000000 24.000000 21.000000 69.000000 73.000000 55.000000 50.000000 78.000000 72.000000 82.000000 84.000000 1.000000 40.000000 11.000000 51.000000 91.000000 27.000000 58.000000 50.000000 12.000000 53.000000 
1.000000 27.000000 69.000000 92.000000 55.000000 53.000000 78.000000 13.000000 65.000000 99.000000 44.000000 20.000000 24.000000 66.000000 54.000000 86.000000 55.000000 35.000000 99.000000 75.000000 12.000000 18.000000 85.000000 90.000000 99.000000 50.000000 85.000000 87.000000 99.000000 34.000000 
64.000000 59.000000 68.000000 34.000000 67.000000 67.000000 36.000000 90.000000 38.000000 73.000000 26.000000 85.000000 33.000000 4.000000 69.000000 91.000000 44.000000 57.000000 86.000000 79.000000 25.000000 17.000000 65.000000 65.000000 6.000000 49.000000 49.000000 39.000000 33.000000 88.000000 
23.000000 74.000000 66.000000 37.000000 45.000000 38.000000 22.000000 51.000000 86.000000 47.000000 56.000000 61.000000 60.000000 16.000000 2.000000 65.000000 46.000000 31.000000 23.000000 94.000000 63.000000 11.000000 50.000000 38.000000 33.000000 60.000000 92.000000 75.000000 27.000000 16.000000 
67.000000 38.000000 14.000000 44.000000 70.000000 29.000000 36.000000 48.000000 84.000000 57.000000 73.000000 74.000000 2.000000 46.000000 94.000000 44.000000 12.000000 57.000000 88.000000 48.000000 65.000000 23.000000 27.000000 68.000000 30.000000 71.000000 7.000000 18.000000 4.000000 91.000000 
72.000000 37.000000 24.000000 86.000000 8.000000 48.000000 17.000000 97.000000 67.000000 76.000000 66.000000 89.000000 61.000000 1.000000 83.000000 58.000000 31.000000 77.000000 34.000000 76.000000 82.000000 38.000000 28.000000 88.000000 40.000000 87.000000 84.000000 41.000000 77.000000 33.000000 
41.000000 90.000000 96.000000 12.000000 58.000000 26.000000 86.000000 19.000000 34.000000 16.000000 87.000000 38.000000 39.000000 43.000000 13.000000 39.000000 38.000000 99.000000 43.000000 75.000000 48.000000 60.000000 57.000000 22.000000 54.000000 50.000000 89.000000 13.000000 89.000000 66.000000 
31.000000 80.000000 37.000000 30.000000 87.000000 4.000000 30.000000 91.000000 81.000000 20.000000 32.000000 81.000000 70.000000 57.000000 38.000000 7.000000 93.000000 75.000000 46.000000 35.000000 80.000000 56.000000 49.000000 91.000000 95.000000 54.000000 76.000000 87.000000 84.000000 96.000000 
84.000000 56.000000 55.000000 14.000000 63.000000 37.000000 3.000000 32.000000 13.000000 58.000000 72.000000 45.000000 9.000000 4.000000 13.000000 58.000000 58.000000 64.000000 60.000000 79.000000 20.000000 2.000000 61.000000 91.000000 39.000000 89.000000 24.000000 17.000000 7.000000 93.000000 
58.000000 88.000000 69.000000 12.000000 34.000000 67.000000 25.000000 5.000000 77.000000 70.000000 91.000000 45.000000 88.000000 15.000000 49.000000 13.000000 36.000000 72.000000 53.000000 84.000000 74.000000 1.000000 8.000000 1.000000 83.000000 5.000000 32.000000 21.000000 22.000000 23.000000 
51.000000 82.000000 68.000000 48.000000 7.000000 29.000000 50.000000 54.000000 64.000000 92.000000 16.000000 46.000000 60.000000 14.000000 4.000000 82.000000 21.000000 53.000000 81.000000 34.000000 40.000000 35.000000 92.000000 67.000000 95.000000 0.000000 12.000000 79.000000 55.000000 93.000000 
15.000000 13.000000 95.000000 81.000000 95.000000 39.000000 17.000000 93.000000 86.000000 67.000000 58.000000 28.000000 99.000000 43.000000 25.000000 67.000000 45.000000 30.000000 83.000000 89.000000 17.000000 86.000000 98.000000 72.000000 69.000000 87.000000 4.000000 36.000000 91.000000 48.000000 
44.000000 54.000000 77.000000 61.000000 13.000000 39.000000 41.000000 28.000000 84.000000 82.000000 22.000000 81.000000 22.000000 7.000000 81.000000 98.000000 3.000000 50.000000 86.000000 68.000000 74.000000 0.000000 34.000000 72.000000 63.000000 46.000000 61.000000 47.000000 89.000000 13.000000 
35.000000 2.000000 47.000000 96.000000 30.000000 66.000000 63.000000 18.000000 35.000000 89.000000 51.000000 68.000000 36.000000 46.000000 6.000000 89.000000 88.000000 3.000000 22.000000 50.000000 47.000000 39.000000 24.000000 84.000000 45.000000 41.000000 36.000000 99.000000 20.000000 16.000000 
46.000000 0.000000 32.000000 86.000000 20.000000 52.000000 46.000000 61.000000 93.000000 0.000000 26.000000 96.000000 23.000000 12.000000 5.000000 96.000000 95.000000 6.000000 19.000000 6.000000 21.000000 97.000000 0.000000 14.000000 45.000000 55.000000 88.000000 48.000000 76.000000 64.000000 
96.000000 40.000000 1.000000 35.000000 45.000000 99.000000 34.000000 98.000000 44.000000 6.000000 33.000000 83.000000 89.000000 33.000000 65.000000 70.000000 4.000000 42.000000 11.000000 52.000000 49.000000 7.000000 49.000000 62.000000 63.000000 92.000000 37.000000 44.000000 23.000000 52.000000 
6.000000 67.000000 40.000000 47.000000 20.000000 23.000000 7.000000 94.000000 70.000000 52.000000 92.000000 91.000000 1.000000 83.000000 21.000000 86.000000 5.000000 88.000000 8.000000 76.000000 12.000000 91.000000 25.000000 64.000000 67.000000 60.000000 3.000000 5.000000 85.000000 2.000000 
35.000000 17.000000 6.000000 27.000000 0.000000 42.000000 4.000000 37.000000 29.000000 81.000000 17.000000 73.000000 6.000000 37.000000 1.000000 31.000000 43.000000 46.000000 30.000000 8.000000 88.000000 70.000000 92.000000 54.000000 66.000000 87.000000 47.000000 46.000000 36.000000 12.000000 
61.000000 94.000000 32.000000 11.000000 20.000000 54.000000 21.000000 12.000000 90.000000 14.000000 92.000000 23.000000 78.000000 65.000000 51.000000 93.000000 21.000000 78.000000 99.000000 8.000000 88.000000 59.000000 15.000000 73.000000 79.000000 38.000000 68.000000 43.000000 70.000000 20.000000 
26.000000 3.000000 22.000000 3.000000 43.000000 8.000000 53.000000 51.000000 50.000000 23.000000 48.000000 62.000000 52.000000 37.000000 66.000000 71.000000 41.000000 40.000000 37.000000 90.000000 58.000000 74.000000 89.000000 66.000000 59.000000 18.000000 40.000000 9.000000 97.000000 50.000000 
32.000000 21.000000 84.000000 97.000000 12.000000 30.000000 25.000000 84.000000 68.000000 13.000000 29.000000 20.000000 90.000000 55.000000 39.000000 97.000000 5.000000 79.000000 38.000000 85.000000 10.000000 52.000000 9.000000 47.000000 3.000000 45.000000 87.000000 15.000000 76.000000 99.000000 
94.000000 85.000000 35.000000 33.000000 74.000000 44.000000 59.000000 93.000000 54.000000 23.000000 92.000000 27.000000 0.000000 29.000000 58.000000 32.000000 54.000000 29.000000 29.000000 16.000000 50.000000 69.000000 88.000000 65.000000 69.000000 38.000000 62.000000 4.000000 65.000000 53.000000 
24.000000 7.000000 74.000000 76.000000 96.000000 80.000000 3.000000 22.000000 78.000000 26.000000 32.000000 11.000000 12.000000 71.000000 3.000000 54.000000 33.000000 3.000000 74.000000 17.000000 86.000000 55.000000 38.000000 59.000000 3.000000 47.000000 75.000000 62.000000 57.000000 43.000000 
56.000000 2.000000 58.000000 99.000000 24.000000 9.000000 40.000000 29.000000 29.000000 40.000000 72.000000 82.000000 84.000000 40.000000 75.000000 18.000000 78.000000 80.000000 31.000000 41.000000 47.000000 96.000000 30.000000 9.000000 7.000000 54.000000 75.000000 35.000000 88.000000 37.000000 
43.000000 54.000000 26.000000 12.000000 86.000000 9.000000 6.000000 23.000000 5.000000 91.000000 59.000000 35.000000 26.000000 30.000000 58.000000 8.000000 90.000000 31.000000 60.000000 72.000000 5.000000 89.000000 98.000000 58.000000 30.000000 32.000000 14.000000 82.000000 8.000000 80.000000 
94.000000 88.000000 33.000000 23.000000 33.000000 11.000000 55.000000 39.000000 53.000000 11.000000 38.000000 15.000000 47.000000 76.000000 13.000000 56.000000 26.000000 14.000000 26.000000 66.000000 86.000000 73.000000 42.000000 58.000000 22.000000 50.000000 65.000000 22.000000 63.000000 1.000000 
93.000000 54.000000 1.000000 42.000000 2.000000 27.000000 39.000000 10.000000 46.000000 56.000000 74.000000 22.000000 0.000000 97.000000 96.000000 60.000000 94.000000 65.000000 83.000000 66.000000 15.000000 71.000000 90.000000 7.000000 68.000000 23.000000 88.000000 71.000000 24.000000 20.000000 
5.000000 98.000000 7.000000 43.000000 41.000000 34.000000 87.000000 33.000000 2.000000 96.000000 74.000000 96.000000 50.000000 58.000000 59.000000 72.000000 59.000000 14.000000 11.000000 76.000000 47.000000 73.000000 48.000000 86.000000 3.000000 77.000000 41.000000 29.000000 41.000000 78.000000 
8.000000 6.000000 41.000000 89.000000 14.000000 52.000000 68.000000 1.000000 84.000000 5.000000 78.000000 37.000000 94.000000 61.000000 36.000000 79.000000 98.000000 17.000000 35.000000 96.000000 97.000000 28.000000 60.000000 51.000000 77.000000 43.000000 58.000000 66.000000 58.000000 86.000000 