30 60
103 61 91 86 28 46 110 91 94 83 98 26 32 64 81 81 83 39 113 52 54 68 86 91 91 112 48 41 41 54 
2163.000000 2086.000000 3236.000000 5657.000000 6447.000000 4360.000000 5603.000000 3160.000000 5786.000000 6587.000000 1855.000000 2938.000000 6662.000000 6111.000000 1382.000000 6377.000000 6567.000000 3486.000000 1902.000000 2240.000000 5892.000000 5898.000000 3842.000000 4734.000000 5671.000000 1204.000000 1414.000000 3213.000000 6788.000000 2822.000000 
13 15 27 15 18 10 19 12 18 17 20 18 11 14 28 28 20 23 20 19 19 25 18 12 18 14 20 12 21 28 20 12 29 25 26 25 28 19 10 27 22 13 23 29 27 18 23 27 24 29 10 10 20 25 16 21 28 24 27 16 
21.000000 32.000000 13.000000 4.000000 10.000000 55.000000 14.000000 99.000000 39.000000 48.000000 58.000000 1.000000 11.000000 2.000000 94.000000 5.000000 26.000000 74.000000 7.000000 54.000000 33.000000 37.000000 96.000000 1.000000 31.000000 60.000000 0.000000 18.000000 32.000000 66.000000 
28.000000 66.000000 38.000000 39.000000 64.000000 77.000000 72.000000 65.000000 40.000000 55.000000 62.000000 31.000000 11.000000 53.000000 95.000000 23.000000 67.000000 16.000000 46.000000 77.000000 71.000000 81.000000 90.000000 8.000000 8.000000 75.000000 42.000000 84.000000 72.000000 58.000000 
52.000000 46.000000 52.000000 93.000000 98.000000 88.000000 63.000000 55.000000 29.000000 25.000000 53.000000 89.000000 33.000000 47.000000 81.000000 2.000000 76.000000 11.000000 37.000000 33.000000 0.000000 35.000000 61.000000 40.000000 91.000000 86.000000 67.000000 7.000000 53.000000 74.000000 
93.000000 42.000000 51.000000 9.000000 36.000000 36.000000 3.000000 67.000000 18.000000 1.000000 39.000000 85.000000 21.000000 89.000000 63.000000 64.000000 71.000000 90.000000 67.000000 67.000000 64.000000 41.000000 0.000000 37.000000 64.000000 89.000000 90.000000 62.000000 10.000000 15.000000 
64.000000 78.000000 21.000000 83.000000 16.000000 68.000000 82.000000 87.000000 23.000000 17.000000 47.000000 19.000000 7.000000 22.000000 98.000000 56.000000 88.000000 57.000000 45.000000 51.000000 80.000000 69.000000 41.000000 90.000000 31.000000 25.000000 79.000000 31.000000 94.000000 52.000000 
61.000000 37.000000 95.000000 46.000000 76.000000 86.000000 32.000000 19.000000 27.000000 5.000000 6.000000 35.000000 78.000000 59.000000 87.000000 43.000000 28.000000 11.000000 66.000000 5.000000 28.000000 12.000000 25.000000 77.000000 2.000000 99.000000 50.000000 99.000000 14.000000 7.000000 
54.000000 5.000000 28.000000 25.000000 93.000000 35.000000 38.000000 51.000000 85.000000 34.000000 47.000000 17.000000 72.000000 70.000000 50.000000 10.000000 82.000000 87.000000 35.000000 91.000000 78.000000 90.000000 8.000000 93.000000 9.000000 28.000000 12.000000 52.000000 88.000000 12.000000 
89.000000 5.000000 74.000000 97.000000 6.000000 51.000000 24.000000 4.000000 49.000000 66.000000 56.000000 67.000000 52.000000 16.000000 13.000000 28.000000 15.000000 3.000000 42.000000 20.000000 33.000000 51.000000 30.000000 1.000000 29.000000 4.000000 40.000000 42.000000 75.000000 3.000000 
51.000000 72.000000 36.000000 52.000000 2.000000 35.000000 77.000000 3.000000 82.000000 20.000000 11.000000 15.000000 26.000000 51.000000 86.000000 64.000000 96.000000 70.000000 33.000000 13.000000 66.000000 38.000000 20.000000 61.000000 51.000000 30.000000 1.000000 50.000000 22.000000 15.000000 
29.000000 71.000000 17.000000 41.000000 96.000000 20.000000 37.000000 56.000000 5.000000 85.000000 82.000000 52.000000 88.000000 72.000000 74.000000 99.000000 32.000000 89.000000 61.000000 11.000000 77.000000 56.000000 2.000000 69.000000 81.000000 12.000000 93.000000 75.000000 91.000000 25.000000 
59.000000 26.000000 50.000000 43.000000 38.000000 36.000000 23.000000 19.000000 26.000000 26.000000 45.000000 21.000000 63.000000 75.000000 3.000000 4.000000 78.000000 3.000000 9.000000 87.000000 21.000000 20.000000 30.000000 91.000000 46.000000 68.000000 88.000000 8.000000 30.000000 37.000000 
31.000000 18.000000 53.000000 32.000000 49.000000 73.000000 38.000000 30.000000 79.000000 5.000000 64.000000 41.000000 35.000000 50.000000 86.000000 68.000000 43.000000 69.000000 15.000000 35.000000 69.000000 20.000000 64.000000 21.000000 86.000000 18.000000 42.000000 21.000000 95.000000 74.000000 
64.000000 23.000000 10.000000 9.000000 4.000000 69.000000 71.000000 82.000000 17.000000 49.000000 40.000000 75.000000 95.000000 27.000000 99.000000 28.000000 38.000000 15.000000 53.000000 18.000000 58.000000 47.000000 3.000000 18.000000 50.000000 93.000000 51.000000 80.000000 84.000000 43.000000 
47.000000 49.000000 15.000000 44.000000 81.000000 69.000000 11.000000 55.000000 1.000000 59.000000 46.000000 74.000000 91.000000 67.000000 12.000000 38.000000 48.000000 30.000000 27.000000 6.000000 40.000000 96.000000 82.000000 71.000000 36.000000 78.000000 12.000000 70.000000 41.000000 63.000000 
14.000000 81.000000 70.000000 91.000000 29.000000 17.000000 55.000000 64.000000 71.000000 86.000000 56.000000 58.000000 72.000000 41.000000 29.000000 63.000000 54.000000 61.000000 78.000000 47.000000 87.000000 32.000000 73.000000 37.000000 56.000000 18.000000 29.000000 63.000000 59.000000 41.000000 
82.000000 94.000000 19.000000 8.000000 80.000000 75.000000 77.000000 62.000000 7.000000 49.000000 81.000000 37.000000 91.000000 4.000000 12.000000 41.000000 62.000000 86.000000 11.000000 9.000000 71.000000 87.000000 74.000000 93.000000 80.000000 70.000000 52.000000 78.000000 82.000000 7.000000 
69.000000 48.000000 13.000000 42.000000 40.000000 29.000000 77.000000 93.000000 50.000000 5.000000 70.000000 74.000000 33.000000 65.000000 96.000000 85.000000 60.000000 19.000000 7.000000 2.000000 21.000000 27.000000 96.000000 75.000000 66.000000 92.000000 52.000000 13.000000 37.000000 23.000000 
25.000000 6.000000 98.000000 88.000000 83.000000 18.000000 63.000000 78.000000 47.000000 53.000000 66.000000 76.000000 41.000000 80.000000 21.000000 4.000000 99.000000 60.000000 80.000000 76.000000 94.000000 18.000000 68.000000 89.000000 7.000000 55.000000 68.000000 34.000000 39.000000 80.000000 
79.000000 2.000000 31.000000 28.000000 74.000000 15.000000 50.000000 77.000000 23.000000 19.000000 61.000000 83.000000 63.000000 10.000000 75.000000 99.000000 36.000000 70.000000 61.000000 52.000000 13.000000 66.000000 63.000000 85.000000 89.000000 99.000000 44.000000 86.000000 4.000000 34.000000 
53.000000 74.000000 42.000000 45.000000 2.000000 4.000000 96.000000 35.000000 88.000000 15.000000 2.000000 47.000000 80.000000 25.000000 4.000000 45.000000 90.000000 57.000000 67.000000 58.000000 81.000000 53.000000 71.000000 98.000000 67.000000 94.000000 65.000000 90.000000 32.000000 45.000000 
26.000000 7.000000 66.000000 91.000000 91.000000 62.000000 82.000000 35.000000 39.000000 11.000000 76.000000 70.000000 35.000000 83.000000 45.000000 40.000000 77.000000 27.000000 64.000000 72.000000 2.000000 42.000000 93.000000 22.000000 41.000000 36.000000 66.000000 81.000000 27.000000 25.000000 
85.000000 27.000000 6.000000 75.000000 13.000000 21.000000 87.000000 42.000000 47.000000 89.000000 52.000000 58.000000 8.000000 22.000000 0.000000 81.000000 88.000000 7.000000 91.000000 4.000000 36.000000 53.000000 27.000000 77.000000 67.000000 85.000000 81.000000 0.000000 34.000000 20.000000 
56.000000 98.000000 0.000000 42.000000 40.000000 65.000000 89.000000 44.000000 90.000000 55.000000 10.000000 99.000000 56.000000 47.000000 86.000000 95.000000 28.000000 24.000000 23.000000 20.000000 79.000000 30.000000 7.000000 2.000000 27.000000 95.000000 9.000000 34.000000 24.000000 62.000000 
56.000000 32.000000 79.000000 30.000000 60.000000 21.000000 50.000000 7.000000 48.000000 33.000000 61.000000 48.000000 20.000000 68.000000 44.000000 5.000000 27.000000 51.000000 94.000000 24.000000 54.000000 91.000000 99.000000 62.000000 36.000000 13.000000 86.000000 11.000000 62.000000 30.000000 
78.000000 52.000000 25.000000 76.000000 73.000000 74.000000 36.000000 8.000000 78.000000 37.000000 7.000000 53.000000 56.000000 50.000000 63.000000 64.000000 86.000000 12.000000 55.000000 0.000000 25.000000 23.000000 68.000000 50.000000 31.000000 65.000000 47.000000 73.000000 84.000000 18.000000 
4.000000 1.000000 22.000000 51.000000 49.000000 57.000000 63.000000 12.000000 84.000000 67.000000 92.000000 95.000000 43.000000 62.000000 31.000000 70.000000 60.000000 24.000000 23.000000 4.000000 7.000000 89.000000 96.000000 93.000000 38.000000 44.000000 77.000000 5.000000 22.000000 59.000000 
2.000000 88.000000 47.000000 40.000000 9.000000 98.000000 43.000000 18.000000 23.000000 55.000000 45.000000 77.000000 81.000000 26.000000 96.000000 10.000000 40.000000 95.000000 66.000000 50.000000 70.000000 69.000000 29.000000 11.000000 28.000000 35.000000 24.000000 36.000000 66.000000 55.000000 
5.000000 43.000000 19.000000 74.000000 43.000000 11.000000 66.000000 84.000000 36.000000 49.000000 74.000000 44.000000 46.000000 37.000000 61.000000 79.000000 64.000000 37.000000 37.000000 92.000000 76.000000 13.000000 16.000000 53.000000 81.000000 98.000000 93.000000 81.000000 72.000000 8.000000 
49.000000 91.000000 1.000000 88.000000 11.000000 9.000000 78.000000 42.000000 94.000000 56.000000 67.000000 77.000000 86.000000 51.000000 2.000000 60.000000 67.000000 10.000000 7.000000 78.000000 72.000000 8.000000 18.000000 52.000000 22.000000 55.000000 31.000000 27.000000 11.000000 90.000000 
13.000000 56.000000 98.000000 97.000000 75.000000 47.000000 54.000000 5.000000 72.000000 30.000000 65.000000 17.000000 85.000000 76.000000 79.000000 76.000000 11.000000 79.000000 61.000000 77.000000 47.000000 59.000000 94.000000 71.000000 57.000000 69.000000 23.000000 29.000000 60.000000 15.000000 
48.000000 54.000000 65.000000 98.000000 11.000000 56.000000 55.000000 70.000000 22.000000 53.000000 83.000000 37.000000 27.000000 22.000000 51.000000 59.000000 19.000000 50.000000 60.000000 42.000000 28.000000 43.000000 66.000000 98.000000 53.000000 87.000000 93.000000 39.000000 30.000000 83.000000 
59.000000 22.000000 23.000000 92.000000 32.000000 65.000000 10.000000 62.000000 27.000000 94.000000 86.000000 23.000000 6.000000 94.000000 1.000000 82.000000 36.000000 82.000000 22.000000 31.000000 19.000000 16.000000 73.000000 78.000000 6.000000 6.000000 94.000000 41.000000 64.000000 99.000000 
22.000000 82.000000 29.000000 51.000000 99.000000 55.000000 1.000000 8.000000 39.000000 10.000000 40.000000 52.000000 18.000000 69.000000 70.000000 99.000000 80.000000 63.000000 23.000000 44.000000 53.000000 11.000000 46.000000 84.000000 30.000000 53.000000 73.000000 86.000000 62.000000 1.000000 
40.000000 56.000000 58.000000 42.000000 85.000000 47.000000 90.000000 22.000000 50.000000 92.000000 65.000000 99.000000 4.000000 67.000000 86.000000 19.000000 40.000000 18.000000 32.000000 86.000000 6.000000 85.000000 23.000000 8.000000 84.000000 47.000000 52.000000 48.000000 30.000000 32.000000 
1.000000 11.000000 32.000000 85.000000 64.000000 36.000000 49.000000 95.000000 58.000000 3.000000 38.000000 3.000000 80.000000 35.000000 89.000000 56.000000 59.000000 85.000000 18.000000 81.000000 97.000000 24.000000 88.000000 89.000000 93.000000 72.000000 62.000000 21.000000 16.000000 45.000000 
3.000000 31.000000 52.000000 96.000000 84.000000 24.000000 45.000000 92.000000 56.000000 25.000000 12.000000 35.000000 13.000000 41.000000 98.000000 29.000000 26.000000 26.000000 2.000000 57.000000 41.000000 90.000000 90.000000 9.000000 86.000000 79.000000 74.000000 81.000000 96.000000 43.000000 
25.000000 30.000000 81.000000 62.000000 56.000000 62.000000 75.000000 83.000000 75.000000 93.000000 53.000000 8.000000 11.000000 88.000000 9.000000 25.000000 57.000000 94.000000 8.000000 78.000000 80.000000 4.000000 83.000000 9.000000 99.000000 25.000000 24.000000 23.000000 22.000000 44.000000 
87.000000 64.000000 3.000000 95.000000 9.000000 98.000000 51.000000 93.000000 22.000000 37.000000 5.000000 74.000000 96.000000 56.000000 63.000000 61.000000 44.000000 91.000000 19.000000 50.000000 88.000000 4.000000 55.000000 76.000000 52.000000 73.000000 84.000000 10.000000 41.000000 30.000000 
44.000000 98.000000 21.000000 54.000000 99.000000 37.000000 97.000000 1.000000 75.000000 53.000000 78.000000 28.000000 57.000000 27.000000 53.000000 26.000000 22.000000 80.000000 24.000000 91.000000 69.000000 20.000000 80.000000 89.000000 89.000000 1.000000 94.000000 83.000000 80.000000 58.000000 
85.000000 53.000000 95.000000 12.000000 71.000000 98.000000 84.000000 58.000000 15.000000 28.000000 63.000000 87.000000 30.000000 65.000000 28.000000 98.000000 2.000000 15.000000 94.000000 4.000000 38.000000 96.000000 15.000000 33.000000 59.000000 10.000000 42.000000 90.000000 91.000000 7.000000 
95.000000 18.000000 15.000000 84.000000 78.000000 84.000000 97.000000 1.000000 52.000000 63.000000 92.000000 26.000000 48.000000 18.000000 3.000000 25.000000 87.000000 89.000000 33.000000 63.000000 29.000000 20.000000 64.000000 93.000000 90.000000 22.000000 61.000000 36.000000 71.000000 29.000000 
58.000000 80.000000 11.000000 94.000000 0.000000 59.000000 44.000000 39.000000 43.000000 84.000000 24.000000 62.000000 22.000000 36.000000 64.000000 49.000000 57.000000 52.000000 77.000000 54.000000 46.000000 51.000000 28.000000 45.000000 66.000000 86.000000 47.000000 26.000000 84.000000 28.000000 
34.000000 89.000000 50.000000 5.000000 83.000000 42.000000 22.000000 57.000000 93.000000 36.000000 40.000000 84.000000 40.000000 71.000000 55.000000 89.000000 41.000000 64.000000 87.000000 58.000000 15.000000 4.000000 53.000000 4.000000 42.000000 25.000000 90.000000 98.000000 67.000000 86.000000 
84.000000 40.000000 86.000000 15.000000 55.000000 51.000000 38.000000 75.000000 73.000000 97.000000 74.000000 60.000000 4.000000 56.000000 67.000000 10.000000 5.000000 11.000000 8.000000 25.000000 26.000000 19.000000 91.000000 3.000000 76.000000 88.000000 68.000000 38.000000 73.000000 65.000000 
50.000000 51.000000 81.000000 17.000000 79.000000 37.000000 98.000000 56.000000 79.000000 62.000000 55.000000 43.000000 83.000000 28.000000 38.000000 74.000000 92.000000 4.000000 47.000000 19.000000 94.000000 74.000000 41.000000 83.000000 68.000000 72.000000 48.000000 13.000000 51.000000 89.000000 
35.000000 46.000000 23.000000 71.000000 55.000000 97.000000 66.000000 60.000000 40.000000 22.000000 80.000000 22.000000 82.000000 99.000000 66.000000 87.000000 32.000000 26.000000 28.000000 81.000000 16.000000 20.000000 24.000000 35.000000 37.000000 61.000000 84.000000 84.000000 14.000000 27.000000 
86.000000 14.000000 81.000000 12.000000 35.000000 5.000000 46.000000 11.000000 98.000000 73.000000 77.000000 22.000000 91.000000 34.000000 79.000000 11.000000 17.000000 10.000000 58.000000 20.000000 12.000000 77.000000 8.000000 17.000000 22.000000 7.000000 53.000000 33.000000 48.000000 69.000000 
29.000000 25.000000 16.000000 79.000000 6.000000 55.000000 59.000000 13.000000 56.000000 79.000000 23.000000 42.000000 43.000000 94.000000 33.000000 28.000000 81.000000 69.000000 78.000000 5.000000 79.000000 79.000000 2.000000 29.000000 80.000000 2.000000 13.000000 74.000000 64.000000 46.000000 
45.000000 10.000000 59.000000 41.000000 33.000000 78.000000 86.000000 82.000000 89.000000 60.000000 47.000000 18.000000 88.000000 12.000000 6.000000 43.000000 2.000000 91.000000 35.000000 4.000000 39.000000 5.000000 39.000000 45.000000 80.000000 81.000000 50.000000 61.000000 17.000000 96.000000 
83.000000 15.000000 31.000000 45.000000 80.000000 54.000000 76.000000 36.000000 88.000000 17.000000 45.000000 19.000000 44.000000 33.000000 39.000000 11.000000 71.000000 42.000000 66.000000 62.000000 99.000000 89.000000 40.000000 76.000000 72.000000 76.000000 54.000000 81.000000 97.000000 72.000000 
55.000000 14.000000 56.000000 21.000000 38.000000 68.000000 82.000000 81.000000 34.000000 9.000000 60.000000 2.000000 71.000000 64.000000 30.000000 23.000000 21.000000 44.000000 77.000000 32.000000 69.000000 39.000000 41.000000 40.000000 67.000000 12.000000 95.000000 47.000000 51.000000 82.000000 
62.000000 4.000000 44.000000 48.000000 68.000000 12.000000 69.000000 25.000000 62.000000 85.000000 44.000000 80.000000 38.000000 98.000000 32.000000 76.000000 52.000000 79.000000 75.000000 96.000000 2.000000 19.000000 26.000000 69.000000 41.000000 14.000000 58.000000 37.000000 13.000000 51.000000 
26.000000 41.000000 44.000000 21.000000 2.000000 99.000000 37.000000 4.000000 2.000000 20.000000 31.000000 70.000000 89.000000 63.000000 46.000000 79.000000 18.000000 39.000000 14.000000 84.000000 43.000000 32.000000 58.000000 78.000000 26.000000 59.000000 88.000000 12.000000 95.000000 5.000000 
16.000000 98.000000 54.000000 21.000000 7.000000 74.000000 43.000000 47.000000 20.000000 81.000000 88.000000 10.000000 9.000000 82.000000 5.000000 1.000000 92.000000 39.000000 41.000000 43.000000 85.000000 14.000000 65.000000 97.000000 93.000000 50.000000 32.000000 67.000000 84.000000 75.000000 
13.000000 98.000000 80.000000 15.000000 36.000000 88.000000 71.000000 13.000000 82.000000 52.000000 7.000000 91.000000 51.000000 6.000000 29.000000 8.000000 73.000000 69.000000 68.000000 90.000000 40.000000 81.000000 93.000000 36.000000 77.000000 16.000000 92.000000 44.000000 80.000000 8.000000 
41.000000 88.000000 92.000000 31.000000 67.000000 47.000000 94.000000 13.000000 22.000000 74.000000 30.000000 52.000000 25.000000 54.000000 89.000000 75.000000 32.000000 80.000000 23.000000 68.000000 56.000000 59.000000 73.000000 54.000000 26.000000 10.000000 17.000000 93.000000 74.000000 36.000000 
79.000000 50.000000 82.000000 78.000000 62.000000 46.000000 25.000000 54.000000 76.000000 74.000000 4.000000 89.000000 99.000000 66.000000 39.000000 52.000000 74.000000 37.000000 73.000000 70.000000 35.000000 32.000000 21.000000 90.000000 24.000000 64.000000 36.000000 87.000000 19.000000 11.000000 
96.000000 70.000000 13.000000 18.000000 42.000000 13.000000 1.000000 16.000000 88.000000 16.000000 51.000000 51.000000 23.000000 80.000000 96.000000 94.000000 46.000000 38.000000 49.000000 70.000000 16.000000 93.000000 36.000000 24.000000 15.000000 47.000000 99.000000 19.000000 32.000000 12.000000 
16.000000 33.000000 50.000000 54.000000 38.000000 88.000000 65.000000 3.000000 35.000000 42.000000 76.000000 29.000000 13.000000 29.000000 44.000000 63.000000 29.000000 13.000000 82.000000 31.000000 34.000000 2.000000 36.000000 6.000000 1.000000 34.000000 75.000000 9.000000 30.000000 33.000000 
88.000000 21.000000 41.000000 5.000000 65.000000 67.000000 84.000000 94.000000 7.000000 3.000000 40.000000 57.000000 93.000000 4.000000 78.000000 99.000000 95.000000 46.000000 5.000000 82.000000 18.000000 16.000000 20.000000 20.000000 21.000000 7.000000 55.000000 84.000000 27.000000 72.000000 