30 60
109 203 240 43 298 299 312 24 285 123 315 98 272 68 293 122 150 241 305 257 116 205 272 197 207 306 194 75 271 179 
23124.000000 12194.000000 3202.000000 18698.000000 2329.000000 8221.000000 4785.000000 18137.000000 26796.000000 17253.000000 4135.000000 26622.000000 4849.000000 25083.000000 5550.000000 27228.000000 3082.000000 19202.000000 19263.000000 23387.000000 11663.000000 16876.000000 7697.000000 5489.000000 15034.000000 23631.000000 26610.000000 14393.000000 10587.000000 17712.000000 
14 11 27 29 26 28 28 21 23 19 17 27 14 25 21 21 16 29 15 22 10 28 16 21 17 17 17 25 14 19 19 26 24 15 17 20 11 23 11 17 13 23 12 28 19 25 19 13 14 19 27 15 10 29 17 28 14 19 12 20 
86.000000 55.000000 50.000000 76.000000 0.000000 98.000000 41.000000 85.000000 70.000000 83.000000 1.000000 15.000000 52.000000 12.000000 17.000000 44.000000 26.000000 50.000000 91.000000 72.000000 13.000000 31.000000 0.000000 86.000000 72.000000 88.000000 66.000000 13.000000 99.000000 89.000000 
26.000000 98.000000 60.000000 7.000000 43.000000 52.000000 18.000000 47.000000 86.000000 64.000000 40.000000 22.000000 67.000000 65.000000 3.000000 47.000000 27.000000 94.000000 15.000000 90.000000 2.000000 88.000000 40.000000 93.000000 99.000000 25.000000 87.000000 73.000000 82.000000 68.000000 
91.000000 41.000000 42.000000 89.000000 9.000000 15.000000 90.000000 93.000000 8.000000 14.000000 17.000000 47.000000 12.000000 42.000000 90.000000 90.000000 41.000000 31.000000 87.000000 96.000000 46.000000 73.000000 99.000000 88.000000 45.000000 64.000000 32.000000 44.000000 98.000000 61.000000 
6.000000 48.000000 73.000000 1.000000 19.000000 50.000000 11.000000 43.000000 33.000000 71.000000 68.000000 36.000000 1.000000 39.000000 2.000000 13.000000 35.000000 65.000000 46.000000 77.000000 78.000000 79.000000 61.000000 15.000000 53.000000 87.000000 75.000000 71.000000 84.000000 32.000000 
54.000000 50.000000 6.000000 49.000000 48.000000 46.000000 32.000000 70.000000 19.000000 8.000000 23.000000 97.000000 45.000000 80.000000 91.000000 64.000000 48.000000 11.000000 25.000000 56.000000 95.000000 77.000000 19.000000 39.000000 72.000000 86.000000 49.000000 44.000000 27.000000 68.000000 
26.000000 94.000000 33.000000 42.000000 12.000000 59.000000 18.000000 34.000000 92.000000 1.000000 58.000000 81.000000 26.000000 26.000000 35.000000 42.000000 26.000000 61.000000 13.000000 14.000000 47.000000 21.000000 64.000000 2.000000 63.000000 37.000000 66.000000 8.000000 80.000000 60.000000 
44.000000 41.000000 13.000000 55.000000 33.000000 43.000000 15.000000 59.000000 84.000000 1.000000 46.000000 65.000000 25.000000 89.000000 15.000000 56.000000 81.000000 47.000000 29.000000 86.000000 82.000000 6.000000 47.000000 13.000000 29.000000 5.000000 0.000000 5.000000 3.000000 63.000000 
52.000000 78.000000 20.000000 7.000000 88.000000 54.000000 77.000000 64.000000 66.000000 19.000000 44.000000 64.000000 76.000000 51.000000 94.000000 13.000000 76.000000 24.000000 75.000000 51.000000 12.000000 14.000000 64.000000 77.000000 30.000000 74.000000 61.000000 18.000000 56.000000 38.000000 
18.000000 82.000000 80.000000 83.000000 96.000000 11.000000 80.000000 49.000000 10.000000 23.000000 77.000000 5.000000 95.000000 19.000000 1.000000 14.000000 10.000000 90.000000 6.000000 12.000000 59.000000 38.000000 70.000000 35.000000 93.000000 19.000000 66.000000 40.000000 34.000000 51.000000 
93.000000 2.000000 18.000000 55.000000 92.000000 2.000000 62.000000 26.000000 3.000000 14.000000 2.000000 38.000000 23.000000 74.000000 34.000000 43.000000 76.000000 76.000000 92.000000 10.000000 13.000000 44.000000 21.000000 24.000000 86.000000 59.000000 24.000000 30.000000 84.000000 39.000000 
15.000000 95.000000 7.000000 27.000000 82.000000 24.000000 26.000000 4.000000 57.000000 58.000000 57.000000 42.000000 45.000000 37.000000 38.000000 73.000000 54.000000 91.000000 91.000000 29.000000 31.000000 18.000000 14.000000 86.000000 98.000000 52.000000 28.000000 9.000000 37.000000 14.000000 
73.000000 90.000000 75.000000 21.000000 32.000000 12.000000 66.000000 87.000000 30.000000 2.000000 67.000000 42.000000 29.000000 42.000000 56.000000 48.000000 17.000000 44.000000 48.000000 98.000000 73.000000 28.000000 95.000000 15.000000 40.000000 44.000000 77.000000 97.000000 51.000000 31.000000 
34.000000 78.000000 84.000000 5.000000 79.000000 78.000000 38.000000 23.000000 97.000000 96.000000 65.000000 49.000000 27.000000 40.000000 91.000000 40.000000 75.000000 8.000000 17.000000 21.000000 7.000000 80.000000 83.000000 99.000000 21.000000 55.000000 30.000000 69.000000 92.000000 62.000000 
94.000000 82.000000 43.000000 33.000000 30.000000 89.000000 94.000000 98.000000 31.000000 92.000000 76.000000 59.000000 1.000000 40.000000 20.000000 46.000000 0.000000 80.000000 64.000000 54.000000 54.000000 27.000000 20.000000 31.000000 21.000000 33.000000 24.000000 47.000000 36.000000 53.000000 
25.000000 81.000000 84.000000 40.000000 12.000000 97.000000 82.000000 38.000000 81.000000 90.000000 51.000000 20.000000 77.000000 38.000000 20.000000 16.000000 79.000000 84.000000 1.000000 21.000000 9.000000 32.000000 8.000000 82.000000 76.000000 25.000000 20.000000 88.000000 88.000000 56.000000 
19.000000 30.000000 9.000000 18.000000 32.000000 0.000000 15.000000 92.000000 75.000000 41.000000 5.000000 42.000000 75.000000 75.000000 48.000000 48.000000 15.000000 54.000000 85.000000 7.000000 24.000000 43.000000 22.000000 91.000000 17.000000 94.000000 60.000000 18.000000 51.000000 91.000000 
74.000000 1.000000 54.000000 77.000000 22.000000 64.000000 37.000000 73.000000 49.000000 43.000000 3.000000 79.000000 24.000000 24.000000 17.000000 90.000000 10.000000 61.000000 89.000000 80.000000 66.000000 98.000000 84.000000 40.000000 35.000000 83.000000 81.000000 66.000000 58.000000 42.000000 
20.000000 35.000000 14.000000 54.000000 24.000000 12.000000 92.000000 42.000000 82.000000 88.000000 34.000000 82.000000 21.000000 24.000000 99.000000 85.000000 27.000000 68.000000 58.000000 2.000000 57.000000 56.000000 99.000000 68.000000 85.000000 24.000000 5.000000 67.000000 61.000000 91.000000 
52.000000 12.000000 69.000000 79.000000 16.000000 45.000000 24.000000 97.000000 97.000000 5.000000 37.000000 90.000000 13.000000 43.000000 47.000000 42.000000 86.000000 52.000000 88.000000 77.000000 60.000000 53.000000 44.000000 90.000000 10.000000 59.000000 12.000000 25.000000 13.000000 7.000000 
80.000000 56.000000 24.000000 20.000000 76.000000 52.000000 58.000000 55.000000 60.000000 34.000000 62.000000 34.000000 58.000000 42.000000 53.000000 68.000000 57.000000 90.000000 41.000000 35.000000 22.000000 53.000000 59.000000 48.000000 86.000000 32.000000 74.000000 44.000000 40.000000 90.000000 
62.000000 69.000000 19.000000 40.000000 55.000000 39.000000 55.000000 48.000000 94.000000 23.000000 49.000000 68.000000 59.000000 41.000000 87.000000 25.000000 45.000000 1.000000 91.000000 17.000000 20.000000 20.000000 86.000000 0.000000 68.000000 78.000000 32.000000 72.000000 13.000000 24.000000 
30.000000 81.000000 78.000000 25.000000 24.000000 12.000000 22.000000 23.000000 56.000000 29.000000 51.000000 40.000000 19.000000 88.000000 10.000000 67.000000 51.000000 36.000000 2.000000 92.000000 46.000000 66.000000 73.000000 75.000000 73.000000 87.000000 76.000000 86.000000 39.000000 45.000000 
97.000000 30.000000 25.000000 81.000000 14.000000 54.000000 99.000000 37.000000 3.000000 2.000000 64.000000 24.000000 29.000000 55.000000 8.000000 23.000000 86.000000 83.000000 64.000000 90.000000 63.000000 95.000000 84.000000 70.000000 54.000000 47.000000 12.000000 54.000000 45.000000 72.000000 
76.000000 25.000000 48.000000 23.000000 58.000000 88.000000 43.000000 37.000000 9.000000 68.000000 73.000000 89.000000 2.000000 29.000000 2.000000 67.000000 67.000000 44.000000 6.000000 90.000000 25.000000 18.000000 87.000000 69.000000 26.000000 56.000000 10.000000 63.000000 66.000000 4.000000 
11.000000 90.000000 24.000000 31.000000 32.000000 92.000000 47.000000 16.000000 61.000000 59.000000 81.000000 53.000000 6.000000 77.000000 27.000000 8.000000 16.000000 34.000000 55.000000 65.000000 37.000000 18.000000 19.000000 70.000000 58.000000 78.000000 54.000000 41.000000 90.000000 30.000000 
38.000000 10.000000 82.000000 49.000000 74.000000 22.000000 67.000000 59.000000 94.000000 98.000000 91.000000 13.000000 3.000000 31.000000 74.000000 35.000000 33.000000 90.000000 93.000000 66.000000 45.000000 43.000000 94.000000 27.000000 19.000000 11.000000 86.000000 90.000000 10.000000 36.000000 
42.000000 33.000000 63.000000 10.000000 41.000000 12.000000 28.000000 2.000000 16.000000 74.000000 89.000000 85.000000 76.000000 93.000000 23.000000 35.000000 48.000000 15.000000 49.000000 75.000000 25.000000 30.000000 19.000000 77.000000 42.000000 7.000000 82.000000 25.000000 99.000000 79.000000 
99.000000 44.000000 8.000000 39.000000 15.000000 11.000000 43.000000 97.000000 99.000000 15.000000 93.000000 14.000000 7.000000 42.000000 85.000000 0.000000 51.000000 87.000000 96.000000 48.000000 41.000000 27.000000 82.000000 45.000000 71.000000 6.000000 92.000000 77.000000 50.000000 13.000000 
54.000000 22.000000 86.000000 60.000000 34.000000 92.000000 1.000000 87.000000 17.000000 77.000000 10.000000 47.000000 60.000000 91.000000 10.000000 55.000000 8.000000 40.000000 57.000000 4.000000 88.000000 44.000000 10.000000 78.000000 2.000000 86.000000 4.000000 13.000000 6.000000 86.000000 
53.000000 92.000000 27.000000 2.000000 97.000000 70.000000 60.000000 19.000000 66.000000 79.000000 66.000000 78.000000 97.000000 26.000000 27.000000 43.000000 45.000000 24.000000 60.000000 22.000000 72.000000 93.000000 87.000000 94.000000 94.000000 28.000000 1.000000 84.000000 34.000000 24.000000 
94.000000 13.000000 5.000000 96.000000 20.000000 5.000000 18.000000 55.000000 28.000000 25.000000 90.000000 94.000000 65.000000 84.000000 5.000000 25.000000 52.000000 38.000000 44.000000 68.000000 79.000000 61.000000 89.000000 56.000000 60.000000 66.000000 66.000000 42.000000 67.000000 22.000000 
88.000000 5.000000 12.000000 66.000000 9.000000 79.000000 58.000000 24.000000 98.000000 85.000000 75.000000 92.000000 90.000000 7.000000 65.000000 30.000000 91.000000 57.000000 43.000000 75.000000 28.000000 22.000000 27.000000 75.000000 61.000000 85.000000 69.000000 11.000000 35.000000 56.000000 
59.000000 40.000000 2.000000 66.000000 68.000000 84.000000 51.000000 9.000000 90.000000 55.000000 44.000000 24.000000 38.000000 87.000000 18.000000 61.000000 87.000000 9.000000 24.000000 76.000000 56.000000 81.000000 0.000000 40.000000 88.000000 89.000000 2.000000 64.000000 74.000000 58.000000 
47.000000 69.000000 14.000000 32.000000 25.000000 58.000000 16.000000 34.000000 4.000000 73.000000 86.000000 0.000000 26.000000 28.000000 54.000000 53.000000 62.000000 66.000000 29.000000 66.000000 80.000000 80.000000 93.000000 15.000000 51.000000 92.000000 71.000000 31.000000 87.000000 70.000000 
37.000000 15.000000 82.000000 50.000000 39.000000 46.000000 15.000000 75.000000 58.000000 14.000000 27.000000 75.000000 43.000000 63.000000 76.000000 44.000000 56.000000 14.000000 46.000000 97.000000 60.000000 3.000000 50.000000 10.000000 7.000000 63.000000 60.000000 64.000000 8.000000 34.000000 
52.000000 73.000000 14.000000 71.000000 58.000000 33.000000 15.000000 85.000000 44.000000 53.000000 48.000000 51.000000 64.000000 35.000000 78.000000 57.000000 85.000000 14.000000 77.000000 73.000000 31.000000 0.000000 23.000000 74.000000 35.000000 46.000000 99.000000 43.000000 87.000000 62.000000 
55.000000 37.000000 95.000000 33.000000 64.000000 94.000000 28.000000 23.000000 97.000000 6.000000 91.000000 70.000000 83.000000 1.000000 47.000000 91.000000 33.000000 95.000000 4.000000 69.000000 47.000000 13.000000 11.000000 84.000000 35.000000 90.000000 46.000000 14.000000 19.000000 1.000000 
83.000000 6.000000 88.000000 82.000000 73.000000 4.000000 40.000000 32.000000 81.000000 88.000000 14.000000 24.000000 48.000000 46.000000 14.000000 52.000000 92.000000 99.000000 74.000000 99.000000 47.000000 33.000000 95.000000 96.000000 20.000000 29.000000 85.000000 16.000000 4.000000 80.000000 
63.000000 14.000000 81.000000 36.000000 12.000000 16.000000 4.000000 32.000000 96.000000 13.000000 41.000000 64.000000 67.000000 4.000000 19.000000 44.000000 37.000000 19.000000 2.000000 30.000000 90.000000 92.000000 90.000000 25.000000 51.000000 66.000000 25.000000 79.000000 37.000000 72.000000 
44.000000 52.000000 79.000000 88.000000 2.000000 8.000000 52.000000 92.000000 69.000000 55.000000 85.000000 43.000000 69.000000 57.000000 31.000000 69.000000 18.000000 68.000000 97.000000 50.000000 65.000000 76.000000 93.000000 5.000000 66.000000 52.000000 38.000000 45.000000 30.000000 48.000000 
29.000000 31.000000 10.000000 80.000000 59.000000 59.000000 53.000000 94.000000 55.000000 65.000000 8.000000 2.000000 56.000000 10.000000 63.000000 37.000000 56.000000 95.000000 68.000000 65.000000 87.000000 18.000000 56.000000 42.000000 19.000000 70.000000 72.000000 15.000000 83.000000 33.000000 
74.000000 15.000000 70.000000 22.000000 56.000000 59.000000 49.000000 92.000000 27.000000 86.000000 96.000000 98.000000 24.000000 96.000000 59.000000 81.000000 55.000000 43.000000 62.000000 14.000000 5.000000 24.000000 51.000000 30.000000 35.000000 52.000000 26.000000 27.000000 65.000000 9.000000 
9.000000 13.000000 33.000000 27.000000 44.000000 30.000000 50.000000 22.000000 38.000000 82.000000 1.000000 90.000000 70.000000 56.000000 78.000000 51.000000 40.000000 2.000000 13.000000 81.000000 47.000000 11.000000 77.000000 76.000000 79.000000 20.000000 48.000000 47.000000 99.000000 20.000000 
64.000000 18.000000 36.000000 46.000000 19.000000 98.000000 9.000000 93.000000 67.000000 47.000000 66.000000 54.000000 40.000000 32.000000 95.000000 10.000000 94.000000 74.000000 46.000000 98.000000 42.000000 22.000000 77.000000 27.000000 40.000000 95.000000 9.000000 53.000000 29.000000 86.000000 
42.000000 95.000000 47.000000 20.000000 84.000000 73.000000 80.000000 11.000000 95.000000 3.000000 96.000000 54.000000 23.000000 63.000000 95.000000 53.000000 16.000000 36.000000 56.000000 63.000000 20.000000 76.000000 83.000000 8.000000 97.000000 58.000000 63.000000 96.000000 29.000000 24.000000 
94.000000 45.000000 84.000000 7.000000 54.000000 85.000000 73.000000 14.000000 98.000000 12.000000 6.000000 8.000000 37.000000 4.000000 44.000000 93.000000 1.000000 13.000000 97.000000 13.000000 11.000000 10.000000 5.000000 20.000000 12.000000 45.000000 22.000000 54.000000 26.000000 37.000000 
76.000000 57.000000 49.000000 15.000000 80.000000 12.000000 86.000000 75.000000 18.000000 69.000000 94.000000 19.000000 19.000000 11.000000 97.000000 2.000000 15.000000 57.000000 80.000000 87.000000 30.000000 27.000000 64.000000 97.000000 43.000000 97.000000 41.000000 7.000000 40.000000 19.000000 
18.000000 18.000000 33.000000 5.000000 84.000000 8.000000 6.000000 72.000000 4.000000 44.000000 35.000000 19.000000 22.000000 13.000000 87.000000 68.000000 0.000000 92.000000 70.000000 0.000000 42.000000 70.000000 26.000000 67.000000 82.000000 1.000000 72.000000 50.000000 19.000000 37.000000 
16.000000 13.000000 42.000000 81.000000 33.000000 52.000000 74.000000 49.000000 60.000000 55.000000 33.000000 39.000000 38.000000 23.000000 74.000000 46.000000 32.000000 92.000000 75.000000 64.000000 90.000000 95.000000 79.000000 72.000000 22.000000 27.000000 95.000000 87.000000 30.000000 5.000000 
30.000000 43.000000 84.000000 49.000000 8.000000 10.000000 58.000000 10.000000 81.000000 84.000000 67.000000 32.000000 54.000000 98.000000 39.000000 20.000000 77.000000 34.000000 53.000000 49.000000 67.000000 48.000000 5.000000 44.000000 72.000000 21.000000 79.000000 6.000000 90.000000 17.000000 
54.000000 65.000000 95.000000 0.000000 54.000000 97.000000 41.000000 32.000000 37.000000 24.000000 54.000000 74.000000 72.000000 80.000000 14.000000 53.000000 48.000000 29.000000 95.000000 63.000000 22.000000 60.000000 27.000000 16.000000 95.000000 80.000000 87.000000 61.000000 80.000000 7.000000 
18.000000 43.000000 78.000000 14.000000 68.000000 53.000000 10.000000 81.000000 74.000000 16.000000 49.000000 64.000000 27.000000 97.000000 47.000000 78.000000 17.000000 25.000000 74.000000 49.000000 26.000000 82.000000 82.000000 1.000000 22.000000 83.000000 88.000000 66.000000 75.000000 56.000000 
30.000000 39.000000 90.000000 7.000000 36.000000 15.000000 43.000000 11.000000 7.000000 77.000000 53.000000 71.000000 19.000000 34.000000 18.000000 49.000000 85.000000 13.000000 29.000000 31.000000 25.000000 59.000000 5.000000 13.000000 52.000000 2.000000 27.000000 6.000000 58.000000 94.000000 
74.000000 84.000000 62.000000 15.000000 78.000000 46.000000 59.000000 13.000000 48.000000 51.000000 76.000000 20.000000 32.000000 53.000000 23.000000 66.000000 35.000000 43.000000 2.000000 75.000000 79.000000 77.000000 6.000000 15.000000 4.000000 40.000000 24.000000 48.000000 27.000000 85.000000 
30.000000 85.000000 9.000000 43.000000 28.000000 52.000000 16.000000 90.000000 78.000000 29.000000 46.000000 19.000000 20.000000 96.000000 81.000000 55.000000 85.000000 20.000000 68.000000 10.000000 40.000000 58.000000 55.000000 63.000000 23.000000 57.000000 30.000000 17.000000 63.000000 80.000000 
20.000000 60.000000 77.000000 91.000000 88.000000 46.000000 6.000000 73.000000 96.000000 58.000000 20.000000 66.000000 38.000000 26.000000 16.000000 48.000000 75.000000 15.000000 75.000000 88.000000 95.000000 97.000000 61.000000 64.000000 6.000000 82.000000 76.000000 1.000000 24.000000 64.000000 
7.000000 92.000000 15.000000 16.000000 20.000000 92.000000 7.000000 23.000000 96.000000 4.000000 73.000000 63.000000 14.000000 7.000000 58.000000 51.000000 14.000000 73.000000 4.000000 13.000000 16.000000 91.000000 80.000000 68.000000 53.000000 95.000000 42.000000 16.000000 69.000000 45.000000 
67.000000 70.000000 67.000000 34.000000 31.000000 77.000000 28.000000 1.000000 49.000000 24.000000 22.000000 78.000000 64.000000 11.000000 83.000000 14.000000 80.000000 41.000000 37.000000 22.000000 67.000000 70.000000 74.000000 80.000000 72.000000 6.000000 28.000000 61.000000 35.000000 42.000000 
99.000000 66.000000 72.000000 88.000000 30.000000 8.000000 98.000000 12.000000 19.000000 56.000000 79.000000 14.000000 31.000000 30.000000 44.000000 98.000000 52.000000 27.000000 10.000000 8.000000 83.000000 2.000000 75.000000 51.000000 68.000000 35.000000 7.000000 8.000000 18.000000 75.000000 
16.000000 28.000000 66.000000 19.000000 91.000000 41.000000 55.000000 74.000000 57.000000 31.000000 60.000000 28.000000 52.000000 74.000000 95.000000 3.000000 52.000000 14.000000 44.000000 70.000000 92.000000 35.000000 22.000000 73.000000 51.000000 62.000000 62.000000 66.000000 7.000000 92.000000 