30 75
95 142 156 47 78 58 111 149 191 141 181 101 202 124 166 64 63 97 58 60 104 207 211 165 97 124 107 48 151 30 
2109.000000 867.000000 1037.000000 2075.000000 1676.000000 2136.000000 533.000000 886.000000 1780.000000 300.000000 2139.000000 1656.000000 825.000000 536.000000 261.000000 940.000000 801.000000 1204.000000 2100.000000 980.000000 1361.000000 1166.000000 1927.000000 1211.000000 891.000000 1586.000000 966.000000 1175.000000 2162.000000 961.000000 
25 22 18 12 28 11 19 12 23 10 23 28 10 28 12 23 17 19 28 14 10 20 18 17 16 25 21 16 23 16 23 21 16 11 14 25 24 18 14 17 15 26 14 12 23 15 20 26 20 28 28 10 28 15 14 13 24 10 12 18 28 26 18 16 28 11 16 23 27 10 15 26 16 23 25 
0.000000 6.000000 73.000000 68.000000 43.000000 75.000000 49.000000 46.000000 92.000000 87.000000 82.000000 23.000000 65.000000 66.000000 87.000000 79.000000 74.000000 31.000000 87.000000 33.000000 35.000000 37.000000 48.000000 20.000000 3.000000 72.000000 95.000000 72.000000 24.000000 17.000000 
96.000000 48.000000 73.000000 32.000000 70.000000 30.000000 20.000000 32.000000 43.000000 55.000000 32.000000 54.000000 63.000000 56.000000 24.000000 38.000000 49.000000 53.000000 6.000000 76.000000 24.000000 82.000000 71.000000 89.000000 83.000000 80.000000 57.000000 52.000000 68.000000 53.000000 
57.000000 59.000000 60.000000 94.000000 51.000000 17.000000 25.000000 41.000000 2.000000 99.000000 43.000000 66.000000 41.000000 94.000000 46.000000 62.000000 14.000000 44.000000 10.000000 61.000000 80.000000 45.000000 88.000000 81.000000 86.000000 61.000000 97.000000 18.000000 45.000000 67.000000 
61.000000 8.000000 5.000000 37.000000 6.000000 22.000000 78.000000 28.000000 43.000000 95.000000 76.000000 23.000000 81.000000 69.000000 54.000000 54.000000 71.000000 25.000000 77.000000 4.000000 56.000000 24.000000 58.000000 52.000000 94.000000 87.000000 20.000000 29.000000 68.000000 75.000000 
91.000000 82.000000 98.000000 57.000000 36.000000 75.000000 38.000000 79.000000 83.000000 70.000000 97.000000 63.000000 83.000000 60.000000 30.000000 5.000000 36.000000 66.000000 97.000000 49.000000 62.000000 95.000000 65.000000 63.000000 81.000000 43.000000 23.000000 30.000000 64.000000 81.000000 
15.000000 39.000000 49.000000 48.000000 22.000000 42.000000 28.000000 58.000000 57.000000 8.000000 69.000000 84.000000 28.000000 86.000000 17.000000 81.000000 6.000000 59.000000 82.000000 48.000000 99.000000 65.000000 21.000000 58.000000 7.000000 96.000000 69.000000 3.000000 23.000000 15.000000 
67.000000 18.000000 99.000000 46.000000 4.000000 1.000000 91.000000 29.000000 59.000000 30.000000 53.000000 52.000000 24.000000 47.000000 42.000000 80.000000 30.000000 63.000000 66.000000 69.000000 15.000000 5.000000 70.000000 25.000000 11.000000 93.000000 43.000000 40.000000 21.000000 49.000000 
10.000000 18.000000 31.000000 47.000000 26.000000 82.000000 69.000000 62.000000 82.000000 9.000000 15.000000 98.000000 8.000000 52.000000 11.000000 70.000000 13.000000 34.000000 24.000000 98.000000 11.000000 17.000000 89.000000 26.000000 20.000000 6.000000 96.000000 63.000000 28.000000 9.000000 
19.000000 39.000000 67.000000 92.000000 12.000000 91.000000 40.000000 80.000000 88.000000 40.000000 89.000000 94.000000 86.000000 29.000000 0.000000 48.000000 75.000000 2.000000 84.000000 12.000000 61.000000 87.000000 82.000000 39.000000 88.000000 88.000000 76.000000 7.000000 41.000000 91.000000 
8.000000 18.000000 22.000000 62.000000 45.000000 60.000000 24.000000 80.000000 30.000000 22.000000 35.000000 30.000000 22.000000 21.000000 64.000000 51.000000 94.000000 77.000000 41.000000 27.000000 63.000000 48.000000 54.000000 41.000000 64.000000 13.000000 24.000000 52.000000 83.000000 52.000000 
19.000000 59.000000 22.000000 79.000000 69.000000 47.000000 59.000000 21.000000 31.000000 58.000000 26.000000 40.000000 13.000000 10.000000 8.000000 49.000000 50.000000 54.000000 51.000000 75.000000 14.000000 65.000000 26.000000 54.000000 72.000000 85.000000 84.000000 71.000000 41.000000 68.000000 
1.000000 88.000000 5.000000 13.000000 0.000000 2.000000 79.000000 56.000000 96.000000 45.000000 56.000000 79.000000 2.000000 10.000000 53.000000 47.000000 93.000000 63.000000 47.000000 88.000000 22.000000 78.000000 76.000000 73.000000 15.000000 11.000000 39.000000 51.000000 9.000000 90.000000 
11.000000 67.000000 10.000000 84.000000 80.000000 58.000000 67.000000 96.000000 50.000000 89.000000 7.000000 78.000000 74.000000 6.000000 70.000000 62.000000 19.000000 93.000000 40.000000 68.000000 63.000000 64.000000 52.000000 18.000000 92.000000 43.000000 42.000000 76.000000 32.000000 85.000000 
52.000000 96.000000 36.000000 72.000000 5.000000 34.000000 30.000000 60.000000 35.000000 68.000000 62.000000 81.000000 10.000000 37.000000 16.000000 15.000000 90.000000 71.000000 2.000000 85.000000 27.000000 95.000000 11.000000 53.000000 77.000000 27.000000 5.000000 2.000000 84.000000 80.000000 
84.000000 44.000000 64.000000 66.000000 48.000000 86.000000 99.000000 55.000000 46.000000 47.000000 15.000000 25.000000 72.000000 2.000000 92.000000 14.000000 66.000000 92.000000 59.000000 60.000000 24.000000 47.000000 52.000000 99.000000 8.000000 89.000000 26.000000 36.000000 37.000000 15.000000 
85.000000 25.000000 83.000000 93.000000 41.000000 22.000000 9.000000 2.000000 23.000000 88.000000 21.000000 8.000000 3.000000 71.000000 17.000000 59.000000 6.000000 74.000000 65.000000 36.000000 20.000000 3.000000 37.000000 89.000000 27.000000 55.000000 78.000000 65.000000 18.000000 73.000000 
91.000000 81.000000 57.000000 88.000000 71.000000 11.000000 21.000000 35.000000 10.000000 97.000000 24.000000 96.000000 57.000000 92.000000 93.000000 8.000000 16.000000 96.000000 72.000000 55.000000 8.000000 53.000000 55.000000 21.000000 21.000000 7.000000 85.000000 65.000000 46.000000 36.000000 
68.000000 64.000000 49.000000 37.000000 80.000000 19.000000 46.000000 86.000000 84.000000 27.000000 71.000000 35.000000 66.000000 67.000000 56.000000 8.000000 69.000000 38.000000 65.000000 92.000000 78.000000 70.000000 43.000000 64.000000 91.000000 83.000000 88.000000 81.000000 73.000000 52.000000 
45.000000 19.000000 79.000000 35.000000 74.000000 53.000000 99.000000 42.000000 58.000000 19.000000 50.000000 67.000000 44.000000 66.000000 32.000000 11.000000 29.000000 28.000000 6.000000 60.000000 41.000000 60.000000 79.000000 4.000000 74.000000 99.000000 95.000000 7.000000 78.000000 80.000000 
56.000000 65.000000 10.000000 88.000000 49.000000 10.000000 7.000000 39.000000 28.000000 54.000000 14.000000 19.000000 85.000000 70.000000 9.000000 24.000000 19.000000 63.000000 89.000000 85.000000 73.000000 72.000000 1.000000 52.000000 97.000000 15.000000 60.000000 98.000000 77.000000 59.000000 
60.000000 57.000000 18.000000 73.000000 84.000000 83.000000 68.000000 11.000000 68.000000 37.000000 48.000000 26.000000 75.000000 9.000000 94.000000 4.000000 75.000000 32.000000 45.000000 79.000000 54.000000 71.000000 29.000000 70.000000 81.000000 54.000000 21.000000 36.000000 15.000000 15.000000 
91.000000 55.000000 36.000000 50.000000 57.000000 72.000000 12.000000 2.000000 17.000000 59.000000 61.000000 26.000000 5.000000 1.000000 56.000000 20.000000 26.000000 81.000000 83.000000 97.000000 43.000000 42.000000 47.000000 40.000000 29.000000 50.000000 96.000000 88.000000 7.000000 73.000000 
7.000000 10.000000 29.000000 58.000000 34.000000 87.000000 92.000000 78.000000 43.000000 3.000000 70.000000 73.000000 64.000000 24.000000 17.000000 97.000000 29.000000 97.000000 70.000000 65.000000 2.000000 11.000000 63.000000 56.000000 96.000000 7.000000 17.000000 6.000000 43.000000 14.000000 
79.000000 4.000000 57.000000 60.000000 29.000000 78.000000 14.000000 77.000000 55.000000 34.000000 34.000000 8.000000 92.000000 71.000000 38.000000 80.000000 63.000000 4.000000 17.000000 93.000000 61.000000 66.000000 30.000000 54.000000 73.000000 48.000000 34.000000 48.000000 29.000000 28.000000 
96.000000 26.000000 29.000000 82.000000 44.000000 48.000000 70.000000 78.000000 64.000000 17.000000 99.000000 3.000000 44.000000 98.000000 43.000000 68.000000 24.000000 83.000000 95.000000 87.000000 1.000000 75.000000 73.000000 44.000000 97.000000 91.000000 58.000000 70.000000 98.000000 0.000000 
96.000000 6.000000 11.000000 53.000000 12.000000 33.000000 99.000000 70.000000 72.000000 64.000000 3.000000 92.000000 91.000000 75.000000 37.000000 15.000000 71.000000 79.000000 42.000000 55.000000 28.000000 84.000000 15.000000 17.000000 23.000000 6.000000 61.000000 74.000000 20.000000 97.000000 
29.000000 61.000000 38.000000 31.000000 21.000000 63.000000 56.000000 56.000000 10.000000 33.000000 0.000000 95.000000 80.000000 70.000000 18.000000 60.000000 84.000000 62.000000 21.000000 16.000000 89.000000 56.000000 46.000000 5.000000 49.000000 8.000000 70.000000 9.000000 11.000000 38.000000 
78.000000 27.000000 74.000000 89.000000 69.000000 88.000000 42.000000 58.000000 52.000000 25.000000 18.000000 55.000000 58.000000 75.000000 72.000000 5.000000 82.000000 93.000000 56.000000 4.000000 26.000000 92.000000 47.000000 82.000000 0.000000 36.000000 45.000000 46.000000 16.000000 58.000000 
63.000000 8.000000 68.000000 81.000000 85.000000 4.000000 95.000000 63.000000 67.000000 75.000000 59.000000 85.000000 18.000000 64.000000 93.000000 58.000000 86.000000 40.000000 3.000000 33.000000 34.000000 65.000000 13.000000 16.000000 73.000000 62.000000 8.000000 34.000000 3.000000 39.000000 
4.000000 5.000000 65.000000 92.000000 45.000000 5.000000 17.000000 86.000000 14.000000 41.000000 70.000000 89.000000 5.000000 56.000000 62.000000 99.000000 97.000000 47.000000 62.000000 0.000000 19.000000 61.000000 1.000000 32.000000 1.000000 96.000000 7.000000 66.000000 56.000000 30.000000 
75.000000 8.000000 21.000000 52.000000 96.000000 84.000000 80.000000 67.000000 30.000000 77.000000 16.000000 3.000000 4.000000 10.000000 83.000000 32.000000 55.000000 12.000000 0.000000 93.000000 64.000000 98.000000 84.000000 84.000000 43.000000 51.000000 3.000000 39.000000 65.000000 94.000000 
95.000000 30.000000 70.000000 84.000000 95.000000 49.000000 61.000000 67.000000 59.000000 60.000000 91.000000 80.000000 83.000000 31.000000 2.000000 84.000000 54.000000 78.000000 58.000000 64.000000 77.000000 95.000000 91.000000 34.000000 70.000000 28.000000 55.000000 31.000000 20.000000 50.000000 
47.000000 87.000000 46.000000 11.000000 50.000000 8.000000 95.000000 95.000000 97.000000 5.000000 89.000000 98.000000 68.000000 57.000000 90.000000 3.000000 78.000000 92.000000 47.000000 36.000000 85.000000 27.000000 44.000000 0.000000 69.000000 91.000000 65.000000 48.000000 33.000000 40.000000 
50.000000 31.000000 30.000000 19.000000 96.000000 27.000000 32.000000 33.000000 34.000000 36.000000 70.000000 52.000000 91.000000 21.000000 38.000000 34.000000 4.000000 98.000000 23.000000 54.000000 57.000000 18.000000 6.000000 84.000000 60.000000 4.000000 52.000000 41.000000 75.000000 18.000000 
79.000000 8.000000 79.000000 87.000000 71.000000 1.000000 97.000000 0.000000 88.000000 24.000000 68.000000 68.000000 76.000000 47.000000 6.000000 90.000000 78.000000 94.000000 84.000000 92.000000 9.000000 21.000000 47.000000 12.000000 45.000000 29.000000 25.000000 52.000000 29.000000 40.000000 
25.000000 37.000000 0.000000 26.000000 87.000000 15.000000 7.000000 79.000000 73.000000 32.000000 45.000000 54.000000 91.000000 34.000000 42.000000 13.000000 90.000000 93.000000 73.000000 85.000000 80.000000 58.000000 89.000000 85.000000 46.000000 77.000000 81.000000 69.000000 83.000000 37.000000 
13.000000 30.000000 53.000000 27.000000 7.000000 45.000000 48.000000 16.000000 54.000000 38.000000 11.000000 92.000000 84.000000 9.000000 45.000000 27.000000 21.000000 62.000000 18.000000 36.000000 12.000000 14.000000 37.000000 71.000000 94.000000 71.000000 52.000000 47.000000 48.000000 18.000000 
18.000000 1.000000 50.000000 40.000000 18.000000 36.000000 17.000000 78.000000 24.000000 87.000000 10.000000 94.000000 66.000000 28.000000 41.000000 87.000000 9.000000 87.000000 0.000000 90.000000 79.000000 55.000000 88.000000 48.000000 88.000000 2.000000 35.000000 40.000000 28.000000 31.000000 
33.000000 4.000000 58.000000 33.000000 15.000000 84.000000 94.000000 31.000000 49.000000 99.000000 74.000000 23.000000 49.000000 4.000000 62.000000 57.000000 7.000000 94.000000 7.000000 3.000000 93.000000 79.000000 83.000000 3.000000 99.000000 17.000000 63.000000 21.000000 2.000000 90.000000 
6.000000 7.000000 81.000000 64.000000 72.000000 71.000000 12.000000 62.000000 73.000000 6.000000 30.000000 42.000000 45.000000 19.000000 28.000000 56.000000 88.000000 73.000000 27.000000 49.000000 6.000000 13.000000 44.000000 97.000000 56.000000 61.000000 48.000000 10.000000 82.000000 95.000000 
67.000000 55.000000 85.000000 31.000000 88.000000 49.000000 72.000000 2.000000 76.000000 62.000000 64.000000 76.000000 90.000000 2.000000 79.000000 67.000000 83.000000 78.000000 2.000000 40.000000 1.000000 81.000000 11.000000 3.000000 27.000000 98.000000 39.000000 32.000000 43.000000 79.000000 
55.000000 92.000000 80.000000 3.000000 31.000000 30.000000 8.000000 17.000000 11.000000 62.000000 70.000000 54.000000 95.000000 82.000000 63.000000 35.000000 8.000000 58.000000 27.000000 32.000000 28.000000 99.000000 83.000000 31.000000 74.000000 6.000000 46.000000 24.000000 93.000000 43.000000 
95.000000 35.000000 87.000000 77.000000 70.000000 41.000000 76.000000 5.000000 46.000000 39.000000 87.000000 34.000000 88.000000 97.000000 7.000000 87.000000 89.000000 60.000000 59.000000 81.000000 56.000000 17.000000 57.000000 62.000000 84.000000 49.000000 87.000000 7.000000 35.000000 98.000000 
95.000000 42.000000 22.000000 51.000000 76.000000 14.000000 48.000000 9.000000 20.000000 31.000000 66.000000 98.000000 36.000000 49.000000 54.000000 35.000000 62.000000 77.000000 12.000000 54.000000 48.000000 25.000000 45.000000 66.000000 49.000000 15.000000 67.000000 99.000000 84.000000 35.000000 
57.000000 35.000000 38.000000 3.000000 44.000000 61.000000 8.000000 64.000000 2.000000 85.000000 31.000000 54.000000 83.000000 85.000000 40.000000 89.000000 20.000000 97.000000 38.000000 62.000000 81.000000 56.000000 85.000000 75.000000 47.000000 51.000000 28.000000 17.000000 51.000000 53.000000 
41.000000 72.000000 4.000000 31.000000 36.000000 23.000000 89.000000 58.000000 66.000000 89.000000 1.000000 82.000000 43.000000 97.000000 68.000000 5.000000 20.000000 82.000000 69.000000 1.000000 30.000000 75.000000 50.000000 66.000000 72.000000 17.000000 97.000000 76.000000 89.000000 2.000000 
10.000000 95.000000 77.000000 44.000000 98.000000 71.000000 16.000000 22.000000 86.000000 0.000000 22.000000 47.000000 95.000000 49.000000 59.000000 54.000000 48.000000 71.000000 43.000000 5.000000 13.000000 47.000000 50.000000 74.000000 76.000000 46.000000 4.000000 34.000000 7.000000 84.000000 
92.000000 77.000000 71.000000 20.000000 53.000000 28.000000 93.000000 24.000000 23.000000 43.000000 72.000000 2.000000 41.000000 96.000000 11.000000 71.000000 46.000000 93.000000 2.000000 10.000000 14.000000 85.000000 95.000000 24.000000 27.000000 38.000000 23.000000 18.000000 66.000000 7.000000 
71.000000 54.000000 64.000000 20.000000 18.000000 35.000000 72.000000 50.000000 70.000000 45.000000 22.000000 54.000000 88.000000 42.000000 81.000000 91.000000 57.000000 70.000000 41.000000 57.000000 67.000000 58.000000 82.000000 96.000000 86.000000 5.000000 8.000000 71.000000 58.000000 63.000000 
36.000000 16.000000 63.000000 98.000000 99.000000 85.000000 88.000000 56.000000 79.000000 83.000000 41.000000 78.000000 92.000000 45.000000 76.000000 57.000000 91.000000 87.000000 22.000000 1.000000 48.000000 59.000000 31.000000 62.000000 41.000000 59.000000 87.000000 49.000000 57.000000 1.000000 
54.000000 27.000000 87.000000 40.000000 33.000000 68.000000 60.000000 99.000000 73.000000 10.000000 62.000000 48.000000 46.000000 49.000000 31.000000 29.000000 89.000000 48.000000 14.000000 37.000000 73.000000 58.000000 36.000000 88.000000 40.000000 80.000000 21.000000 47.000000 29.000000 3.000000 
55.000000 77.000000 87.000000 14.000000 80.000000 56.000000 16.000000 48.000000 75.000000 63.000000 21.000000 38.000000 50.000000 17.000000 57.000000 72.000000 53.000000 44.000000 79.000000 75.000000 82.000000 91.000000 56.000000 70.000000 44.000000 7.000000 92.000000 82.000000 1.000000 79.000000 
74.000000 98.000000 0.000000 74.000000 40.000000 89.000000 70.000000 39.000000 22.000000 61.000000 42.000000 49.000000 32.000000 87.000000 16.000000 7.000000 74.000000 47.000000 90.000000 51.000000 6.000000 59.000000 22.000000 0.000000 99.000000 2.000000 75.000000 51.000000 42.000000 48.000000 
96.000000 22.000000 12.000000 51.000000 7.000000 90.000000 98.000000 80.000000 5.000000 63.000000 44.000000 64.000000 22.000000 5.000000 63.000000 20.000000 72.000000 86.000000 28.000000 58.000000 92.000000 34.000000 34.000000 81.000000 52.000000 10.000000 8.000000 53.000000 3.000000 27.000000 
98.000000 69.000000 69.000000 94.000000 63.000000 67.000000 10.000000 45.000000 52.000000 73.000000 24.000000 1.000000 52.000000 51.000000 48.000000 51.000000 26.000000 7.000000 76.000000 69.000000 79.000000 77.000000 23.000000 0.000000 30.000000 86.000000 83.000000 70.000000 69.000000 61.000000 
66.000000 20.000000 24.000000 46.000000 20.000000 58.000000 76.000000 33.000000 57.000000 84.000000 0.000000 18.000000 59.000000 22.000000 98.000000 51.000000 16.000000 82.000000 85.000000 32.000000 26.000000 21.000000 16.000000 62.000000 68.000000 81.000000 69.000000 76.000000 18.000000 23.000000 
48.000000 98.000000 71.000000 84.000000 38.000000 94.000000 94.000000 29.000000 32.000000 26.000000 15.000000 74.000000 40.000000 23.000000 33.000000 96.000000 13.000000 31.000000 91.000000 64.000000 62.000000 87.000000 62.000000 55.000000 58.000000 56.000000 27.000000 31.000000 27.000000 18.000000 
51.000000 14.000000 91.000000 74.000000 91.000000 48.000000 11.000000 35.000000 78.000000 68.000000 40.000000 6.000000 69.000000 6.000000 78.000000 60.000000 62.000000 91.000000 6.000000 91.000000 7.000000 39.000000 30.000000 76.000000 67.000000 30.000000 56.000000 88.000000 17.000000 28.000000 
88.000000 36.000000 69.000000 83.000000 23.000000 31.000000 67.000000 15.000000 73.000000 5.000000 0.000000 85.000000 37.000000 21.000000 21.000000 96.000000 23.000000 59.000000 55.000000 73.000000 68.000000 69.000000 61.000000 20.000000 21.000000 17.000000 66.000000 56.000000 87.000000 73.000000 
75.000000 73.000000 38.000000 18.000000 52.000000 71.000000 48.000000 50.000000 7.000000 61.000000 4.000000 50.000000 33.000000 38.000000 94.000000 4.000000 88.000000 81.000000 91.000000 14.000000 11.000000 6.000000 69.000000 37.000000 21.000000 96.000000 17.000000 33.000000 26.000000 91.000000 
60.000000 12.000000 51.000000 92.000000 69.000000 11.000000 71.000000 17.000000 52.000000 49.000000 87.000000 35.000000 41.000000 26.000000 88.000000 35.000000 8.000000 74.000000 6.000000 23.000000 0.000000 76.000000 24.000000 52.000000 58.000000 7.000000 21.000000 27.000000 59.000000 63.000000 
56.000000 42.000000 13.000000 92.000000 15.000000 31.000000 78.000000 24.000000 89.000000 58.000000 99.000000 78.000000 47.000000 60.000000 77.000000 0.000000 22.000000 32.000000 8.000000 36.000000 28.000000 6.000000 75.000000 60.000000 78.000000 74.000000 64.000000 22.000000 61.000000 49.000000 
41.000000 55.000000 8.000000 63.000000 13.000000 87.000000 54.000000 64.000000 66.000000 26.000000 63.000000 29.000000 32.000000 27.000000 99.000000 32.000000 57.000000 53.000000 32.000000 31.000000 50.000000 81.000000 25.000000 40.000000 43.000000 42.000000 50.000000 31.000000 96.000000 63.000000 
9.000000 68.000000 10.000000 68.000000 76.000000 57.000000 60.000000 54.000000 70.000000 84.000000 39.000000 49.000000 41.000000 64.000000 76.000000 19.000000 18.000000 22.000000 81.000000 72.000000 58.000000 86.000000 23.000000 85.000000 82.000000 55.000000 39.000000 57.000000 9.000000 81.000000 
43.000000 49.000000 1.000000 67.000000 69.000000 72.000000 96.000000 76.000000 79.000000 39.000000 86.000000 12.000000 7.000000 84.000000 62.000000 96.000000 33.000000 15.000000 49.000000 72.000000 6.000000 58.000000 81.000000 97.000000 43.000000 12.000000 6.000000 8.000000 99.000000 2.000000 
16.000000 81.000000 72.000000 31.000000 39.000000 0.000000 77.000000 47.000000 45.000000 19.000000 27.000000 73.000000 39.000000 87.000000 86.000000 82.000000 59.000000 56.000000 87.000000 9.000000 3.000000 99.000000 41.000000 24.000000 26.000000 13.000000 57.000000 10.000000 17.000000 76.000000 
67.000000 36.000000 24.000000 86.000000 32.000000 0.000000 94.000000 96.000000 47.000000 87.000000 43.000000 36.000000 91.000000 72.000000 83.000000 77.000000 95.000000 58.000000 56.000000 73.000000 1.000000 35.000000 57.000000 92.000000 52.000000 91.000000 60.000000 32.000000 41.000000 13.000000 
55.000000 63.000000 90.000000 76.000000 80.000000 49.000000 50.000000 78.000000 0.000000 56.000000 45.000000 93.000000 54.000000 23.000000 88.000000 38.000000 93.000000 70.000000 60.000000 86.000000 71.000000 74.000000 16.000000 61.000000 58.000000 16.000000 58.000000 92.000000 90.000000 0.000000 
2.000000 43.000000 74.000000 93.000000 20.000000 3.000000 22.000000 23.000000 34.000000 29.000000 64.000000 56.000000 93.000000 79.000000 82.000000 24.000000 63.000000 61.000000 56.000000 78.000000 10.000000 1.000000 12.000000 86.000000 56.000000 89.000000 18.000000 7.000000 33.000000 72.000000 
68.000000 12.000000 75.000000 6.000000 49.000000 16.000000 14.000000 58.000000 78.000000 57.000000 70.000000 48.000000 55.000000 44.000000 68.000000 70.000000 74.000000 35.000000 91.000000 16.000000 81.000000 37.000000 78.000000 99.000000 80.000000 33.000000 21.000000 59.000000 16.000000 76.000000 
7.000000 87.000000 86.000000 11.000000 26.000000 95.000000 70.000000 3.000000 32.000000 42.000000 72.000000 1.000000 25.000000 67.000000 13.000000 42.000000 1.000000 2.000000 18.000000 97.000000 79.000000 61.000000 91.000000 6.000000 4.000000 37.000000 69.000000 38.000000 93.000000 48.000000 
0.000000 6.000000 62.000000 1.000000 79.000000 87.000000 50.000000 87.000000 44.000000 52.000000 41.000000 17.000000 18.000000 2.000000 46.000000 57.000000 43.000000 46.000000 79.000000 20.000000 46.000000 1.000000 61.000000 44.000000 26.000000 67.000000 30.000000 34.000000 64.000000 24.000000 
34.000000 67.000000 85.000000 54.000000 38.000000 92.000000 26.000000 81.000000 71.000000 47.000000 96.000000 81.000000 13.000000 8.000000 22.000000 5.000000 58.000000 20.000000 18.000000 25.000000 41.000000 84.000000 31.000000 86.000000 1.000000 97.000000 46.000000 27.000000 6.000000 68.000000 
42.000000 9.000000 85.000000 64.000000 50.000000 52.000000 26.000000 48.000000 44.000000 82.000000 45.000000 26.000000 69.000000 33.000000 21.000000 98.000000 83.000000 55.000000 67.000000 99.000000 77.000000 21.000000 84.000000 61.000000 89.000000 39.000000 95.000000 39.000000 26.000000 16.000000 
83.000000 79.000000 74.000000 12.000000 65.000000 21.000000 46.000000 3.000000 76.000000 68.000000 97.000000 25.000000 56.000000 59.000000 20.000000 74.000000 46.000000 34.000000 92.000000 94.000000 59.000000 68.000000 28.000000 49.000000 56.000000 30.000000 77.000000 96.000000 66.000000 73.000000 