30 75
170 49 105 75 193 105 155 233 166 64 230 97 97 176 42 47 104 59 268 250 136 172 265 247 56 133 21 202 95 259 
845.000000 1868.000000 678.000000 2045.000000 1839.000000 2650.000000 861.000000 1659.000000 2608.000000 2322.000000 2577.000000 2113.000000 782.000000 841.000000 1532.000000 2244.000000 2353.000000 1865.000000 662.000000 400.000000 993.000000 390.000000 634.000000 553.000000 2735.000000 1595.000000 2660.000000 2114.000000 658.000000 1594.000000 
16 15 25 26 12 20 22 26 29 25 18 14 23 24 27 29 21 13 25 10 24 10 24 12 11 29 22 27 16 14 10 23 18 22 21 22 29 26 19 28 13 28 19 24 11 15 13 14 26 20 18 27 10 10 18 10 21 16 17 24 22 18 20 18 21 18 25 15 11 22 28 26 17 10 28 
10.000000 27.000000 5.000000 90.000000 82.000000 77.000000 73.000000 67.000000 55.000000 80.000000 7.000000 36.000000 13.000000 82.000000 45.000000 12.000000 33.000000 1.000000 21.000000 41.000000 80.000000 53.000000 64.000000 28.000000 76.000000 59.000000 86.000000 52.000000 88.000000 3.000000 
74.000000 90.000000 30.000000 18.000000 84.000000 72.000000 70.000000 20.000000 96.000000 5.000000 82.000000 3.000000 83.000000 53.000000 83.000000 99.000000 99.000000 61.000000 61.000000 40.000000 93.000000 44.000000 63.000000 66.000000 97.000000 13.000000 8.000000 6.000000 49.000000 70.000000 
52.000000 88.000000 60.000000 18.000000 8.000000 66.000000 8.000000 66.000000 96.000000 84.000000 48.000000 12.000000 97.000000 99.000000 60.000000 50.000000 8.000000 31.000000 61.000000 26.000000 38.000000 29.000000 71.000000 38.000000 0.000000 57.000000 7.000000 55.000000 63.000000 40.000000 
31.000000 6.000000 90.000000 33.000000 91.000000 60.000000 80.000000 90.000000 27.000000 94.000000 67.000000 57.000000 22.000000 25.000000 61.000000 14.000000 36.000000 55.000000 35.000000 32.000000 39.000000 49.000000 85.000000 27.000000 36.000000 47.000000 19.000000 36.000000 54.000000 85.000000 
58.000000 19.000000 30.000000 68.000000 45.000000 92.000000 16.000000 24.000000 0.000000 36.000000 98.000000 35.000000 80.000000 22.000000 92.000000 18.000000 0.000000 67.000000 62.000000 8.000000 54.000000 2.000000 70.000000 56.000000 37.000000 17.000000 69.000000 58.000000 39.000000 11.000000 
76.000000 72.000000 79.000000 73.000000 98.000000 77.000000 2.000000 66.000000 11.000000 5.000000 39.000000 73.000000 81.000000 31.000000 25.000000 61.000000 11.000000 2.000000 7.000000 52.000000 41.000000 59.000000 97.000000 95.000000 22.000000 60.000000 51.000000 2.000000 59.000000 18.000000 
71.000000 88.000000 91.000000 18.000000 79.000000 9.000000 45.000000 64.000000 90.000000 4.000000 84.000000 85.000000 85.000000 92.000000 42.000000 84.000000 85.000000 56.000000 13.000000 23.000000 45.000000 36.000000 36.000000 70.000000 38.000000 7.000000 91.000000 60.000000 96.000000 12.000000 
98.000000 34.000000 18.000000 73.000000 98.000000 61.000000 78.000000 3.000000 32.000000 70.000000 79.000000 6.000000 71.000000 29.000000 44.000000 9.000000 50.000000 59.000000 34.000000 85.000000 9.000000 61.000000 41.000000 57.000000 61.000000 14.000000 94.000000 88.000000 3.000000 41.000000 
63.000000 0.000000 84.000000 76.000000 76.000000 69.000000 73.000000 78.000000 61.000000 9.000000 77.000000 49.000000 81.000000 18.000000 38.000000 91.000000 36.000000 64.000000 80.000000 78.000000 38.000000 26.000000 93.000000 36.000000 91.000000 31.000000 85.000000 72.000000 22.000000 34.000000 
15.000000 72.000000 57.000000 40.000000 19.000000 73.000000 33.000000 78.000000 74.000000 78.000000 84.000000 50.000000 52.000000 64.000000 51.000000 36.000000 81.000000 9.000000 3.000000 17.000000 11.000000 28.000000 58.000000 56.000000 37.000000 1.000000 58.000000 43.000000 32.000000 40.000000 
24.000000 88.000000 12.000000 11.000000 2.000000 31.000000 9.000000 15.000000 69.000000 1.000000 39.000000 8.000000 67.000000 27.000000 82.000000 90.000000 86.000000 3.000000 26.000000 8.000000 1.000000 55.000000 29.000000 54.000000 44.000000 49.000000 92.000000 46.000000 70.000000 54.000000 
82.000000 23.000000 43.000000 44.000000 10.000000 0.000000 37.000000 96.000000 66.000000 55.000000 55.000000 35.000000 82.000000 52.000000 99.000000 9.000000 51.000000 12.000000 25.000000 11.000000 29.000000 97.000000 3.000000 88.000000 20.000000 64.000000 38.000000 78.000000 89.000000 96.000000 
26.000000 98.000000 68.000000 37.000000 63.000000 43.000000 53.000000 67.000000 20.000000 82.000000 6.000000 6.000000 58.000000 80.000000 2.000000 27.000000 35.000000 45.000000 92.000000 28.000000 49.000000 2.000000 73.000000 74.000000 2.000000 47.000000 79.000000 26.000000 78.000000 15.000000 
41.000000 13.000000 89.000000 82.000000 78.000000 9.000000 12.000000 75.000000 18.000000 27.000000 27.000000 57.000000 49.000000 39.000000 32.000000 29.000000 74.000000 89.000000 99.000000 51.000000 98.000000 44.000000 82.000000 63.000000 75.000000 21.000000 5.000000 88.000000 3.000000 69.000000 
90.000000 29.000000 38.000000 95.000000 91.000000 87.000000 56.000000 77.000000 60.000000 78.000000 8.000000 80.000000 48.000000 13.000000 21.000000 91.000000 27.000000 78.000000 54.000000 27.000000 79.000000 21.000000 13.000000 79.000000 88.000000 33.000000 77.000000 5.000000 37.000000 92.000000 
96.000000 82.000000 94.000000 89.000000 49.000000 75.000000 30.000000 67.000000 0.000000 89.000000 17.000000 39.000000 57.000000 12.000000 93.000000 68.000000 53.000000 56.000000 84.000000 19.000000 76.000000 69.000000 34.000000 20.000000 38.000000 62.000000 76.000000 98.000000 55.000000 81.000000 
43.000000 61.000000 65.000000 16.000000 3.000000 62.000000 27.000000 22.000000 73.000000 49.000000 60.000000 7.000000 39.000000 94.000000 30.000000 96.000000 89.000000 61.000000 78.000000 91.000000 36.000000 43.000000 57.000000 76.000000 88.000000 88.000000 27.000000 34.000000 96.000000 91.000000 
12.000000 90.000000 81.000000 21.000000 22.000000 84.000000 20.000000 12.000000 0.000000 43.000000 51.000000 34.000000 46.000000 99.000000 21.000000 25.000000 20.000000 89.000000 79.000000 54.000000 36.000000 13.000000 8.000000 39.000000 90.000000 48.000000 32.000000 37.000000 90.000000 46.000000 
39.000000 96.000000 82.000000 57.000000 28.000000 23.000000 84.000000 58.000000 42.000000 4.000000 78.000000 77.000000 66.000000 97.000000 17.000000 49.000000 0.000000 65.000000 51.000000 36.000000 23.000000 36.000000 72.000000 1.000000 18.000000 96.000000 51.000000 17.000000 25.000000 54.000000 
90.000000 60.000000 41.000000 44.000000 27.000000 94.000000 79.000000 39.000000 72.000000 72.000000 57.000000 0.000000 51.000000 3.000000 84.000000 85.000000 92.000000 49.000000 59.000000 94.000000 74.000000 66.000000 0.000000 14.000000 35.000000 92.000000 75.000000 99.000000 94.000000 56.000000 
92.000000 97.000000 47.000000 49.000000 77.000000 15.000000 40.000000 99.000000 46.000000 66.000000 13.000000 20.000000 47.000000 60.000000 87.000000 33.000000 40.000000 20.000000 40.000000 2.000000 18.000000 41.000000 74.000000 96.000000 4.000000 23.000000 77.000000 89.000000 82.000000 33.000000 
51.000000 69.000000 28.000000 1.000000 34.000000 98.000000 67.000000 36.000000 45.000000 57.000000 56.000000 25.000000 37.000000 57.000000 85.000000 42.000000 35.000000 17.000000 36.000000 97.000000 89.000000 23.000000 44.000000 84.000000 62.000000 27.000000 48.000000 20.000000 58.000000 50.000000 
32.000000 82.000000 38.000000 98.000000 92.000000 71.000000 79.000000 1.000000 71.000000 85.000000 92.000000 36.000000 56.000000 58.000000 80.000000 2.000000 35.000000 6.000000 24.000000 40.000000 41.000000 83.000000 17.000000 38.000000 42.000000 48.000000 80.000000 47.000000 61.000000 85.000000 
39.000000 0.000000 12.000000 26.000000 46.000000 22.000000 12.000000 87.000000 66.000000 65.000000 92.000000 85.000000 64.000000 93.000000 9.000000 33.000000 83.000000 30.000000 55.000000 5.000000 61.000000 22.000000 90.000000 20.000000 61.000000 83.000000 62.000000 7.000000 0.000000 29.000000 
89.000000 21.000000 90.000000 19.000000 99.000000 48.000000 49.000000 55.000000 82.000000 2.000000 30.000000 5.000000 75.000000 12.000000 73.000000 69.000000 95.000000 40.000000 90.000000 80.000000 94.000000 96.000000 34.000000 21.000000 87.000000 24.000000 10.000000 4.000000 96.000000 84.000000 
23.000000 34.000000 98.000000 56.000000 81.000000 53.000000 66.000000 23.000000 0.000000 47.000000 65.000000 44.000000 66.000000 51.000000 8.000000 86.000000 60.000000 93.000000 12.000000 94.000000 50.000000 52.000000 94.000000 29.000000 11.000000 30.000000 3.000000 83.000000 9.000000 62.000000 
77.000000 50.000000 81.000000 7.000000 66.000000 40.000000 91.000000 6.000000 75.000000 31.000000 31.000000 82.000000 88.000000 13.000000 19.000000 41.000000 21.000000 78.000000 95.000000 76.000000 73.000000 30.000000 20.000000 5.000000 90.000000 58.000000 39.000000 76.000000 74.000000 58.000000 
58.000000 24.000000 81.000000 25.000000 35.000000 80.000000 94.000000 47.000000 0.000000 44.000000 80.000000 45.000000 53.000000 84.000000 50.000000 82.000000 92.000000 23.000000 86.000000 6.000000 80.000000 20.000000 11.000000 11.000000 56.000000 62.000000 7.000000 30.000000 44.000000 26.000000 
7.000000 85.000000 9.000000 71.000000 25.000000 77.000000 74.000000 69.000000 96.000000 75.000000 95.000000 92.000000 28.000000 41.000000 59.000000 10.000000 12.000000 97.000000 40.000000 60.000000 15.000000 38.000000 44.000000 10.000000 75.000000 20.000000 24.000000 3.000000 63.000000 94.000000 
34.000000 79.000000 72.000000 73.000000 72.000000 94.000000 70.000000 22.000000 19.000000 79.000000 4.000000 45.000000 67.000000 40.000000 60.000000 89.000000 19.000000 54.000000 6.000000 81.000000 74.000000 23.000000 66.000000 89.000000 48.000000 16.000000 31.000000 65.000000 90.000000 73.000000 
69.000000 97.000000 93.000000 73.000000 10.000000 3.000000 11.000000 95.000000 17.000000 24.000000 20.000000 99.000000 69.000000 1.000000 13.000000 36.000000 7.000000 61.000000 85.000000 44.000000 29.000000 26.000000 61.000000 94.000000 37.000000 24.000000 81.000000 96.000000 62.000000 76.000000 
30.000000 74.000000 28.000000 84.000000 89.000000 80.000000 26.000000 33.000000 42.000000 87.000000 13.000000 97.000000 56.000000 4.000000 57.000000 10.000000 31.000000 88.000000 93.000000 26.000000 87.000000 47.000000 47.000000 0.000000 21.000000 66.000000 69.000000 55.000000 63.000000 93.000000 
69.000000 9.000000 19.000000 73.000000 35.000000 98.000000 66.000000 8.000000 93.000000 90.000000 39.000000 94.000000 42.000000 4.000000 36.000000 54.000000 53.000000 64.000000 28.000000 67.000000 33.000000 52.000000 36.000000 64.000000 91.000000 44.000000 28.000000 45.000000 44.000000 42.000000 
42.000000 38.000000 70.000000 41.000000 42.000000 94.000000 76.000000 80.000000 50.000000 1.000000 54.000000 77.000000 29.000000 51.000000 34.000000 53.000000 0.000000 99.000000 57.000000 78.000000 13.000000 6.000000 36.000000 4.000000 22.000000 32.000000 60.000000 72.000000 12.000000 44.000000 
87.000000 96.000000 99.000000 43.000000 98.000000 74.000000 84.000000 25.000000 31.000000 71.000000 46.000000 41.000000 15.000000 71.000000 94.000000 3.000000 60.000000 3.000000 16.000000 70.000000 89.000000 89.000000 1.000000 95.000000 1.000000 47.000000 15.000000 25.000000 23.000000 71.000000 
58.000000 92.000000 65.000000 73.000000 40.000000 12.000000 8.000000 33.000000 38.000000 14.000000 71.000000 9.000000 38.000000 43.000000 53.000000 20.000000 72.000000 8.000000 34.000000 63.000000 82.000000 86.000000 84.000000 60.000000 11.000000 88.000000 22.000000 43.000000 63.000000 53.000000 
11.000000 4.000000 5.000000 24.000000 88.000000 81.000000 4.000000 30.000000 66.000000 65.000000 0.000000 69.000000 60.000000 33.000000 91.000000 60.000000 8.000000 47.000000 52.000000 32.000000 10.000000 86.000000 27.000000 53.000000 94.000000 74.000000 66.000000 99.000000 84.000000 55.000000 
97.000000 59.000000 26.000000 4.000000 47.000000 89.000000 7.000000 74.000000 59.000000 72.000000 62.000000 42.000000 72.000000 59.000000 54.000000 76.000000 49.000000 79.000000 91.000000 50.000000 83.000000 56.000000 86.000000 77.000000 7.000000 61.000000 90.000000 41.000000 96.000000 4.000000 
63.000000 42.000000 25.000000 26.000000 37.000000 79.000000 32.000000 46.000000 16.000000 55.000000 2.000000 94.000000 97.000000 60.000000 59.000000 16.000000 1.000000 74.000000 34.000000 26.000000 78.000000 96.000000 63.000000 67.000000 2.000000 88.000000 11.000000 87.000000 60.000000 92.000000 
34.000000 39.000000 27.000000 62.000000 35.000000 70.000000 78.000000 11.000000 63.000000 65.000000 51.000000 75.000000 61.000000 43.000000 92.000000 36.000000 71.000000 30.000000 40.000000 58.000000 52.000000 59.000000 14.000000 30.000000 50.000000 67.000000 41.000000 21.000000 55.000000 95.000000 
7.000000 83.000000 16.000000 99.000000 40.000000 71.000000 96.000000 45.000000 52.000000 55.000000 98.000000 27.000000 89.000000 35.000000 92.000000 50.000000 87.000000 14.000000 25.000000 54.000000 4.000000 60.000000 84.000000 75.000000 9.000000 69.000000 52.000000 67.000000 25.000000 23.000000 
86.000000 32.000000 53.000000 92.000000 87.000000 44.000000 53.000000 25.000000 56.000000 39.000000 28.000000 38.000000 49.000000 23.000000 52.000000 82.000000 82.000000 30.000000 35.000000 58.000000 41.000000 3.000000 18.000000 8.000000 93.000000 6.000000 42.000000 2.000000 36.000000 89.000000 
22.000000 93.000000 80.000000 34.000000 37.000000 21.000000 93.000000 92.000000 13.000000 78.000000 41.000000 77.000000 44.000000 64.000000 85.000000 58.000000 1.000000 15.000000 48.000000 86.000000 9.000000 57.000000 41.000000 48.000000 99.000000 31.000000 23.000000 20.000000 58.000000 92.000000 
19.000000 67.000000 39.000000 78.000000 44.000000 20.000000 15.000000 97.000000 87.000000 23.000000 57.000000 81.000000 61.000000 21.000000 3.000000 6.000000 26.000000 43.000000 40.000000 78.000000 34.000000 7.000000 0.000000 24.000000 58.000000 28.000000 55.000000 54.000000 94.000000 21.000000 
69.000000 77.000000 78.000000 45.000000 29.000000 70.000000 13.000000 98.000000 60.000000 67.000000 25.000000 77.000000 15.000000 84.000000 0.000000 66.000000 77.000000 14.000000 50.000000 5.000000 18.000000 64.000000 18.000000 68.000000 13.000000 94.000000 23.000000 36.000000 87.000000 2.000000 
9.000000 47.000000 56.000000 66.000000 40.000000 78.000000 83.000000 14.000000 52.000000 60.000000 63.000000 4.000000 68.000000 57.000000 11.000000 36.000000 27.000000 46.000000 4.000000 10.000000 88.000000 79.000000 23.000000 17.000000 3.000000 29.000000 73.000000 26.000000 76.000000 31.000000 
89.000000 99.000000 50.000000 76.000000 65.000000 45.000000 90.000000 32.000000 36.000000 1.000000 58.000000 85.000000 31.000000 5.000000 82.000000 25.000000 57.000000 86.000000 87.000000 29.000000 90.000000 89.000000 25.000000 11.000000 86.000000 26.000000 26.000000 37.000000 20.000000 3.000000 
60.000000 30.000000 47.000000 66.000000 77.000000 18.000000 11.000000 69.000000 65.000000 84.000000 67.000000 71.000000 54.000000 36.000000 88.000000 89.000000 39.000000 3.000000 61.000000 77.000000 6.000000 20.000000 7.000000 19.000000 2.000000 58.000000 80.000000 31.000000 50.000000 22.000000 
14.000000 32.000000 24.000000 12.000000 37.000000 22.000000 31.000000 21.000000 75.000000 70.000000 59.000000 22.000000 94.000000 11.000000 96.000000 64.000000 78.000000 98.000000 13.000000 78.000000 21.000000 55.000000 91.000000 59.000000 96.000000 44.000000 15.000000 90.000000 21.000000 19.000000 
71.000000 5.000000 30.000000 41.000000 19.000000 18.000000 31.000000 85.000000 33.000000 69.000000 6.000000 51.000000 20.000000 45.000000 80.000000 59.000000 67.000000 6.000000 58.000000 98.000000 85.000000 94.000000 28.000000 62.000000 26.000000 23.000000 64.000000 80.000000 14.000000 85.000000 
67.000000 26.000000 11.000000 89.000000 59.000000 83.000000 5.000000 48.000000 89.000000 74.000000 83.000000 81.000000 19.000000 91.000000 49.000000 64.000000 27.000000 0.000000 81.000000 83.000000 5.000000 80.000000 40.000000 57.000000 66.000000 39.000000 76.000000 25.000000 84.000000 14.000000 
3.000000 35.000000 18.000000 37.000000 26.000000 64.000000 13.000000 35.000000 41.000000 65.000000 66.000000 3.000000 61.000000 12.000000 98.000000 40.000000 3.000000 98.000000 82.000000 67.000000 83.000000 3.000000 14.000000 56.000000 66.000000 35.000000 10.000000 26.000000 87.000000 11.000000 
99.000000 11.000000 42.000000 39.000000 15.000000 84.000000 98.000000 6.000000 19.000000 97.000000 97.000000 90.000000 9.000000 85.000000 26.000000 53.000000 92.000000 22.000000 96.000000 79.000000 34.000000 42.000000 44.000000 61.000000 93.000000 62.000000 59.000000 56.000000 27.000000 60.000000 
83.000000 68.000000 17.000000 7.000000 45.000000 11.000000 44.000000 48.000000 40.000000 78.000000 20.000000 92.000000 43.000000 7.000000 55.000000 33.000000 18.000000 33.000000 19.000000 36.000000 92.000000 50.000000 12.000000 56.000000 69.000000 36.000000 72.000000 60.000000 17.000000 9.000000 
77.000000 78.000000 67.000000 14.000000 15.000000 10.000000 80.000000 74.000000 30.000000 60.000000 96.000000 26.000000 78.000000 66.000000 54.000000 62.000000 37.000000 57.000000 57.000000 13.000000 63.000000 52.000000 13.000000 66.000000 89.000000 88.000000 90.000000 95.000000 94.000000 31.000000 
44.000000 44.000000 12.000000 14.000000 24.000000 7.000000 34.000000 4.000000 72.000000 61.000000 43.000000 97.000000 38.000000 86.000000 72.000000 90.000000 13.000000 59.000000 77.000000 66.000000 39.000000 94.000000 77.000000 16.000000 36.000000 89.000000 81.000000 65.000000 69.000000 89.000000 
24.000000 84.000000 47.000000 73.000000 76.000000 1.000000 18.000000 38.000000 87.000000 45.000000 98.000000 17.000000 93.000000 86.000000 68.000000 77.000000 97.000000 57.000000 5.000000 65.000000 90.000000 68.000000 45.000000 10.000000 78.000000 45.000000 90.000000 96.000000 43.000000 63.000000 
98.000000 56.000000 39.000000 48.000000 40.000000 67.000000 5.000000 72.000000 91.000000 35.000000 49.000000 63.000000 92.000000 0.000000 33.000000 2.000000 17.000000 4.000000 67.000000 84.000000 20.000000 8.000000 83.000000 69.000000 31.000000 32.000000 53.000000 31.000000 60.000000 73.000000 
75.000000 5.000000 99.000000 19.000000 37.000000 76.000000 41.000000 59.000000 28.000000 56.000000 66.000000 62.000000 66.000000 62.000000 40.000000 74.000000 59.000000 68.000000 48.000000 60.000000 12.000000 12.000000 53.000000 76.000000 56.000000 72.000000 37.000000 67.000000 55.000000 39.000000 
87.000000 18.000000 19.000000 66.000000 23.000000 89.000000 31.000000 47.000000 71.000000 43.000000 65.000000 82.000000 46.000000 19.000000 49.000000 17.000000 85.000000 19.000000 8.000000 56.000000 52.000000 21.000000 79.000000 4.000000 3.000000 18.000000 1.000000 80.000000 78.000000 58.000000 
5.000000 8.000000 65.000000 38.000000 58.000000 65.000000 52.000000 61.000000 53.000000 60.000000 58.000000 74.000000 30.000000 77.000000 13.000000 42.000000 79.000000 81.000000 24.000000 23.000000 59.000000 86.000000 49.000000 52.000000 33.000000 47.000000 75.000000 44.000000 2.000000 96.000000 
52.000000 84.000000 91.000000 50.000000 43.000000 54.000000 18.000000 72.000000 96.000000 17.000000 50.000000 40.000000 34.000000 67.000000 26.000000 66.000000 30.000000 3.000000 0.000000 75.000000 8.000000 86.000000 34.000000 28.000000 91.000000 2.000000 55.000000 53.000000 78.000000 26.000000 
34.000000 17.000000 37.000000 60.000000 66.000000 49.000000 26.000000 94.000000 66.000000 6.000000 96.000000 23.000000 88.000000 34.000000 34.000000 99.000000 52.000000 73.000000 37.000000 9.000000 26.000000 97.000000 44.000000 18.000000 99.000000 98.000000 57.000000 7.000000 45.000000 56.000000 
26.000000 96.000000 67.000000 43.000000 87.000000 35.000000 54.000000 65.000000 71.000000 1.000000 13.000000 32.000000 21.000000 34.000000 50.000000 13.000000 0.000000 8.000000 97.000000 20.000000 56.000000 4.000000 38.000000 18.000000 93.000000 40.000000 57.000000 62.000000 57.000000 87.000000 
19.000000 13.000000 37.000000 47.000000 60.000000 70.000000 41.000000 98.000000 43.000000 30.000000 93.000000 26.000000 11.000000 65.000000 73.000000 89.000000 35.000000 71.000000 78.000000 92.000000 42.000000 28.000000 88.000000 67.000000 84.000000 81.000000 70.000000 87.000000 59.000000 34.000000 
32.000000 50.000000 10.000000 5.000000 35.000000 33.000000 66.000000 92.000000 13.000000 69.000000 90.000000 49.000000 59.000000 32.000000 55.000000 69.000000 79.000000 12.000000 60.000000 26.000000 17.000000 11.000000 61.000000 16.000000 14.000000 15.000000 78.000000 4.000000 46.000000 0.000000 
94.000000 76.000000 51.000000 90.000000 68.000000 37.000000 46.000000 68.000000 31.000000 3.000000 99.000000 9.000000 18.000000 2.000000 92.000000 94.000000 81.000000 56.000000 0.000000 16.000000 59.000000 20.000000 74.000000 85.000000 21.000000 1.000000 95.000000 98.000000 3.000000 78.000000 
46.000000 34.000000 96.000000 0.000000 12.000000 85.000000 62.000000 36.000000 3.000000 29.000000 90.000000 95.000000 74.000000 10.000000 19.000000 40.000000 69.000000 96.000000 67.000000 85.000000 24.000000 97.000000 84.000000 16.000000 7.000000 95.000000 78.000000 0.000000 69.000000 4.000000 
9.000000 66.000000 49.000000 55.000000 38.000000 65.000000 44.000000 1.000000 75.000000 55.000000 44.000000 52.000000 74.000000 58.000000 93.000000 5.000000 49.000000 91.000000 23.000000 33.000000 36.000000 65.000000 70.000000 39.000000 2.000000 4.000000 82.000000 84.000000 84.000000 27.000000 
58.000000 56.000000 11.000000 7.000000 90.000000 39.000000 39.000000 78.000000 7.000000 89.000000 11.000000 67.000000 11.000000 35.000000 4.000000 80.000000 92.000000 58.000000 34.000000 54.000000 39.000000 13.000000 50.000000 54.000000 86.000000 10.000000 1.000000 94.000000 67.000000 54.000000 
82.000000 95.000000 60.000000 14.000000 93.000000 12.000000 59.000000 72.000000 58.000000 96.000000 87.000000 86.000000 89.000000 71.000000 49.000000 37.000000 93.000000 50.000000 83.000000 72.000000 67.000000 0.000000 60.000000 53.000000 15.000000 56.000000 51.000000 66.000000 82.000000 21.000000 
37.000000 71.000000 5.000000 16.000000 54.000000 72.000000 7.000000 65.000000 98.000000 54.000000 96.000000 24.000000 3.000000 14.000000 44.000000 89.000000 11.000000 78.000000 47.000000 52.000000 61.000000 86.000000 7.000000 78.000000 82.000000 82.000000 77.000000 25.000000 71.000000 47.000000 
66.000000 44.000000 70.000000 59.000000 80.000000 98.000000 0.000000 62.000000 70.000000 25.000000 6.000000 93.000000 97.000000 14.000000 3.000000 83.000000 32.000000 66.000000 51.000000 38.000000 64.000000 69.000000 0.000000 73.000000 80.000000 5.000000 56.000000 39.000000 28.000000 65.000000 
85.000000 80.000000 90.000000 45.000000 48.000000 4.000000 28.000000 50.000000 36.000000 52.000000 68.000000 22.000000 37.000000 9.000000 47.000000 68.000000 63.000000 87.000000 21.000000 70.000000 31.000000 58.000000 35.000000 86.000000 53.000000 43.000000 81.000000 76.000000 86.000000 75.000000 
99.000000 25.000000 58.000000 79.000000 8.000000 28.000000 61.000000 53.000000 58.000000 79.000000 81.000000 43.000000 53.000000 61.000000 98.000000 34.000000 73.000000 37.000000 90.000000 7.000000 1.000000 93.000000 16.000000 41.000000 42.000000 82.000000 54.000000 43.000000 71.000000 57.000000 