30 75
53 33 83 112 94 185 91 100 112 95 142 191 150 214 119 200 190 62 197 37 160 142 93 149 28 33 64 118 193 88 
3008.000000 5268.000000 4559.000000 2669.000000 5526.000000 1066.000000 3025.000000 671.000000 4385.000000 2488.000000 5798.000000 5285.000000 3549.000000 808.000000 879.000000 2659.000000 5945.000000 4566.000000 3557.000000 5233.000000 1329.000000 5250.000000 2605.000000 3605.000000 2087.000000 4451.000000 6240.000000 4464.000000 3431.000000 3066.000000 
16 13 17 25 29 18 19 16 22 11 16 17 25 20 27 19 15 10 19 15 11 19 24 24 19 25 11 22 23 12 18 27 28 23 25 22 26 15 20 25 12 11 29 13 13 27 18 10 22 27 16 21 24 17 13 13 13 13 22 21 24 15 18 14 23 17 22 17 14 28 10 19 12 11 25 
62.000000 57.000000 56.000000 88.000000 82.000000 88.000000 14.000000 57.000000 71.000000 1.000000 32.000000 65.000000 14.000000 28.000000 66.000000 81.000000 25.000000 0.000000 59.000000 23.000000 35.000000 3.000000 82.000000 29.000000 78.000000 80.000000 19.000000 54.000000 92.000000 78.000000 
19.000000 7.000000 47.000000 94.000000 1.000000 42.000000 73.000000 54.000000 80.000000 67.000000 54.000000 44.000000 60.000000 15.000000 4.000000 65.000000 4.000000 17.000000 39.000000 93.000000 84.000000 54.000000 23.000000 59.000000 68.000000 76.000000 39.000000 72.000000 90.000000 38.000000 
19.000000 75.000000 20.000000 63.000000 37.000000 76.000000 29.000000 42.000000 41.000000 17.000000 15.000000 41.000000 83.000000 62.000000 21.000000 65.000000 75.000000 19.000000 86.000000 97.000000 75.000000 33.000000 96.000000 15.000000 86.000000 3.000000 20.000000 67.000000 17.000000 22.000000 
64.000000 31.000000 40.000000 33.000000 62.000000 11.000000 46.000000 62.000000 99.000000 48.000000 82.000000 60.000000 32.000000 23.000000 19.000000 63.000000 44.000000 10.000000 88.000000 66.000000 64.000000 88.000000 79.000000 64.000000 30.000000 24.000000 90.000000 93.000000 65.000000 87.000000 
83.000000 96.000000 21.000000 58.000000 62.000000 78.000000 87.000000 39.000000 2.000000 32.000000 73.000000 82.000000 80.000000 65.000000 23.000000 90.000000 88.000000 25.000000 10.000000 56.000000 47.000000 30.000000 20.000000 48.000000 14.000000 51.000000 26.000000 57.000000 92.000000 86.000000 
12.000000 58.000000 71.000000 38.000000 97.000000 55.000000 34.000000 83.000000 68.000000 20.000000 51.000000 88.000000 19.000000 27.000000 14.000000 12.000000 63.000000 57.000000 87.000000 3.000000 59.000000 19.000000 96.000000 86.000000 66.000000 18.000000 60.000000 87.000000 30.000000 53.000000 
42.000000 34.000000 48.000000 36.000000 85.000000 61.000000 82.000000 70.000000 48.000000 73.000000 5.000000 14.000000 59.000000 59.000000 9.000000 27.000000 55.000000 78.000000 3.000000 72.000000 75.000000 22.000000 81.000000 29.000000 23.000000 55.000000 43.000000 26.000000 14.000000 84.000000 
91.000000 11.000000 81.000000 92.000000 42.000000 14.000000 96.000000 55.000000 19.000000 61.000000 37.000000 17.000000 30.000000 67.000000 5.000000 95.000000 20.000000 86.000000 66.000000 43.000000 76.000000 23.000000 83.000000 84.000000 24.000000 22.000000 58.000000 8.000000 22.000000 85.000000 
92.000000 80.000000 63.000000 91.000000 43.000000 10.000000 38.000000 20.000000 41.000000 81.000000 9.000000 98.000000 77.000000 35.000000 3.000000 9.000000 88.000000 70.000000 34.000000 71.000000 2.000000 79.000000 94.000000 30.000000 7.000000 61.000000 90.000000 50.000000 73.000000 62.000000 
3.000000 94.000000 24.000000 36.000000 6.000000 15.000000 55.000000 37.000000 66.000000 21.000000 25.000000 74.000000 5.000000 60.000000 85.000000 96.000000 15.000000 60.000000 23.000000 81.000000 37.000000 7.000000 9.000000 63.000000 49.000000 52.000000 10.000000 1.000000 34.000000 72.000000 
81.000000 86.000000 17.000000 39.000000 61.000000 35.000000 83.000000 65.000000 34.000000 23.000000 31.000000 16.000000 19.000000 44.000000 16.000000 39.000000 22.000000 15.000000 87.000000 21.000000 43.000000 49.000000 20.000000 84.000000 28.000000 65.000000 11.000000 82.000000 22.000000 25.000000 
68.000000 61.000000 38.000000 95.000000 24.000000 92.000000 67.000000 87.000000 62.000000 83.000000 91.000000 12.000000 19.000000 41.000000 64.000000 73.000000 5.000000 36.000000 91.000000 58.000000 67.000000 83.000000 97.000000 19.000000 79.000000 48.000000 90.000000 56.000000 32.000000 49.000000 
42.000000 25.000000 57.000000 99.000000 44.000000 53.000000 13.000000 10.000000 27.000000 20.000000 17.000000 74.000000 29.000000 51.000000 96.000000 70.000000 66.000000 16.000000 90.000000 65.000000 35.000000 37.000000 35.000000 20.000000 53.000000 58.000000 15.000000 10.000000 19.000000 6.000000 
43.000000 20.000000 34.000000 71.000000 22.000000 78.000000 38.000000 72.000000 4.000000 36.000000 41.000000 91.000000 26.000000 3.000000 43.000000 82.000000 8.000000 11.000000 98.000000 2.000000 44.000000 50.000000 41.000000 15.000000 1.000000 95.000000 95.000000 58.000000 33.000000 40.000000 
30.000000 82.000000 53.000000 96.000000 31.000000 1.000000 38.000000 5.000000 4.000000 14.000000 45.000000 98.000000 26.000000 76.000000 70.000000 95.000000 20.000000 48.000000 80.000000 9.000000 0.000000 34.000000 94.000000 25.000000 38.000000 2.000000 4.000000 53.000000 23.000000 33.000000 
41.000000 69.000000 32.000000 50.000000 53.000000 13.000000 32.000000 32.000000 34.000000 93.000000 66.000000 88.000000 17.000000 14.000000 18.000000 78.000000 37.000000 37.000000 38.000000 88.000000 17.000000 43.000000 82.000000 88.000000 23.000000 36.000000 97.000000 55.000000 12.000000 28.000000 
57.000000 21.000000 56.000000 90.000000 26.000000 75.000000 14.000000 46.000000 4.000000 49.000000 95.000000 70.000000 92.000000 51.000000 26.000000 82.000000 69.000000 21.000000 19.000000 77.000000 70.000000 41.000000 3.000000 30.000000 17.000000 13.000000 67.000000 41.000000 32.000000 83.000000 
23.000000 40.000000 32.000000 83.000000 95.000000 55.000000 2.000000 19.000000 83.000000 4.000000 79.000000 16.000000 60.000000 72.000000 90.000000 10.000000 12.000000 91.000000 47.000000 53.000000 13.000000 25.000000 79.000000 44.000000 3.000000 23.000000 49.000000 32.000000 17.000000 5.000000 
97.000000 40.000000 66.000000 93.000000 1.000000 6.000000 83.000000 79.000000 48.000000 44.000000 90.000000 31.000000 60.000000 65.000000 23.000000 47.000000 12.000000 20.000000 41.000000 13.000000 39.000000 46.000000 19.000000 48.000000 20.000000 34.000000 61.000000 9.000000 87.000000 41.000000 
20.000000 9.000000 91.000000 31.000000 97.000000 77.000000 34.000000 96.000000 49.000000 38.000000 38.000000 9.000000 45.000000 10.000000 14.000000 5.000000 32.000000 55.000000 53.000000 83.000000 12.000000 8.000000 50.000000 95.000000 43.000000 78.000000 43.000000 43.000000 1.000000 12.000000 
7.000000 11.000000 76.000000 42.000000 52.000000 8.000000 5.000000 71.000000 18.000000 87.000000 26.000000 66.000000 43.000000 73.000000 35.000000 56.000000 77.000000 18.000000 90.000000 66.000000 47.000000 52.000000 52.000000 19.000000 99.000000 19.000000 97.000000 7.000000 86.000000 4.000000 
25.000000 93.000000 53.000000 83.000000 42.000000 4.000000 64.000000 71.000000 7.000000 36.000000 58.000000 32.000000 50.000000 62.000000 24.000000 93.000000 30.000000 24.000000 51.000000 58.000000 55.000000 60.000000 73.000000 25.000000 17.000000 79.000000 26.000000 59.000000 94.000000 87.000000 
83.000000 48.000000 17.000000 47.000000 37.000000 76.000000 26.000000 7.000000 50.000000 70.000000 48.000000 22.000000 75.000000 12.000000 67.000000 82.000000 33.000000 23.000000 76.000000 1.000000 5.000000 53.000000 41.000000 30.000000 51.000000 52.000000 95.000000 2.000000 84.000000 81.000000 
56.000000 30.000000 57.000000 5.000000 39.000000 7.000000 37.000000 78.000000 95.000000 72.000000 77.000000 3.000000 6.000000 62.000000 8.000000 27.000000 21.000000 46.000000 17.000000 16.000000 1.000000 14.000000 77.000000 6.000000 13.000000 78.000000 44.000000 30.000000 1.000000 93.000000 
47.000000 74.000000 7.000000 13.000000 26.000000 2.000000 35.000000 41.000000 98.000000 54.000000 67.000000 34.000000 53.000000 15.000000 87.000000 78.000000 13.000000 4.000000 67.000000 33.000000 14.000000 26.000000 13.000000 22.000000 70.000000 92.000000 94.000000 18.000000 56.000000 3.000000 
81.000000 39.000000 3.000000 50.000000 77.000000 69.000000 99.000000 65.000000 25.000000 51.000000 32.000000 39.000000 17.000000 36.000000 28.000000 1.000000 26.000000 77.000000 64.000000 92.000000 59.000000 85.000000 53.000000 1.000000 98.000000 23.000000 57.000000 58.000000 61.000000 74.000000 
34.000000 66.000000 10.000000 16.000000 61.000000 45.000000 98.000000 94.000000 76.000000 18.000000 13.000000 78.000000 21.000000 46.000000 74.000000 34.000000 97.000000 4.000000 88.000000 50.000000 50.000000 62.000000 60.000000 2.000000 57.000000 92.000000 24.000000 49.000000 74.000000 28.000000 
45.000000 83.000000 67.000000 61.000000 96.000000 83.000000 43.000000 19.000000 10.000000 47.000000 51.000000 86.000000 78.000000 98.000000 9.000000 56.000000 21.000000 94.000000 93.000000 16.000000 70.000000 76.000000 79.000000 12.000000 35.000000 48.000000 41.000000 45.000000 36.000000 69.000000 
29.000000 97.000000 31.000000 91.000000 86.000000 77.000000 71.000000 87.000000 91.000000 52.000000 57.000000 45.000000 10.000000 89.000000 84.000000 22.000000 13.000000 28.000000 97.000000 93.000000 94.000000 76.000000 96.000000 19.000000 76.000000 59.000000 56.000000 46.000000 10.000000 6.000000 
60.000000 87.000000 93.000000 33.000000 61.000000 56.000000 65.000000 56.000000 1.000000 60.000000 64.000000 53.000000 86.000000 67.000000 29.000000 47.000000 70.000000 98.000000 13.000000 92.000000 95.000000 18.000000 20.000000 72.000000 20.000000 30.000000 84.000000 48.000000 97.000000 80.000000 
63.000000 19.000000 3.000000 44.000000 6.000000 79.000000 29.000000 45.000000 19.000000 82.000000 81.000000 21.000000 36.000000 49.000000 51.000000 53.000000 80.000000 78.000000 56.000000 9.000000 58.000000 53.000000 63.000000 69.000000 32.000000 41.000000 26.000000 45.000000 60.000000 44.000000 
40.000000 96.000000 92.000000 26.000000 49.000000 17.000000 77.000000 52.000000 87.000000 38.000000 6.000000 94.000000 33.000000 74.000000 1.000000 95.000000 8.000000 4.000000 23.000000 0.000000 44.000000 75.000000 63.000000 87.000000 2.000000 56.000000 34.000000 69.000000 30.000000 86.000000 
81.000000 36.000000 68.000000 0.000000 79.000000 69.000000 64.000000 17.000000 78.000000 39.000000 37.000000 26.000000 25.000000 75.000000 13.000000 8.000000 68.000000 66.000000 20.000000 81.000000 14.000000 28.000000 13.000000 50.000000 12.000000 46.000000 70.000000 98.000000 72.000000 89.000000 
73.000000 61.000000 41.000000 39.000000 71.000000 60.000000 0.000000 88.000000 93.000000 94.000000 52.000000 4.000000 41.000000 10.000000 20.000000 57.000000 4.000000 0.000000 65.000000 62.000000 54.000000 8.000000 98.000000 74.000000 23.000000 27.000000 54.000000 54.000000 79.000000 29.000000 
35.000000 83.000000 29.000000 64.000000 51.000000 88.000000 44.000000 3.000000 23.000000 19.000000 59.000000 31.000000 8.000000 83.000000 12.000000 2.000000 74.000000 23.000000 18.000000 12.000000 35.000000 7.000000 81.000000 68.000000 15.000000 53.000000 12.000000 32.000000 7.000000 10.000000 
95.000000 91.000000 53.000000 81.000000 2.000000 75.000000 38.000000 43.000000 85.000000 19.000000 7.000000 0.000000 67.000000 48.000000 21.000000 85.000000 19.000000 25.000000 14.000000 2.000000 98.000000 92.000000 41.000000 47.000000 77.000000 6.000000 95.000000 72.000000 1.000000 29.000000 
56.000000 83.000000 39.000000 37.000000 97.000000 63.000000 24.000000 60.000000 48.000000 89.000000 97.000000 58.000000 4.000000 64.000000 2.000000 2.000000 34.000000 94.000000 85.000000 13.000000 8.000000 71.000000 18.000000 74.000000 60.000000 52.000000 23.000000 27.000000 60.000000 43.000000 
87.000000 17.000000 52.000000 20.000000 87.000000 32.000000 84.000000 55.000000 57.000000 71.000000 42.000000 30.000000 90.000000 31.000000 58.000000 46.000000 25.000000 85.000000 58.000000 66.000000 88.000000 11.000000 67.000000 58.000000 78.000000 77.000000 89.000000 16.000000 6.000000 98.000000 
27.000000 72.000000 50.000000 30.000000 14.000000 37.000000 69.000000 51.000000 70.000000 34.000000 94.000000 46.000000 0.000000 99.000000 75.000000 9.000000 5.000000 77.000000 81.000000 25.000000 70.000000 30.000000 62.000000 76.000000 45.000000 38.000000 12.000000 7.000000 41.000000 56.000000 
14.000000 45.000000 3.000000 65.000000 46.000000 41.000000 28.000000 27.000000 72.000000 81.000000 54.000000 23.000000 55.000000 8.000000 19.000000 48.000000 71.000000 27.000000 74.000000 87.000000 93.000000 86.000000 15.000000 91.000000 94.000000 73.000000 37.000000 33.000000 80.000000 56.000000 
46.000000 12.000000 44.000000 59.000000 86.000000 27.000000 14.000000 55.000000 48.000000 55.000000 34.000000 19.000000 78.000000 96.000000 93.000000 67.000000 12.000000 55.000000 0.000000 77.000000 86.000000 4.000000 62.000000 67.000000 5.000000 24.000000 26.000000 82.000000 79.000000 16.000000 
74.000000 2.000000 51.000000 48.000000 94.000000 87.000000 70.000000 60.000000 71.000000 15.000000 93.000000 60.000000 50.000000 73.000000 25.000000 73.000000 89.000000 18.000000 11.000000 20.000000 88.000000 14.000000 53.000000 55.000000 72.000000 5.000000 18.000000 80.000000 55.000000 90.000000 
53.000000 8.000000 14.000000 8.000000 21.000000 51.000000 70.000000 40.000000 37.000000 64.000000 15.000000 1.000000 52.000000 52.000000 70.000000 63.000000 21.000000 23.000000 53.000000 44.000000 63.000000 67.000000 69.000000 54.000000 80.000000 67.000000 84.000000 71.000000 1.000000 83.000000 
32.000000 97.000000 79.000000 76.000000 53.000000 24.000000 38.000000 32.000000 79.000000 90.000000 64.000000 41.000000 21.000000 27.000000 79.000000 18.000000 97.000000 19.000000 34.000000 66.000000 26.000000 11.000000 35.000000 44.000000 77.000000 74.000000 65.000000 61.000000 40.000000 73.000000 
68.000000 30.000000 64.000000 15.000000 21.000000 38.000000 68.000000 84.000000 1.000000 25.000000 36.000000 68.000000 20.000000 88.000000 48.000000 44.000000 96.000000 16.000000 90.000000 81.000000 73.000000 67.000000 77.000000 74.000000 8.000000 21.000000 53.000000 12.000000 97.000000 62.000000 
61.000000 55.000000 99.000000 90.000000 12.000000 64.000000 86.000000 59.000000 72.000000 11.000000 25.000000 89.000000 60.000000 68.000000 64.000000 1.000000 30.000000 38.000000 93.000000 78.000000 63.000000 3.000000 92.000000 41.000000 8.000000 71.000000 82.000000 94.000000 45.000000 65.000000 
57.000000 89.000000 49.000000 95.000000 41.000000 9.000000 92.000000 77.000000 23.000000 54.000000 2.000000 12.000000 44.000000 3.000000 73.000000 42.000000 49.000000 75.000000 83.000000 33.000000 25.000000 11.000000 83.000000 46.000000 84.000000 51.000000 47.000000 27.000000 75.000000 79.000000 
2.000000 93.000000 19.000000 62.000000 83.000000 11.000000 10.000000 3.000000 73.000000 97.000000 21.000000 85.000000 30.000000 80.000000 9.000000 72.000000 3.000000 8.000000 21.000000 4.000000 4.000000 85.000000 17.000000 93.000000 73.000000 85.000000 86.000000 9.000000 53.000000 54.000000 
20.000000 18.000000 79.000000 17.000000 50.000000 98.000000 25.000000 52.000000 89.000000 64.000000 82.000000 79.000000 13.000000 64.000000 53.000000 94.000000 88.000000 25.000000 82.000000 39.000000 16.000000 79.000000 67.000000 91.000000 59.000000 76.000000 10.000000 5.000000 78.000000 75.000000 
16.000000 49.000000 69.000000 75.000000 35.000000 18.000000 7.000000 13.000000 14.000000 7.000000 25.000000 55.000000 97.000000 89.000000 75.000000 48.000000 1.000000 19.000000 65.000000 12.000000 48.000000 74.000000 63.000000 91.000000 28.000000 80.000000 10.000000 87.000000 27.000000 1.000000 
80.000000 59.000000 54.000000 96.000000 90.000000 39.000000 37.000000 39.000000 41.000000 22.000000 70.000000 99.000000 36.000000 14.000000 53.000000 2.000000 23.000000 47.000000 32.000000 7.000000 42.000000 9.000000 43.000000 9.000000 84.000000 28.000000 20.000000 18.000000 93.000000 26.000000 
10.000000 81.000000 55.000000 15.000000 15.000000 62.000000 69.000000 21.000000 52.000000 82.000000 94.000000 38.000000 93.000000 88.000000 6.000000 53.000000 39.000000 5.000000 17.000000 17.000000 33.000000 94.000000 39.000000 13.000000 12.000000 4.000000 93.000000 78.000000 58.000000 8.000000 
3.000000 64.000000 1.000000 61.000000 9.000000 52.000000 78.000000 4.000000 8.000000 56.000000 54.000000 11.000000 0.000000 71.000000 61.000000 67.000000 85.000000 55.000000 99.000000 98.000000 58.000000 61.000000 24.000000 3.000000 92.000000 47.000000 8.000000 77.000000 95.000000 25.000000 
37.000000 88.000000 97.000000 48.000000 96.000000 71.000000 89.000000 21.000000 49.000000 61.000000 29.000000 3.000000 23.000000 53.000000 88.000000 32.000000 34.000000 69.000000 92.000000 80.000000 31.000000 88.000000 90.000000 34.000000 51.000000 44.000000 55.000000 55.000000 86.000000 11.000000 
89.000000 55.000000 30.000000 31.000000 3.000000 98.000000 45.000000 49.000000 85.000000 26.000000 67.000000 61.000000 67.000000 43.000000 41.000000 92.000000 75.000000 28.000000 50.000000 60.000000 12.000000 57.000000 90.000000 96.000000 99.000000 36.000000 92.000000 10.000000 98.000000 6.000000 
7.000000 45.000000 64.000000 48.000000 90.000000 49.000000 15.000000 8.000000 54.000000 48.000000 30.000000 16.000000 98.000000 17.000000 78.000000 81.000000 96.000000 75.000000 74.000000 67.000000 28.000000 44.000000 97.000000 93.000000 81.000000 52.000000 14.000000 19.000000 53.000000 84.000000 
10.000000 92.000000 36.000000 83.000000 2.000000 87.000000 50.000000 87.000000 94.000000 43.000000 84.000000 27.000000 97.000000 93.000000 39.000000 28.000000 33.000000 47.000000 82.000000 12.000000 87.000000 54.000000 64.000000 60.000000 67.000000 65.000000 68.000000 0.000000 3.000000 79.000000 
72.000000 30.000000 96.000000 29.000000 42.000000 88.000000 80.000000 51.000000 23.000000 27.000000 67.000000 43.000000 49.000000 59.000000 2.000000 2.000000 17.000000 77.000000 21.000000 92.000000 94.000000 70.000000 11.000000 91.000000 38.000000 82.000000 8.000000 26.000000 69.000000 91.000000 
80.000000 65.000000 13.000000 3.000000 78.000000 54.000000 1.000000 84.000000 62.000000 16.000000 1.000000 87.000000 31.000000 23.000000 19.000000 27.000000 5.000000 41.000000 87.000000 36.000000 48.000000 92.000000 35.000000 79.000000 32.000000 82.000000 5.000000 21.000000 76.000000 0.000000 
55.000000 89.000000 99.000000 70.000000 74.000000 40.000000 96.000000 31.000000 92.000000 57.000000 8.000000 60.000000 57.000000 21.000000 48.000000 69.000000 18.000000 27.000000 5.000000 53.000000 35.000000 61.000000 37.000000 45.000000 13.000000 29.000000 32.000000 26.000000 3.000000 24.000000 
91.000000 86.000000 52.000000 69.000000 57.000000 40.000000 79.000000 67.000000 6.000000 45.000000 99.000000 52.000000 70.000000 56.000000 42.000000 17.000000 49.000000 41.000000 24.000000 62.000000 46.000000 32.000000 78.000000 95.000000 28.000000 76.000000 37.000000 74.000000 82.000000 22.000000 
49.000000 74.000000 41.000000 56.000000 42.000000 17.000000 93.000000 67.000000 85.000000 93.000000 83.000000 6.000000 11.000000 77.000000 90.000000 79.000000 88.000000 3.000000 29.000000 74.000000 73.000000 50.000000 13.000000 19.000000 59.000000 65.000000 79.000000 28.000000 25.000000 25.000000 
46.000000 67.000000 39.000000 89.000000 82.000000 55.000000 61.000000 29.000000 89.000000 90.000000 76.000000 15.000000 18.000000 46.000000 21.000000 0.000000 4.000000 99.000000 6.000000 39.000000 53.000000 73.000000 51.000000 16.000000 34.000000 3.000000 54.000000 87.000000 65.000000 72.000000 
97.000000 55.000000 82.000000 57.000000 48.000000 25.000000 38.000000 4.000000 0.000000 12.000000 67.000000 99.000000 67.000000 15.000000 19.000000 20.000000 27.000000 50.000000 39.000000 86.000000 87.000000 24.000000 52.000000 21.000000 2.000000 99.000000 77.000000 24.000000 67.000000 61.000000 
78.000000 0.000000 78.000000 0.000000 38.000000 87.000000 33.000000 70.000000 97.000000 93.000000 4.000000 86.000000 93.000000 31.000000 1.000000 62.000000 11.000000 10.000000 31.000000 16.000000 16.000000 9.000000 1.000000 90.000000 26.000000 71.000000 24.000000 48.000000 54.000000 68.000000 
32.000000 73.000000 26.000000 29.000000 99.000000 54.000000 55.000000 48.000000 30.000000 53.000000 17.000000 88.000000 73.000000 79.000000 75.000000 73.000000 54.000000 9.000000 38.000000 16.000000 42.000000 50.000000 47.000000 35.000000 99.000000 8.000000 40.000000 51.000000 69.000000 23.000000 
19.000000 70.000000 14.000000 94.000000 37.000000 98.000000 94.000000 74.000000 66.000000 32.000000 52.000000 34.000000 23.000000 30.000000 61.000000 31.000000 63.000000 59.000000 30.000000 97.000000 59.000000 67.000000 72.000000 64.000000 35.000000 28.000000 11.000000 82.000000 26.000000 61.000000 
44.000000 95.000000 69.000000 13.000000 6.000000 84.000000 53.000000 71.000000 3.000000 77.000000 96.000000 28.000000 95.000000 14.000000 6.000000 30.000000 79.000000 95.000000 49.000000 71.000000 60.000000 53.000000 51.000000 11.000000 37.000000 29.000000 78.000000 52.000000 45.000000 53.000000 
85.000000 76.000000 11.000000 45.000000 41.000000 30.000000 32.000000 85.000000 35.000000 33.000000 69.000000 41.000000 64.000000 25.000000 34.000000 25.000000 24.000000 76.000000 90.000000 32.000000 68.000000 41.000000 9.000000 86.000000 9.000000 22.000000 59.000000 80.000000 63.000000 70.000000 
92.000000 0.000000 85.000000 44.000000 86.000000 66.000000 15.000000 1.000000 43.000000 29.000000 62.000000 95.000000 43.000000 6.000000 78.000000 8.000000 22.000000 38.000000 4.000000 25.000000 13.000000 16.000000 95.000000 48.000000 70.000000 97.000000 43.000000 96.000000 63.000000 12.000000 
72.000000 42.000000 20.000000 34.000000 59.000000 86.000000 41.000000 61.000000 16.000000 54.000000 24.000000 31.000000 28.000000 90.000000 77.000000 72.000000 41.000000 61.000000 93.000000 60.000000 39.000000 12.000000 21.000000 30.000000 50.000000 21.000000 64.000000 69.000000 84.000000 54.000000 
82.000000 80.000000 78.000000 27.000000 78.000000 6.000000 10.000000 97.000000 1.000000 46.000000 6.000000 68.000000 86.000000 92.000000 45.000000 75.000000 30.000000 99.000000 46.000000 70.000000 61.000000 31.000000 88.000000 42.000000 43.000000 69.000000 93.000000 35.000000 44.000000 70.000000 
76.000000 39.000000 50.000000 0.000000 45.000000 82.000000 95.000000 0.000000 6.000000 45.000000 46.000000 45.000000 93.000000 68.000000 71.000000 1.000000 43.000000 30.000000 65.000000 9.000000 80.000000 14.000000 19.000000 31.000000 81.000000 96.000000 61.000000 40.000000 28.000000 17.000000 
92.000000 58.000000 82.000000 18.000000 9.000000 50.000000 32.000000 64.000000 78.000000 38.000000 84.000000 72.000000 13.000000 95.000000 27.000000 29.000000 51.000000 32.000000 68.000000 59.000000 48.000000 87.000000 22.000000 74.000000 40.000000 74.000000 10.000000 27.000000 14.000000 59.000000 
99.000000 40.000000 20.000000 75.000000 83.000000 82.000000 1.000000 69.000000 87.000000 26.000000 16.000000 76.000000 46.000000 92.000000 90.000000 43.000000 98.000000 72.000000 27.000000 44.000000 85.000000 89.000000 54.000000 74.000000 42.000000 29.000000 76.000000 8.000000 38.000000 62.000000 