30 75
27 135 78 38 210 104 61 208 41 167 134 80 109 107 74 147 57 78 179 184 102 141 141 143 54 204 203 117 222 71 
12484.000000 12355.000000 12494.000000 6904.000000 12315.000000 13624.000000 4301.000000 3860.000000 13690.000000 12406.000000 11384.000000 4461.000000 5359.000000 1820.000000 13315.000000 13506.000000 1411.000000 7706.000000 4116.000000 12103.000000 1250.000000 13298.000000 13304.000000 13162.000000 1433.000000 11312.000000 6584.000000 2058.000000 11463.000000 11134.000000 
12 12 16 15 22 14 21 26 25 23 23 17 10 10 22 18 29 21 23 29 17 24 26 21 27 15 29 13 13 21 22 11 13 12 26 14 10 28 14 26 10 23 13 26 21 26 23 21 25 22 21 18 22 10 25 28 23 17 29 27 28 16 10 20 26 13 29 10 18 24 17 20 16 20 10 
28.000000 53.000000 69.000000 97.000000 31.000000 68.000000 89.000000 81.000000 96.000000 21.000000 30.000000 90.000000 85.000000 38.000000 77.000000 51.000000 54.000000 53.000000 73.000000 3.000000 11.000000 36.000000 93.000000 92.000000 25.000000 5.000000 80.000000 75.000000 8.000000 5.000000 
35.000000 50.000000 83.000000 22.000000 77.000000 17.000000 7.000000 64.000000 34.000000 36.000000 13.000000 16.000000 94.000000 37.000000 93.000000 65.000000 57.000000 0.000000 35.000000 45.000000 55.000000 6.000000 83.000000 41.000000 26.000000 39.000000 91.000000 76.000000 79.000000 68.000000 
78.000000 42.000000 56.000000 60.000000 13.000000 55.000000 4.000000 96.000000 89.000000 71.000000 8.000000 80.000000 52.000000 56.000000 28.000000 89.000000 19.000000 16.000000 70.000000 71.000000 73.000000 34.000000 67.000000 15.000000 31.000000 64.000000 48.000000 46.000000 28.000000 69.000000 
36.000000 98.000000 64.000000 23.000000 83.000000 97.000000 89.000000 1.000000 47.000000 42.000000 39.000000 28.000000 75.000000 66.000000 54.000000 64.000000 22.000000 12.000000 18.000000 44.000000 43.000000 69.000000 23.000000 7.000000 32.000000 45.000000 39.000000 66.000000 88.000000 59.000000 
38.000000 19.000000 46.000000 12.000000 16.000000 3.000000 83.000000 32.000000 96.000000 32.000000 7.000000 26.000000 15.000000 68.000000 80.000000 80.000000 30.000000 35.000000 25.000000 85.000000 88.000000 55.000000 36.000000 85.000000 54.000000 72.000000 79.000000 69.000000 84.000000 6.000000 
55.000000 60.000000 88.000000 32.000000 56.000000 70.000000 28.000000 85.000000 55.000000 26.000000 39.000000 41.000000 91.000000 77.000000 63.000000 27.000000 46.000000 48.000000 54.000000 40.000000 35.000000 98.000000 67.000000 99.000000 34.000000 96.000000 54.000000 60.000000 42.000000 24.000000 
36.000000 44.000000 37.000000 64.000000 15.000000 92.000000 71.000000 41.000000 36.000000 20.000000 25.000000 23.000000 37.000000 49.000000 8.000000 88.000000 25.000000 36.000000 77.000000 30.000000 73.000000 21.000000 9.000000 51.000000 39.000000 79.000000 56.000000 65.000000 26.000000 26.000000 
58.000000 7.000000 56.000000 36.000000 2.000000 25.000000 19.000000 53.000000 47.000000 7.000000 19.000000 9.000000 50.000000 54.000000 29.000000 97.000000 74.000000 11.000000 32.000000 27.000000 55.000000 21.000000 96.000000 96.000000 57.000000 56.000000 27.000000 43.000000 47.000000 40.000000 
93.000000 50.000000 70.000000 75.000000 97.000000 36.000000 99.000000 32.000000 71.000000 42.000000 98.000000 59.000000 95.000000 1.000000 17.000000 35.000000 71.000000 50.000000 9.000000 59.000000 9.000000 28.000000 43.000000 54.000000 2.000000 54.000000 43.000000 34.000000 99.000000 89.000000 
84.000000 56.000000 93.000000 33.000000 25.000000 49.000000 5.000000 99.000000 55.000000 10.000000 8.000000 62.000000 91.000000 0.000000 29.000000 91.000000 42.000000 69.000000 34.000000 98.000000 38.000000 6.000000 73.000000 68.000000 84.000000 96.000000 36.000000 59.000000 88.000000 20.000000 
61.000000 62.000000 74.000000 33.000000 82.000000 1.000000 75.000000 6.000000 18.000000 76.000000 77.000000 20.000000 34.000000 89.000000 47.000000 45.000000 23.000000 25.000000 71.000000 45.000000 8.000000 52.000000 90.000000 88.000000 33.000000 73.000000 0.000000 50.000000 12.000000 47.000000 
66.000000 57.000000 65.000000 59.000000 52.000000 79.000000 34.000000 3.000000 78.000000 89.000000 65.000000 17.000000 53.000000 58.000000 19.000000 70.000000 44.000000 17.000000 26.000000 97.000000 80.000000 36.000000 1.000000 48.000000 98.000000 0.000000 89.000000 67.000000 92.000000 58.000000 
8.000000 29.000000 5.000000 1.000000 5.000000 20.000000 83.000000 85.000000 39.000000 12.000000 93.000000 99.000000 70.000000 73.000000 48.000000 57.000000 3.000000 27.000000 12.000000 52.000000 27.000000 49.000000 73.000000 4.000000 35.000000 46.000000 3.000000 1.000000 36.000000 73.000000 
43.000000 94.000000 72.000000 89.000000 89.000000 18.000000 14.000000 39.000000 63.000000 30.000000 4.000000 23.000000 88.000000 98.000000 45.000000 88.000000 10.000000 86.000000 91.000000 57.000000 37.000000 97.000000 55.000000 72.000000 87.000000 95.000000 53.000000 28.000000 46.000000 7.000000 
58.000000 13.000000 12.000000 71.000000 18.000000 84.000000 56.000000 84.000000 71.000000 54.000000 17.000000 78.000000 54.000000 56.000000 32.000000 10.000000 99.000000 11.000000 63.000000 50.000000 56.000000 28.000000 61.000000 10.000000 85.000000 5.000000 85.000000 42.000000 12.000000 0.000000 
76.000000 99.000000 33.000000 7.000000 42.000000 35.000000 27.000000 45.000000 0.000000 88.000000 94.000000 55.000000 99.000000 80.000000 31.000000 53.000000 2.000000 20.000000 29.000000 83.000000 15.000000 88.000000 38.000000 82.000000 78.000000 58.000000 33.000000 35.000000 62.000000 61.000000 
88.000000 92.000000 47.000000 15.000000 32.000000 72.000000 53.000000 70.000000 49.000000 75.000000 68.000000 28.000000 46.000000 77.000000 93.000000 72.000000 95.000000 80.000000 78.000000 72.000000 27.000000 49.000000 50.000000 78.000000 44.000000 36.000000 38.000000 21.000000 56.000000 98.000000 
42.000000 59.000000 73.000000 56.000000 14.000000 58.000000 15.000000 27.000000 44.000000 95.000000 98.000000 52.000000 63.000000 15.000000 30.000000 5.000000 13.000000 75.000000 20.000000 28.000000 44.000000 73.000000 76.000000 49.000000 33.000000 31.000000 48.000000 78.000000 47.000000 90.000000 
53.000000 79.000000 79.000000 24.000000 78.000000 69.000000 42.000000 88.000000 38.000000 85.000000 96.000000 67.000000 58.000000 28.000000 41.000000 70.000000 93.000000 74.000000 3.000000 99.000000 2.000000 10.000000 90.000000 90.000000 51.000000 22.000000 9.000000 97.000000 92.000000 71.000000 
63.000000 66.000000 68.000000 10.000000 56.000000 32.000000 30.000000 31.000000 95.000000 28.000000 47.000000 61.000000 68.000000 75.000000 78.000000 26.000000 15.000000 23.000000 22.000000 66.000000 36.000000 37.000000 51.000000 61.000000 10.000000 52.000000 19.000000 7.000000 3.000000 59.000000 
84.000000 52.000000 2.000000 60.000000 85.000000 73.000000 86.000000 47.000000 73.000000 65.000000 47.000000 62.000000 81.000000 67.000000 0.000000 48.000000 77.000000 45.000000 50.000000 18.000000 48.000000 10.000000 15.000000 68.000000 94.000000 42.000000 2.000000 48.000000 41.000000 40.000000 
19.000000 37.000000 1.000000 29.000000 30.000000 97.000000 29.000000 97.000000 12.000000 16.000000 68.000000 17.000000 72.000000 35.000000 69.000000 13.000000 11.000000 49.000000 39.000000 55.000000 69.000000 8.000000 43.000000 86.000000 72.000000 60.000000 76.000000 36.000000 72.000000 28.000000 
67.000000 55.000000 40.000000 88.000000 85.000000 87.000000 73.000000 10.000000 70.000000 60.000000 7.000000 72.000000 94.000000 58.000000 53.000000 52.000000 36.000000 8.000000 99.000000 77.000000 14.000000 2.000000 46.000000 58.000000 23.000000 22.000000 71.000000 64.000000 61.000000 50.000000 
25.000000 2.000000 44.000000 85.000000 30.000000 4.000000 48.000000 81.000000 8.000000 44.000000 18.000000 89.000000 73.000000 35.000000 48.000000 81.000000 74.000000 80.000000 96.000000 60.000000 43.000000 66.000000 23.000000 3.000000 12.000000 43.000000 44.000000 92.000000 3.000000 17.000000 
27.000000 14.000000 77.000000 43.000000 5.000000 63.000000 33.000000 12.000000 65.000000 41.000000 67.000000 55.000000 28.000000 59.000000 42.000000 12.000000 41.000000 3.000000 26.000000 46.000000 57.000000 75.000000 0.000000 88.000000 52.000000 51.000000 53.000000 50.000000 6.000000 21.000000 
89.000000 43.000000 70.000000 83.000000 44.000000 84.000000 81.000000 19.000000 70.000000 77.000000 83.000000 70.000000 40.000000 10.000000 92.000000 94.000000 75.000000 93.000000 4.000000 65.000000 4.000000 38.000000 19.000000 56.000000 9.000000 49.000000 52.000000 9.000000 8.000000 76.000000 
49.000000 82.000000 82.000000 52.000000 5.000000 32.000000 48.000000 19.000000 92.000000 80.000000 45.000000 99.000000 13.000000 46.000000 67.000000 87.000000 51.000000 64.000000 63.000000 58.000000 84.000000 30.000000 7.000000 7.000000 72.000000 7.000000 87.000000 93.000000 46.000000 18.000000 
72.000000 29.000000 58.000000 95.000000 61.000000 40.000000 63.000000 63.000000 17.000000 1.000000 49.000000 74.000000 41.000000 13.000000 33.000000 18.000000 46.000000 75.000000 82.000000 92.000000 28.000000 68.000000 47.000000 87.000000 40.000000 61.000000 1.000000 29.000000 31.000000 99.000000 
21.000000 87.000000 94.000000 29.000000 57.000000 31.000000 39.000000 88.000000 92.000000 0.000000 82.000000 48.000000 60.000000 26.000000 18.000000 92.000000 91.000000 10.000000 28.000000 72.000000 8.000000 44.000000 19.000000 73.000000 74.000000 44.000000 11.000000 72.000000 83.000000 21.000000 
17.000000 80.000000 31.000000 4.000000 78.000000 5.000000 16.000000 7.000000 56.000000 63.000000 57.000000 90.000000 79.000000 35.000000 20.000000 61.000000 19.000000 42.000000 99.000000 19.000000 19.000000 91.000000 92.000000 39.000000 19.000000 10.000000 64.000000 37.000000 35.000000 73.000000 
84.000000 81.000000 3.000000 88.000000 98.000000 27.000000 83.000000 0.000000 44.000000 90.000000 81.000000 20.000000 41.000000 4.000000 50.000000 1.000000 19.000000 99.000000 64.000000 8.000000 39.000000 16.000000 82.000000 52.000000 42.000000 41.000000 35.000000 99.000000 32.000000 24.000000 
31.000000 56.000000 67.000000 6.000000 25.000000 10.000000 12.000000 87.000000 22.000000 64.000000 93.000000 94.000000 14.000000 97.000000 43.000000 37.000000 41.000000 43.000000 39.000000 63.000000 56.000000 69.000000 57.000000 44.000000 30.000000 88.000000 4.000000 66.000000 9.000000 48.000000 
13.000000 85.000000 20.000000 76.000000 83.000000 91.000000 97.000000 67.000000 29.000000 91.000000 63.000000 61.000000 57.000000 83.000000 86.000000 19.000000 81.000000 5.000000 1.000000 22.000000 53.000000 70.000000 74.000000 40.000000 69.000000 22.000000 35.000000 43.000000 71.000000 76.000000 
9.000000 50.000000 57.000000 24.000000 30.000000 46.000000 78.000000 29.000000 17.000000 19.000000 73.000000 17.000000 29.000000 65.000000 75.000000 69.000000 55.000000 98.000000 88.000000 51.000000 86.000000 57.000000 28.000000 39.000000 79.000000 74.000000 58.000000 39.000000 21.000000 70.000000 
74.000000 80.000000 34.000000 83.000000 31.000000 70.000000 95.000000 44.000000 88.000000 12.000000 58.000000 60.000000 34.000000 19.000000 97.000000 60.000000 23.000000 11.000000 9.000000 31.000000 17.000000 39.000000 56.000000 30.000000 21.000000 86.000000 11.000000 57.000000 72.000000 59.000000 
69.000000 35.000000 89.000000 40.000000 14.000000 14.000000 21.000000 75.000000 52.000000 6.000000 43.000000 29.000000 76.000000 19.000000 71.000000 22.000000 99.000000 43.000000 24.000000 18.000000 69.000000 1.000000 34.000000 56.000000 75.000000 83.000000 84.000000 25.000000 90.000000 13.000000 
28.000000 22.000000 13.000000 15.000000 33.000000 62.000000 6.000000 94.000000 29.000000 12.000000 41.000000 30.000000 63.000000 71.000000 7.000000 65.000000 7.000000 25.000000 22.000000 19.000000 40.000000 48.000000 82.000000 77.000000 27.000000 16.000000 12.000000 20.000000 57.000000 69.000000 
16.000000 1.000000 9.000000 37.000000 41.000000 97.000000 64.000000 4.000000 99.000000 58.000000 73.000000 80.000000 11.000000 74.000000 64.000000 23.000000 63.000000 97.000000 37.000000 2.000000 7.000000 8.000000 78.000000 5.000000 25.000000 14.000000 98.000000 51.000000 42.000000 4.000000 
77.000000 29.000000 66.000000 16.000000 68.000000 90.000000 98.000000 78.000000 85.000000 68.000000 11.000000 31.000000 90.000000 1.000000 11.000000 58.000000 50.000000 72.000000 38.000000 56.000000 19.000000 98.000000 51.000000 37.000000 84.000000 44.000000 8.000000 53.000000 66.000000 22.000000 
42.000000 61.000000 69.000000 16.000000 1.000000 90.000000 21.000000 38.000000 82.000000 67.000000 39.000000 10.000000 89.000000 21.000000 35.000000 20.000000 98.000000 62.000000 20.000000 1.000000 8.000000 15.000000 80.000000 33.000000 5.000000 46.000000 48.000000 67.000000 66.000000 21.000000 
70.000000 9.000000 96.000000 77.000000 54.000000 36.000000 59.000000 89.000000 54.000000 13.000000 47.000000 86.000000 12.000000 30.000000 10.000000 23.000000 77.000000 5.000000 32.000000 29.000000 63.000000 93.000000 24.000000 83.000000 14.000000 2.000000 73.000000 85.000000 3.000000 24.000000 
67.000000 30.000000 63.000000 19.000000 93.000000 98.000000 42.000000 97.000000 58.000000 17.000000 19.000000 19.000000 99.000000 64.000000 32.000000 77.000000 81.000000 18.000000 5.000000 49.000000 79.000000 60.000000 62.000000 28.000000 20.000000 8.000000 82.000000 69.000000 16.000000 16.000000 
22.000000 15.000000 8.000000 80.000000 18.000000 78.000000 24.000000 33.000000 37.000000 5.000000 95.000000 12.000000 37.000000 35.000000 2.000000 44.000000 70.000000 52.000000 39.000000 72.000000 24.000000 66.000000 9.000000 19.000000 92.000000 86.000000 9.000000 70.000000 12.000000 75.000000 
49.000000 11.000000 22.000000 88.000000 15.000000 55.000000 23.000000 41.000000 86.000000 50.000000 34.000000 61.000000 49.000000 50.000000 94.000000 13.000000 73.000000 79.000000 37.000000 0.000000 50.000000 38.000000 57.000000 96.000000 96.000000 30.000000 19.000000 45.000000 83.000000 89.000000 
99.000000 34.000000 41.000000 54.000000 61.000000 38.000000 44.000000 25.000000 84.000000 82.000000 83.000000 80.000000 22.000000 69.000000 77.000000 40.000000 43.000000 78.000000 84.000000 31.000000 89.000000 17.000000 10.000000 55.000000 43.000000 1.000000 19.000000 79.000000 3.000000 80.000000 
14.000000 16.000000 7.000000 32.000000 17.000000 38.000000 40.000000 10.000000 82.000000 47.000000 24.000000 1.000000 20.000000 12.000000 79.000000 29.000000 15.000000 31.000000 8.000000 28.000000 61.000000 77.000000 22.000000 46.000000 44.000000 46.000000 38.000000 67.000000 63.000000 11.000000 
93.000000 67.000000 55.000000 43.000000 65.000000 31.000000 56.000000 69.000000 3.000000 98.000000 43.000000 64.000000 84.000000 19.000000 9.000000 99.000000 80.000000 39.000000 81.000000 4.000000 74.000000 36.000000 86.000000 1.000000 76.000000 80.000000 8.000000 23.000000 17.000000 2.000000 
17.000000 34.000000 35.000000 78.000000 35.000000 96.000000 70.000000 62.000000 91.000000 63.000000 33.000000 42.000000 72.000000 4.000000 21.000000 83.000000 66.000000 53.000000 87.000000 98.000000 70.000000 78.000000 0.000000 46.000000 94.000000 0.000000 31.000000 59.000000 87.000000 82.000000 
71.000000 40.000000 73.000000 15.000000 62.000000 86.000000 67.000000 34.000000 87.000000 35.000000 11.000000 47.000000 59.000000 32.000000 45.000000 80.000000 10.000000 62.000000 12.000000 47.000000 57.000000 99.000000 59.000000 9.000000 6.000000 79.000000 77.000000 81.000000 10.000000 73.000000 
95.000000 5.000000 9.000000 36.000000 30.000000 84.000000 4.000000 58.000000 42.000000 57.000000 46.000000 29.000000 59.000000 59.000000 49.000000 7.000000 65.000000 95.000000 42.000000 48.000000 71.000000 17.000000 40.000000 39.000000 3.000000 86.000000 83.000000 26.000000 79.000000 64.000000 
80.000000 59.000000 78.000000 61.000000 55.000000 71.000000 91.000000 31.000000 79.000000 65.000000 30.000000 97.000000 47.000000 99.000000 31.000000 48.000000 16.000000 53.000000 68.000000 33.000000 28.000000 59.000000 75.000000 57.000000 76.000000 8.000000 38.000000 35.000000 89.000000 53.000000 
1.000000 77.000000 48.000000 2.000000 8.000000 3.000000 52.000000 46.000000 62.000000 7.000000 0.000000 73.000000 81.000000 25.000000 54.000000 71.000000 82.000000 73.000000 13.000000 5.000000 18.000000 68.000000 93.000000 34.000000 58.000000 24.000000 98.000000 99.000000 78.000000 20.000000 
47.000000 0.000000 97.000000 61.000000 64.000000 38.000000 90.000000 72.000000 61.000000 88.000000 57.000000 23.000000 70.000000 47.000000 26.000000 45.000000 1.000000 48.000000 17.000000 6.000000 37.000000 48.000000 6.000000 56.000000 81.000000 35.000000 60.000000 35.000000 32.000000 0.000000 
19.000000 38.000000 49.000000 79.000000 77.000000 66.000000 21.000000 48.000000 57.000000 94.000000 58.000000 48.000000 92.000000 51.000000 87.000000 51.000000 73.000000 98.000000 89.000000 3.000000 99.000000 29.000000 25.000000 12.000000 58.000000 42.000000 52.000000 49.000000 24.000000 68.000000 
95.000000 0.000000 35.000000 24.000000 55.000000 75.000000 5.000000 56.000000 52.000000 65.000000 72.000000 80.000000 39.000000 98.000000 88.000000 27.000000 40.000000 47.000000 12.000000 62.000000 84.000000 85.000000 43.000000 33.000000 59.000000 79.000000 26.000000 57.000000 84.000000 86.000000 
0.000000 63.000000 97.000000 85.000000 81.000000 48.000000 89.000000 50.000000 0.000000 4.000000 34.000000 67.000000 29.000000 30.000000 13.000000 34.000000 73.000000 44.000000 7.000000 95.000000 12.000000 51.000000 21.000000 14.000000 22.000000 22.000000 60.000000 77.000000 92.000000 15.000000 
73.000000 80.000000 41.000000 19.000000 40.000000 39.000000 89.000000 17.000000 44.000000 35.000000 35.000000 92.000000 85.000000 84.000000 48.000000 26.000000 10.000000 78.000000 75.000000 58.000000 64.000000 54.000000 22.000000 13.000000 2.000000 85.000000 61.000000 12.000000 93.000000 84.000000 
69.000000 19.000000 31.000000 88.000000 5.000000 98.000000 17.000000 46.000000 74.000000 71.000000 83.000000 38.000000 38.000000 17.000000 67.000000 91.000000 84.000000 38.000000 76.000000 72.000000 32.000000 85.000000 75.000000 82.000000 71.000000 32.000000 95.000000 67.000000 40.000000 27.000000 
65.000000 26.000000 99.000000 56.000000 86.000000 89.000000 55.000000 21.000000 16.000000 88.000000 28.000000 90.000000 30.000000 37.000000 93.000000 85.000000 83.000000 13.000000 17.000000 22.000000 73.000000 84.000000 84.000000 3.000000 97.000000 35.000000 65.000000 32.000000 36.000000 1.000000 
95.000000 4.000000 26.000000 76.000000 54.000000 1.000000 87.000000 87.000000 60.000000 72.000000 14.000000 44.000000 25.000000 87.000000 82.000000 87.000000 36.000000 11.000000 78.000000 25.000000 60.000000 21.000000 83.000000 4.000000 75.000000 51.000000 79.000000 67.000000 93.000000 67.000000 
30.000000 1.000000 15.000000 90.000000 67.000000 57.000000 35.000000 13.000000 95.000000 10.000000 90.000000 94.000000 83.000000 92.000000 17.000000 12.000000 1.000000 14.000000 60.000000 25.000000 39.000000 47.000000 53.000000 61.000000 2.000000 45.000000 55.000000 27.000000 65.000000 31.000000 
23.000000 31.000000 46.000000 58.000000 45.000000 44.000000 21.000000 41.000000 73.000000 38.000000 94.000000 8.000000 24.000000 92.000000 84.000000 11.000000 36.000000 51.000000 14.000000 19.000000 12.000000 65.000000 96.000000 50.000000 67.000000 55.000000 45.000000 46.000000 79.000000 91.000000 
87.000000 77.000000 1.000000 53.000000 21.000000 32.000000 85.000000 35.000000 65.000000 47.000000 29.000000 6.000000 79.000000 54.000000 43.000000 32.000000 74.000000 76.000000 95.000000 25.000000 19.000000 74.000000 93.000000 80.000000 21.000000 54.000000 3.000000 5.000000 43.000000 66.000000 
5.000000 66.000000 71.000000 56.000000 54.000000 98.000000 62.000000 58.000000 88.000000 42.000000 15.000000 42.000000 94.000000 36.000000 68.000000 48.000000 33.000000 40.000000 98.000000 59.000000 85.000000 93.000000 79.000000 27.000000 61.000000 31.000000 27.000000 24.000000 91.000000 94.000000 
46.000000 91.000000 97.000000 33.000000 37.000000 15.000000 89.000000 66.000000 39.000000 46.000000 63.000000 58.000000 32.000000 44.000000 87.000000 31.000000 93.000000 8.000000 85.000000 4.000000 98.000000 33.000000 77.000000 48.000000 24.000000 98.000000 24.000000 89.000000 72.000000 77.000000 
92.000000 95.000000 20.000000 27.000000 23.000000 35.000000 93.000000 1.000000 91.000000 93.000000 93.000000 78.000000 73.000000 84.000000 19.000000 17.000000 58.000000 80.000000 3.000000 81.000000 95.000000 73.000000 3.000000 70.000000 22.000000 20.000000 52.000000 82.000000 51.000000 38.000000 
52.000000 76.000000 95.000000 64.000000 48.000000 6.000000 58.000000 75.000000 44.000000 58.000000 28.000000 53.000000 28.000000 9.000000 36.000000 33.000000 20.000000 74.000000 88.000000 58.000000 65.000000 33.000000 64.000000 55.000000 39.000000 38.000000 52.000000 73.000000 29.000000 46.000000 
60.000000 71.000000 10.000000 35.000000 19.000000 46.000000 31.000000 82.000000 78.000000 20.000000 84.000000 31.000000 43.000000 54.000000 20.000000 69.000000 25.000000 28.000000 21.000000 78.000000 84.000000 28.000000 63.000000 55.000000 96.000000 22.000000 21.000000 5.000000 76.000000 11.000000 
86.000000 30.000000 26.000000 92.000000 27.000000 14.000000 13.000000 68.000000 86.000000 33.000000 65.000000 95.000000 0.000000 61.000000 64.000000 40.000000 8.000000 59.000000 67.000000 6.000000 51.000000 37.000000 87.000000 35.000000 99.000000 63.000000 2.000000 5.000000 56.000000 36.000000 
84.000000 69.000000 23.000000 50.000000 80.000000 16.000000 29.000000 22.000000 57.000000 47.000000 48.000000 60.000000 8.000000 87.000000 71.000000 89.000000 93.000000 92.000000 1.000000 57.000000 45.000000 11.000000 82.000000 12.000000 64.000000 14.000000 91.000000 95.000000 95.000000 95.000000 
46.000000 97.000000 47.000000 21.000000 6.000000 91.000000 7.000000 69.000000 83.000000 17.000000 58.000000 83.000000 70.000000 89.000000 98.000000 43.000000 69.000000 52.000000 17.000000 26.000000 73.000000 11.000000 95.000000 1.000000 27.000000 8.000000 15.000000 82.000000 75.000000 11.000000 
95.000000 47.000000 83.000000 50.000000 13.000000 77.000000 70.000000 16.000000 44.000000 90.000000 98.000000 6.000000 55.000000 63.000000 20.000000 67.000000 31.000000 72.000000 57.000000 87.000000 99.000000 94.000000 68.000000 44.000000 8.000000 42.000000 40.000000 82.000000 66.000000 46.000000 
4.000000 97.000000 27.000000 74.000000 52.000000 56.000000 12.000000 82.000000 14.000000 60.000000 86.000000 25.000000 25.000000 44.000000 15.000000 61.000000 86.000000 66.000000 8.000000 44.000000 91.000000 32.000000 83.000000 84.000000 94.000000 53.000000 31.000000 14.000000 20.000000 36.000000 
75.000000 95.000000 48.000000 61.000000 18.000000 51.000000 29.000000 75.000000 53.000000 17.000000 7.000000 29.000000 81.000000 35.000000 59.000000 32.000000 37.000000 34.000000 70.000000 81.000000 36.000000 89.000000 19.000000 19.000000 93.000000 20.000000 29.000000 7.000000 65.000000 6.000000 
7.000000 24.000000 31.000000 7.000000 93.000000 35.000000 1.000000 15.000000 84.000000 65.000000 24.000000 99.000000 84.000000 6.000000 32.000000 88.000000 34.000000 23.000000 46.000000 29.000000 94.000000 32.000000 25.000000 99.000000 82.000000 80.000000 33.000000 64.000000 15.000000 49.000000 