30 75
141 87 150 136 94 31 49 51 94 106 125 21 38 167 41 125 87 92 59 29 50 93 160 30 68 67 159 97 26 162 
7620.000000 1395.000000 9866.000000 9760.000000 9715.000000 9047.000000 5239.000000 4853.000000 6939.000000 10054.000000 5030.000000 5360.000000 1535.000000 9865.000000 3937.000000 8982.000000 8846.000000 9823.000000 7051.000000 6450.000000 2981.000000 8701.000000 8789.000000 4834.000000 6477.000000 9080.000000 8489.000000 1726.000000 7075.000000 1363.000000 
10 16 18 27 15 23 14 14 28 14 21 10 21 17 23 21 16 23 17 28 16 26 20 24 10 13 12 21 26 20 25 19 28 12 11 10 12 28 14 21 29 27 25 18 18 16 10 22 23 11 13 19 23 27 19 21 13 28 28 21 10 10 22 12 22 11 14 22 11 27 24 22 27 14 12 
59.000000 29.000000 50.000000 34.000000 37.000000 97.000000 2.000000 28.000000 7.000000 2.000000 21.000000 85.000000 85.000000 97.000000 69.000000 79.000000 5.000000 25.000000 89.000000 42.000000 22.000000 50.000000 33.000000 70.000000 62.000000 72.000000 27.000000 65.000000 3.000000 85.000000 
61.000000 23.000000 89.000000 11.000000 63.000000 27.000000 20.000000 29.000000 13.000000 11.000000 41.000000 79.000000 6.000000 5.000000 55.000000 2.000000 52.000000 56.000000 19.000000 56.000000 94.000000 23.000000 92.000000 13.000000 72.000000 58.000000 54.000000 30.000000 55.000000 31.000000 
9.000000 46.000000 44.000000 77.000000 48.000000 55.000000 87.000000 36.000000 28.000000 42.000000 85.000000 58.000000 92.000000 4.000000 63.000000 65.000000 45.000000 73.000000 42.000000 96.000000 49.000000 19.000000 44.000000 86.000000 16.000000 11.000000 95.000000 48.000000 2.000000 46.000000 
25.000000 62.000000 25.000000 89.000000 79.000000 86.000000 81.000000 74.000000 84.000000 52.000000 11.000000 61.000000 28.000000 98.000000 50.000000 59.000000 64.000000 59.000000 65.000000 47.000000 32.000000 25.000000 61.000000 50.000000 63.000000 16.000000 3.000000 78.000000 16.000000 52.000000 
91.000000 1.000000 49.000000 19.000000 97.000000 37.000000 39.000000 35.000000 28.000000 80.000000 92.000000 4.000000 86.000000 83.000000 10.000000 75.000000 43.000000 75.000000 13.000000 68.000000 44.000000 83.000000 21.000000 33.000000 16.000000 88.000000 55.000000 33.000000 28.000000 26.000000 
4.000000 94.000000 47.000000 25.000000 71.000000 49.000000 86.000000 36.000000 99.000000 69.000000 20.000000 85.000000 30.000000 53.000000 38.000000 80.000000 51.000000 43.000000 44.000000 31.000000 42.000000 57.000000 27.000000 65.000000 14.000000 71.000000 65.000000 65.000000 5.000000 93.000000 
35.000000 36.000000 83.000000 7.000000 39.000000 97.000000 64.000000 88.000000 69.000000 56.000000 41.000000 91.000000 78.000000 97.000000 97.000000 99.000000 18.000000 95.000000 28.000000 66.000000 69.000000 53.000000 14.000000 79.000000 76.000000 0.000000 17.000000 48.000000 53.000000 16.000000 
74.000000 87.000000 34.000000 65.000000 30.000000 37.000000 77.000000 42.000000 28.000000 54.000000 43.000000 92.000000 51.000000 70.000000 19.000000 23.000000 71.000000 78.000000 45.000000 49.000000 70.000000 19.000000 75.000000 18.000000 20.000000 70.000000 69.000000 19.000000 45.000000 38.000000 
15.000000 73.000000 8.000000 45.000000 2.000000 43.000000 79.000000 39.000000 15.000000 36.000000 97.000000 54.000000 22.000000 59.000000 17.000000 32.000000 50.000000 70.000000 11.000000 59.000000 6.000000 31.000000 63.000000 90.000000 59.000000 50.000000 83.000000 55.000000 5.000000 74.000000 
15.000000 72.000000 80.000000 64.000000 28.000000 30.000000 84.000000 74.000000 17.000000 80.000000 48.000000 2.000000 32.000000 79.000000 34.000000 99.000000 36.000000 65.000000 70.000000 41.000000 53.000000 51.000000 54.000000 7.000000 47.000000 75.000000 65.000000 21.000000 53.000000 43.000000 
97.000000 43.000000 49.000000 46.000000 69.000000 19.000000 38.000000 42.000000 92.000000 33.000000 87.000000 39.000000 13.000000 12.000000 24.000000 7.000000 28.000000 75.000000 7.000000 20.000000 72.000000 40.000000 16.000000 95.000000 8.000000 15.000000 17.000000 82.000000 75.000000 53.000000 
12.000000 29.000000 75.000000 26.000000 73.000000 13.000000 94.000000 65.000000 19.000000 16.000000 6.000000 72.000000 85.000000 3.000000 90.000000 87.000000 94.000000 2.000000 68.000000 75.000000 34.000000 6.000000 38.000000 67.000000 97.000000 71.000000 57.000000 68.000000 21.000000 32.000000 
16.000000 15.000000 71.000000 97.000000 89.000000 48.000000 21.000000 89.000000 61.000000 27.000000 34.000000 25.000000 70.000000 13.000000 62.000000 73.000000 1.000000 94.000000 92.000000 12.000000 37.000000 9.000000 27.000000 95.000000 45.000000 22.000000 72.000000 93.000000 56.000000 51.000000 
64.000000 53.000000 54.000000 26.000000 70.000000 12.000000 2.000000 56.000000 28.000000 51.000000 67.000000 28.000000 24.000000 77.000000 99.000000 55.000000 26.000000 60.000000 10.000000 52.000000 0.000000 73.000000 32.000000 11.000000 99.000000 19.000000 62.000000 4.000000 97.000000 12.000000 
26.000000 22.000000 5.000000 88.000000 0.000000 50.000000 79.000000 28.000000 99.000000 20.000000 34.000000 37.000000 1.000000 92.000000 10.000000 14.000000 74.000000 67.000000 37.000000 83.000000 22.000000 26.000000 26.000000 7.000000 70.000000 40.000000 68.000000 70.000000 49.000000 8.000000 
10.000000 15.000000 57.000000 14.000000 56.000000 87.000000 7.000000 4.000000 98.000000 85.000000 78.000000 36.000000 87.000000 45.000000 44.000000 38.000000 94.000000 16.000000 41.000000 93.000000 10.000000 78.000000 87.000000 29.000000 11.000000 21.000000 85.000000 76.000000 57.000000 2.000000 
59.000000 29.000000 26.000000 24.000000 5.000000 32.000000 85.000000 15.000000 68.000000 51.000000 57.000000 8.000000 56.000000 21.000000 36.000000 34.000000 71.000000 86.000000 56.000000 0.000000 16.000000 51.000000 17.000000 86.000000 95.000000 25.000000 24.000000 9.000000 26.000000 23.000000 
95.000000 32.000000 36.000000 62.000000 40.000000 98.000000 94.000000 56.000000 16.000000 45.000000 22.000000 2.000000 14.000000 8.000000 68.000000 16.000000 37.000000 26.000000 48.000000 54.000000 56.000000 16.000000 82.000000 32.000000 82.000000 62.000000 79.000000 24.000000 63.000000 49.000000 
62.000000 10.000000 14.000000 33.000000 17.000000 97.000000 27.000000 31.000000 14.000000 37.000000 25.000000 62.000000 45.000000 17.000000 59.000000 82.000000 65.000000 85.000000 49.000000 0.000000 32.000000 57.000000 35.000000 51.000000 87.000000 99.000000 85.000000 71.000000 13.000000 86.000000 
59.000000 6.000000 78.000000 87.000000 51.000000 45.000000 32.000000 25.000000 43.000000 54.000000 24.000000 3.000000 46.000000 61.000000 60.000000 5.000000 11.000000 13.000000 16.000000 18.000000 36.000000 0.000000 74.000000 10.000000 13.000000 30.000000 48.000000 91.000000 60.000000 90.000000 
15.000000 18.000000 69.000000 32.000000 76.000000 31.000000 47.000000 63.000000 3.000000 34.000000 23.000000 32.000000 48.000000 52.000000 63.000000 50.000000 29.000000 24.000000 17.000000 71.000000 6.000000 25.000000 69.000000 29.000000 17.000000 26.000000 88.000000 11.000000 49.000000 18.000000 
96.000000 7.000000 44.000000 77.000000 81.000000 64.000000 74.000000 38.000000 50.000000 46.000000 42.000000 13.000000 79.000000 68.000000 79.000000 57.000000 20.000000 46.000000 59.000000 77.000000 55.000000 10.000000 37.000000 41.000000 20.000000 51.000000 95.000000 16.000000 40.000000 90.000000 
40.000000 65.000000 38.000000 18.000000 2.000000 67.000000 14.000000 24.000000 9.000000 30.000000 10.000000 16.000000 55.000000 45.000000 8.000000 0.000000 76.000000 64.000000 12.000000 78.000000 96.000000 20.000000 34.000000 72.000000 31.000000 24.000000 69.000000 91.000000 34.000000 90.000000 
29.000000 97.000000 41.000000 91.000000 83.000000 33.000000 31.000000 41.000000 14.000000 21.000000 36.000000 54.000000 83.000000 51.000000 42.000000 15.000000 81.000000 3.000000 67.000000 94.000000 89.000000 85.000000 31.000000 55.000000 90.000000 82.000000 24.000000 58.000000 98.000000 35.000000 
55.000000 56.000000 91.000000 1.000000 35.000000 26.000000 85.000000 72.000000 19.000000 2.000000 59.000000 51.000000 25.000000 76.000000 31.000000 93.000000 91.000000 6.000000 53.000000 85.000000 44.000000 39.000000 59.000000 17.000000 94.000000 32.000000 91.000000 55.000000 70.000000 46.000000 
95.000000 29.000000 69.000000 20.000000 46.000000 3.000000 76.000000 76.000000 52.000000 66.000000 93.000000 99.000000 55.000000 94.000000 63.000000 90.000000 18.000000 45.000000 85.000000 99.000000 56.000000 94.000000 69.000000 66.000000 79.000000 37.000000 62.000000 51.000000 33.000000 88.000000 
43.000000 17.000000 54.000000 83.000000 78.000000 88.000000 91.000000 42.000000 83.000000 18.000000 46.000000 58.000000 24.000000 30.000000 40.000000 17.000000 57.000000 10.000000 13.000000 71.000000 99.000000 72.000000 3.000000 12.000000 71.000000 14.000000 66.000000 16.000000 49.000000 60.000000 
43.000000 66.000000 29.000000 24.000000 72.000000 64.000000 79.000000 64.000000 5.000000 95.000000 44.000000 5.000000 84.000000 99.000000 23.000000 43.000000 80.000000 72.000000 27.000000 76.000000 93.000000 93.000000 99.000000 3.000000 88.000000 55.000000 44.000000 98.000000 89.000000 38.000000 
15.000000 53.000000 77.000000 60.000000 35.000000 42.000000 49.000000 3.000000 59.000000 48.000000 43.000000 71.000000 11.000000 61.000000 39.000000 53.000000 46.000000 32.000000 70.000000 97.000000 16.000000 50.000000 36.000000 99.000000 44.000000 69.000000 81.000000 79.000000 52.000000 5.000000 
73.000000 97.000000 60.000000 77.000000 20.000000 27.000000 85.000000 71.000000 94.000000 90.000000 98.000000 43.000000 44.000000 17.000000 7.000000 86.000000 36.000000 96.000000 89.000000 41.000000 35.000000 18.000000 77.000000 17.000000 26.000000 33.000000 86.000000 45.000000 34.000000 71.000000 
24.000000 94.000000 95.000000 98.000000 27.000000 24.000000 88.000000 8.000000 18.000000 32.000000 17.000000 77.000000 69.000000 45.000000 24.000000 16.000000 20.000000 51.000000 58.000000 12.000000 92.000000 63.000000 33.000000 45.000000 87.000000 87.000000 52.000000 4.000000 68.000000 2.000000 
80.000000 60.000000 57.000000 99.000000 91.000000 57.000000 1.000000 34.000000 26.000000 33.000000 92.000000 72.000000 35.000000 76.000000 35.000000 53.000000 79.000000 87.000000 5.000000 2.000000 40.000000 99.000000 35.000000 38.000000 47.000000 74.000000 36.000000 92.000000 7.000000 78.000000 
24.000000 13.000000 28.000000 5.000000 15.000000 29.000000 48.000000 1.000000 9.000000 99.000000 10.000000 15.000000 83.000000 59.000000 68.000000 61.000000 55.000000 63.000000 85.000000 84.000000 85.000000 57.000000 73.000000 64.000000 42.000000 56.000000 91.000000 88.000000 32.000000 88.000000 
90.000000 86.000000 84.000000 48.000000 71.000000 4.000000 30.000000 62.000000 9.000000 69.000000 21.000000 56.000000 43.000000 55.000000 81.000000 87.000000 41.000000 66.000000 75.000000 68.000000 97.000000 97.000000 50.000000 10.000000 2.000000 25.000000 78.000000 53.000000 12.000000 54.000000 
1.000000 55.000000 3.000000 16.000000 66.000000 74.000000 78.000000 92.000000 1.000000 54.000000 71.000000 9.000000 49.000000 93.000000 59.000000 39.000000 97.000000 72.000000 86.000000 88.000000 38.000000 61.000000 53.000000 54.000000 58.000000 26.000000 27.000000 12.000000 51.000000 15.000000 
81.000000 27.000000 85.000000 95.000000 53.000000 20.000000 84.000000 60.000000 1.000000 36.000000 92.000000 31.000000 89.000000 81.000000 46.000000 43.000000 24.000000 40.000000 56.000000 53.000000 36.000000 81.000000 76.000000 33.000000 65.000000 16.000000 32.000000 44.000000 3.000000 65.000000 
12.000000 78.000000 4.000000 48.000000 45.000000 36.000000 53.000000 10.000000 40.000000 69.000000 68.000000 44.000000 38.000000 96.000000 67.000000 56.000000 9.000000 92.000000 29.000000 15.000000 1.000000 94.000000 31.000000 64.000000 15.000000 73.000000 30.000000 82.000000 65.000000 76.000000 
40.000000 35.000000 52.000000 23.000000 14.000000 41.000000 57.000000 27.000000 20.000000 59.000000 31.000000 66.000000 89.000000 55.000000 38.000000 22.000000 68.000000 15.000000 75.000000 70.000000 99.000000 8.000000 95.000000 81.000000 15.000000 14.000000 72.000000 70.000000 21.000000 87.000000 
14.000000 10.000000 1.000000 85.000000 5.000000 82.000000 73.000000 19.000000 16.000000 40.000000 75.000000 99.000000 47.000000 12.000000 54.000000 48.000000 59.000000 56.000000 9.000000 51.000000 26.000000 58.000000 87.000000 49.000000 13.000000 23.000000 38.000000 72.000000 58.000000 10.000000 
93.000000 99.000000 7.000000 5.000000 5.000000 87.000000 49.000000 35.000000 75.000000 81.000000 34.000000 74.000000 44.000000 26.000000 68.000000 69.000000 32.000000 35.000000 36.000000 22.000000 61.000000 69.000000 83.000000 86.000000 75.000000 55.000000 52.000000 56.000000 52.000000 36.000000 
72.000000 77.000000 79.000000 26.000000 35.000000 92.000000 26.000000 26.000000 1.000000 10.000000 43.000000 9.000000 38.000000 47.000000 58.000000 96.000000 66.000000 95.000000 71.000000 66.000000 71.000000 12.000000 49.000000 81.000000 11.000000 30.000000 75.000000 27.000000 24.000000 34.000000 
16.000000 68.000000 11.000000 54.000000 93.000000 10.000000 60.000000 80.000000 92.000000 97.000000 23.000000 83.000000 27.000000 75.000000 75.000000 4.000000 53.000000 24.000000 7.000000 47.000000 99.000000 25.000000 33.000000 96.000000 54.000000 15.000000 18.000000 17.000000 30.000000 52.000000 
58.000000 39.000000 93.000000 89.000000 60.000000 24.000000 29.000000 28.000000 8.000000 48.000000 86.000000 5.000000 18.000000 80.000000 11.000000 32.000000 8.000000 11.000000 69.000000 88.000000 49.000000 82.000000 26.000000 33.000000 57.000000 14.000000 12.000000 5.000000 52.000000 19.000000 
11.000000 6.000000 0.000000 74.000000 50.000000 84.000000 98.000000 66.000000 59.000000 94.000000 74.000000 49.000000 45.000000 68.000000 30.000000 73.000000 5.000000 24.000000 17.000000 58.000000 52.000000 27.000000 41.000000 54.000000 38.000000 48.000000 47.000000 82.000000 11.000000 1.000000 
6.000000 61.000000 20.000000 46.000000 15.000000 66.000000 60.000000 95.000000 95.000000 58.000000 35.000000 59.000000 21.000000 10.000000 62.000000 13.000000 48.000000 85.000000 52.000000 78.000000 99.000000 61.000000 50.000000 39.000000 24.000000 15.000000 2.000000 63.000000 73.000000 89.000000 
97.000000 59.000000 11.000000 14.000000 87.000000 19.000000 84.000000 66.000000 0.000000 27.000000 13.000000 79.000000 90.000000 9.000000 77.000000 31.000000 83.000000 80.000000 1.000000 85.000000 21.000000 7.000000 69.000000 55.000000 17.000000 86.000000 33.000000 17.000000 67.000000 5.000000 
74.000000 96.000000 69.000000 49.000000 45.000000 96.000000 74.000000 57.000000 4.000000 48.000000 51.000000 47.000000 10.000000 3.000000 37.000000 64.000000 39.000000 85.000000 9.000000 17.000000 61.000000 94.000000 14.000000 11.000000 59.000000 2.000000 14.000000 88.000000 94.000000 9.000000 
59.000000 41.000000 53.000000 38.000000 81.000000 52.000000 25.000000 75.000000 71.000000 77.000000 92.000000 9.000000 0.000000 80.000000 30.000000 3.000000 66.000000 83.000000 70.000000 21.000000 99.000000 85.000000 42.000000 77.000000 60.000000 75.000000 18.000000 86.000000 4.000000 27.000000 
24.000000 39.000000 83.000000 70.000000 83.000000 25.000000 41.000000 57.000000 11.000000 69.000000 98.000000 81.000000 79.000000 70.000000 38.000000 14.000000 14.000000 53.000000 48.000000 59.000000 0.000000 58.000000 61.000000 57.000000 99.000000 50.000000 21.000000 71.000000 11.000000 14.000000 
55.000000 47.000000 35.000000 54.000000 27.000000 29.000000 4.000000 38.000000 13.000000 69.000000 6.000000 42.000000 5.000000 61.000000 15.000000 76.000000 61.000000 98.000000 93.000000 22.000000 36.000000 22.000000 27.000000 89.000000 63.000000 14.000000 32.000000 79.000000 85.000000 56.000000 
23.000000 18.000000 40.000000 51.000000 30.000000 99.000000 57.000000 91.000000 20.000000 33.000000 14.000000 98.000000 53.000000 6.000000 72.000000 90.000000 68.000000 94.000000 68.000000 42.000000 92.000000 81.000000 59.000000 38.000000 17.000000 84.000000 23.000000 50.000000 81.000000 74.000000 
72.000000 73.000000 54.000000 51.000000 37.000000 5.000000 2.000000 16.000000 17.000000 63.000000 7.000000 40.000000 18.000000 70.000000 40.000000 25.000000 7.000000 30.000000 21.000000 16.000000 66.000000 15.000000 25.000000 96.000000 28.000000 7.000000 1.000000 82.000000 18.000000 70.000000 
29.000000 97.000000 31.000000 51.000000 20.000000 93.000000 28.000000 33.000000 39.000000 49.000000 33.000000 92.000000 4.000000 61.000000 52.000000 19.000000 96.000000 8.000000 50.000000 29.000000 76.000000 56.000000 64.000000 49.000000 2.000000 34.000000 33.000000 68.000000 79.000000 97.000000 
78.000000 88.000000 1.000000 57.000000 40.000000 6.000000 59.000000 43.000000 1.000000 24.000000 21.000000 36.000000 10.000000 56.000000 20.000000 71.000000 98.000000 91.000000 90.000000 13.000000 69.000000 19.000000 51.000000 52.000000 76.000000 36.000000 22.000000 59.000000 45.000000 93.000000 
17.000000 18.000000 85.000000 31.000000 63.000000 12.000000 9.000000 39.000000 20.000000 28.000000 47.000000 24.000000 18.000000 17.000000 33.000000 73.000000 30.000000 21.000000 93.000000 43.000000 38.000000 48.000000 62.000000 19.000000 82.000000 65.000000 21.000000 30.000000 78.000000 33.000000 
11.000000 92.000000 50.000000 5.000000 80.000000 36.000000 25.000000 69.000000 75.000000 36.000000 75.000000 95.000000 64.000000 43.000000 95.000000 29.000000 66.000000 94.000000 76.000000 32.000000 28.000000 41.000000 93.000000 68.000000 58.000000 34.000000 22.000000 82.000000 24.000000 45.000000 
55.000000 19.000000 62.000000 11.000000 77.000000 93.000000 57.000000 52.000000 39.000000 81.000000 6.000000 71.000000 8.000000 16.000000 51.000000 50.000000 6.000000 7.000000 53.000000 8.000000 67.000000 2.000000 49.000000 66.000000 55.000000 77.000000 15.000000 56.000000 41.000000 9.000000 
13.000000 55.000000 29.000000 76.000000 5.000000 29.000000 68.000000 90.000000 63.000000 36.000000 98.000000 53.000000 0.000000 2.000000 25.000000 86.000000 16.000000 76.000000 1.000000 85.000000 17.000000 38.000000 81.000000 0.000000 57.000000 7.000000 61.000000 28.000000 18.000000 61.000000 
26.000000 79.000000 22.000000 97.000000 70.000000 62.000000 31.000000 65.000000 57.000000 78.000000 2.000000 60.000000 39.000000 35.000000 83.000000 74.000000 45.000000 23.000000 68.000000 11.000000 19.000000 96.000000 62.000000 46.000000 61.000000 69.000000 7.000000 63.000000 95.000000 20.000000 
86.000000 12.000000 81.000000 48.000000 87.000000 67.000000 39.000000 34.000000 7.000000 71.000000 47.000000 11.000000 32.000000 5.000000 38.000000 28.000000 13.000000 19.000000 6.000000 70.000000 23.000000 10.000000 93.000000 70.000000 70.000000 26.000000 19.000000 26.000000 11.000000 46.000000 
81.000000 4.000000 66.000000 57.000000 29.000000 93.000000 52.000000 25.000000 89.000000 46.000000 80.000000 36.000000 7.000000 17.000000 66.000000 61.000000 17.000000 80.000000 77.000000 52.000000 65.000000 92.000000 1.000000 84.000000 47.000000 38.000000 6.000000 11.000000 32.000000 61.000000 
32.000000 80.000000 85.000000 76.000000 33.000000 32.000000 7.000000 17.000000 65.000000 87.000000 67.000000 53.000000 79.000000 86.000000 75.000000 99.000000 70.000000 33.000000 38.000000 88.000000 89.000000 76.000000 93.000000 78.000000 26.000000 8.000000 98.000000 25.000000 11.000000 68.000000 
46.000000 37.000000 90.000000 96.000000 15.000000 84.000000 93.000000 56.000000 72.000000 46.000000 76.000000 35.000000 9.000000 6.000000 11.000000 80.000000 54.000000 32.000000 66.000000 33.000000 6.000000 97.000000 98.000000 80.000000 79.000000 40.000000 29.000000 18.000000 55.000000 60.000000 
6.000000 2.000000 74.000000 91.000000 59.000000 39.000000 22.000000 21.000000 83.000000 37.000000 98.000000 28.000000 43.000000 9.000000 46.000000 56.000000 62.000000 16.000000 16.000000 63.000000 32.000000 86.000000 66.000000 1.000000 77.000000 39.000000 32.000000 14.000000 42.000000 9.000000 
18.000000 65.000000 95.000000 52.000000 95.000000 33.000000 70.000000 65.000000 99.000000 31.000000 68.000000 67.000000 74.000000 36.000000 28.000000 10.000000 0.000000 52.000000 99.000000 27.000000 99.000000 16.000000 98.000000 29.000000 10.000000 43.000000 32.000000 12.000000 74.000000 58.000000 
5.000000 39.000000 82.000000 65.000000 59.000000 93.000000 57.000000 48.000000 4.000000 39.000000 82.000000 4.000000 43.000000 23.000000 8.000000 66.000000 95.000000 2.000000 86.000000 40.000000 69.000000 80.000000 8.000000 85.000000 50.000000 7.000000 66.000000 12.000000 99.000000 47.000000 
46.000000 57.000000 60.000000 26.000000 32.000000 81.000000 57.000000 38.000000 73.000000 92.000000 0.000000 39.000000 47.000000 82.000000 34.000000 72.000000 24.000000 37.000000 17.000000 7.000000 10.000000 66.000000 98.000000 81.000000 17.000000 40.000000 30.000000 79.000000 10.000000 47.000000 
41.000000 75.000000 8.000000 15.000000 57.000000 49.000000 45.000000 33.000000 33.000000 34.000000 25.000000 97.000000 52.000000 52.000000 14.000000 51.000000 93.000000 62.000000 66.000000 92.000000 67.000000 10.000000 70.000000 75.000000 91.000000 71.000000 66.000000 23.000000 32.000000 12.000000 
56.000000 37.000000 54.000000 14.000000 35.000000 62.000000 47.000000 47.000000 92.000000 38.000000 5.000000 64.000000 62.000000 65.000000 7.000000 78.000000 44.000000 49.000000 6.000000 30.000000 91.000000 98.000000 28.000000 57.000000 59.000000 9.000000 33.000000 25.000000 61.000000 50.000000 
6.000000 86.000000 62.000000 18.000000 62.000000 70.000000 19.000000 51.000000 89.000000 22.000000 34.000000 14.000000 75.000000 48.000000 0.000000 76.000000 67.000000 26.000000 42.000000 61.000000 87.000000 99.000000 77.000000 43.000000 82.000000 54.000000 58.000000 10.000000 91.000000 56.000000 
77.000000 10.000000 57.000000 91.000000 29.000000 73.000000 18.000000 32.000000 70.000000 59.000000 44.000000 35.000000 25.000000 77.000000 22.000000 41.000000 20.000000 79.000000 90.000000 17.000000 53.000000 20.000000 79.000000 76.000000 16.000000 41.000000 20.000000 67.000000 44.000000 16.000000 
8.000000 12.000000 55.000000 65.000000 45.000000 29.000000 98.000000 35.000000 5.000000 75.000000 15.000000 84.000000 80.000000 10.000000 12.000000 39.000000 5.000000 35.000000 75.000000 99.000000 87.000000 83.000000 67.000000 8.000000 55.000000 55.000000 19.000000 28.000000 37.000000 27.000000 
83.000000 65.000000 8.000000 78.000000 5.000000 53.000000 84.000000 11.000000 53.000000 86.000000 37.000000 63.000000 99.000000 52.000000 67.000000 29.000000 34.000000 13.000000 65.000000 57.000000 80.000000 34.000000 25.000000 66.000000 12.000000 57.000000 19.000000 16.000000 15.000000 65.000000 
30.000000 20.000000 36.000000 94.000000 97.000000 74.000000 2.000000 82.000000 42.000000 62.000000 22.000000 55.000000 56.000000 43.000000 83.000000 7.000000 82.000000 38.000000 21.000000 9.000000 20.000000 69.000000 20.000000 56.000000 25.000000 20.000000 62.000000 44.000000 3.000000 26.000000 
47.000000 35.000000 3.000000 98.000000 54.000000 38.000000 58.000000 56.000000 89.000000 35.000000 43.000000 14.000000 72.000000 20.000000 36.000000 49.000000 46.000000 20.000000 6.000000 41.000000 97.000000 36.000000 68.000000 71.000000 47.000000 8.000000 62.000000 10.000000 31.000000 98.000000 