30 75
122 87 152 241 145 60 237 47 174 50 23 176 134 130 46 149 227 51 234 76 208 230 44 92 116 257 261 159 160 121 
22943.000000 18466.000000 23100.000000 9233.000000 11433.000000 1829.000000 17900.000000 4194.000000 19629.000000 19272.000000 10276.000000 12589.000000 23480.000000 11472.000000 9925.000000 13801.000000 18758.000000 17396.000000 10702.000000 10787.000000 6715.000000 14160.000000 14469.000000 23314.000000 17496.000000 3519.000000 20218.000000 7666.000000 8584.000000 19875.000000 
17 29 15 11 27 13 22 10 25 29 14 12 17 22 26 12 27 11 12 20 28 13 13 27 26 13 21 15 10 12 20 12 28 26 15 11 29 13 21 11 23 18 18 11 26 22 22 14 15 25 15 15 15 14 20 12 14 28 20 27 18 29 29 25 15 13 22 25 23 13 16 12 26 10 14 
35.000000 78.000000 64.000000 51.000000 79.000000 39.000000 51.000000 47.000000 67.000000 38.000000 78.000000 41.000000 11.000000 67.000000 36.000000 48.000000 80.000000 58.000000 34.000000 57.000000 0.000000 34.000000 52.000000 41.000000 76.000000 40.000000 99.000000 82.000000 85.000000 28.000000 
35.000000 26.000000 97.000000 31.000000 98.000000 52.000000 26.000000 71.000000 13.000000 15.000000 15.000000 84.000000 99.000000 2.000000 20.000000 33.000000 98.000000 7.000000 29.000000 75.000000 67.000000 13.000000 41.000000 86.000000 50.000000 47.000000 92.000000 55.000000 82.000000 36.000000 
97.000000 12.000000 8.000000 81.000000 51.000000 49.000000 28.000000 28.000000 4.000000 43.000000 84.000000 9.000000 6.000000 96.000000 56.000000 72.000000 83.000000 50.000000 36.000000 27.000000 92.000000 37.000000 5.000000 88.000000 70.000000 79.000000 3.000000 64.000000 71.000000 44.000000 
3.000000 50.000000 51.000000 25.000000 8.000000 13.000000 55.000000 93.000000 30.000000 80.000000 10.000000 52.000000 36.000000 57.000000 33.000000 81.000000 51.000000 53.000000 98.000000 57.000000 72.000000 86.000000 31.000000 86.000000 16.000000 82.000000 25.000000 79.000000 17.000000 10.000000 
84.000000 71.000000 37.000000 3.000000 62.000000 48.000000 66.000000 64.000000 24.000000 37.000000 20.000000 55.000000 70.000000 84.000000 57.000000 12.000000 92.000000 9.000000 81.000000 50.000000 43.000000 29.000000 91.000000 35.000000 64.000000 74.000000 15.000000 40.000000 71.000000 38.000000 
13.000000 21.000000 6.000000 61.000000 50.000000 73.000000 21.000000 0.000000 76.000000 47.000000 29.000000 64.000000 57.000000 49.000000 41.000000 9.000000 55.000000 50.000000 85.000000 10.000000 33.000000 65.000000 75.000000 77.000000 47.000000 0.000000 63.000000 66.000000 55.000000 58.000000 
4.000000 96.000000 33.000000 62.000000 14.000000 98.000000 2.000000 36.000000 1.000000 34.000000 0.000000 47.000000 94.000000 68.000000 40.000000 6.000000 8.000000 83.000000 51.000000 68.000000 20.000000 73.000000 87.000000 98.000000 31.000000 48.000000 63.000000 80.000000 54.000000 35.000000 
33.000000 81.000000 49.000000 77.000000 31.000000 17.000000 94.000000 29.000000 42.000000 67.000000 52.000000 40.000000 69.000000 27.000000 97.000000 53.000000 14.000000 20.000000 87.000000 50.000000 86.000000 91.000000 8.000000 51.000000 16.000000 48.000000 27.000000 24.000000 26.000000 46.000000 
18.000000 69.000000 89.000000 99.000000 63.000000 90.000000 83.000000 96.000000 34.000000 60.000000 16.000000 38.000000 8.000000 44.000000 80.000000 19.000000 72.000000 37.000000 62.000000 31.000000 23.000000 38.000000 17.000000 63.000000 64.000000 56.000000 83.000000 13.000000 60.000000 24.000000 
91.000000 44.000000 91.000000 62.000000 3.000000 55.000000 30.000000 33.000000 79.000000 32.000000 28.000000 61.000000 58.000000 22.000000 79.000000 7.000000 97.000000 31.000000 7.000000 45.000000 13.000000 30.000000 90.000000 60.000000 21.000000 54.000000 10.000000 62.000000 47.000000 87.000000 
6.000000 2.000000 82.000000 93.000000 65.000000 24.000000 99.000000 36.000000 65.000000 88.000000 28.000000 80.000000 73.000000 59.000000 95.000000 89.000000 55.000000 26.000000 51.000000 43.000000 46.000000 17.000000 36.000000 56.000000 94.000000 18.000000 87.000000 56.000000 71.000000 4.000000 
54.000000 65.000000 21.000000 49.000000 89.000000 85.000000 84.000000 71.000000 42.000000 80.000000 12.000000 23.000000 55.000000 19.000000 72.000000 46.000000 48.000000 5.000000 7.000000 36.000000 40.000000 9.000000 86.000000 1.000000 42.000000 94.000000 68.000000 97.000000 27.000000 87.000000 
76.000000 76.000000 47.000000 40.000000 40.000000 92.000000 69.000000 86.000000 49.000000 34.000000 40.000000 73.000000 45.000000 93.000000 4.000000 54.000000 33.000000 71.000000 29.000000 39.000000 87.000000 6.000000 31.000000 58.000000 79.000000 57.000000 86.000000 79.000000 76.000000 70.000000 
65.000000 85.000000 62.000000 35.000000 58.000000 3.000000 78.000000 93.000000 45.000000 35.000000 13.000000 53.000000 44.000000 50.000000 68.000000 37.000000 33.000000 9.000000 69.000000 46.000000 42.000000 56.000000 22.000000 40.000000 57.000000 89.000000 33.000000 55.000000 63.000000 97.000000 
13.000000 94.000000 45.000000 13.000000 67.000000 98.000000 12.000000 42.000000 29.000000 50.000000 11.000000 45.000000 88.000000 80.000000 45.000000 94.000000 14.000000 81.000000 20.000000 36.000000 95.000000 45.000000 84.000000 18.000000 24.000000 81.000000 17.000000 78.000000 10.000000 78.000000 
12.000000 77.000000 1.000000 14.000000 28.000000 59.000000 35.000000 44.000000 28.000000 47.000000 69.000000 97.000000 24.000000 3.000000 36.000000 75.000000 77.000000 35.000000 47.000000 37.000000 59.000000 6.000000 33.000000 0.000000 42.000000 89.000000 81.000000 6.000000 80.000000 72.000000 
25.000000 17.000000 12.000000 2.000000 93.000000 60.000000 92.000000 32.000000 16.000000 11.000000 15.000000 3.000000 51.000000 5.000000 10.000000 67.000000 76.000000 13.000000 17.000000 53.000000 60.000000 4.000000 63.000000 18.000000 10.000000 7.000000 98.000000 29.000000 63.000000 27.000000 
79.000000 92.000000 49.000000 78.000000 88.000000 99.000000 72.000000 47.000000 32.000000 65.000000 62.000000 0.000000 75.000000 94.000000 10.000000 80.000000 62.000000 71.000000 83.000000 78.000000 84.000000 77.000000 74.000000 66.000000 58.000000 90.000000 57.000000 22.000000 25.000000 97.000000 
17.000000 94.000000 16.000000 34.000000 10.000000 73.000000 2.000000 46.000000 50.000000 78.000000 60.000000 16.000000 33.000000 72.000000 1.000000 5.000000 58.000000 64.000000 41.000000 20.000000 83.000000 64.000000 39.000000 82.000000 42.000000 91.000000 92.000000 67.000000 8.000000 59.000000 
88.000000 50.000000 73.000000 92.000000 60.000000 65.000000 87.000000 29.000000 63.000000 69.000000 69.000000 40.000000 6.000000 64.000000 91.000000 48.000000 81.000000 17.000000 89.000000 35.000000 75.000000 96.000000 61.000000 77.000000 84.000000 95.000000 46.000000 36.000000 27.000000 15.000000 
5.000000 98.000000 45.000000 43.000000 38.000000 42.000000 47.000000 27.000000 15.000000 83.000000 20.000000 43.000000 1.000000 7.000000 16.000000 13.000000 3.000000 12.000000 92.000000 10.000000 76.000000 6.000000 57.000000 51.000000 53.000000 35.000000 66.000000 88.000000 98.000000 43.000000 
43.000000 26.000000 91.000000 76.000000 44.000000 33.000000 1.000000 1.000000 80.000000 35.000000 85.000000 80.000000 63.000000 89.000000 48.000000 39.000000 54.000000 91.000000 43.000000 7.000000 5.000000 62.000000 72.000000 28.000000 50.000000 12.000000 51.000000 65.000000 70.000000 83.000000 
38.000000 39.000000 39.000000 11.000000 18.000000 93.000000 28.000000 70.000000 28.000000 61.000000 31.000000 77.000000 40.000000 81.000000 27.000000 79.000000 40.000000 80.000000 1.000000 47.000000 86.000000 39.000000 84.000000 50.000000 8.000000 87.000000 83.000000 79.000000 4.000000 6.000000 
28.000000 50.000000 38.000000 37.000000 28.000000 10.000000 39.000000 9.000000 30.000000 6.000000 67.000000 52.000000 35.000000 16.000000 80.000000 53.000000 87.000000 32.000000 39.000000 64.000000 55.000000 57.000000 15.000000 72.000000 82.000000 50.000000 97.000000 4.000000 52.000000 26.000000 
11.000000 8.000000 10.000000 9.000000 98.000000 38.000000 42.000000 83.000000 13.000000 45.000000 77.000000 92.000000 44.000000 38.000000 0.000000 86.000000 60.000000 78.000000 61.000000 16.000000 34.000000 6.000000 32.000000 17.000000 16.000000 34.000000 48.000000 35.000000 30.000000 38.000000 
20.000000 0.000000 30.000000 31.000000 32.000000 26.000000 48.000000 27.000000 30.000000 14.000000 5.000000 83.000000 87.000000 74.000000 66.000000 20.000000 95.000000 97.000000 87.000000 45.000000 9.000000 48.000000 46.000000 12.000000 64.000000 48.000000 80.000000 12.000000 20.000000 79.000000 
78.000000 80.000000 18.000000 21.000000 72.000000 47.000000 48.000000 18.000000 50.000000 74.000000 58.000000 10.000000 81.000000 66.000000 71.000000 99.000000 20.000000 34.000000 61.000000 30.000000 25.000000 58.000000 34.000000 93.000000 24.000000 69.000000 1.000000 95.000000 3.000000 55.000000 
31.000000 51.000000 94.000000 63.000000 44.000000 84.000000 2.000000 38.000000 57.000000 47.000000 91.000000 38.000000 11.000000 3.000000 16.000000 99.000000 30.000000 13.000000 70.000000 54.000000 4.000000 42.000000 92.000000 29.000000 79.000000 63.000000 49.000000 53.000000 9.000000 25.000000 
85.000000 72.000000 4.000000 20.000000 6.000000 49.000000 63.000000 55.000000 40.000000 98.000000 1.000000 27.000000 92.000000 61.000000 87.000000 46.000000 87.000000 45.000000 61.000000 58.000000 63.000000 87.000000 97.000000 61.000000 61.000000 83.000000 32.000000 21.000000 29.000000 26.000000 
73.000000 30.000000 32.000000 33.000000 55.000000 55.000000 26.000000 42.000000 6.000000 76.000000 62.000000 32.000000 61.000000 18.000000 2.000000 73.000000 5.000000 19.000000 77.000000 32.000000 50.000000 76.000000 24.000000 77.000000 81.000000 90.000000 59.000000 53.000000 22.000000 76.000000 
4.000000 34.000000 95.000000 24.000000 52.000000 70.000000 91.000000 20.000000 44.000000 79.000000 74.000000 60.000000 97.000000 53.000000 63.000000 31.000000 99.000000 89.000000 0.000000 22.000000 73.000000 46.000000 75.000000 9.000000 57.000000 7.000000 65.000000 5.000000 68.000000 86.000000 
18.000000 88.000000 41.000000 11.000000 92.000000 46.000000 61.000000 75.000000 15.000000 82.000000 30.000000 33.000000 33.000000 96.000000 30.000000 90.000000 74.000000 21.000000 92.000000 10.000000 24.000000 80.000000 66.000000 34.000000 10.000000 93.000000 48.000000 90.000000 23.000000 55.000000 
25.000000 38.000000 36.000000 63.000000 40.000000 76.000000 1.000000 56.000000 79.000000 2.000000 17.000000 1.000000 32.000000 13.000000 16.000000 44.000000 99.000000 78.000000 2.000000 97.000000 19.000000 23.000000 47.000000 42.000000 53.000000 6.000000 17.000000 67.000000 60.000000 81.000000 
97.000000 63.000000 21.000000 78.000000 29.000000 56.000000 28.000000 33.000000 74.000000 40.000000 27.000000 64.000000 83.000000 41.000000 81.000000 64.000000 25.000000 40.000000 99.000000 67.000000 0.000000 13.000000 48.000000 1.000000 53.000000 78.000000 36.000000 30.000000 52.000000 65.000000 
38.000000 66.000000 98.000000 26.000000 3.000000 83.000000 96.000000 73.000000 63.000000 74.000000 81.000000 6.000000 36.000000 37.000000 90.000000 60.000000 85.000000 68.000000 27.000000 90.000000 78.000000 15.000000 62.000000 71.000000 76.000000 2.000000 48.000000 85.000000 20.000000 38.000000 
63.000000 23.000000 5.000000 71.000000 1.000000 12.000000 71.000000 44.000000 77.000000 64.000000 32.000000 76.000000 10.000000 86.000000 39.000000 56.000000 6.000000 17.000000 32.000000 41.000000 58.000000 77.000000 40.000000 92.000000 22.000000 23.000000 31.000000 72.000000 53.000000 80.000000 
16.000000 21.000000 90.000000 71.000000 65.000000 54.000000 52.000000 66.000000 80.000000 60.000000 52.000000 30.000000 52.000000 0.000000 65.000000 35.000000 72.000000 18.000000 93.000000 68.000000 90.000000 37.000000 21.000000 55.000000 41.000000 79.000000 60.000000 70.000000 69.000000 42.000000 
4.000000 6.000000 39.000000 31.000000 66.000000 42.000000 0.000000 13.000000 60.000000 4.000000 42.000000 44.000000 48.000000 22.000000 70.000000 97.000000 67.000000 32.000000 80.000000 83.000000 4.000000 69.000000 9.000000 45.000000 84.000000 53.000000 95.000000 68.000000 95.000000 59.000000 
77.000000 27.000000 58.000000 28.000000 9.000000 82.000000 15.000000 64.000000 74.000000 79.000000 3.000000 16.000000 21.000000 17.000000 29.000000 36.000000 63.000000 0.000000 56.000000 79.000000 9.000000 67.000000 86.000000 73.000000 14.000000 89.000000 86.000000 73.000000 69.000000 62.000000 
91.000000 87.000000 71.000000 31.000000 86.000000 35.000000 51.000000 48.000000 54.000000 66.000000 28.000000 20.000000 29.000000 65.000000 36.000000 13.000000 5.000000 19.000000 35.000000 30.000000 87.000000 2.000000 12.000000 52.000000 75.000000 31.000000 14.000000 31.000000 29.000000 89.000000 
84.000000 74.000000 50.000000 1.000000 97.000000 42.000000 79.000000 39.000000 94.000000 64.000000 92.000000 72.000000 86.000000 39.000000 48.000000 88.000000 61.000000 76.000000 26.000000 65.000000 24.000000 94.000000 34.000000 49.000000 44.000000 77.000000 2.000000 95.000000 95.000000 66.000000 
85.000000 50.000000 18.000000 30.000000 21.000000 93.000000 31.000000 35.000000 43.000000 76.000000 72.000000 27.000000 29.000000 8.000000 48.000000 77.000000 42.000000 96.000000 27.000000 62.000000 85.000000 16.000000 95.000000 84.000000 87.000000 94.000000 68.000000 44.000000 89.000000 13.000000 
24.000000 28.000000 93.000000 79.000000 1.000000 64.000000 92.000000 6.000000 78.000000 70.000000 2.000000 5.000000 24.000000 93.000000 60.000000 98.000000 96.000000 9.000000 56.000000 73.000000 15.000000 35.000000 17.000000 66.000000 43.000000 79.000000 53.000000 31.000000 49.000000 17.000000 
51.000000 32.000000 48.000000 86.000000 58.000000 70.000000 20.000000 24.000000 95.000000 30.000000 73.000000 94.000000 97.000000 9.000000 93.000000 81.000000 70.000000 61.000000 92.000000 47.000000 6.000000 75.000000 66.000000 74.000000 99.000000 53.000000 92.000000 43.000000 57.000000 81.000000 
59.000000 18.000000 94.000000 99.000000 91.000000 44.000000 53.000000 93.000000 16.000000 67.000000 3.000000 4.000000 80.000000 38.000000 87.000000 93.000000 27.000000 70.000000 36.000000 19.000000 76.000000 38.000000 72.000000 33.000000 70.000000 67.000000 52.000000 65.000000 97.000000 25.000000 
42.000000 86.000000 72.000000 32.000000 16.000000 56.000000 61.000000 42.000000 18.000000 91.000000 83.000000 62.000000 31.000000 17.000000 95.000000 22.000000 47.000000 88.000000 79.000000 99.000000 28.000000 90.000000 68.000000 66.000000 3.000000 51.000000 77.000000 11.000000 35.000000 39.000000 
43.000000 64.000000 66.000000 12.000000 68.000000 5.000000 9.000000 47.000000 42.000000 57.000000 60.000000 78.000000 71.000000 87.000000 37.000000 3.000000 41.000000 48.000000 70.000000 46.000000 7.000000 70.000000 9.000000 90.000000 70.000000 50.000000 15.000000 7.000000 89.000000 18.000000 
55.000000 61.000000 43.000000 79.000000 5.000000 49.000000 33.000000 42.000000 56.000000 13.000000 0.000000 2.000000 54.000000 44.000000 86.000000 33.000000 22.000000 47.000000 72.000000 9.000000 65.000000 43.000000 72.000000 43.000000 32.000000 35.000000 60.000000 45.000000 91.000000 52.000000 
62.000000 7.000000 56.000000 64.000000 41.000000 81.000000 54.000000 10.000000 56.000000 11.000000 33.000000 93.000000 79.000000 24.000000 40.000000 52.000000 86.000000 2.000000 27.000000 83.000000 71.000000 78.000000 60.000000 80.000000 42.000000 43.000000 44.000000 38.000000 99.000000 43.000000 
81.000000 11.000000 9.000000 12.000000 26.000000 31.000000 10.000000 62.000000 23.000000 31.000000 31.000000 41.000000 6.000000 25.000000 3.000000 8.000000 28.000000 38.000000 87.000000 6.000000 36.000000 90.000000 51.000000 19.000000 0.000000 79.000000 88.000000 53.000000 84.000000 11.000000 
26.000000 72.000000 2.000000 80.000000 96.000000 73.000000 97.000000 90.000000 53.000000 3.000000 39.000000 73.000000 57.000000 19.000000 35.000000 45.000000 78.000000 75.000000 94.000000 12.000000 56.000000 67.000000 76.000000 99.000000 56.000000 79.000000 44.000000 87.000000 86.000000 16.000000 
82.000000 65.000000 60.000000 93.000000 39.000000 32.000000 44.000000 45.000000 40.000000 22.000000 3.000000 69.000000 48.000000 18.000000 38.000000 98.000000 73.000000 89.000000 86.000000 79.000000 81.000000 56.000000 17.000000 19.000000 16.000000 89.000000 58.000000 93.000000 73.000000 75.000000 
17.000000 40.000000 61.000000 9.000000 99.000000 7.000000 43.000000 11.000000 29.000000 93.000000 70.000000 54.000000 22.000000 13.000000 11.000000 75.000000 82.000000 86.000000 64.000000 89.000000 91.000000 14.000000 98.000000 27.000000 49.000000 9.000000 67.000000 85.000000 58.000000 80.000000 
82.000000 36.000000 67.000000 90.000000 37.000000 51.000000 22.000000 48.000000 34.000000 34.000000 81.000000 92.000000 45.000000 61.000000 3.000000 72.000000 9.000000 72.000000 1.000000 57.000000 42.000000 76.000000 37.000000 8.000000 24.000000 55.000000 83.000000 91.000000 82.000000 62.000000 
89.000000 45.000000 85.000000 86.000000 26.000000 93.000000 17.000000 95.000000 86.000000 88.000000 97.000000 95.000000 86.000000 28.000000 64.000000 67.000000 66.000000 70.000000 39.000000 64.000000 14.000000 43.000000 39.000000 82.000000 46.000000 23.000000 3.000000 43.000000 9.000000 33.000000 
55.000000 45.000000 13.000000 81.000000 10.000000 67.000000 88.000000 39.000000 0.000000 47.000000 31.000000 33.000000 85.000000 58.000000 83.000000 98.000000 67.000000 47.000000 63.000000 17.000000 13.000000 27.000000 42.000000 39.000000 72.000000 34.000000 20.000000 61.000000 47.000000 67.000000 
67.000000 13.000000 25.000000 4.000000 20.000000 65.000000 6.000000 41.000000 55.000000 76.000000 78.000000 10.000000 72.000000 26.000000 20.000000 60.000000 67.000000 12.000000 39.000000 19.000000 76.000000 8.000000 62.000000 63.000000 13.000000 98.000000 57.000000 60.000000 43.000000 57.000000 
35.000000 79.000000 55.000000 18.000000 71.000000 60.000000 32.000000 61.000000 37.000000 97.000000 29.000000 15.000000 36.000000 83.000000 8.000000 46.000000 89.000000 15.000000 87.000000 87.000000 5.000000 54.000000 15.000000 24.000000 36.000000 95.000000 58.000000 37.000000 97.000000 84.000000 
76.000000 83.000000 14.000000 2.000000 24.000000 50.000000 15.000000 82.000000 99.000000 18.000000 85.000000 45.000000 20.000000 26.000000 48.000000 68.000000 14.000000 7.000000 46.000000 8.000000 48.000000 55.000000 34.000000 71.000000 21.000000 34.000000 99.000000 71.000000 14.000000 32.000000 
90.000000 31.000000 61.000000 46.000000 96.000000 32.000000 81.000000 18.000000 21.000000 88.000000 1.000000 72.000000 49.000000 20.000000 41.000000 43.000000 85.000000 61.000000 48.000000 61.000000 14.000000 97.000000 7.000000 57.000000 34.000000 34.000000 63.000000 90.000000 34.000000 61.000000 
22.000000 22.000000 25.000000 23.000000 18.000000 91.000000 62.000000 41.000000 87.000000 44.000000 95.000000 41.000000 49.000000 43.000000 46.000000 78.000000 12.000000 57.000000 5.000000 60.000000 45.000000 94.000000 82.000000 14.000000 79.000000 44.000000 59.000000 60.000000 42.000000 32.000000 
41.000000 61.000000 27.000000 3.000000 84.000000 81.000000 50.000000 96.000000 61.000000 71.000000 57.000000 61.000000 85.000000 58.000000 83.000000 40.000000 8.000000 1.000000 55.000000 24.000000 62.000000 59.000000 22.000000 29.000000 5.000000 65.000000 31.000000 79.000000 2.000000 11.000000 
88.000000 85.000000 36.000000 87.000000 80.000000 36.000000 41.000000 23.000000 36.000000 78.000000 6.000000 41.000000 62.000000 11.000000 82.000000 0.000000 70.000000 56.000000 85.000000 94.000000 98.000000 57.000000 0.000000 52.000000 73.000000 23.000000 9.000000 30.000000 85.000000 37.000000 
2.000000 99.000000 58.000000 61.000000 54.000000 81.000000 36.000000 42.000000 61.000000 68.000000 37.000000 87.000000 81.000000 42.000000 26.000000 50.000000 19.000000 77.000000 12.000000 69.000000 47.000000 84.000000 73.000000 33.000000 57.000000 30.000000 75.000000 72.000000 83.000000 61.000000 
20.000000 2.000000 36.000000 85.000000 43.000000 56.000000 46.000000 8.000000 55.000000 1.000000 3.000000 30.000000 94.000000 11.000000 35.000000 37.000000 30.000000 43.000000 70.000000 51.000000 35.000000 45.000000 77.000000 22.000000 17.000000 89.000000 62.000000 84.000000 82.000000 6.000000 
85.000000 83.000000 67.000000 70.000000 25.000000 76.000000 61.000000 54.000000 80.000000 55.000000 1.000000 56.000000 16.000000 26.000000 26.000000 74.000000 83.000000 64.000000 8.000000 66.000000 54.000000 27.000000 0.000000 35.000000 78.000000 85.000000 73.000000 22.000000 36.000000 3.000000 
29.000000 91.000000 42.000000 96.000000 14.000000 48.000000 33.000000 30.000000 59.000000 23.000000 43.000000 35.000000 44.000000 10.000000 45.000000 67.000000 32.000000 34.000000 10.000000 35.000000 49.000000 6.000000 28.000000 63.000000 93.000000 76.000000 69.000000 68.000000 86.000000 91.000000 
92.000000 72.000000 30.000000 29.000000 43.000000 73.000000 0.000000 53.000000 65.000000 53.000000 17.000000 19.000000 37.000000 81.000000 57.000000 27.000000 22.000000 65.000000 91.000000 88.000000 68.000000 34.000000 96.000000 62.000000 95.000000 64.000000 33.000000 91.000000 86.000000 95.000000 
9.000000 16.000000 38.000000 79.000000 78.000000 58.000000 51.000000 61.000000 24.000000 14.000000 68.000000 97.000000 42.000000 83.000000 81.000000 53.000000 18.000000 33.000000 76.000000 30.000000 63.000000 65.000000 72.000000 18.000000 49.000000 41.000000 98.000000 81.000000 67.000000 89.000000 
83.000000 11.000000 97.000000 77.000000 70.000000 7.000000 49.000000 53.000000 90.000000 79.000000 35.000000 70.000000 33.000000 66.000000 71.000000 41.000000 14.000000 33.000000 12.000000 13.000000 24.000000 69.000000 86.000000 33.000000 11.000000 20.000000 60.000000 66.000000 24.000000 18.000000 
73.000000 64.000000 31.000000 84.000000 10.000000 16.000000 79.000000 38.000000 94.000000 24.000000 56.000000 19.000000 38.000000 73.000000 92.000000 10.000000 71.000000 7.000000 90.000000 25.000000 27.000000 14.000000 80.000000 90.000000 78.000000 96.000000 34.000000 44.000000 37.000000 65.000000 
0.000000 23.000000 57.000000 97.000000 18.000000 5.000000 14.000000 34.000000 47.000000 53.000000 48.000000 16.000000 8.000000 50.000000 95.000000 83.000000 18.000000 29.000000 38.000000 78.000000 81.000000 58.000000 53.000000 44.000000 45.000000 98.000000 37.000000 91.000000 63.000000 69.000000 
43.000000 82.000000 96.000000 95.000000 56.000000 56.000000 50.000000 91.000000 78.000000 97.000000 49.000000 32.000000 22.000000 12.000000 76.000000 10.000000 20.000000 73.000000 28.000000 70.000000 0.000000 40.000000 74.000000 85.000000 90.000000 73.000000 15.000000 95.000000 40.000000 95.000000 
85.000000 46.000000 95.000000 69.000000 25.000000 82.000000 36.000000 92.000000 48.000000 81.000000 78.000000 26.000000 51.000000 52.000000 9.000000 29.000000 55.000000 13.000000 83.000000 26.000000 81.000000 29.000000 13.000000 63.000000 77.000000 80.000000 39.000000 29.000000 79.000000 85.000000 
45.000000 17.000000 52.000000 1.000000 65.000000 89.000000 42.000000 78.000000 92.000000 44.000000 52.000000 36.000000 93.000000 9.000000 12.000000 90.000000 82.000000 22.000000 7.000000 47.000000 8.000000 36.000000 76.000000 51.000000 61.000000 4.000000 12.000000 44.000000 6.000000 3.000000 