30 75
154 97 165 35 126 26 57 73 42 58 33 177 106 33 118 72 129 131 106 115 68 184 135 60 124 145 143 80 62 117 
3455.000000 15537.000000 9015.000000 1899.000000 16746.000000 8298.000000 5213.000000 6813.000000 9293.000000 5708.000000 4705.000000 6636.000000 8959.000000 10547.000000 1900.000000 5309.000000 11276.000000 6744.000000 7273.000000 10767.000000 13790.000000 12116.000000 10624.000000 13881.000000 12755.000000 10494.000000 16589.000000 8417.000000 10302.000000 9647.000000 
23 29 11 11 28 22 13 26 14 16 26 17 17 22 17 23 16 17 22 22 26 24 22 28 22 20 10 15 25 24 18 27 13 16 21 14 16 18 28 29 22 13 20 10 24 26 14 28 10 15 21 10 18 15 25 26 15 21 16 22 22 12 15 24 19 16 15 25 11 28 27 10 19 12 12 
97.000000 91.000000 91.000000 69.000000 87.000000 76.000000 24.000000 3.000000 78.000000 67.000000 91.000000 83.000000 92.000000 29.000000 15.000000 3.000000 48.000000 9.000000 83.000000 28.000000 78.000000 4.000000 65.000000 34.000000 26.000000 82.000000 27.000000 56.000000 52.000000 73.000000 
50.000000 35.000000 70.000000 75.000000 49.000000 97.000000 72.000000 10.000000 49.000000 6.000000 7.000000 57.000000 85.000000 60.000000 46.000000 21.000000 12.000000 50.000000 30.000000 29.000000 41.000000 70.000000 86.000000 65.000000 60.000000 65.000000 66.000000 67.000000 73.000000 57.000000 
34.000000 70.000000 96.000000 75.000000 14.000000 56.000000 79.000000 85.000000 63.000000 41.000000 37.000000 4.000000 49.000000 24.000000 22.000000 26.000000 36.000000 64.000000 64.000000 3.000000 98.000000 68.000000 60.000000 74.000000 41.000000 3.000000 92.000000 6.000000 79.000000 69.000000 
3.000000 10.000000 97.000000 89.000000 59.000000 42.000000 15.000000 6.000000 84.000000 2.000000 18.000000 4.000000 31.000000 86.000000 16.000000 65.000000 48.000000 58.000000 60.000000 62.000000 29.000000 53.000000 24.000000 33.000000 68.000000 14.000000 23.000000 78.000000 71.000000 38.000000 
33.000000 95.000000 67.000000 72.000000 33.000000 32.000000 39.000000 97.000000 77.000000 22.000000 69.000000 78.000000 84.000000 33.000000 57.000000 75.000000 83.000000 50.000000 65.000000 46.000000 57.000000 67.000000 95.000000 77.000000 94.000000 56.000000 98.000000 27.000000 99.000000 47.000000 
85.000000 77.000000 64.000000 27.000000 66.000000 14.000000 78.000000 52.000000 61.000000 83.000000 21.000000 20.000000 44.000000 5.000000 2.000000 60.000000 16.000000 32.000000 94.000000 21.000000 27.000000 91.000000 11.000000 79.000000 78.000000 37.000000 12.000000 93.000000 89.000000 9.000000 
32.000000 68.000000 1.000000 78.000000 74.000000 20.000000 59.000000 18.000000 11.000000 47.000000 83.000000 32.000000 85.000000 44.000000 26.000000 34.000000 3.000000 16.000000 93.000000 51.000000 61.000000 96.000000 45.000000 4.000000 43.000000 49.000000 26.000000 82.000000 1.000000 23.000000 
82.000000 18.000000 74.000000 95.000000 69.000000 28.000000 33.000000 3.000000 59.000000 74.000000 51.000000 68.000000 91.000000 60.000000 24.000000 58.000000 34.000000 81.000000 13.000000 31.000000 49.000000 67.000000 61.000000 65.000000 84.000000 7.000000 22.000000 73.000000 14.000000 47.000000 
98.000000 47.000000 26.000000 73.000000 71.000000 82.000000 15.000000 53.000000 77.000000 76.000000 33.000000 85.000000 61.000000 10.000000 2.000000 71.000000 10.000000 52.000000 92.000000 18.000000 48.000000 31.000000 28.000000 45.000000 41.000000 90.000000 64.000000 34.000000 56.000000 97.000000 
49.000000 53.000000 61.000000 92.000000 72.000000 54.000000 61.000000 81.000000 47.000000 14.000000 11.000000 15.000000 2.000000 66.000000 46.000000 19.000000 61.000000 51.000000 34.000000 37.000000 30.000000 81.000000 16.000000 44.000000 50.000000 90.000000 12.000000 9.000000 58.000000 28.000000 
94.000000 17.000000 67.000000 5.000000 62.000000 5.000000 76.000000 1.000000 74.000000 42.000000 52.000000 7.000000 5.000000 70.000000 44.000000 41.000000 52.000000 88.000000 44.000000 77.000000 1.000000 50.000000 82.000000 66.000000 20.000000 94.000000 19.000000 42.000000 55.000000 32.000000 
95.000000 46.000000 31.000000 75.000000 33.000000 97.000000 92.000000 60.000000 1.000000 17.000000 33.000000 15.000000 96.000000 65.000000 99.000000 61.000000 89.000000 46.000000 69.000000 60.000000 57.000000 8.000000 36.000000 50.000000 87.000000 31.000000 52.000000 4.000000 16.000000 77.000000 
16.000000 43.000000 60.000000 52.000000 1.000000 62.000000 42.000000 7.000000 58.000000 53.000000 13.000000 64.000000 51.000000 45.000000 25.000000 57.000000 97.000000 84.000000 23.000000 27.000000 28.000000 26.000000 34.000000 91.000000 79.000000 19.000000 88.000000 93.000000 98.000000 96.000000 
1.000000 5.000000 11.000000 99.000000 90.000000 25.000000 82.000000 19.000000 19.000000 99.000000 84.000000 3.000000 81.000000 64.000000 35.000000 80.000000 67.000000 87.000000 73.000000 9.000000 88.000000 42.000000 1.000000 24.000000 41.000000 58.000000 90.000000 63.000000 33.000000 32.000000 
36.000000 88.000000 16.000000 75.000000 19.000000 31.000000 78.000000 52.000000 93.000000 33.000000 19.000000 24.000000 14.000000 52.000000 82.000000 4.000000 84.000000 63.000000 26.000000 96.000000 67.000000 77.000000 78.000000 59.000000 5.000000 42.000000 71.000000 27.000000 44.000000 12.000000 
75.000000 87.000000 35.000000 0.000000 81.000000 70.000000 90.000000 43.000000 73.000000 32.000000 96.000000 42.000000 26.000000 17.000000 6.000000 67.000000 95.000000 28.000000 89.000000 37.000000 88.000000 60.000000 85.000000 5.000000 43.000000 57.000000 98.000000 16.000000 48.000000 3.000000 
33.000000 18.000000 72.000000 59.000000 57.000000 49.000000 96.000000 10.000000 40.000000 12.000000 77.000000 75.000000 94.000000 30.000000 53.000000 1.000000 35.000000 37.000000 6.000000 42.000000 33.000000 43.000000 17.000000 92.000000 3.000000 81.000000 89.000000 27.000000 79.000000 30.000000 
27.000000 76.000000 67.000000 58.000000 85.000000 10.000000 58.000000 49.000000 42.000000 49.000000 51.000000 89.000000 45.000000 1.000000 33.000000 31.000000 45.000000 84.000000 97.000000 76.000000 3.000000 14.000000 91.000000 19.000000 60.000000 40.000000 61.000000 69.000000 75.000000 71.000000 
90.000000 16.000000 90.000000 21.000000 74.000000 33.000000 81.000000 63.000000 82.000000 15.000000 78.000000 80.000000 74.000000 0.000000 92.000000 43.000000 3.000000 27.000000 74.000000 60.000000 1.000000 19.000000 82.000000 72.000000 32.000000 5.000000 39.000000 88.000000 68.000000 4.000000 
14.000000 0.000000 16.000000 58.000000 52.000000 1.000000 98.000000 64.000000 33.000000 1.000000 69.000000 58.000000 42.000000 28.000000 26.000000 40.000000 82.000000 43.000000 33.000000 49.000000 44.000000 9.000000 75.000000 28.000000 41.000000 5.000000 14.000000 36.000000 60.000000 56.000000 
1.000000 96.000000 76.000000 37.000000 83.000000 83.000000 54.000000 63.000000 0.000000 99.000000 15.000000 70.000000 49.000000 89.000000 55.000000 58.000000 91.000000 83.000000 37.000000 55.000000 95.000000 75.000000 87.000000 97.000000 65.000000 85.000000 83.000000 63.000000 89.000000 48.000000 
5.000000 1.000000 2.000000 29.000000 84.000000 17.000000 61.000000 70.000000 69.000000 42.000000 58.000000 8.000000 10.000000 74.000000 46.000000 17.000000 15.000000 69.000000 21.000000 72.000000 33.000000 42.000000 5.000000 33.000000 65.000000 75.000000 32.000000 98.000000 17.000000 57.000000 
2.000000 72.000000 40.000000 15.000000 82.000000 58.000000 16.000000 85.000000 59.000000 45.000000 99.000000 58.000000 70.000000 85.000000 2.000000 80.000000 75.000000 50.000000 0.000000 96.000000 35.000000 26.000000 0.000000 82.000000 20.000000 98.000000 71.000000 82.000000 56.000000 95.000000 
55.000000 60.000000 89.000000 42.000000 6.000000 25.000000 18.000000 13.000000 5.000000 96.000000 31.000000 85.000000 77.000000 16.000000 47.000000 45.000000 81.000000 15.000000 43.000000 92.000000 69.000000 9.000000 20.000000 37.000000 24.000000 59.000000 39.000000 95.000000 27.000000 42.000000 
34.000000 32.000000 16.000000 4.000000 78.000000 87.000000 26.000000 96.000000 54.000000 97.000000 39.000000 17.000000 72.000000 11.000000 63.000000 7.000000 20.000000 31.000000 44.000000 69.000000 49.000000 49.000000 58.000000 16.000000 27.000000 68.000000 44.000000 72.000000 2.000000 97.000000 
83.000000 63.000000 80.000000 85.000000 21.000000 82.000000 90.000000 35.000000 4.000000 27.000000 4.000000 89.000000 60.000000 27.000000 19.000000 96.000000 50.000000 10.000000 36.000000 5.000000 89.000000 89.000000 86.000000 23.000000 86.000000 59.000000 79.000000 60.000000 55.000000 29.000000 
94.000000 23.000000 20.000000 41.000000 24.000000 55.000000 98.000000 51.000000 38.000000 13.000000 22.000000 55.000000 45.000000 36.000000 64.000000 14.000000 53.000000 60.000000 57.000000 87.000000 60.000000 55.000000 21.000000 87.000000 37.000000 16.000000 49.000000 17.000000 62.000000 23.000000 
6.000000 49.000000 41.000000 45.000000 51.000000 59.000000 14.000000 66.000000 78.000000 24.000000 27.000000 48.000000 41.000000 51.000000 24.000000 64.000000 3.000000 77.000000 95.000000 72.000000 36.000000 90.000000 74.000000 91.000000 49.000000 34.000000 78.000000 26.000000 25.000000 6.000000 
31.000000 43.000000 1.000000 61.000000 9.000000 80.000000 14.000000 83.000000 17.000000 65.000000 98.000000 80.000000 53.000000 62.000000 3.000000 22.000000 54.000000 70.000000 84.000000 28.000000 8.000000 49.000000 67.000000 52.000000 76.000000 48.000000 86.000000 62.000000 78.000000 53.000000 
69.000000 75.000000 8.000000 79.000000 99.000000 8.000000 11.000000 94.000000 81.000000 66.000000 14.000000 23.000000 98.000000 56.000000 7.000000 78.000000 29.000000 13.000000 16.000000 22.000000 68.000000 87.000000 0.000000 57.000000 60.000000 95.000000 84.000000 84.000000 52.000000 63.000000 
97.000000 92.000000 19.000000 11.000000 83.000000 63.000000 13.000000 42.000000 96.000000 2.000000 50.000000 49.000000 5.000000 35.000000 25.000000 49.000000 70.000000 17.000000 21.000000 3.000000 58.000000 67.000000 70.000000 88.000000 19.000000 10.000000 55.000000 27.000000 29.000000 79.000000 
68.000000 92.000000 88.000000 38.000000 89.000000 37.000000 11.000000 1.000000 11.000000 24.000000 61.000000 68.000000 53.000000 57.000000 8.000000 18.000000 28.000000 21.000000 16.000000 97.000000 59.000000 8.000000 95.000000 21.000000 61.000000 74.000000 55.000000 69.000000 20.000000 41.000000 
63.000000 39.000000 63.000000 63.000000 96.000000 85.000000 75.000000 11.000000 18.000000 71.000000 16.000000 30.000000 41.000000 3.000000 46.000000 0.000000 56.000000 13.000000 63.000000 90.000000 10.000000 37.000000 4.000000 79.000000 9.000000 74.000000 65.000000 99.000000 40.000000 47.000000 
55.000000 16.000000 54.000000 90.000000 69.000000 54.000000 57.000000 24.000000 54.000000 28.000000 92.000000 27.000000 5.000000 43.000000 16.000000 67.000000 21.000000 76.000000 0.000000 86.000000 90.000000 38.000000 12.000000 52.000000 95.000000 3.000000 49.000000 92.000000 62.000000 28.000000 
50.000000 3.000000 89.000000 17.000000 85.000000 84.000000 24.000000 99.000000 1.000000 47.000000 78.000000 18.000000 92.000000 94.000000 10.000000 61.000000 7.000000 68.000000 95.000000 68.000000 10.000000 24.000000 74.000000 9.000000 70.000000 56.000000 52.000000 3.000000 31.000000 12.000000 
88.000000 38.000000 3.000000 43.000000 81.000000 95.000000 60.000000 96.000000 69.000000 98.000000 50.000000 40.000000 84.000000 47.000000 44.000000 72.000000 18.000000 89.000000 76.000000 65.000000 16.000000 45.000000 71.000000 38.000000 82.000000 4.000000 28.000000 64.000000 76.000000 40.000000 
41.000000 44.000000 30.000000 16.000000 56.000000 26.000000 17.000000 87.000000 98.000000 25.000000 50.000000 9.000000 16.000000 92.000000 85.000000 18.000000 39.000000 33.000000 71.000000 45.000000 30.000000 62.000000 63.000000 62.000000 85.000000 64.000000 90.000000 88.000000 20.000000 85.000000 
44.000000 8.000000 27.000000 74.000000 33.000000 61.000000 13.000000 54.000000 17.000000 17.000000 34.000000 91.000000 20.000000 51.000000 7.000000 88.000000 76.000000 69.000000 37.000000 24.000000 64.000000 58.000000 16.000000 13.000000 43.000000 59.000000 73.000000 60.000000 76.000000 86.000000 
74.000000 30.000000 16.000000 38.000000 9.000000 59.000000 94.000000 80.000000 16.000000 82.000000 27.000000 93.000000 24.000000 40.000000 33.000000 5.000000 19.000000 13.000000 30.000000 73.000000 65.000000 65.000000 49.000000 67.000000 23.000000 21.000000 94.000000 65.000000 72.000000 8.000000 
23.000000 84.000000 8.000000 7.000000 30.000000 98.000000 72.000000 31.000000 69.000000 95.000000 51.000000 10.000000 26.000000 9.000000 37.000000 41.000000 51.000000 12.000000 43.000000 47.000000 0.000000 42.000000 17.000000 48.000000 30.000000 23.000000 84.000000 36.000000 82.000000 90.000000 
37.000000 13.000000 19.000000 29.000000 34.000000 22.000000 5.000000 90.000000 68.000000 95.000000 63.000000 35.000000 46.000000 90.000000 18.000000 47.000000 62.000000 86.000000 39.000000 75.000000 62.000000 73.000000 19.000000 20.000000 53.000000 40.000000 69.000000 87.000000 72.000000 58.000000 
4.000000 36.000000 39.000000 4.000000 56.000000 30.000000 54.000000 81.000000 38.000000 53.000000 18.000000 29.000000 40.000000 44.000000 73.000000 19.000000 43.000000 73.000000 3.000000 89.000000 66.000000 58.000000 49.000000 69.000000 1.000000 90.000000 2.000000 82.000000 79.000000 32.000000 
5.000000 34.000000 87.000000 84.000000 66.000000 33.000000 32.000000 54.000000 66.000000 87.000000 8.000000 62.000000 7.000000 85.000000 17.000000 74.000000 42.000000 44.000000 64.000000 41.000000 84.000000 90.000000 7.000000 84.000000 72.000000 14.000000 38.000000 70.000000 60.000000 87.000000 
31.000000 40.000000 40.000000 60.000000 87.000000 8.000000 25.000000 75.000000 50.000000 31.000000 56.000000 43.000000 70.000000 29.000000 89.000000 88.000000 65.000000 88.000000 9.000000 60.000000 79.000000 87.000000 43.000000 52.000000 43.000000 39.000000 90.000000 82.000000 1.000000 13.000000 
89.000000 41.000000 49.000000 7.000000 79.000000 81.000000 89.000000 62.000000 40.000000 30.000000 14.000000 53.000000 4.000000 47.000000 63.000000 0.000000 87.000000 37.000000 12.000000 62.000000 70.000000 12.000000 13.000000 38.000000 38.000000 59.000000 55.000000 69.000000 53.000000 50.000000 
42.000000 10.000000 19.000000 5.000000 11.000000 37.000000 64.000000 89.000000 10.000000 90.000000 49.000000 20.000000 38.000000 71.000000 83.000000 0.000000 2.000000 57.000000 89.000000 3.000000 39.000000 80.000000 65.000000 90.000000 22.000000 3.000000 43.000000 21.000000 34.000000 81.000000 
5.000000 90.000000 94.000000 85.000000 46.000000 13.000000 52.000000 46.000000 80.000000 27.000000 93.000000 19.000000 12.000000 90.000000 36.000000 97.000000 58.000000 98.000000 84.000000 19.000000 49.000000 32.000000 81.000000 40.000000 75.000000 37.000000 89.000000 79.000000 48.000000 71.000000 
73.000000 43.000000 81.000000 74.000000 67.000000 1.000000 36.000000 71.000000 59.000000 61.000000 55.000000 83.000000 15.000000 65.000000 3.000000 11.000000 31.000000 5.000000 84.000000 37.000000 86.000000 41.000000 92.000000 44.000000 30.000000 49.000000 23.000000 41.000000 31.000000 48.000000 
62.000000 64.000000 70.000000 84.000000 10.000000 71.000000 52.000000 55.000000 19.000000 62.000000 76.000000 21.000000 57.000000 97.000000 78.000000 27.000000 13.000000 75.000000 46.000000 30.000000 11.000000 12.000000 62.000000 13.000000 6.000000 30.000000 31.000000 25.000000 75.000000 40.000000 
91.000000 78.000000 11.000000 80.000000 27.000000 94.000000 11.000000 49.000000 20.000000 80.000000 94.000000 38.000000 0.000000 75.000000 0.000000 55.000000 19.000000 92.000000 52.000000 98.000000 13.000000 67.000000 79.000000 14.000000 49.000000 62.000000 49.000000 56.000000 83.000000 98.000000 
38.000000 19.000000 44.000000 24.000000 37.000000 23.000000 53.000000 25.000000 95.000000 76.000000 20.000000 47.000000 27.000000 27.000000 84.000000 81.000000 36.000000 92.000000 0.000000 32.000000 45.000000 20.000000 66.000000 72.000000 21.000000 36.000000 61.000000 50.000000 46.000000 62.000000 
41.000000 8.000000 62.000000 12.000000 93.000000 25.000000 0.000000 18.000000 58.000000 87.000000 68.000000 17.000000 83.000000 59.000000 51.000000 31.000000 35.000000 11.000000 62.000000 91.000000 16.000000 5.000000 38.000000 3.000000 44.000000 62.000000 64.000000 65.000000 93.000000 76.000000 
88.000000 60.000000 15.000000 7.000000 40.000000 4.000000 71.000000 8.000000 78.000000 15.000000 61.000000 53.000000 25.000000 36.000000 18.000000 59.000000 66.000000 23.000000 15.000000 47.000000 16.000000 85.000000 89.000000 54.000000 90.000000 35.000000 92.000000 16.000000 24.000000 91.000000 
20.000000 73.000000 33.000000 36.000000 70.000000 56.000000 5.000000 24.000000 43.000000 85.000000 64.000000 87.000000 82.000000 58.000000 56.000000 94.000000 15.000000 24.000000 39.000000 52.000000 39.000000 81.000000 78.000000 54.000000 72.000000 11.000000 78.000000 25.000000 59.000000 73.000000 
11.000000 0.000000 95.000000 12.000000 8.000000 51.000000 23.000000 29.000000 35.000000 53.000000 0.000000 53.000000 70.000000 32.000000 48.000000 95.000000 41.000000 52.000000 43.000000 67.000000 4.000000 38.000000 80.000000 17.000000 71.000000 28.000000 49.000000 90.000000 99.000000 7.000000 
98.000000 33.000000 27.000000 75.000000 53.000000 99.000000 5.000000 36.000000 48.000000 10.000000 48.000000 18.000000 65.000000 97.000000 24.000000 68.000000 90.000000 21.000000 53.000000 69.000000 50.000000 38.000000 65.000000 77.000000 62.000000 69.000000 60.000000 82.000000 31.000000 94.000000 
65.000000 38.000000 67.000000 57.000000 67.000000 1.000000 7.000000 77.000000 86.000000 99.000000 74.000000 94.000000 5.000000 96.000000 90.000000 87.000000 73.000000 41.000000 43.000000 51.000000 57.000000 2.000000 64.000000 20.000000 88.000000 36.000000 67.000000 64.000000 51.000000 44.000000 
61.000000 11.000000 4.000000 97.000000 29.000000 67.000000 16.000000 59.000000 50.000000 22.000000 77.000000 18.000000 82.000000 86.000000 8.000000 13.000000 57.000000 77.000000 80.000000 16.000000 48.000000 64.000000 11.000000 8.000000 95.000000 35.000000 11.000000 58.000000 30.000000 36.000000 
94.000000 87.000000 9.000000 14.000000 63.000000 89.000000 53.000000 46.000000 52.000000 29.000000 55.000000 50.000000 73.000000 48.000000 12.000000 4.000000 4.000000 41.000000 78.000000 10.000000 24.000000 84.000000 49.000000 98.000000 63.000000 40.000000 28.000000 41.000000 36.000000 57.000000 
40.000000 35.000000 80.000000 34.000000 79.000000 62.000000 7.000000 40.000000 9.000000 37.000000 47.000000 90.000000 75.000000 9.000000 36.000000 16.000000 54.000000 75.000000 79.000000 3.000000 94.000000 14.000000 3.000000 59.000000 96.000000 51.000000 57.000000 52.000000 33.000000 29.000000 
35.000000 21.000000 42.000000 17.000000 43.000000 56.000000 0.000000 2.000000 16.000000 2.000000 76.000000 46.000000 64.000000 19.000000 41.000000 87.000000 94.000000 21.000000 57.000000 39.000000 64.000000 68.000000 76.000000 1.000000 33.000000 79.000000 43.000000 85.000000 25.000000 94.000000 
55.000000 29.000000 44.000000 13.000000 36.000000 53.000000 58.000000 73.000000 33.000000 65.000000 89.000000 47.000000 35.000000 37.000000 56.000000 90.000000 67.000000 4.000000 46.000000 37.000000 21.000000 45.000000 30.000000 56.000000 25.000000 72.000000 43.000000 3.000000 51.000000 20.000000 
95.000000 17.000000 22.000000 5.000000 68.000000 68.000000 75.000000 21.000000 43.000000 52.000000 70.000000 68.000000 40.000000 75.000000 72.000000 39.000000 73.000000 78.000000 43.000000 18.000000 53.000000 11.000000 2.000000 53.000000 90.000000 34.000000 70.000000 12.000000 84.000000 17.000000 
81.000000 38.000000 83.000000 67.000000 41.000000 59.000000 81.000000 94.000000 68.000000 15.000000 59.000000 10.000000 29.000000 16.000000 3.000000 5.000000 78.000000 38.000000 52.000000 55.000000 41.000000 23.000000 46.000000 64.000000 13.000000 35.000000 2.000000 17.000000 72.000000 92.000000 
22.000000 27.000000 3.000000 83.000000 2.000000 92.000000 97.000000 26.000000 20.000000 75.000000 78.000000 34.000000 7.000000 12.000000 62.000000 96.000000 27.000000 82.000000 50.000000 83.000000 26.000000 92.000000 11.000000 49.000000 23.000000 89.000000 18.000000 74.000000 64.000000 69.000000 
21.000000 70.000000 39.000000 66.000000 89.000000 58.000000 52.000000 36.000000 56.000000 80.000000 92.000000 65.000000 23.000000 94.000000 33.000000 71.000000 47.000000 85.000000 79.000000 73.000000 86.000000 83.000000 17.000000 58.000000 86.000000 61.000000 49.000000 54.000000 37.000000 62.000000 
16.000000 3.000000 35.000000 88.000000 37.000000 86.000000 18.000000 29.000000 30.000000 43.000000 63.000000 28.000000 71.000000 94.000000 76.000000 16.000000 22.000000 49.000000 94.000000 43.000000 43.000000 70.000000 94.000000 9.000000 44.000000 20.000000 74.000000 60.000000 56.000000 0.000000 
46.000000 6.000000 40.000000 80.000000 65.000000 77.000000 33.000000 67.000000 72.000000 21.000000 22.000000 55.000000 45.000000 16.000000 97.000000 63.000000 65.000000 37.000000 4.000000 55.000000 41.000000 19.000000 20.000000 88.000000 82.000000 92.000000 12.000000 45.000000 66.000000 84.000000 
44.000000 41.000000 75.000000 19.000000 63.000000 9.000000 88.000000 50.000000 62.000000 9.000000 38.000000 21.000000 8.000000 12.000000 6.000000 23.000000 79.000000 50.000000 71.000000 2.000000 50.000000 49.000000 58.000000 44.000000 30.000000 64.000000 64.000000 25.000000 23.000000 96.000000 
32.000000 6.000000 79.000000 64.000000 8.000000 28.000000 50.000000 48.000000 13.000000 10.000000 77.000000 38.000000 8.000000 78.000000 59.000000 52.000000 30.000000 66.000000 91.000000 4.000000 31.000000 68.000000 72.000000 37.000000 42.000000 38.000000 7.000000 61.000000 61.000000 60.000000 
70.000000 37.000000 22.000000 36.000000 95.000000 32.000000 84.000000 70.000000 12.000000 3.000000 78.000000 43.000000 45.000000 1.000000 78.000000 98.000000 38.000000 12.000000 83.000000 97.000000 76.000000 47.000000 36.000000 2.000000 27.000000 76.000000 21.000000 7.000000 5.000000 62.000000 
96.000000 11.000000 36.000000 29.000000 63.000000 18.000000 92.000000 77.000000 97.000000 94.000000 0.000000 28.000000 52.000000 22.000000 55.000000 71.000000 50.000000 53.000000 1.000000 29.000000 7.000000 4.000000 43.000000 75.000000 34.000000 83.000000 12.000000 68.000000 53.000000 40.000000 
93.000000 77.000000 97.000000 55.000000 0.000000 33.000000 66.000000 35.000000 40.000000 9.000000 95.000000 58.000000 7.000000 28.000000 31.000000 6.000000 9.000000 42.000000 30.000000 72.000000 97.000000 36.000000 26.000000 12.000000 70.000000 59.000000 24.000000 0.000000 66.000000 66.000000 
26.000000 14.000000 59.000000 37.000000 98.000000 26.000000 29.000000 5.000000 19.000000 2.000000 72.000000 9.000000 81.000000 32.000000 70.000000 53.000000 42.000000 40.000000 29.000000 33.000000 27.000000 48.000000 66.000000 65.000000 44.000000 79.000000 99.000000 42.000000 61.000000 55.000000 
72.000000 71.000000 57.000000 93.000000 7.000000 97.000000 37.000000 23.000000 85.000000 2.000000 89.000000 72.000000 92.000000 31.000000 14.000000 98.000000 66.000000 4.000000 44.000000 55.000000 51.000000 85.000000 58.000000 32.000000 39.000000 48.000000 45.000000 4.000000 43.000000 39.000000 