30 90
21 325 244 95 118 113 284 279 309 232 333 281 264 127 116 181 221 322 260 322 74 264 146 297 90 30 203 266 284 44 
1028.000000 3001.000000 2166.000000 1537.000000 1133.000000 3328.000000 2317.000000 3184.000000 954.000000 773.000000 3189.000000 2979.000000 565.000000 605.000000 3256.000000 1031.000000 818.000000 1017.000000 903.000000 333.000000 2288.000000 585.000000 2023.000000 3147.000000 2636.000000 2693.000000 2050.000000 2746.000000 3057.000000 3180.000000 
27 21 16 19 14 22 25 21 29 13 15 11 10 16 12 22 27 18 22 21 23 14 18 23 14 23 10 26 24 26 22 10 14 17 21 21 22 15 24 10 24 20 19 14 28 12 24 20 17 17 25 25 25 14 14 28 15 24 26 18 21 12 26 13 10 23 10 18 23 27 25 17 22 11 13 26 25 13 19 25 28 15 27 22 19 19 25 29 23 20 
56.000000 21.000000 53.000000 15.000000 83.000000 27.000000 9.000000 48.000000 29.000000 92.000000 16.000000 22.000000 51.000000 53.000000 60.000000 68.000000 89.000000 17.000000 45.000000 20.000000 41.000000 3.000000 68.000000 71.000000 27.000000 89.000000 32.000000 74.000000 41.000000 62.000000 
21.000000 46.000000 46.000000 99.000000 77.000000 28.000000 92.000000 38.000000 31.000000 15.000000 46.000000 23.000000 75.000000 45.000000 64.000000 8.000000 97.000000 16.000000 50.000000 79.000000 96.000000 78.000000 78.000000 25.000000 56.000000 4.000000 73.000000 48.000000 57.000000 52.000000 
75.000000 12.000000 30.000000 67.000000 38.000000 70.000000 98.000000 72.000000 28.000000 6.000000 67.000000 70.000000 32.000000 1.000000 38.000000 40.000000 90.000000 83.000000 75.000000 5.000000 7.000000 48.000000 33.000000 99.000000 3.000000 47.000000 48.000000 71.000000 27.000000 68.000000 
26.000000 95.000000 28.000000 86.000000 92.000000 70.000000 54.000000 29.000000 90.000000 50.000000 40.000000 2.000000 35.000000 13.000000 86.000000 57.000000 66.000000 66.000000 53.000000 7.000000 42.000000 59.000000 25.000000 30.000000 93.000000 38.000000 95.000000 86.000000 12.000000 63.000000 
5.000000 63.000000 36.000000 87.000000 24.000000 30.000000 79.000000 44.000000 52.000000 42.000000 99.000000 17.000000 89.000000 40.000000 2.000000 75.000000 93.000000 40.000000 42.000000 88.000000 33.000000 97.000000 46.000000 87.000000 4.000000 96.000000 84.000000 2.000000 47.000000 2.000000 
64.000000 1.000000 11.000000 66.000000 8.000000 20.000000 52.000000 83.000000 65.000000 63.000000 25.000000 37.000000 46.000000 85.000000 46.000000 75.000000 83.000000 15.000000 24.000000 16.000000 74.000000 73.000000 75.000000 63.000000 34.000000 75.000000 81.000000 86.000000 89.000000 56.000000 
59.000000 97.000000 69.000000 33.000000 36.000000 27.000000 86.000000 91.000000 61.000000 78.000000 20.000000 76.000000 3.000000 13.000000 25.000000 20.000000 94.000000 8.000000 43.000000 24.000000 38.000000 70.000000 93.000000 94.000000 81.000000 9.000000 51.000000 87.000000 29.000000 6.000000 
62.000000 17.000000 45.000000 17.000000 40.000000 39.000000 52.000000 14.000000 38.000000 98.000000 59.000000 39.000000 13.000000 14.000000 51.000000 36.000000 3.000000 41.000000 27.000000 77.000000 95.000000 21.000000 76.000000 0.000000 54.000000 30.000000 17.000000 28.000000 40.000000 70.000000 
57.000000 29.000000 33.000000 57.000000 29.000000 47.000000 40.000000 29.000000 23.000000 9.000000 55.000000 49.000000 17.000000 80.000000 12.000000 89.000000 72.000000 36.000000 21.000000 23.000000 49.000000 66.000000 98.000000 54.000000 69.000000 26.000000 34.000000 63.000000 8.000000 9.000000 
44.000000 49.000000 7.000000 97.000000 5.000000 5.000000 45.000000 17.000000 77.000000 41.000000 95.000000 15.000000 52.000000 51.000000 67.000000 11.000000 83.000000 89.000000 1.000000 14.000000 93.000000 97.000000 75.000000 0.000000 63.000000 3.000000 32.000000 82.000000 35.000000 79.000000 
42.000000 30.000000 1.000000 28.000000 62.000000 17.000000 54.000000 42.000000 40.000000 98.000000 12.000000 44.000000 2.000000 49.000000 67.000000 20.000000 0.000000 31.000000 90.000000 85.000000 13.000000 35.000000 8.000000 47.000000 31.000000 46.000000 47.000000 76.000000 65.000000 20.000000 
83.000000 72.000000 67.000000 63.000000 51.000000 94.000000 37.000000 64.000000 28.000000 5.000000 70.000000 2.000000 50.000000 37.000000 62.000000 48.000000 62.000000 75.000000 71.000000 33.000000 96.000000 26.000000 17.000000 34.000000 26.000000 12.000000 55.000000 13.000000 57.000000 11.000000 
56.000000 9.000000 24.000000 36.000000 90.000000 72.000000 32.000000 8.000000 84.000000 81.000000 51.000000 85.000000 3.000000 85.000000 48.000000 47.000000 80.000000 64.000000 20.000000 40.000000 92.000000 2.000000 62.000000 41.000000 58.000000 12.000000 81.000000 85.000000 94.000000 52.000000 
47.000000 76.000000 77.000000 35.000000 30.000000 74.000000 82.000000 11.000000 77.000000 17.000000 92.000000 78.000000 19.000000 29.000000 17.000000 45.000000 9.000000 32.000000 47.000000 68.000000 52.000000 44.000000 40.000000 15.000000 49.000000 40.000000 17.000000 37.000000 82.000000 15.000000 
8.000000 58.000000 20.000000 69.000000 88.000000 3.000000 98.000000 92.000000 73.000000 30.000000 23.000000 43.000000 84.000000 30.000000 2.000000 38.000000 2.000000 22.000000 86.000000 79.000000 40.000000 46.000000 88.000000 19.000000 50.000000 41.000000 14.000000 10.000000 11.000000 44.000000 
11.000000 6.000000 67.000000 67.000000 28.000000 16.000000 32.000000 34.000000 45.000000 99.000000 54.000000 68.000000 0.000000 90.000000 22.000000 82.000000 42.000000 66.000000 58.000000 97.000000 79.000000 6.000000 22.000000 4.000000 84.000000 3.000000 19.000000 40.000000 14.000000 19.000000 
94.000000 35.000000 21.000000 15.000000 52.000000 55.000000 71.000000 74.000000 42.000000 65.000000 13.000000 12.000000 78.000000 58.000000 40.000000 40.000000 0.000000 45.000000 58.000000 24.000000 97.000000 94.000000 37.000000 59.000000 42.000000 62.000000 19.000000 40.000000 5.000000 67.000000 
4.000000 17.000000 53.000000 80.000000 42.000000 55.000000 55.000000 44.000000 97.000000 31.000000 34.000000 51.000000 67.000000 50.000000 59.000000 25.000000 72.000000 57.000000 50.000000 97.000000 37.000000 78.000000 42.000000 81.000000 58.000000 14.000000 34.000000 60.000000 94.000000 76.000000 
27.000000 68.000000 38.000000 29.000000 15.000000 16.000000 74.000000 93.000000 78.000000 96.000000 4.000000 2.000000 9.000000 65.000000 98.000000 38.000000 71.000000 84.000000 23.000000 83.000000 42.000000 84.000000 45.000000 46.000000 25.000000 66.000000 89.000000 78.000000 19.000000 53.000000 
35.000000 63.000000 65.000000 79.000000 67.000000 64.000000 40.000000 47.000000 94.000000 50.000000 35.000000 16.000000 35.000000 33.000000 58.000000 96.000000 16.000000 5.000000 48.000000 45.000000 21.000000 40.000000 77.000000 18.000000 17.000000 3.000000 90.000000 98.000000 23.000000 86.000000 
3.000000 15.000000 92.000000 59.000000 59.000000 31.000000 42.000000 9.000000 24.000000 45.000000 50.000000 4.000000 51.000000 51.000000 86.000000 0.000000 54.000000 52.000000 57.000000 85.000000 87.000000 9.000000 89.000000 29.000000 97.000000 79.000000 65.000000 77.000000 94.000000 72.000000 
5.000000 3.000000 78.000000 36.000000 36.000000 24.000000 11.000000 46.000000 12.000000 30.000000 1.000000 47.000000 64.000000 86.000000 61.000000 88.000000 99.000000 8.000000 57.000000 56.000000 81.000000 17.000000 46.000000 70.000000 50.000000 33.000000 76.000000 14.000000 72.000000 53.000000 
1.000000 22.000000 24.000000 26.000000 24.000000 24.000000 64.000000 24.000000 84.000000 39.000000 23.000000 73.000000 39.000000 59.000000 31.000000 81.000000 13.000000 61.000000 63.000000 92.000000 15.000000 49.000000 71.000000 44.000000 42.000000 13.000000 27.000000 13.000000 27.000000 38.000000 
95.000000 69.000000 89.000000 26.000000 21.000000 78.000000 5.000000 3.000000 95.000000 31.000000 1.000000 16.000000 23.000000 65.000000 43.000000 55.000000 20.000000 31.000000 63.000000 41.000000 18.000000 17.000000 59.000000 90.000000 32.000000 15.000000 54.000000 15.000000 38.000000 9.000000 
97.000000 31.000000 64.000000 17.000000 47.000000 2.000000 84.000000 15.000000 70.000000 16.000000 72.000000 20.000000 47.000000 76.000000 54.000000 10.000000 52.000000 73.000000 75.000000 30.000000 80.000000 45.000000 52.000000 77.000000 8.000000 55.000000 94.000000 82.000000 22.000000 46.000000 
3.000000 41.000000 69.000000 42.000000 85.000000 46.000000 72.000000 13.000000 51.000000 21.000000 57.000000 21.000000 60.000000 70.000000 66.000000 10.000000 59.000000 96.000000 45.000000 22.000000 9.000000 30.000000 44.000000 30.000000 0.000000 97.000000 65.000000 35.000000 10.000000 2.000000 
48.000000 69.000000 37.000000 11.000000 63.000000 87.000000 34.000000 57.000000 75.000000 63.000000 5.000000 8.000000 86.000000 94.000000 50.000000 67.000000 66.000000 1.000000 80.000000 86.000000 32.000000 75.000000 14.000000 33.000000 44.000000 97.000000 47.000000 29.000000 22.000000 41.000000 
55.000000 39.000000 92.000000 37.000000 57.000000 98.000000 34.000000 50.000000 63.000000 9.000000 76.000000 98.000000 81.000000 22.000000 67.000000 30.000000 55.000000 0.000000 13.000000 24.000000 56.000000 25.000000 63.000000 74.000000 51.000000 1.000000 83.000000 87.000000 26.000000 58.000000 
54.000000 0.000000 31.000000 57.000000 78.000000 98.000000 76.000000 61.000000 73.000000 79.000000 95.000000 12.000000 8.000000 5.000000 61.000000 35.000000 94.000000 39.000000 11.000000 63.000000 37.000000 47.000000 24.000000 38.000000 21.000000 28.000000 56.000000 47.000000 71.000000 84.000000 
17.000000 97.000000 23.000000 56.000000 60.000000 30.000000 89.000000 89.000000 6.000000 41.000000 8.000000 92.000000 29.000000 33.000000 12.000000 15.000000 74.000000 51.000000 45.000000 48.000000 77.000000 55.000000 25.000000 30.000000 21.000000 29.000000 27.000000 13.000000 40.000000 39.000000 
33.000000 16.000000 51.000000 88.000000 77.000000 71.000000 88.000000 34.000000 70.000000 42.000000 58.000000 55.000000 2.000000 75.000000 36.000000 93.000000 43.000000 1.000000 1.000000 1.000000 88.000000 3.000000 39.000000 81.000000 28.000000 24.000000 82.000000 82.000000 36.000000 72.000000 
85.000000 1.000000 2.000000 51.000000 6.000000 3.000000 49.000000 23.000000 87.000000 48.000000 26.000000 79.000000 39.000000 3.000000 54.000000 78.000000 61.000000 68.000000 65.000000 78.000000 68.000000 48.000000 74.000000 67.000000 1.000000 47.000000 57.000000 74.000000 40.000000 60.000000 
42.000000 15.000000 47.000000 12.000000 24.000000 99.000000 7.000000 46.000000 61.000000 8.000000 49.000000 60.000000 25.000000 16.000000 59.000000 63.000000 99.000000 21.000000 22.000000 89.000000 54.000000 2.000000 51.000000 85.000000 40.000000 18.000000 95.000000 66.000000 85.000000 15.000000 
27.000000 6.000000 72.000000 19.000000 57.000000 5.000000 54.000000 15.000000 31.000000 48.000000 17.000000 39.000000 91.000000 58.000000 92.000000 60.000000 23.000000 92.000000 8.000000 89.000000 10.000000 40.000000 95.000000 73.000000 75.000000 33.000000 11.000000 53.000000 74.000000 58.000000 
43.000000 77.000000 72.000000 44.000000 90.000000 30.000000 17.000000 66.000000 60.000000 92.000000 1.000000 70.000000 8.000000 47.000000 55.000000 39.000000 18.000000 10.000000 35.000000 30.000000 87.000000 36.000000 90.000000 62.000000 87.000000 32.000000 11.000000 43.000000 97.000000 86.000000 
16.000000 43.000000 26.000000 80.000000 4.000000 76.000000 96.000000 59.000000 5.000000 38.000000 18.000000 69.000000 88.000000 4.000000 14.000000 78.000000 3.000000 1.000000 50.000000 59.000000 97.000000 92.000000 81.000000 82.000000 1.000000 49.000000 38.000000 63.000000 82.000000 97.000000 
92.000000 48.000000 20.000000 49.000000 89.000000 36.000000 50.000000 85.000000 25.000000 85.000000 71.000000 18.000000 18.000000 25.000000 12.000000 71.000000 97.000000 98.000000 23.000000 49.000000 0.000000 90.000000 12.000000 77.000000 67.000000 15.000000 56.000000 51.000000 66.000000 91.000000 
56.000000 5.000000 78.000000 87.000000 11.000000 7.000000 47.000000 51.000000 36.000000 31.000000 50.000000 55.000000 38.000000 57.000000 60.000000 83.000000 43.000000 21.000000 7.000000 88.000000 26.000000 92.000000 38.000000 79.000000 78.000000 61.000000 61.000000 90.000000 38.000000 71.000000 
2.000000 84.000000 52.000000 8.000000 24.000000 68.000000 37.000000 54.000000 76.000000 23.000000 85.000000 57.000000 78.000000 81.000000 3.000000 63.000000 54.000000 5.000000 98.000000 35.000000 79.000000 48.000000 45.000000 44.000000 97.000000 95.000000 93.000000 1.000000 12.000000 29.000000 
7.000000 67.000000 87.000000 52.000000 35.000000 75.000000 81.000000 75.000000 68.000000 31.000000 16.000000 39.000000 20.000000 85.000000 52.000000 45.000000 38.000000 95.000000 22.000000 98.000000 42.000000 22.000000 35.000000 92.000000 39.000000 23.000000 70.000000 98.000000 55.000000 32.000000 
8.000000 20.000000 95.000000 54.000000 73.000000 48.000000 21.000000 8.000000 90.000000 6.000000 99.000000 84.000000 63.000000 82.000000 60.000000 14.000000 53.000000 94.000000 85.000000 70.000000 95.000000 11.000000 89.000000 23.000000 82.000000 55.000000 89.000000 53.000000 10.000000 41.000000 
58.000000 70.000000 71.000000 21.000000 8.000000 0.000000 24.000000 66.000000 73.000000 34.000000 76.000000 79.000000 47.000000 63.000000 78.000000 26.000000 26.000000 26.000000 96.000000 43.000000 62.000000 57.000000 19.000000 34.000000 3.000000 6.000000 12.000000 87.000000 99.000000 60.000000 
32.000000 68.000000 95.000000 12.000000 60.000000 54.000000 25.000000 26.000000 12.000000 43.000000 3.000000 15.000000 50.000000 28.000000 54.000000 22.000000 80.000000 37.000000 35.000000 82.000000 32.000000 74.000000 60.000000 82.000000 47.000000 99.000000 92.000000 71.000000 7.000000 56.000000 
96.000000 78.000000 13.000000 17.000000 58.000000 32.000000 69.000000 12.000000 99.000000 11.000000 23.000000 57.000000 71.000000 37.000000 9.000000 4.000000 83.000000 23.000000 52.000000 73.000000 3.000000 21.000000 49.000000 37.000000 43.000000 25.000000 43.000000 83.000000 18.000000 46.000000 
29.000000 47.000000 33.000000 43.000000 89.000000 17.000000 37.000000 86.000000 28.000000 51.000000 54.000000 86.000000 53.000000 30.000000 85.000000 21.000000 36.000000 75.000000 24.000000 29.000000 35.000000 83.000000 44.000000 63.000000 70.000000 49.000000 49.000000 20.000000 86.000000 2.000000 
88.000000 91.000000 32.000000 61.000000 85.000000 98.000000 59.000000 90.000000 21.000000 7.000000 4.000000 96.000000 92.000000 38.000000 8.000000 24.000000 3.000000 13.000000 0.000000 28.000000 88.000000 10.000000 33.000000 12.000000 71.000000 7.000000 55.000000 92.000000 89.000000 56.000000 
61.000000 14.000000 58.000000 92.000000 50.000000 19.000000 48.000000 89.000000 79.000000 48.000000 98.000000 10.000000 98.000000 41.000000 84.000000 9.000000 6.000000 46.000000 30.000000 93.000000 57.000000 65.000000 10.000000 39.000000 10.000000 92.000000 96.000000 33.000000 98.000000 18.000000 
48.000000 77.000000 68.000000 23.000000 33.000000 68.000000 9.000000 56.000000 45.000000 67.000000 72.000000 98.000000 52.000000 89.000000 50.000000 44.000000 77.000000 95.000000 76.000000 43.000000 19.000000 68.000000 47.000000 6.000000 47.000000 96.000000 91.000000 52.000000 28.000000 0.000000 
30.000000 46.000000 83.000000 81.000000 14.000000 71.000000 66.000000 67.000000 15.000000 26.000000 22.000000 88.000000 15.000000 38.000000 67.000000 19.000000 33.000000 32.000000 91.000000 46.000000 57.000000 4.000000 73.000000 75.000000 98.000000 89.000000 83.000000 62.000000 61.000000 10.000000 
76.000000 46.000000 19.000000 59.000000 27.000000 21.000000 20.000000 44.000000 58.000000 65.000000 65.000000 1.000000 46.000000 12.000000 53.000000 58.000000 27.000000 51.000000 58.000000 0.000000 18.000000 69.000000 0.000000 62.000000 44.000000 82.000000 20.000000 68.000000 22.000000 27.000000 
69.000000 78.000000 46.000000 89.000000 68.000000 12.000000 83.000000 6.000000 18.000000 70.000000 60.000000 69.000000 39.000000 67.000000 10.000000 6.000000 86.000000 40.000000 11.000000 19.000000 69.000000 7.000000 26.000000 22.000000 65.000000 90.000000 29.000000 84.000000 15.000000 14.000000 
92.000000 82.000000 21.000000 59.000000 43.000000 27.000000 16.000000 22.000000 30.000000 98.000000 48.000000 21.000000 69.000000 17.000000 3.000000 31.000000 29.000000 38.000000 78.000000 59.000000 0.000000 37.000000 50.000000 83.000000 54.000000 22.000000 26.000000 6.000000 78.000000 9.000000 
66.000000 17.000000 47.000000 26.000000 87.000000 48.000000 70.000000 37.000000 37.000000 78.000000 20.000000 14.000000 64.000000 7.000000 33.000000 73.000000 11.000000 14.000000 41.000000 84.000000 53.000000 82.000000 70.000000 96.000000 18.000000 23.000000 15.000000 38.000000 66.000000 67.000000 
85.000000 12.000000 43.000000 81.000000 61.000000 60.000000 96.000000 34.000000 31.000000 78.000000 43.000000 34.000000 79.000000 26.000000 29.000000 84.000000 48.000000 35.000000 1.000000 57.000000 10.000000 23.000000 97.000000 67.000000 98.000000 68.000000 26.000000 90.000000 98.000000 93.000000 
79.000000 75.000000 95.000000 79.000000 4.000000 32.000000 34.000000 90.000000 40.000000 97.000000 24.000000 85.000000 80.000000 9.000000 4.000000 60.000000 18.000000 48.000000 56.000000 28.000000 96.000000 16.000000 21.000000 39.000000 56.000000 65.000000 59.000000 5.000000 65.000000 13.000000 
62.000000 68.000000 70.000000 71.000000 2.000000 27.000000 90.000000 8.000000 88.000000 29.000000 69.000000 8.000000 49.000000 76.000000 31.000000 94.000000 68.000000 99.000000 17.000000 39.000000 50.000000 6.000000 9.000000 64.000000 83.000000 20.000000 37.000000 21.000000 26.000000 40.000000 
60.000000 89.000000 40.000000 95.000000 54.000000 42.000000 47.000000 99.000000 31.000000 68.000000 69.000000 92.000000 96.000000 32.000000 3.000000 47.000000 14.000000 44.000000 16.000000 77.000000 23.000000 38.000000 70.000000 56.000000 35.000000 94.000000 28.000000 60.000000 8.000000 69.000000 
69.000000 82.000000 74.000000 83.000000 41.000000 63.000000 61.000000 15.000000 19.000000 70.000000 40.000000 85.000000 47.000000 0.000000 96.000000 26.000000 82.000000 74.000000 85.000000 81.000000 67.000000 86.000000 42.000000 67.000000 7.000000 91.000000 56.000000 14.000000 14.000000 58.000000 
97.000000 37.000000 60.000000 23.000000 2.000000 26.000000 44.000000 14.000000 26.000000 59.000000 57.000000 46.000000 18.000000 53.000000 13.000000 78.000000 2.000000 39.000000 80.000000 12.000000 33.000000 95.000000 14.000000 70.000000 94.000000 93.000000 96.000000 57.000000 40.000000 48.000000 
18.000000 15.000000 96.000000 45.000000 66.000000 33.000000 79.000000 16.000000 4.000000 48.000000 99.000000 85.000000 47.000000 61.000000 51.000000 80.000000 85.000000 56.000000 9.000000 11.000000 89.000000 98.000000 85.000000 43.000000 22.000000 31.000000 7.000000 24.000000 24.000000 27.000000 
43.000000 40.000000 45.000000 39.000000 55.000000 5.000000 54.000000 63.000000 75.000000 20.000000 49.000000 15.000000 41.000000 48.000000 25.000000 77.000000 12.000000 93.000000 1.000000 70.000000 75.000000 75.000000 1.000000 45.000000 3.000000 51.000000 31.000000 22.000000 23.000000 9.000000 
26.000000 4.000000 3.000000 50.000000 20.000000 43.000000 85.000000 21.000000 90.000000 42.000000 94.000000 70.000000 78.000000 23.000000 21.000000 44.000000 75.000000 90.000000 57.000000 35.000000 25.000000 59.000000 16.000000 58.000000 4.000000 49.000000 87.000000 9.000000 53.000000 54.000000 
91.000000 41.000000 84.000000 23.000000 48.000000 54.000000 93.000000 43.000000 59.000000 89.000000 37.000000 80.000000 78.000000 66.000000 68.000000 34.000000 21.000000 10.000000 27.000000 22.000000 32.000000 66.000000 44.000000 66.000000 10.000000 75.000000 87.000000 84.000000 69.000000 76.000000 
75.000000 89.000000 75.000000 53.000000 30.000000 47.000000 89.000000 48.000000 38.000000 61.000000 12.000000 99.000000 56.000000 66.000000 5.000000 76.000000 65.000000 65.000000 35.000000 28.000000 63.000000 26.000000 66.000000 65.000000 67.000000 42.000000 97.000000 38.000000 37.000000 5.000000 
21.000000 78.000000 56.000000 48.000000 48.000000 22.000000 42.000000 68.000000 23.000000 42.000000 51.000000 23.000000 37.000000 31.000000 10.000000 70.000000 86.000000 34.000000 91.000000 85.000000 66.000000 19.000000 12.000000 85.000000 75.000000 27.000000 28.000000 39.000000 77.000000 48.000000 
37.000000 45.000000 48.000000 8.000000 28.000000 3.000000 93.000000 68.000000 50.000000 9.000000 36.000000 65.000000 52.000000 60.000000 90.000000 58.000000 56.000000 40.000000 73.000000 42.000000 40.000000 22.000000 27.000000 49.000000 51.000000 11.000000 62.000000 63.000000 84.000000 15.000000 
11.000000 99.000000 71.000000 17.000000 93.000000 26.000000 0.000000 82.000000 5.000000 50.000000 29.000000 21.000000 96.000000 63.000000 86.000000 7.000000 88.000000 46.000000 52.000000 5.000000 48.000000 69.000000 81.000000 56.000000 46.000000 25.000000 6.000000 46.000000 13.000000 4.000000 
14.000000 34.000000 21.000000 78.000000 21.000000 16.000000 33.000000 61.000000 49.000000 69.000000 92.000000 72.000000 6.000000 88.000000 60.000000 99.000000 17.000000 5.000000 8.000000 50.000000 54.000000 71.000000 34.000000 50.000000 55.000000 21.000000 57.000000 96.000000 50.000000 62.000000 
3.000000 96.000000 24.000000 63.000000 89.000000 62.000000 67.000000 13.000000 82.000000 6.000000 30.000000 1.000000 69.000000 79.000000 52.000000 20.000000 69.000000 53.000000 39.000000 99.000000 88.000000 22.000000 16.000000 28.000000 88.000000 90.000000 78.000000 8.000000 10.000000 52.000000 
7.000000 61.000000 90.000000 2.000000 38.000000 75.000000 59.000000 23.000000 87.000000 62.000000 91.000000 23.000000 69.000000 70.000000 64.000000 59.000000 91.000000 58.000000 50.000000 22.000000 63.000000 38.000000 28.000000 3.000000 91.000000 42.000000 2.000000 58.000000 37.000000 62.000000 
61.000000 28.000000 48.000000 73.000000 22.000000 4.000000 9.000000 46.000000 37.000000 22.000000 58.000000 94.000000 45.000000 42.000000 67.000000 23.000000 16.000000 41.000000 92.000000 74.000000 18.000000 22.000000 27.000000 77.000000 89.000000 27.000000 30.000000 61.000000 4.000000 92.000000 
95.000000 81.000000 80.000000 0.000000 92.000000 59.000000 29.000000 0.000000 11.000000 58.000000 88.000000 17.000000 55.000000 22.000000 66.000000 59.000000 97.000000 62.000000 75.000000 97.000000 73.000000 69.000000 71.000000 84.000000 93.000000 75.000000 90.000000 19.000000 83.000000 12.000000 
61.000000 98.000000 87.000000 19.000000 47.000000 84.000000 7.000000 10.000000 29.000000 6.000000 40.000000 97.000000 39.000000 52.000000 53.000000 38.000000 11.000000 37.000000 6.000000 43.000000 1.000000 41.000000 4.000000 72.000000 96.000000 57.000000 44.000000 95.000000 15.000000 99.000000 
97.000000 0.000000 72.000000 46.000000 22.000000 86.000000 53.000000 43.000000 9.000000 46.000000 25.000000 53.000000 18.000000 55.000000 77.000000 69.000000 24.000000 11.000000 75.000000 6.000000 15.000000 77.000000 67.000000 29.000000 98.000000 43.000000 64.000000 6.000000 88.000000 5.000000 
6.000000 76.000000 20.000000 13.000000 74.000000 77.000000 81.000000 44.000000 1.000000 76.000000 64.000000 16.000000 6.000000 92.000000 89.000000 28.000000 50.000000 98.000000 38.000000 95.000000 87.000000 65.000000 18.000000 29.000000 53.000000 60.000000 20.000000 73.000000 31.000000 16.000000 
56.000000 80.000000 67.000000 53.000000 95.000000 15.000000 40.000000 96.000000 22.000000 11.000000 3.000000 30.000000 85.000000 1.000000 48.000000 89.000000 20.000000 15.000000 69.000000 64.000000 64.000000 18.000000 12.000000 79.000000 81.000000 21.000000 55.000000 74.000000 82.000000 80.000000 
41.000000 87.000000 2.000000 96.000000 64.000000 26.000000 67.000000 53.000000 78.000000 78.000000 72.000000 61.000000 84.000000 91.000000 33.000000 9.000000 12.000000 29.000000 3.000000 21.000000 3.000000 81.000000 71.000000 93.000000 52.000000 79.000000 47.000000 26.000000 76.000000 54.000000 
46.000000 14.000000 24.000000 37.000000 4.000000 37.000000 22.000000 81.000000 78.000000 52.000000 32.000000 62.000000 34.000000 20.000000 77.000000 87.000000 18.000000 79.000000 46.000000 13.000000 53.000000 58.000000 85.000000 59.000000 23.000000 8.000000 44.000000 65.000000 28.000000 75.000000 
32.000000 25.000000 21.000000 54.000000 95.000000 0.000000 64.000000 89.000000 28.000000 97.000000 66.000000 16.000000 83.000000 57.000000 85.000000 71.000000 29.000000 90.000000 99.000000 80.000000 81.000000 59.000000 8.000000 39.000000 5.000000 97.000000 86.000000 33.000000 61.000000 4.000000 
14.000000 53.000000 48.000000 54.000000 64.000000 7.000000 53.000000 29.000000 7.000000 43.000000 29.000000 47.000000 72.000000 31.000000 48.000000 38.000000 73.000000 50.000000 97.000000 12.000000 83.000000 10.000000 38.000000 3.000000 29.000000 82.000000 18.000000 89.000000 22.000000 19.000000 
14.000000 29.000000 64.000000 97.000000 62.000000 50.000000 81.000000 12.000000 88.000000 93.000000 80.000000 98.000000 35.000000 93.000000 32.000000 60.000000 77.000000 48.000000 22.000000 49.000000 48.000000 10.000000 26.000000 98.000000 22.000000 98.000000 0.000000 13.000000 37.000000 19.000000 
93.000000 93.000000 46.000000 41.000000 13.000000 3.000000 23.000000 64.000000 28.000000 37.000000 71.000000 78.000000 56.000000 53.000000 15.000000 91.000000 82.000000 48.000000 61.000000 95.000000 27.000000 14.000000 61.000000 81.000000 32.000000 0.000000 22.000000 15.000000 32.000000 60.000000 
38.000000 63.000000 58.000000 66.000000 40.000000 8.000000 70.000000 18.000000 89.000000 92.000000 8.000000 79.000000 61.000000 88.000000 29.000000 15.000000 0.000000 89.000000 55.000000 18.000000 22.000000 57.000000 59.000000 46.000000 26.000000 64.000000 52.000000 5.000000 16.000000 39.000000 
54.000000 56.000000 57.000000 92.000000 76.000000 25.000000 11.000000 67.000000 16.000000 46.000000 30.000000 67.000000 72.000000 66.000000 3.000000 44.000000 18.000000 95.000000 80.000000 28.000000 85.000000 73.000000 21.000000 78.000000 61.000000 0.000000 42.000000 42.000000 87.000000 28.000000 
68.000000 77.000000 23.000000 38.000000 91.000000 65.000000 3.000000 38.000000 14.000000 18.000000 5.000000 44.000000 27.000000 69.000000 20.000000 54.000000 29.000000 83.000000 65.000000 6.000000 9.000000 40.000000 1.000000 98.000000 53.000000 67.000000 48.000000 86.000000 21.000000 39.000000 
88.000000 18.000000 24.000000 48.000000 18.000000 50.000000 97.000000 37.000000 94.000000 54.000000 38.000000 31.000000 67.000000 25.000000 73.000000 18.000000 0.000000 29.000000 54.000000 62.000000 35.000000 71.000000 0.000000 49.000000 34.000000 53.000000 51.000000 5.000000 12.000000 70.000000 
87.000000 21.000000 50.000000 49.000000 21.000000 93.000000 39.000000 39.000000 94.000000 53.000000 3.000000 0.000000 6.000000 45.000000 2.000000 57.000000 69.000000 76.000000 10.000000 9.000000 81.000000 52.000000 18.000000 13.000000 27.000000 73.000000 10.000000 82.000000 83.000000 36.000000 
16.000000 71.000000 71.000000 96.000000 21.000000 30.000000 79.000000 67.000000 14.000000 57.000000 62.000000 51.000000 82.000000 84.000000 80.000000 62.000000 86.000000 61.000000 30.000000 47.000000 94.000000 39.000000 99.000000 44.000000 25.000000 61.000000 25.000000 19.000000 57.000000 8.000000 
52.000000 73.000000 96.000000 62.000000 18.000000 16.000000 95.000000 94.000000 4.000000 43.000000 91.000000 60.000000 43.000000 62.000000 81.000000 92.000000 57.000000 54.000000 68.000000 13.000000 80.000000 79.000000 47.000000 95.000000 82.000000 43.000000 92.000000 50.000000 91.000000 90.000000 
98.000000 30.000000 98.000000 95.000000 63.000000 74.000000 83.000000 73.000000 15.000000 8.000000 89.000000 12.000000 42.000000 9.000000 36.000000 6.000000 49.000000 91.000000 69.000000 59.000000 70.000000 46.000000 56.000000 61.000000 10.000000 82.000000 91.000000 74.000000 79.000000 18.000000 