30 90
168 53 74 228 96 173 138 242 139 59 251 188 84 187 102 25 205 219 172 42 168 160 32 246 258 27 201 102 255 208 
1946.000000 2530.000000 1814.000000 312.000000 1494.000000 1336.000000 1636.000000 1914.000000 252.000000 1575.000000 1718.000000 214.000000 687.000000 1985.000000 791.000000 2357.000000 2624.000000 1103.000000 1676.000000 2271.000000 2561.000000 220.000000 935.000000 1577.000000 1935.000000 1344.000000 1436.000000 1194.000000 2237.000000 1909.000000 
25 20 23 20 20 16 25 21 14 24 26 10 11 14 24 26 26 14 14 14 23 12 23 21 19 11 15 25 19 16 15 12 10 27 12 13 15 25 13 23 22 28 25 15 15 17 14 24 23 11 18 17 11 20 23 12 24 13 20 28 29 21 11 13 17 23 22 28 26 28 23 28 11 27 22 16 16 23 26 22 25 13 21 20 25 11 18 21 26 29 
35.000000 25.000000 93.000000 94.000000 96.000000 73.000000 73.000000 22.000000 42.000000 80.000000 9.000000 73.000000 48.000000 61.000000 34.000000 54.000000 31.000000 14.000000 21.000000 38.000000 78.000000 94.000000 67.000000 6.000000 68.000000 86.000000 5.000000 22.000000 78.000000 90.000000 
95.000000 24.000000 38.000000 33.000000 0.000000 64.000000 99.000000 70.000000 24.000000 19.000000 28.000000 59.000000 95.000000 59.000000 27.000000 1.000000 1.000000 49.000000 55.000000 90.000000 13.000000 18.000000 4.000000 13.000000 68.000000 18.000000 35.000000 97.000000 80.000000 60.000000 
1.000000 83.000000 8.000000 99.000000 97.000000 91.000000 99.000000 10.000000 23.000000 87.000000 86.000000 68.000000 41.000000 81.000000 9.000000 26.000000 66.000000 17.000000 84.000000 64.000000 37.000000 10.000000 44.000000 37.000000 18.000000 76.000000 27.000000 61.000000 74.000000 45.000000 
79.000000 3.000000 94.000000 35.000000 5.000000 67.000000 48.000000 56.000000 77.000000 97.000000 29.000000 58.000000 90.000000 33.000000 91.000000 41.000000 24.000000 98.000000 1.000000 98.000000 45.000000 88.000000 52.000000 42.000000 62.000000 11.000000 12.000000 65.000000 24.000000 86.000000 
15.000000 10.000000 12.000000 0.000000 97.000000 56.000000 73.000000 80.000000 60.000000 54.000000 94.000000 42.000000 90.000000 59.000000 16.000000 6.000000 78.000000 50.000000 37.000000 99.000000 26.000000 24.000000 44.000000 90.000000 16.000000 21.000000 89.000000 11.000000 91.000000 0.000000 
88.000000 78.000000 72.000000 86.000000 13.000000 4.000000 11.000000 47.000000 96.000000 74.000000 40.000000 79.000000 82.000000 19.000000 92.000000 10.000000 92.000000 9.000000 85.000000 36.000000 68.000000 61.000000 96.000000 69.000000 40.000000 19.000000 76.000000 48.000000 19.000000 63.000000 
67.000000 48.000000 98.000000 47.000000 49.000000 85.000000 38.000000 74.000000 95.000000 2.000000 58.000000 62.000000 29.000000 91.000000 49.000000 57.000000 28.000000 72.000000 94.000000 96.000000 82.000000 46.000000 60.000000 20.000000 28.000000 97.000000 92.000000 4.000000 17.000000 92.000000 
20.000000 48.000000 68.000000 14.000000 77.000000 37.000000 33.000000 36.000000 67.000000 72.000000 72.000000 9.000000 40.000000 36.000000 7.000000 17.000000 73.000000 38.000000 5.000000 46.000000 48.000000 47.000000 25.000000 42.000000 81.000000 15.000000 0.000000 67.000000 53.000000 52.000000 
61.000000 90.000000 34.000000 1.000000 29.000000 49.000000 1.000000 18.000000 98.000000 87.000000 5.000000 66.000000 25.000000 44.000000 23.000000 70.000000 85.000000 53.000000 9.000000 1.000000 40.000000 79.000000 26.000000 75.000000 54.000000 5.000000 21.000000 92.000000 49.000000 27.000000 
80.000000 51.000000 65.000000 44.000000 77.000000 11.000000 98.000000 43.000000 93.000000 93.000000 3.000000 2.000000 78.000000 28.000000 98.000000 80.000000 85.000000 17.000000 16.000000 59.000000 83.000000 36.000000 60.000000 59.000000 51.000000 20.000000 99.000000 31.000000 93.000000 0.000000 
75.000000 19.000000 24.000000 69.000000 22.000000 25.000000 36.000000 24.000000 32.000000 30.000000 23.000000 92.000000 94.000000 60.000000 38.000000 36.000000 95.000000 78.000000 2.000000 8.000000 83.000000 65.000000 95.000000 91.000000 5.000000 14.000000 94.000000 54.000000 72.000000 37.000000 
36.000000 94.000000 38.000000 77.000000 37.000000 52.000000 59.000000 70.000000 73.000000 38.000000 2.000000 86.000000 10.000000 77.000000 2.000000 61.000000 57.000000 71.000000 83.000000 94.000000 51.000000 55.000000 10.000000 67.000000 19.000000 68.000000 23.000000 16.000000 72.000000 77.000000 
74.000000 52.000000 9.000000 32.000000 59.000000 28.000000 68.000000 27.000000 43.000000 86.000000 23.000000 8.000000 88.000000 29.000000 24.000000 37.000000 45.000000 19.000000 33.000000 20.000000 87.000000 75.000000 5.000000 51.000000 53.000000 29.000000 2.000000 23.000000 77.000000 80.000000 
53.000000 20.000000 88.000000 27.000000 97.000000 79.000000 21.000000 89.000000 66.000000 2.000000 73.000000 42.000000 97.000000 42.000000 79.000000 18.000000 80.000000 92.000000 27.000000 68.000000 88.000000 73.000000 96.000000 60.000000 36.000000 66.000000 7.000000 81.000000 65.000000 67.000000 
36.000000 61.000000 52.000000 42.000000 87.000000 28.000000 8.000000 2.000000 67.000000 72.000000 77.000000 61.000000 86.000000 80.000000 75.000000 3.000000 80.000000 57.000000 42.000000 94.000000 37.000000 57.000000 66.000000 26.000000 57.000000 81.000000 16.000000 52.000000 1.000000 21.000000 
0.000000 66.000000 83.000000 59.000000 35.000000 33.000000 29.000000 37.000000 73.000000 76.000000 0.000000 78.000000 45.000000 72.000000 55.000000 4.000000 13.000000 9.000000 1.000000 89.000000 25.000000 20.000000 49.000000 52.000000 34.000000 79.000000 81.000000 62.000000 12.000000 39.000000 
1.000000 14.000000 76.000000 39.000000 13.000000 13.000000 12.000000 12.000000 56.000000 56.000000 45.000000 77.000000 85.000000 3.000000 14.000000 79.000000 89.000000 89.000000 41.000000 34.000000 69.000000 1.000000 90.000000 81.000000 26.000000 39.000000 84.000000 39.000000 38.000000 18.000000 
93.000000 38.000000 8.000000 91.000000 34.000000 62.000000 30.000000 6.000000 45.000000 30.000000 97.000000 1.000000 4.000000 88.000000 49.000000 34.000000 26.000000 7.000000 31.000000 75.000000 60.000000 4.000000 16.000000 23.000000 47.000000 15.000000 14.000000 18.000000 30.000000 14.000000 
59.000000 58.000000 25.000000 38.000000 59.000000 54.000000 88.000000 65.000000 48.000000 64.000000 44.000000 63.000000 68.000000 9.000000 50.000000 96.000000 78.000000 49.000000 22.000000 62.000000 62.000000 71.000000 48.000000 1.000000 90.000000 24.000000 55.000000 91.000000 46.000000 8.000000 
10.000000 19.000000 36.000000 82.000000 71.000000 10.000000 27.000000 67.000000 25.000000 32.000000 94.000000 53.000000 66.000000 22.000000 70.000000 31.000000 8.000000 93.000000 20.000000 21.000000 39.000000 28.000000 99.000000 51.000000 53.000000 63.000000 46.000000 19.000000 21.000000 7.000000 
42.000000 45.000000 86.000000 73.000000 23.000000 83.000000 96.000000 2.000000 23.000000 65.000000 6.000000 3.000000 6.000000 83.000000 17.000000 43.000000 90.000000 36.000000 26.000000 76.000000 83.000000 13.000000 15.000000 70.000000 93.000000 57.000000 98.000000 81.000000 53.000000 62.000000 
0.000000 91.000000 7.000000 80.000000 42.000000 1.000000 33.000000 46.000000 60.000000 45.000000 91.000000 49.000000 67.000000 70.000000 30.000000 5.000000 53.000000 95.000000 0.000000 11.000000 76.000000 46.000000 38.000000 80.000000 85.000000 32.000000 33.000000 1.000000 79.000000 1.000000 
88.000000 52.000000 96.000000 1.000000 30.000000 86.000000 88.000000 30.000000 43.000000 46.000000 24.000000 46.000000 12.000000 86.000000 15.000000 83.000000 28.000000 12.000000 76.000000 75.000000 59.000000 59.000000 54.000000 8.000000 14.000000 71.000000 84.000000 36.000000 43.000000 57.000000 
67.000000 23.000000 43.000000 28.000000 61.000000 24.000000 90.000000 48.000000 55.000000 94.000000 87.000000 54.000000 44.000000 95.000000 4.000000 12.000000 31.000000 44.000000 67.000000 42.000000 37.000000 10.000000 14.000000 2.000000 77.000000 74.000000 4.000000 27.000000 44.000000 87.000000 
82.000000 70.000000 4.000000 3.000000 16.000000 71.000000 97.000000 77.000000 49.000000 71.000000 99.000000 30.000000 63.000000 30.000000 79.000000 60.000000 19.000000 30.000000 71.000000 11.000000 30.000000 72.000000 37.000000 58.000000 93.000000 77.000000 88.000000 58.000000 59.000000 78.000000 
95.000000 67.000000 48.000000 50.000000 6.000000 52.000000 20.000000 7.000000 52.000000 6.000000 56.000000 77.000000 97.000000 82.000000 29.000000 28.000000 82.000000 88.000000 46.000000 9.000000 62.000000 98.000000 9.000000 21.000000 25.000000 5.000000 14.000000 39.000000 52.000000 80.000000 
94.000000 50.000000 67.000000 40.000000 72.000000 77.000000 65.000000 34.000000 77.000000 2.000000 24.000000 89.000000 45.000000 5.000000 52.000000 97.000000 3.000000 94.000000 8.000000 6.000000 11.000000 86.000000 7.000000 71.000000 5.000000 54.000000 96.000000 66.000000 79.000000 61.000000 
58.000000 66.000000 81.000000 60.000000 88.000000 48.000000 21.000000 96.000000 43.000000 69.000000 20.000000 64.000000 59.000000 32.000000 37.000000 10.000000 90.000000 27.000000 66.000000 66.000000 8.000000 24.000000 74.000000 65.000000 81.000000 52.000000 34.000000 73.000000 97.000000 89.000000 
77.000000 33.000000 18.000000 44.000000 57.000000 16.000000 83.000000 12.000000 99.000000 19.000000 77.000000 31.000000 93.000000 43.000000 52.000000 69.000000 39.000000 65.000000 59.000000 28.000000 58.000000 73.000000 33.000000 26.000000 31.000000 18.000000 32.000000 18.000000 19.000000 26.000000 
21.000000 48.000000 83.000000 61.000000 68.000000 49.000000 18.000000 20.000000 78.000000 35.000000 47.000000 26.000000 78.000000 49.000000 51.000000 33.000000 45.000000 67.000000 42.000000 62.000000 33.000000 61.000000 80.000000 38.000000 32.000000 80.000000 16.000000 82.000000 82.000000 0.000000 
96.000000 3.000000 10.000000 50.000000 57.000000 69.000000 67.000000 19.000000 21.000000 65.000000 96.000000 98.000000 40.000000 64.000000 30.000000 7.000000 62.000000 69.000000 31.000000 21.000000 26.000000 8.000000 7.000000 94.000000 96.000000 74.000000 52.000000 33.000000 98.000000 63.000000 
27.000000 84.000000 11.000000 33.000000 55.000000 28.000000 45.000000 99.000000 98.000000 97.000000 84.000000 36.000000 57.000000 62.000000 89.000000 48.000000 89.000000 42.000000 1.000000 28.000000 48.000000 55.000000 54.000000 27.000000 99.000000 96.000000 29.000000 90.000000 38.000000 10.000000 
80.000000 35.000000 36.000000 10.000000 23.000000 91.000000 95.000000 48.000000 80.000000 9.000000 67.000000 32.000000 85.000000 11.000000 82.000000 68.000000 43.000000 58.000000 86.000000 49.000000 56.000000 30.000000 86.000000 25.000000 78.000000 61.000000 55.000000 43.000000 62.000000 83.000000 
35.000000 16.000000 3.000000 36.000000 50.000000 74.000000 0.000000 92.000000 17.000000 3.000000 79.000000 73.000000 3.000000 77.000000 66.000000 61.000000 89.000000 37.000000 83.000000 43.000000 26.000000 74.000000 27.000000 36.000000 80.000000 14.000000 32.000000 70.000000 38.000000 15.000000 
43.000000 44.000000 85.000000 38.000000 44.000000 75.000000 87.000000 27.000000 21.000000 94.000000 58.000000 19.000000 48.000000 86.000000 59.000000 88.000000 26.000000 46.000000 96.000000 69.000000 31.000000 20.000000 85.000000 21.000000 24.000000 49.000000 16.000000 35.000000 40.000000 30.000000 
39.000000 97.000000 76.000000 57.000000 29.000000 41.000000 16.000000 25.000000 35.000000 72.000000 76.000000 97.000000 1.000000 49.000000 75.000000 56.000000 12.000000 29.000000 27.000000 21.000000 16.000000 44.000000 41.000000 70.000000 15.000000 45.000000 66.000000 17.000000 28.000000 34.000000 
10.000000 34.000000 71.000000 78.000000 30.000000 97.000000 7.000000 68.000000 66.000000 29.000000 57.000000 69.000000 67.000000 43.000000 80.000000 76.000000 38.000000 12.000000 61.000000 65.000000 93.000000 33.000000 64.000000 21.000000 5.000000 44.000000 41.000000 59.000000 87.000000 28.000000 
97.000000 83.000000 35.000000 92.000000 71.000000 53.000000 32.000000 31.000000 56.000000 46.000000 78.000000 94.000000 89.000000 33.000000 6.000000 16.000000 75.000000 13.000000 98.000000 97.000000 30.000000 69.000000 7.000000 20.000000 52.000000 40.000000 50.000000 60.000000 59.000000 30.000000 
28.000000 11.000000 55.000000 85.000000 95.000000 34.000000 98.000000 21.000000 72.000000 19.000000 14.000000 76.000000 74.000000 97.000000 40.000000 32.000000 16.000000 43.000000 17.000000 3.000000 4.000000 72.000000 65.000000 16.000000 13.000000 13.000000 91.000000 20.000000 38.000000 2.000000 
42.000000 78.000000 43.000000 39.000000 79.000000 72.000000 57.000000 3.000000 36.000000 84.000000 99.000000 14.000000 14.000000 45.000000 8.000000 81.000000 94.000000 89.000000 31.000000 92.000000 84.000000 19.000000 88.000000 17.000000 36.000000 88.000000 18.000000 35.000000 89.000000 58.000000 
70.000000 21.000000 34.000000 80.000000 97.000000 27.000000 97.000000 8.000000 72.000000 63.000000 92.000000 51.000000 25.000000 58.000000 90.000000 14.000000 74.000000 56.000000 7.000000 83.000000 96.000000 74.000000 1.000000 63.000000 71.000000 26.000000 37.000000 70.000000 87.000000 1.000000 
54.000000 35.000000 80.000000 37.000000 54.000000 65.000000 65.000000 33.000000 86.000000 84.000000 78.000000 92.000000 96.000000 36.000000 22.000000 89.000000 73.000000 28.000000 99.000000 0.000000 9.000000 46.000000 67.000000 43.000000 45.000000 66.000000 59.000000 15.000000 85.000000 53.000000 
48.000000 19.000000 91.000000 7.000000 38.000000 36.000000 92.000000 19.000000 33.000000 54.000000 69.000000 21.000000 99.000000 87.000000 1.000000 55.000000 23.000000 34.000000 94.000000 9.000000 47.000000 57.000000 3.000000 67.000000 10.000000 94.000000 38.000000 91.000000 43.000000 11.000000 
20.000000 30.000000 90.000000 88.000000 6.000000 13.000000 54.000000 70.000000 14.000000 82.000000 0.000000 34.000000 18.000000 72.000000 44.000000 62.000000 85.000000 32.000000 21.000000 15.000000 81.000000 60.000000 17.000000 40.000000 65.000000 87.000000 5.000000 63.000000 52.000000 29.000000 
1.000000 63.000000 6.000000 3.000000 61.000000 0.000000 0.000000 70.000000 67.000000 61.000000 58.000000 49.000000 73.000000 54.000000 56.000000 17.000000 9.000000 49.000000 48.000000 92.000000 71.000000 44.000000 61.000000 63.000000 47.000000 26.000000 47.000000 3.000000 39.000000 31.000000 
8.000000 0.000000 96.000000 36.000000 31.000000 75.000000 72.000000 38.000000 75.000000 75.000000 59.000000 95.000000 37.000000 68.000000 71.000000 41.000000 51.000000 67.000000 75.000000 94.000000 15.000000 69.000000 89.000000 27.000000 59.000000 79.000000 8.000000 63.000000 72.000000 67.000000 
12.000000 20.000000 75.000000 54.000000 79.000000 11.000000 4.000000 55.000000 94.000000 80.000000 31.000000 4.000000 43.000000 29.000000 35.000000 44.000000 25.000000 63.000000 21.000000 62.000000 10.000000 64.000000 33.000000 97.000000 51.000000 60.000000 0.000000 52.000000 6.000000 64.000000 
36.000000 85.000000 35.000000 93.000000 69.000000 74.000000 84.000000 87.000000 61.000000 57.000000 59.000000 92.000000 65.000000 15.000000 71.000000 83.000000 11.000000 35.000000 75.000000 30.000000 33.000000 74.000000 68.000000 41.000000 72.000000 18.000000 96.000000 33.000000 4.000000 1.000000 
87.000000 9.000000 11.000000 18.000000 29.000000 57.000000 56.000000 67.000000 32.000000 80.000000 59.000000 0.000000 61.000000 36.000000 73.000000 44.000000 28.000000 47.000000 98.000000 54.000000 75.000000 94.000000 2.000000 0.000000 87.000000 24.000000 27.000000 79.000000 21.000000 27.000000 
94.000000 28.000000 29.000000 46.000000 39.000000 82.000000 28.000000 60.000000 51.000000 75.000000 32.000000 24.000000 79.000000 6.000000 53.000000 65.000000 52.000000 5.000000 37.000000 77.000000 1.000000 71.000000 86.000000 49.000000 91.000000 72.000000 94.000000 32.000000 16.000000 28.000000 
87.000000 17.000000 89.000000 14.000000 48.000000 91.000000 40.000000 46.000000 73.000000 93.000000 15.000000 67.000000 76.000000 69.000000 26.000000 4.000000 50.000000 23.000000 94.000000 96.000000 57.000000 97.000000 99.000000 6.000000 83.000000 33.000000 11.000000 48.000000 98.000000 97.000000 
80.000000 22.000000 13.000000 67.000000 5.000000 19.000000 96.000000 25.000000 2.000000 37.000000 20.000000 88.000000 59.000000 40.000000 43.000000 83.000000 26.000000 25.000000 28.000000 47.000000 91.000000 91.000000 82.000000 98.000000 45.000000 38.000000 50.000000 24.000000 23.000000 17.000000 
98.000000 71.000000 83.000000 21.000000 81.000000 37.000000 58.000000 82.000000 60.000000 98.000000 91.000000 34.000000 35.000000 20.000000 44.000000 25.000000 99.000000 51.000000 33.000000 7.000000 25.000000 66.000000 34.000000 44.000000 43.000000 37.000000 65.000000 99.000000 83.000000 42.000000 
36.000000 98.000000 77.000000 24.000000 15.000000 88.000000 33.000000 77.000000 64.000000 25.000000 62.000000 26.000000 45.000000 71.000000 92.000000 7.000000 77.000000 80.000000 95.000000 74.000000 20.000000 92.000000 36.000000 2.000000 10.000000 92.000000 6.000000 41.000000 58.000000 75.000000 
90.000000 53.000000 6.000000 39.000000 2.000000 39.000000 85.000000 92.000000 72.000000 29.000000 35.000000 46.000000 63.000000 93.000000 74.000000 38.000000 80.000000 8.000000 13.000000 92.000000 68.000000 73.000000 86.000000 26.000000 22.000000 69.000000 7.000000 47.000000 72.000000 0.000000 
97.000000 8.000000 87.000000 60.000000 38.000000 19.000000 31.000000 21.000000 30.000000 9.000000 63.000000 28.000000 83.000000 25.000000 58.000000 50.000000 63.000000 77.000000 97.000000 24.000000 59.000000 81.000000 40.000000 83.000000 52.000000 60.000000 2.000000 72.000000 10.000000 4.000000 
81.000000 75.000000 29.000000 95.000000 4.000000 11.000000 88.000000 43.000000 2.000000 88.000000 7.000000 16.000000 30.000000 0.000000 17.000000 20.000000 78.000000 15.000000 70.000000 89.000000 51.000000 98.000000 66.000000 92.000000 21.000000 59.000000 63.000000 51.000000 57.000000 9.000000 
5.000000 37.000000 7.000000 92.000000 72.000000 85.000000 79.000000 96.000000 56.000000 51.000000 44.000000 80.000000 98.000000 97.000000 60.000000 65.000000 45.000000 69.000000 90.000000 73.000000 26.000000 24.000000 63.000000 18.000000 36.000000 3.000000 5.000000 70.000000 89.000000 59.000000 
27.000000 71.000000 72.000000 98.000000 58.000000 45.000000 21.000000 84.000000 63.000000 48.000000 94.000000 9.000000 69.000000 49.000000 9.000000 39.000000 99.000000 35.000000 74.000000 92.000000 96.000000 78.000000 37.000000 93.000000 64.000000 10.000000 20.000000 22.000000 73.000000 6.000000 
20.000000 49.000000 16.000000 40.000000 92.000000 22.000000 83.000000 96.000000 41.000000 53.000000 19.000000 40.000000 2.000000 13.000000 75.000000 68.000000 68.000000 35.000000 56.000000 12.000000 9.000000 85.000000 37.000000 47.000000 80.000000 57.000000 95.000000 46.000000 16.000000 85.000000 
92.000000 71.000000 74.000000 91.000000 86.000000 90.000000 46.000000 20.000000 61.000000 72.000000 73.000000 7.000000 17.000000 88.000000 26.000000 91.000000 48.000000 25.000000 28.000000 82.000000 0.000000 92.000000 54.000000 27.000000 86.000000 69.000000 7.000000 33.000000 9.000000 37.000000 
70.000000 57.000000 15.000000 88.000000 87.000000 60.000000 63.000000 88.000000 11.000000 86.000000 12.000000 69.000000 30.000000 14.000000 42.000000 51.000000 62.000000 98.000000 58.000000 27.000000 64.000000 83.000000 59.000000 63.000000 11.000000 75.000000 54.000000 97.000000 44.000000 93.000000 
71.000000 39.000000 79.000000 35.000000 79.000000 96.000000 23.000000 35.000000 31.000000 93.000000 62.000000 90.000000 88.000000 49.000000 0.000000 0.000000 87.000000 31.000000 56.000000 20.000000 61.000000 96.000000 75.000000 44.000000 25.000000 6.000000 79.000000 65.000000 89.000000 53.000000 
89.000000 65.000000 54.000000 47.000000 85.000000 45.000000 10.000000 52.000000 67.000000 0.000000 36.000000 56.000000 75.000000 86.000000 80.000000 43.000000 42.000000 43.000000 58.000000 69.000000 0.000000 72.000000 0.000000 73.000000 83.000000 76.000000 50.000000 91.000000 58.000000 15.000000 
73.000000 25.000000 15.000000 28.000000 45.000000 2.000000 80.000000 42.000000 18.000000 30.000000 29.000000 44.000000 86.000000 21.000000 22.000000 4.000000 14.000000 47.000000 90.000000 76.000000 71.000000 51.000000 36.000000 0.000000 4.000000 16.000000 34.000000 96.000000 45.000000 85.000000 
45.000000 20.000000 25.000000 68.000000 66.000000 20.000000 40.000000 84.000000 7.000000 11.000000 99.000000 21.000000 41.000000 61.000000 49.000000 22.000000 76.000000 56.000000 51.000000 26.000000 52.000000 89.000000 52.000000 4.000000 53.000000 79.000000 86.000000 98.000000 99.000000 24.000000 
85.000000 42.000000 35.000000 57.000000 99.000000 6.000000 61.000000 31.000000 46.000000 16.000000 53.000000 66.000000 35.000000 34.000000 59.000000 47.000000 53.000000 89.000000 5.000000 33.000000 88.000000 11.000000 7.000000 24.000000 41.000000 97.000000 90.000000 12.000000 47.000000 13.000000 
68.000000 86.000000 4.000000 13.000000 24.000000 81.000000 86.000000 28.000000 94.000000 5.000000 82.000000 65.000000 55.000000 52.000000 96.000000 94.000000 63.000000 7.000000 89.000000 39.000000 79.000000 4.000000 59.000000 0.000000 11.000000 79.000000 85.000000 43.000000 34.000000 35.000000 
73.000000 69.000000 60.000000 11.000000 98.000000 37.000000 2.000000 28.000000 12.000000 92.000000 29.000000 44.000000 78.000000 37.000000 1.000000 43.000000 34.000000 43.000000 55.000000 47.000000 7.000000 86.000000 64.000000 21.000000 34.000000 60.000000 91.000000 7.000000 45.000000 95.000000 
19.000000 11.000000 37.000000 93.000000 12.000000 35.000000 22.000000 49.000000 63.000000 13.000000 40.000000 22.000000 7.000000 2.000000 73.000000 83.000000 24.000000 43.000000 91.000000 42.000000 62.000000 80.000000 20.000000 34.000000 25.000000 13.000000 17.000000 23.000000 47.000000 13.000000 
91.000000 49.000000 29.000000 33.000000 96.000000 28.000000 90.000000 97.000000 94.000000 73.000000 94.000000 30.000000 67.000000 9.000000 39.000000 88.000000 19.000000 95.000000 8.000000 85.000000 91.000000 68.000000 34.000000 23.000000 99.000000 79.000000 26.000000 90.000000 51.000000 89.000000 
55.000000 61.000000 6.000000 44.000000 96.000000 26.000000 95.000000 34.000000 77.000000 41.000000 92.000000 26.000000 83.000000 55.000000 29.000000 12.000000 12.000000 67.000000 78.000000 8.000000 82.000000 32.000000 48.000000 15.000000 43.000000 97.000000 79.000000 10.000000 29.000000 41.000000 
11.000000 27.000000 61.000000 66.000000 81.000000 59.000000 1.000000 42.000000 63.000000 90.000000 86.000000 17.000000 56.000000 20.000000 18.000000 40.000000 95.000000 57.000000 85.000000 57.000000 23.000000 97.000000 28.000000 77.000000 59.000000 95.000000 87.000000 28.000000 55.000000 8.000000 
94.000000 35.000000 13.000000 69.000000 88.000000 99.000000 21.000000 18.000000 72.000000 63.000000 16.000000 91.000000 49.000000 77.000000 85.000000 55.000000 82.000000 21.000000 72.000000 38.000000 92.000000 31.000000 39.000000 82.000000 72.000000 43.000000 9.000000 36.000000 86.000000 47.000000 
81.000000 44.000000 81.000000 21.000000 4.000000 18.000000 30.000000 87.000000 39.000000 85.000000 88.000000 2.000000 56.000000 49.000000 23.000000 79.000000 41.000000 26.000000 59.000000 10.000000 2.000000 13.000000 39.000000 18.000000 20.000000 23.000000 93.000000 82.000000 66.000000 83.000000 
84.000000 90.000000 74.000000 86.000000 47.000000 27.000000 69.000000 43.000000 54.000000 10.000000 62.000000 67.000000 72.000000 1.000000 72.000000 93.000000 88.000000 88.000000 45.000000 18.000000 31.000000 0.000000 62.000000 12.000000 5.000000 2.000000 72.000000 24.000000 14.000000 75.000000 
86.000000 1.000000 46.000000 97.000000 13.000000 90.000000 48.000000 61.000000 30.000000 80.000000 4.000000 3.000000 26.000000 13.000000 1.000000 32.000000 36.000000 70.000000 48.000000 70.000000 80.000000 11.000000 78.000000 66.000000 66.000000 29.000000 44.000000 18.000000 13.000000 29.000000 
9.000000 35.000000 12.000000 69.000000 64.000000 13.000000 34.000000 5.000000 38.000000 12.000000 44.000000 32.000000 93.000000 57.000000 78.000000 15.000000 96.000000 96.000000 9.000000 43.000000 31.000000 98.000000 91.000000 75.000000 77.000000 58.000000 65.000000 25.000000 83.000000 60.000000 
69.000000 26.000000 0.000000 1.000000 71.000000 84.000000 51.000000 87.000000 38.000000 74.000000 70.000000 45.000000 3.000000 70.000000 10.000000 14.000000 76.000000 6.000000 29.000000 24.000000 35.000000 95.000000 86.000000 49.000000 81.000000 73.000000 7.000000 10.000000 45.000000 29.000000 
22.000000 74.000000 80.000000 46.000000 57.000000 47.000000 76.000000 62.000000 45.000000 75.000000 85.000000 30.000000 94.000000 9.000000 36.000000 31.000000 17.000000 76.000000 90.000000 61.000000 19.000000 78.000000 47.000000 22.000000 87.000000 4.000000 17.000000 60.000000 42.000000 33.000000 
26.000000 38.000000 35.000000 62.000000 95.000000 58.000000 0.000000 71.000000 27.000000 33.000000 7.000000 34.000000 95.000000 0.000000 61.000000 30.000000 9.000000 19.000000 50.000000 96.000000 0.000000 0.000000 34.000000 46.000000 62.000000 41.000000 33.000000 49.000000 26.000000 82.000000 
57.000000 20.000000 68.000000 15.000000 68.000000 81.000000 76.000000 78.000000 94.000000 5.000000 9.000000 48.000000 21.000000 30.000000 51.000000 1.000000 19.000000 15.000000 21.000000 8.000000 17.000000 81.000000 97.000000 81.000000 90.000000 50.000000 83.000000 83.000000 44.000000 77.000000 
94.000000 80.000000 22.000000 40.000000 62.000000 91.000000 42.000000 40.000000 93.000000 62.000000 57.000000 8.000000 95.000000 71.000000 93.000000 29.000000 97.000000 44.000000 14.000000 50.000000 9.000000 36.000000 0.000000 97.000000 83.000000 8.000000 52.000000 40.000000 0.000000 99.000000 
64.000000 82.000000 70.000000 85.000000 11.000000 46.000000 40.000000 64.000000 52.000000 7.000000 29.000000 8.000000 51.000000 70.000000 40.000000 87.000000 56.000000 6.000000 35.000000 33.000000 91.000000 0.000000 46.000000 10.000000 56.000000 60.000000 71.000000 24.000000 34.000000 95.000000 
87.000000 56.000000 62.000000 65.000000 65.000000 21.000000 90.000000 68.000000 67.000000 98.000000 64.000000 1.000000 77.000000 57.000000 89.000000 10.000000 89.000000 96.000000 64.000000 37.000000 31.000000 60.000000 93.000000 12.000000 40.000000 3.000000 12.000000 44.000000 85.000000 17.000000 
98.000000 24.000000 7.000000 37.000000 28.000000 31.000000 48.000000 4.000000 29.000000 17.000000 43.000000 26.000000 18.000000 97.000000 43.000000 91.000000 33.000000 78.000000 70.000000 16.000000 94.000000 6.000000 12.000000 15.000000 62.000000 11.000000 36.000000 56.000000 72.000000 76.000000 
59.000000 15.000000 52.000000 66.000000 7.000000 45.000000 76.000000 90.000000 50.000000 41.000000 92.000000 82.000000 6.000000 46.000000 31.000000 25.000000 41.000000 36.000000 91.000000 52.000000 99.000000 81.000000 49.000000 99.000000 62.000000 76.000000 39.000000 0.000000 14.000000 77.000000 
12.000000 37.000000 40.000000 88.000000 57.000000 89.000000 18.000000 96.000000 46.000000 56.000000 64.000000 34.000000 45.000000 33.000000 31.000000 27.000000 89.000000 70.000000 97.000000 58.000000 22.000000 40.000000 76.000000 44.000000 52.000000 9.000000 31.000000 14.000000 62.000000 66.000000 
90.000000 41.000000 81.000000 65.000000 85.000000 52.000000 18.000000 93.000000 62.000000 28.000000 98.000000 49.000000 44.000000 74.000000 50.000000 20.000000 25.000000 0.000000 52.000000 70.000000 50.000000 67.000000 31.000000 81.000000 89.000000 74.000000 53.000000 32.000000 28.000000 93.000000 
67.000000 72.000000 17.000000 90.000000 2.000000 52.000000 60.000000 60.000000 92.000000 4.000000 41.000000 93.000000 18.000000 93.000000 2.000000 47.000000 68.000000 72.000000 34.000000 68.000000 57.000000 19.000000 45.000000 14.000000 74.000000 43.000000 11.000000 57.000000 22.000000 69.000000 