30 90
171 60 129 87 161 43 83 173 63 115 162 50 33 22 116 91 64 159 133 107 89 165 162 118 147 40 167 112 166 34 
3815.000000 4854.000000 2353.000000 4496.000000 3207.000000 4876.000000 1405.000000 3058.000000 2121.000000 5204.000000 1585.000000 1236.000000 4512.000000 2693.000000 2734.000000 4429.000000 794.000000 4771.000000 4559.000000 3309.000000 2544.000000 2085.000000 1967.000000 2946.000000 3700.000000 1897.000000 716.000000 3449.000000 1897.000000 5064.000000 
18 14 24 14 22 25 21 14 29 16 19 15 26 18 17 21 16 17 24 27 14 10 22 26 20 19 24 21 25 20 27 12 17 25 19 21 10 29 23 28 21 16 28 12 13 28 26 17 23 14 25 10 20 20 13 27 29 20 18 14 18 16 20 27 26 26 26 25 25 25 15 28 25 25 13 26 20 15 18 21 12 27 21 27 15 14 10 29 29 14 
28.000000 13.000000 34.000000 83.000000 8.000000 75.000000 69.000000 38.000000 51.000000 7.000000 22.000000 93.000000 82.000000 47.000000 9.000000 69.000000 30.000000 96.000000 1.000000 46.000000 69.000000 75.000000 88.000000 69.000000 49.000000 81.000000 53.000000 79.000000 58.000000 30.000000 
19.000000 79.000000 5.000000 91.000000 16.000000 99.000000 91.000000 49.000000 55.000000 99.000000 26.000000 29.000000 25.000000 24.000000 18.000000 97.000000 50.000000 15.000000 18.000000 97.000000 49.000000 32.000000 6.000000 0.000000 20.000000 37.000000 67.000000 82.000000 15.000000 46.000000 
76.000000 38.000000 88.000000 60.000000 84.000000 17.000000 32.000000 20.000000 99.000000 20.000000 30.000000 45.000000 85.000000 8.000000 3.000000 59.000000 23.000000 13.000000 10.000000 11.000000 22.000000 29.000000 41.000000 44.000000 52.000000 54.000000 15.000000 57.000000 58.000000 87.000000 
65.000000 89.000000 66.000000 19.000000 75.000000 95.000000 86.000000 56.000000 0.000000 7.000000 85.000000 70.000000 85.000000 0.000000 82.000000 76.000000 67.000000 97.000000 76.000000 62.000000 18.000000 90.000000 19.000000 30.000000 68.000000 55.000000 3.000000 28.000000 25.000000 8.000000 
7.000000 78.000000 62.000000 96.000000 26.000000 24.000000 44.000000 42.000000 91.000000 67.000000 37.000000 98.000000 36.000000 49.000000 86.000000 45.000000 83.000000 10.000000 77.000000 68.000000 41.000000 30.000000 24.000000 87.000000 45.000000 29.000000 21.000000 22.000000 88.000000 81.000000 
78.000000 22.000000 8.000000 74.000000 14.000000 86.000000 38.000000 21.000000 84.000000 67.000000 41.000000 0.000000 56.000000 14.000000 76.000000 72.000000 68.000000 14.000000 64.000000 25.000000 40.000000 30.000000 71.000000 19.000000 4.000000 47.000000 99.000000 47.000000 88.000000 79.000000 
75.000000 37.000000 71.000000 84.000000 69.000000 38.000000 80.000000 7.000000 72.000000 97.000000 6.000000 38.000000 41.000000 97.000000 71.000000 55.000000 63.000000 25.000000 44.000000 96.000000 13.000000 81.000000 12.000000 70.000000 1.000000 47.000000 55.000000 14.000000 39.000000 98.000000 
57.000000 39.000000 65.000000 90.000000 78.000000 37.000000 7.000000 77.000000 63.000000 37.000000 83.000000 53.000000 45.000000 30.000000 54.000000 94.000000 93.000000 99.000000 94.000000 58.000000 97.000000 34.000000 26.000000 79.000000 99.000000 8.000000 55.000000 53.000000 0.000000 40.000000 
84.000000 88.000000 12.000000 98.000000 97.000000 97.000000 46.000000 76.000000 51.000000 37.000000 19.000000 84.000000 11.000000 11.000000 60.000000 20.000000 5.000000 16.000000 31.000000 6.000000 98.000000 88.000000 87.000000 28.000000 14.000000 64.000000 53.000000 89.000000 42.000000 88.000000 
83.000000 81.000000 16.000000 14.000000 39.000000 28.000000 44.000000 87.000000 94.000000 53.000000 41.000000 9.000000 50.000000 85.000000 84.000000 7.000000 32.000000 92.000000 81.000000 84.000000 95.000000 14.000000 43.000000 2.000000 44.000000 30.000000 97.000000 21.000000 75.000000 92.000000 
57.000000 24.000000 73.000000 98.000000 75.000000 67.000000 19.000000 83.000000 16.000000 53.000000 15.000000 73.000000 27.000000 24.000000 5.000000 7.000000 14.000000 96.000000 67.000000 35.000000 28.000000 9.000000 89.000000 40.000000 33.000000 51.000000 73.000000 48.000000 4.000000 79.000000 
17.000000 23.000000 80.000000 49.000000 62.000000 55.000000 65.000000 29.000000 33.000000 96.000000 60.000000 56.000000 75.000000 96.000000 70.000000 57.000000 85.000000 47.000000 99.000000 49.000000 92.000000 40.000000 54.000000 93.000000 21.000000 84.000000 5.000000 55.000000 53.000000 45.000000 
79.000000 7.000000 76.000000 19.000000 78.000000 68.000000 66.000000 23.000000 48.000000 75.000000 61.000000 80.000000 58.000000 25.000000 15.000000 37.000000 43.000000 24.000000 38.000000 32.000000 26.000000 55.000000 62.000000 6.000000 28.000000 33.000000 92.000000 22.000000 36.000000 2.000000 
35.000000 38.000000 74.000000 18.000000 99.000000 47.000000 3.000000 4.000000 23.000000 77.000000 48.000000 72.000000 80.000000 27.000000 27.000000 54.000000 49.000000 65.000000 29.000000 83.000000 58.000000 16.000000 63.000000 21.000000 50.000000 33.000000 80.000000 16.000000 6.000000 12.000000 
35.000000 45.000000 45.000000 99.000000 53.000000 66.000000 81.000000 1.000000 95.000000 96.000000 95.000000 95.000000 52.000000 77.000000 66.000000 10.000000 22.000000 6.000000 62.000000 6.000000 23.000000 35.000000 91.000000 87.000000 68.000000 69.000000 56.000000 29.000000 0.000000 23.000000 
61.000000 91.000000 50.000000 5.000000 81.000000 55.000000 91.000000 49.000000 67.000000 7.000000 77.000000 0.000000 69.000000 62.000000 5.000000 44.000000 94.000000 80.000000 31.000000 12.000000 16.000000 37.000000 29.000000 24.000000 30.000000 59.000000 84.000000 39.000000 3.000000 5.000000 
40.000000 25.000000 58.000000 75.000000 63.000000 71.000000 14.000000 86.000000 72.000000 5.000000 47.000000 22.000000 61.000000 92.000000 53.000000 67.000000 14.000000 13.000000 37.000000 68.000000 81.000000 68.000000 44.000000 93.000000 63.000000 33.000000 16.000000 78.000000 38.000000 91.000000 
36.000000 77.000000 13.000000 87.000000 94.000000 61.000000 94.000000 98.000000 92.000000 29.000000 94.000000 15.000000 64.000000 30.000000 42.000000 62.000000 80.000000 2.000000 48.000000 23.000000 67.000000 86.000000 33.000000 38.000000 54.000000 61.000000 53.000000 91.000000 39.000000 19.000000 
44.000000 97.000000 24.000000 66.000000 93.000000 66.000000 63.000000 25.000000 95.000000 10.000000 32.000000 74.000000 65.000000 4.000000 6.000000 45.000000 3.000000 18.000000 7.000000 66.000000 35.000000 99.000000 53.000000 25.000000 85.000000 54.000000 26.000000 85.000000 36.000000 68.000000 
37.000000 86.000000 4.000000 50.000000 62.000000 97.000000 13.000000 10.000000 61.000000 22.000000 59.000000 96.000000 27.000000 67.000000 2.000000 36.000000 10.000000 12.000000 11.000000 86.000000 12.000000 62.000000 65.000000 62.000000 64.000000 55.000000 70.000000 15.000000 14.000000 63.000000 
62.000000 73.000000 97.000000 13.000000 4.000000 59.000000 63.000000 0.000000 69.000000 60.000000 80.000000 87.000000 11.000000 14.000000 43.000000 8.000000 35.000000 20.000000 63.000000 6.000000 22.000000 8.000000 98.000000 97.000000 89.000000 24.000000 66.000000 26.000000 57.000000 86.000000 
45.000000 47.000000 91.000000 62.000000 55.000000 64.000000 15.000000 50.000000 69.000000 11.000000 18.000000 50.000000 10.000000 37.000000 13.000000 87.000000 19.000000 51.000000 4.000000 4.000000 98.000000 29.000000 76.000000 45.000000 93.000000 84.000000 20.000000 89.000000 25.000000 69.000000 
53.000000 0.000000 22.000000 43.000000 92.000000 31.000000 92.000000 33.000000 95.000000 68.000000 42.000000 68.000000 76.000000 5.000000 42.000000 66.000000 65.000000 7.000000 67.000000 7.000000 61.000000 82.000000 99.000000 15.000000 98.000000 74.000000 45.000000 39.000000 29.000000 53.000000 
5.000000 92.000000 98.000000 57.000000 17.000000 14.000000 49.000000 17.000000 43.000000 43.000000 89.000000 72.000000 70.000000 16.000000 22.000000 42.000000 63.000000 47.000000 1.000000 33.000000 74.000000 38.000000 68.000000 88.000000 97.000000 28.000000 0.000000 89.000000 27.000000 83.000000 
50.000000 5.000000 67.000000 86.000000 70.000000 24.000000 79.000000 76.000000 52.000000 2.000000 86.000000 47.000000 27.000000 40.000000 60.000000 4.000000 96.000000 71.000000 59.000000 36.000000 90.000000 92.000000 0.000000 64.000000 98.000000 97.000000 72.000000 60.000000 81.000000 0.000000 
38.000000 43.000000 79.000000 27.000000 72.000000 19.000000 81.000000 37.000000 30.000000 0.000000 7.000000 7.000000 51.000000 28.000000 25.000000 68.000000 48.000000 85.000000 96.000000 94.000000 16.000000 66.000000 39.000000 75.000000 77.000000 59.000000 35.000000 30.000000 50.000000 34.000000 
24.000000 38.000000 96.000000 50.000000 70.000000 90.000000 79.000000 40.000000 81.000000 97.000000 63.000000 13.000000 28.000000 98.000000 16.000000 98.000000 84.000000 68.000000 91.000000 17.000000 85.000000 4.000000 16.000000 51.000000 89.000000 43.000000 12.000000 50.000000 74.000000 46.000000 
11.000000 1.000000 99.000000 48.000000 45.000000 39.000000 40.000000 61.000000 45.000000 77.000000 55.000000 72.000000 47.000000 94.000000 40.000000 81.000000 6.000000 99.000000 92.000000 69.000000 67.000000 64.000000 84.000000 89.000000 41.000000 83.000000 20.000000 25.000000 84.000000 20.000000 
20.000000 49.000000 77.000000 45.000000 61.000000 92.000000 52.000000 51.000000 66.000000 95.000000 27.000000 38.000000 24.000000 99.000000 24.000000 78.000000 79.000000 5.000000 95.000000 3.000000 23.000000 18.000000 81.000000 93.000000 76.000000 27.000000 71.000000 36.000000 44.000000 14.000000 
48.000000 7.000000 92.000000 84.000000 23.000000 75.000000 53.000000 52.000000 8.000000 31.000000 87.000000 44.000000 78.000000 12.000000 44.000000 81.000000 9.000000 57.000000 93.000000 63.000000 6.000000 11.000000 36.000000 78.000000 60.000000 76.000000 5.000000 88.000000 85.000000 62.000000 
12.000000 72.000000 29.000000 4.000000 16.000000 38.000000 70.000000 34.000000 3.000000 24.000000 27.000000 27.000000 3.000000 49.000000 52.000000 64.000000 9.000000 88.000000 90.000000 73.000000 41.000000 87.000000 10.000000 55.000000 78.000000 31.000000 55.000000 90.000000 75.000000 35.000000 
59.000000 94.000000 10.000000 28.000000 28.000000 56.000000 32.000000 42.000000 89.000000 93.000000 23.000000 23.000000 45.000000 96.000000 73.000000 43.000000 99.000000 44.000000 48.000000 58.000000 29.000000 27.000000 90.000000 54.000000 27.000000 94.000000 79.000000 75.000000 40.000000 18.000000 
53.000000 24.000000 69.000000 43.000000 59.000000 79.000000 19.000000 66.000000 89.000000 66.000000 98.000000 51.000000 13.000000 81.000000 24.000000 94.000000 18.000000 53.000000 69.000000 76.000000 25.000000 96.000000 61.000000 72.000000 23.000000 80.000000 24.000000 20.000000 58.000000 24.000000 
12.000000 45.000000 64.000000 0.000000 89.000000 1.000000 17.000000 88.000000 48.000000 89.000000 48.000000 25.000000 65.000000 41.000000 59.000000 46.000000 47.000000 88.000000 21.000000 97.000000 10.000000 69.000000 40.000000 74.000000 96.000000 18.000000 29.000000 27.000000 18.000000 53.000000 
17.000000 13.000000 92.000000 62.000000 98.000000 5.000000 91.000000 40.000000 78.000000 86.000000 36.000000 38.000000 80.000000 76.000000 5.000000 20.000000 31.000000 86.000000 22.000000 44.000000 25.000000 85.000000 68.000000 7.000000 32.000000 32.000000 14.000000 26.000000 10.000000 96.000000 
73.000000 42.000000 46.000000 90.000000 24.000000 65.000000 1.000000 69.000000 46.000000 10.000000 70.000000 70.000000 78.000000 77.000000 67.000000 15.000000 83.000000 80.000000 88.000000 83.000000 81.000000 35.000000 34.000000 21.000000 89.000000 58.000000 71.000000 74.000000 73.000000 16.000000 
81.000000 32.000000 4.000000 68.000000 20.000000 22.000000 76.000000 55.000000 84.000000 16.000000 22.000000 43.000000 61.000000 5.000000 39.000000 26.000000 5.000000 85.000000 10.000000 39.000000 73.000000 37.000000 78.000000 40.000000 12.000000 99.000000 16.000000 65.000000 66.000000 76.000000 
1.000000 60.000000 64.000000 22.000000 71.000000 38.000000 0.000000 94.000000 40.000000 37.000000 17.000000 62.000000 88.000000 48.000000 51.000000 24.000000 62.000000 62.000000 95.000000 68.000000 48.000000 46.000000 14.000000 67.000000 90.000000 41.000000 86.000000 6.000000 91.000000 56.000000 
62.000000 78.000000 1.000000 86.000000 94.000000 94.000000 86.000000 93.000000 34.000000 7.000000 29.000000 20.000000 32.000000 15.000000 9.000000 15.000000 77.000000 26.000000 61.000000 13.000000 55.000000 88.000000 6.000000 81.000000 28.000000 8.000000 19.000000 26.000000 42.000000 21.000000 
53.000000 33.000000 40.000000 87.000000 48.000000 75.000000 18.000000 20.000000 5.000000 1.000000 55.000000 79.000000 82.000000 19.000000 20.000000 76.000000 50.000000 15.000000 13.000000 77.000000 22.000000 65.000000 10.000000 13.000000 42.000000 51.000000 14.000000 11.000000 91.000000 85.000000 
28.000000 16.000000 41.000000 83.000000 15.000000 79.000000 92.000000 64.000000 91.000000 13.000000 37.000000 59.000000 81.000000 46.000000 61.000000 53.000000 34.000000 37.000000 74.000000 97.000000 69.000000 11.000000 8.000000 55.000000 97.000000 53.000000 63.000000 96.000000 60.000000 46.000000 
52.000000 16.000000 53.000000 55.000000 94.000000 70.000000 40.000000 96.000000 56.000000 45.000000 83.000000 27.000000 37.000000 97.000000 18.000000 61.000000 51.000000 47.000000 90.000000 82.000000 42.000000 90.000000 88.000000 30.000000 52.000000 78.000000 65.000000 58.000000 22.000000 82.000000 
39.000000 99.000000 75.000000 19.000000 86.000000 92.000000 45.000000 37.000000 3.000000 48.000000 36.000000 63.000000 70.000000 62.000000 9.000000 71.000000 57.000000 93.000000 59.000000 27.000000 62.000000 89.000000 13.000000 2.000000 54.000000 0.000000 64.000000 83.000000 73.000000 22.000000 
22.000000 7.000000 9.000000 73.000000 54.000000 2.000000 59.000000 77.000000 29.000000 8.000000 28.000000 12.000000 2.000000 20.000000 43.000000 56.000000 5.000000 70.000000 74.000000 31.000000 18.000000 29.000000 85.000000 27.000000 47.000000 23.000000 81.000000 58.000000 23.000000 72.000000 
90.000000 82.000000 17.000000 98.000000 16.000000 91.000000 9.000000 73.000000 61.000000 49.000000 79.000000 86.000000 75.000000 31.000000 97.000000 72.000000 3.000000 91.000000 26.000000 9.000000 32.000000 79.000000 83.000000 90.000000 58.000000 57.000000 99.000000 20.000000 25.000000 6.000000 
86.000000 4.000000 98.000000 15.000000 4.000000 13.000000 91.000000 89.000000 82.000000 49.000000 47.000000 41.000000 25.000000 55.000000 41.000000 16.000000 37.000000 27.000000 60.000000 92.000000 21.000000 36.000000 80.000000 57.000000 33.000000 51.000000 38.000000 33.000000 24.000000 42.000000 
73.000000 14.000000 80.000000 91.000000 88.000000 41.000000 34.000000 38.000000 49.000000 24.000000 37.000000 49.000000 28.000000 77.000000 97.000000 77.000000 56.000000 45.000000 14.000000 52.000000 37.000000 25.000000 87.000000 28.000000 53.000000 6.000000 69.000000 62.000000 43.000000 99.000000 
77.000000 16.000000 50.000000 18.000000 7.000000 99.000000 63.000000 23.000000 2.000000 88.000000 94.000000 66.000000 64.000000 98.000000 80.000000 74.000000 22.000000 95.000000 89.000000 65.000000 89.000000 66.000000 67.000000 99.000000 72.000000 89.000000 70.000000 80.000000 17.000000 73.000000 
54.000000 95.000000 9.000000 49.000000 18.000000 22.000000 42.000000 52.000000 38.000000 66.000000 55.000000 10.000000 14.000000 7.000000 75.000000 26.000000 38.000000 41.000000 27.000000 30.000000 44.000000 88.000000 0.000000 43.000000 95.000000 63.000000 69.000000 57.000000 40.000000 54.000000 
27.000000 41.000000 11.000000 49.000000 71.000000 28.000000 73.000000 98.000000 35.000000 26.000000 36.000000 17.000000 85.000000 80.000000 84.000000 52.000000 5.000000 66.000000 98.000000 79.000000 36.000000 85.000000 60.000000 93.000000 57.000000 11.000000 76.000000 12.000000 21.000000 96.000000 
53.000000 18.000000 71.000000 28.000000 16.000000 85.000000 10.000000 20.000000 48.000000 85.000000 6.000000 51.000000 94.000000 64.000000 35.000000 3.000000 64.000000 26.000000 15.000000 57.000000 17.000000 82.000000 71.000000 41.000000 13.000000 27.000000 45.000000 56.000000 76.000000 80.000000 
20.000000 2.000000 89.000000 78.000000 45.000000 0.000000 32.000000 16.000000 76.000000 71.000000 11.000000 87.000000 52.000000 15.000000 58.000000 38.000000 96.000000 14.000000 1.000000 70.000000 85.000000 43.000000 13.000000 34.000000 56.000000 59.000000 15.000000 6.000000 20.000000 14.000000 
71.000000 45.000000 5.000000 99.000000 12.000000 60.000000 67.000000 27.000000 81.000000 49.000000 12.000000 7.000000 66.000000 77.000000 42.000000 56.000000 85.000000 13.000000 6.000000 77.000000 26.000000 42.000000 23.000000 71.000000 65.000000 14.000000 9.000000 81.000000 13.000000 9.000000 
12.000000 79.000000 50.000000 26.000000 65.000000 42.000000 72.000000 6.000000 81.000000 86.000000 49.000000 84.000000 64.000000 34.000000 56.000000 96.000000 17.000000 72.000000 44.000000 5.000000 53.000000 87.000000 58.000000 17.000000 58.000000 95.000000 13.000000 91.000000 48.000000 26.000000 
91.000000 86.000000 27.000000 99.000000 12.000000 84.000000 37.000000 16.000000 6.000000 75.000000 54.000000 55.000000 81.000000 10.000000 74.000000 37.000000 55.000000 51.000000 94.000000 12.000000 14.000000 72.000000 74.000000 68.000000 1.000000 89.000000 43.000000 71.000000 58.000000 27.000000 
92.000000 94.000000 68.000000 53.000000 42.000000 76.000000 66.000000 24.000000 5.000000 34.000000 35.000000 43.000000 74.000000 20.000000 83.000000 11.000000 83.000000 82.000000 77.000000 16.000000 62.000000 81.000000 86.000000 12.000000 51.000000 74.000000 46.000000 67.000000 54.000000 63.000000 
62.000000 77.000000 54.000000 67.000000 0.000000 92.000000 7.000000 66.000000 34.000000 91.000000 4.000000 39.000000 68.000000 4.000000 54.000000 70.000000 22.000000 62.000000 30.000000 13.000000 69.000000 32.000000 83.000000 37.000000 60.000000 69.000000 19.000000 88.000000 68.000000 79.000000 
92.000000 36.000000 47.000000 87.000000 49.000000 2.000000 77.000000 54.000000 46.000000 83.000000 47.000000 74.000000 14.000000 6.000000 98.000000 68.000000 32.000000 0.000000 27.000000 31.000000 53.000000 54.000000 16.000000 9.000000 94.000000 96.000000 50.000000 27.000000 59.000000 23.000000 
30.000000 69.000000 78.000000 63.000000 98.000000 96.000000 88.000000 41.000000 27.000000 55.000000 59.000000 92.000000 47.000000 4.000000 68.000000 36.000000 6.000000 64.000000 67.000000 8.000000 87.000000 78.000000 89.000000 10.000000 39.000000 22.000000 4.000000 26.000000 78.000000 11.000000 
99.000000 23.000000 79.000000 97.000000 60.000000 19.000000 58.000000 34.000000 82.000000 1.000000 14.000000 81.000000 16.000000 14.000000 89.000000 52.000000 43.000000 63.000000 58.000000 36.000000 42.000000 99.000000 52.000000 54.000000 73.000000 65.000000 92.000000 14.000000 97.000000 50.000000 
78.000000 92.000000 19.000000 59.000000 49.000000 43.000000 9.000000 86.000000 33.000000 25.000000 41.000000 81.000000 36.000000 83.000000 61.000000 26.000000 37.000000 33.000000 67.000000 49.000000 5.000000 46.000000 65.000000 79.000000 32.000000 3.000000 37.000000 81.000000 69.000000 96.000000 
28.000000 47.000000 95.000000 79.000000 44.000000 34.000000 60.000000 3.000000 17.000000 49.000000 90.000000 83.000000 71.000000 60.000000 28.000000 79.000000 13.000000 57.000000 66.000000 5.000000 16.000000 87.000000 85.000000 74.000000 65.000000 62.000000 1.000000 63.000000 13.000000 3.000000 
98.000000 45.000000 27.000000 50.000000 86.000000 26.000000 50.000000 79.000000 19.000000 90.000000 1.000000 98.000000 56.000000 16.000000 79.000000 96.000000 61.000000 57.000000 64.000000 93.000000 63.000000 67.000000 13.000000 96.000000 22.000000 17.000000 97.000000 66.000000 90.000000 60.000000 
31.000000 53.000000 41.000000 5.000000 99.000000 45.000000 17.000000 29.000000 60.000000 57.000000 15.000000 33.000000 2.000000 28.000000 20.000000 24.000000 68.000000 26.000000 43.000000 69.000000 79.000000 74.000000 25.000000 60.000000 32.000000 30.000000 25.000000 89.000000 37.000000 13.000000 
94.000000 17.000000 20.000000 33.000000 0.000000 89.000000 19.000000 76.000000 65.000000 23.000000 47.000000 58.000000 28.000000 81.000000 84.000000 39.000000 31.000000 98.000000 41.000000 68.000000 16.000000 36.000000 95.000000 94.000000 60.000000 67.000000 94.000000 69.000000 91.000000 19.000000 
86.000000 30.000000 67.000000 45.000000 6.000000 27.000000 10.000000 76.000000 38.000000 39.000000 20.000000 90.000000 29.000000 3.000000 20.000000 97.000000 35.000000 36.000000 99.000000 22.000000 0.000000 19.000000 59.000000 45.000000 25.000000 3.000000 88.000000 15.000000 68.000000 25.000000 
0.000000 57.000000 68.000000 49.000000 25.000000 50.000000 16.000000 95.000000 42.000000 12.000000 79.000000 85.000000 82.000000 51.000000 77.000000 44.000000 41.000000 64.000000 64.000000 26.000000 95.000000 73.000000 45.000000 56.000000 86.000000 51.000000 55.000000 5.000000 39.000000 70.000000 
72.000000 36.000000 21.000000 69.000000 31.000000 6.000000 46.000000 29.000000 72.000000 80.000000 5.000000 10.000000 39.000000 22.000000 61.000000 70.000000 7.000000 60.000000 27.000000 81.000000 6.000000 25.000000 51.000000 18.000000 72.000000 35.000000 49.000000 77.000000 42.000000 57.000000 
54.000000 44.000000 72.000000 75.000000 6.000000 35.000000 45.000000 42.000000 65.000000 71.000000 98.000000 2.000000 43.000000 51.000000 90.000000 10.000000 78.000000 53.000000 85.000000 61.000000 99.000000 63.000000 19.000000 50.000000 61.000000 18.000000 79.000000 92.000000 34.000000 11.000000 
20.000000 74.000000 85.000000 89.000000 84.000000 39.000000 94.000000 57.000000 5.000000 2.000000 82.000000 58.000000 13.000000 64.000000 34.000000 83.000000 74.000000 64.000000 66.000000 48.000000 25.000000 87.000000 64.000000 44.000000 83.000000 24.000000 79.000000 26.000000 61.000000 44.000000 
63.000000 9.000000 93.000000 24.000000 94.000000 98.000000 71.000000 60.000000 12.000000 51.000000 28.000000 38.000000 57.000000 64.000000 37.000000 45.000000 94.000000 20.000000 10.000000 55.000000 69.000000 47.000000 89.000000 8.000000 16.000000 75.000000 3.000000 76.000000 19.000000 87.000000 
10.000000 85.000000 95.000000 96.000000 42.000000 29.000000 57.000000 9.000000 44.000000 96.000000 71.000000 52.000000 56.000000 4.000000 9.000000 54.000000 88.000000 6.000000 74.000000 45.000000 88.000000 9.000000 40.000000 81.000000 89.000000 22.000000 34.000000 24.000000 8.000000 37.000000 
57.000000 37.000000 19.000000 92.000000 24.000000 62.000000 18.000000 66.000000 57.000000 1.000000 63.000000 36.000000 67.000000 10.000000 53.000000 61.000000 21.000000 87.000000 81.000000 88.000000 63.000000 7.000000 72.000000 4.000000 46.000000 26.000000 83.000000 58.000000 82.000000 74.000000 
48.000000 46.000000 30.000000 6.000000 78.000000 18.000000 82.000000 66.000000 48.000000 69.000000 91.000000 94.000000 37.000000 99.000000 83.000000 94.000000 7.000000 72.000000 33.000000 14.000000 32.000000 8.000000 84.000000 23.000000 0.000000 75.000000 62.000000 99.000000 79.000000 75.000000 
12.000000 29.000000 98.000000 42.000000 36.000000 16.000000 76.000000 99.000000 33.000000 31.000000 30.000000 22.000000 65.000000 52.000000 23.000000 32.000000 90.000000 90.000000 31.000000 6.000000 50.000000 75.000000 52.000000 69.000000 95.000000 76.000000 83.000000 12.000000 76.000000 59.000000 
35.000000 61.000000 61.000000 7.000000 56.000000 74.000000 34.000000 79.000000 99.000000 49.000000 80.000000 51.000000 38.000000 68.000000 96.000000 81.000000 27.000000 15.000000 40.000000 0.000000 58.000000 39.000000 36.000000 8.000000 53.000000 47.000000 91.000000 18.000000 6.000000 57.000000 
86.000000 8.000000 54.000000 33.000000 52.000000 46.000000 45.000000 93.000000 42.000000 2.000000 34.000000 62.000000 62.000000 85.000000 18.000000 4.000000 14.000000 27.000000 2.000000 54.000000 77.000000 46.000000 47.000000 48.000000 16.000000 37.000000 45.000000 3.000000 5.000000 66.000000 
26.000000 11.000000 1.000000 89.000000 89.000000 39.000000 94.000000 98.000000 9.000000 53.000000 43.000000 83.000000 63.000000 11.000000 53.000000 59.000000 90.000000 79.000000 59.000000 80.000000 51.000000 87.000000 26.000000 63.000000 81.000000 16.000000 75.000000 83.000000 36.000000 75.000000 
3.000000 6.000000 76.000000 25.000000 40.000000 88.000000 42.000000 57.000000 81.000000 34.000000 16.000000 17.000000 76.000000 12.000000 71.000000 50.000000 62.000000 68.000000 47.000000 99.000000 79.000000 73.000000 25.000000 82.000000 99.000000 6.000000 63.000000 32.000000 61.000000 56.000000 
33.000000 80.000000 88.000000 91.000000 59.000000 7.000000 35.000000 34.000000 64.000000 92.000000 94.000000 43.000000 59.000000 49.000000 45.000000 71.000000 36.000000 12.000000 36.000000 73.000000 55.000000 25.000000 38.000000 80.000000 22.000000 33.000000 97.000000 48.000000 24.000000 87.000000 
82.000000 60.000000 40.000000 17.000000 99.000000 39.000000 55.000000 21.000000 28.000000 97.000000 52.000000 83.000000 1.000000 30.000000 54.000000 18.000000 13.000000 35.000000 40.000000 10.000000 56.000000 2.000000 54.000000 72.000000 6.000000 17.000000 90.000000 69.000000 4.000000 76.000000 
15.000000 81.000000 6.000000 91.000000 62.000000 64.000000 11.000000 37.000000 14.000000 83.000000 72.000000 88.000000 53.000000 94.000000 53.000000 17.000000 38.000000 1.000000 4.000000 70.000000 59.000000 36.000000 40.000000 50.000000 58.000000 8.000000 69.000000 42.000000 26.000000 45.000000 
89.000000 97.000000 11.000000 13.000000 64.000000 36.000000 0.000000 78.000000 35.000000 41.000000 63.000000 65.000000 30.000000 63.000000 63.000000 22.000000 89.000000 44.000000 75.000000 75.000000 4.000000 36.000000 69.000000 61.000000 43.000000 80.000000 55.000000 58.000000 19.000000 57.000000 
74.000000 48.000000 10.000000 34.000000 13.000000 91.000000 45.000000 76.000000 55.000000 94.000000 17.000000 71.000000 0.000000 94.000000 76.000000 19.000000 25.000000 92.000000 34.000000 67.000000 49.000000 26.000000 58.000000 84.000000 46.000000 39.000000 54.000000 22.000000 3.000000 2.000000 
62.000000 4.000000 27.000000 91.000000 9.000000 28.000000 41.000000 27.000000 2.000000 82.000000 25.000000 32.000000 40.000000 15.000000 97.000000 51.000000 98.000000 94.000000 32.000000 61.000000 98.000000 61.000000 71.000000 41.000000 74.000000 56.000000 62.000000 0.000000 98.000000 73.000000 
37.000000 72.000000 14.000000 68.000000 26.000000 21.000000 15.000000 35.000000 42.000000 36.000000 48.000000 20.000000 7.000000 85.000000 24.000000 29.000000 99.000000 73.000000 90.000000 70.000000 24.000000 12.000000 77.000000 16.000000 73.000000 15.000000 20.000000 89.000000 88.000000 56.000000 
37.000000 96.000000 65.000000 58.000000 2.000000 77.000000 61.000000 13.000000 42.000000 31.000000 86.000000 39.000000 55.000000 45.000000 98.000000 32.000000 21.000000 36.000000 25.000000 49.000000 62.000000 69.000000 90.000000 61.000000 54.000000 41.000000 10.000000 45.000000 25.000000 9.000000 
95.000000 98.000000 69.000000 25.000000 66.000000 1.000000 64.000000 99.000000 71.000000 70.000000 90.000000 8.000000 65.000000 62.000000 58.000000 7.000000 92.000000 26.000000 24.000000 26.000000 68.000000 25.000000 30.000000 59.000000 68.000000 51.000000 97.000000 62.000000 63.000000 34.000000 
78.000000 38.000000 51.000000 95.000000 27.000000 56.000000 96.000000 1.000000 49.000000 48.000000 42.000000 28.000000 45.000000 74.000000 96.000000 35.000000 53.000000 46.000000 81.000000 5.000000 58.000000 55.000000 93.000000 1.000000 25.000000 45.000000 43.000000 57.000000 61.000000 21.000000 
34.000000 90.000000 32.000000 86.000000 23.000000 99.000000 81.000000 56.000000 80.000000 8.000000 17.000000 76.000000 9.000000 49.000000 80.000000 56.000000 17.000000 92.000000 95.000000 95.000000 55.000000 82.000000 86.000000 49.000000 41.000000 32.000000 86.000000 79.000000 51.000000 83.000000 