30 90
182 132 72 236 255 203 91 315 229 134 75 287 138 253 181 208 194 179 107 163 245 177 263 128 37 319 277 98 274 239 
18921.000000 4388.000000 17206.000000 15923.000000 12377.000000 1347.000000 2035.000000 15451.000000 6315.000000 12910.000000 12629.000000 15172.000000 3263.000000 17793.000000 7609.000000 1315.000000 7780.000000 10357.000000 13681.000000 13788.000000 15722.000000 18528.000000 15096.000000 14920.000000 19172.000000 14082.000000 2385.000000 12500.000000 19624.000000 16745.000000 
28 19 22 14 10 25 10 24 25 11 29 24 18 28 10 24 20 19 12 25 25 24 28 10 15 27 14 24 20 10 28 20 28 15 27 27 28 16 22 15 28 12 20 10 23 28 17 22 28 21 18 12 27 19 10 14 21 26 23 28 28 21 12 19 23 20 28 10 11 23 24 14 28 20 27 11 17 10 15 18 16 26 15 13 10 11 18 12 15 18 
44.000000 82.000000 90.000000 32.000000 9.000000 57.000000 20.000000 83.000000 35.000000 25.000000 88.000000 96.000000 24.000000 15.000000 2.000000 86.000000 90.000000 10.000000 8.000000 6.000000 54.000000 53.000000 98.000000 72.000000 48.000000 33.000000 92.000000 61.000000 45.000000 48.000000 
52.000000 66.000000 20.000000 29.000000 60.000000 91.000000 8.000000 84.000000 77.000000 0.000000 13.000000 80.000000 65.000000 65.000000 91.000000 79.000000 31.000000 95.000000 99.000000 2.000000 37.000000 4.000000 94.000000 78.000000 81.000000 73.000000 22.000000 0.000000 28.000000 21.000000 
23.000000 12.000000 72.000000 71.000000 54.000000 81.000000 42.000000 80.000000 95.000000 31.000000 79.000000 86.000000 95.000000 52.000000 64.000000 68.000000 80.000000 1.000000 57.000000 35.000000 14.000000 71.000000 84.000000 91.000000 94.000000 74.000000 86.000000 33.000000 32.000000 82.000000 
8.000000 88.000000 27.000000 21.000000 5.000000 91.000000 56.000000 3.000000 72.000000 63.000000 23.000000 42.000000 48.000000 33.000000 49.000000 97.000000 42.000000 31.000000 97.000000 35.000000 67.000000 27.000000 48.000000 0.000000 10.000000 95.000000 0.000000 42.000000 47.000000 45.000000 
27.000000 30.000000 88.000000 29.000000 31.000000 62.000000 22.000000 29.000000 95.000000 49.000000 87.000000 82.000000 81.000000 25.000000 82.000000 87.000000 52.000000 12.000000 2.000000 13.000000 31.000000 49.000000 68.000000 2.000000 78.000000 67.000000 75.000000 27.000000 94.000000 51.000000 
72.000000 58.000000 65.000000 38.000000 69.000000 40.000000 93.000000 38.000000 18.000000 90.000000 2.000000 69.000000 20.000000 63.000000 92.000000 59.000000 48.000000 50.000000 96.000000 38.000000 95.000000 2.000000 60.000000 32.000000 93.000000 92.000000 38.000000 40.000000 37.000000 74.000000 
91.000000 36.000000 44.000000 75.000000 17.000000 42.000000 4.000000 50.000000 58.000000 70.000000 13.000000 84.000000 68.000000 2.000000 4.000000 9.000000 16.000000 86.000000 91.000000 76.000000 79.000000 56.000000 24.000000 13.000000 46.000000 88.000000 96.000000 35.000000 27.000000 81.000000 
53.000000 4.000000 45.000000 99.000000 16.000000 54.000000 63.000000 21.000000 92.000000 15.000000 57.000000 96.000000 48.000000 28.000000 46.000000 80.000000 69.000000 2.000000 50.000000 18.000000 28.000000 77.000000 15.000000 90.000000 37.000000 94.000000 39.000000 39.000000 56.000000 75.000000 
1.000000 43.000000 78.000000 66.000000 45.000000 10.000000 17.000000 7.000000 95.000000 94.000000 82.000000 22.000000 6.000000 71.000000 87.000000 40.000000 49.000000 28.000000 44.000000 5.000000 26.000000 32.000000 47.000000 16.000000 24.000000 7.000000 33.000000 22.000000 73.000000 22.000000 
76.000000 57.000000 80.000000 72.000000 65.000000 87.000000 16.000000 5.000000 49.000000 2.000000 17.000000 23.000000 72.000000 87.000000 8.000000 68.000000 22.000000 46.000000 52.000000 63.000000 59.000000 61.000000 11.000000 75.000000 14.000000 13.000000 40.000000 16.000000 56.000000 1.000000 
68.000000 95.000000 81.000000 35.000000 43.000000 6.000000 66.000000 74.000000 19.000000 89.000000 87.000000 61.000000 42.000000 14.000000 5.000000 56.000000 51.000000 76.000000 63.000000 75.000000 89.000000 94.000000 37.000000 91.000000 8.000000 59.000000 64.000000 43.000000 7.000000 66.000000 
1.000000 69.000000 32.000000 31.000000 20.000000 64.000000 31.000000 75.000000 32.000000 14.000000 50.000000 34.000000 80.000000 59.000000 95.000000 13.000000 77.000000 4.000000 11.000000 2.000000 46.000000 61.000000 57.000000 21.000000 6.000000 99.000000 59.000000 64.000000 8.000000 34.000000 
82.000000 52.000000 12.000000 90.000000 56.000000 19.000000 65.000000 7.000000 47.000000 0.000000 11.000000 74.000000 42.000000 76.000000 49.000000 30.000000 10.000000 9.000000 28.000000 38.000000 47.000000 70.000000 30.000000 43.000000 13.000000 39.000000 86.000000 64.000000 38.000000 37.000000 
29.000000 70.000000 29.000000 7.000000 80.000000 60.000000 19.000000 68.000000 13.000000 29.000000 51.000000 97.000000 51.000000 1.000000 64.000000 23.000000 90.000000 57.000000 36.000000 34.000000 50.000000 91.000000 6.000000 21.000000 99.000000 63.000000 76.000000 32.000000 0.000000 48.000000 
58.000000 91.000000 86.000000 90.000000 25.000000 10.000000 44.000000 3.000000 85.000000 1.000000 82.000000 1.000000 69.000000 72.000000 97.000000 19.000000 21.000000 46.000000 73.000000 83.000000 29.000000 60.000000 82.000000 29.000000 20.000000 13.000000 58.000000 71.000000 23.000000 79.000000 
68.000000 93.000000 64.000000 9.000000 8.000000 86.000000 60.000000 80.000000 94.000000 75.000000 5.000000 62.000000 16.000000 98.000000 83.000000 23.000000 94.000000 36.000000 52.000000 87.000000 39.000000 3.000000 57.000000 4.000000 12.000000 46.000000 8.000000 23.000000 36.000000 19.000000 
95.000000 48.000000 8.000000 18.000000 42.000000 39.000000 0.000000 7.000000 31.000000 78.000000 65.000000 59.000000 15.000000 9.000000 81.000000 1.000000 41.000000 42.000000 84.000000 35.000000 35.000000 51.000000 4.000000 66.000000 1.000000 23.000000 74.000000 65.000000 73.000000 42.000000 
87.000000 64.000000 92.000000 3.000000 36.000000 24.000000 11.000000 97.000000 39.000000 54.000000 48.000000 8.000000 43.000000 69.000000 36.000000 19.000000 65.000000 95.000000 48.000000 12.000000 8.000000 83.000000 81.000000 14.000000 58.000000 77.000000 51.000000 17.000000 54.000000 42.000000 
6.000000 81.000000 87.000000 69.000000 78.000000 97.000000 69.000000 91.000000 25.000000 66.000000 77.000000 85.000000 33.000000 16.000000 61.000000 48.000000 78.000000 84.000000 83.000000 68.000000 71.000000 8.000000 6.000000 24.000000 39.000000 16.000000 63.000000 95.000000 7.000000 28.000000 
84.000000 59.000000 83.000000 66.000000 36.000000 0.000000 74.000000 77.000000 19.000000 78.000000 77.000000 95.000000 36.000000 11.000000 17.000000 91.000000 2.000000 71.000000 33.000000 16.000000 71.000000 15.000000 38.000000 97.000000 15.000000 83.000000 94.000000 67.000000 56.000000 36.000000 
82.000000 40.000000 46.000000 29.000000 65.000000 43.000000 56.000000 28.000000 63.000000 82.000000 99.000000 25.000000 93.000000 2.000000 17.000000 98.000000 42.000000 64.000000 96.000000 40.000000 83.000000 43.000000 89.000000 35.000000 39.000000 40.000000 72.000000 64.000000 66.000000 42.000000 
45.000000 67.000000 99.000000 80.000000 69.000000 95.000000 2.000000 71.000000 95.000000 31.000000 92.000000 41.000000 20.000000 51.000000 37.000000 72.000000 89.000000 69.000000 63.000000 5.000000 21.000000 88.000000 93.000000 9.000000 20.000000 32.000000 24.000000 88.000000 11.000000 50.000000 
9.000000 86.000000 14.000000 12.000000 92.000000 17.000000 32.000000 30.000000 26.000000 31.000000 22.000000 89.000000 64.000000 79.000000 89.000000 54.000000 7.000000 56.000000 97.000000 98.000000 43.000000 31.000000 5.000000 76.000000 14.000000 77.000000 70.000000 13.000000 4.000000 85.000000 
66.000000 5.000000 18.000000 6.000000 20.000000 49.000000 7.000000 62.000000 60.000000 36.000000 57.000000 18.000000 32.000000 88.000000 48.000000 11.000000 15.000000 12.000000 39.000000 74.000000 60.000000 17.000000 59.000000 98.000000 25.000000 98.000000 85.000000 26.000000 72.000000 92.000000 
51.000000 68.000000 68.000000 72.000000 20.000000 83.000000 91.000000 11.000000 99.000000 67.000000 30.000000 44.000000 2.000000 45.000000 41.000000 17.000000 69.000000 43.000000 4.000000 84.000000 4.000000 11.000000 70.000000 10.000000 96.000000 6.000000 3.000000 74.000000 30.000000 53.000000 
77.000000 86.000000 97.000000 65.000000 48.000000 74.000000 78.000000 59.000000 32.000000 86.000000 34.000000 28.000000 63.000000 17.000000 52.000000 41.000000 90.000000 72.000000 17.000000 75.000000 60.000000 8.000000 9.000000 20.000000 90.000000 18.000000 52.000000 95.000000 13.000000 56.000000 
57.000000 72.000000 63.000000 17.000000 37.000000 96.000000 33.000000 14.000000 93.000000 47.000000 20.000000 15.000000 91.000000 82.000000 33.000000 45.000000 84.000000 56.000000 42.000000 52.000000 40.000000 0.000000 85.000000 1.000000 96.000000 23.000000 60.000000 34.000000 36.000000 50.000000 
76.000000 26.000000 63.000000 14.000000 31.000000 13.000000 25.000000 75.000000 52.000000 75.000000 0.000000 27.000000 4.000000 96.000000 59.000000 10.000000 59.000000 50.000000 62.000000 52.000000 85.000000 63.000000 50.000000 0.000000 81.000000 60.000000 44.000000 6.000000 92.000000 9.000000 
66.000000 96.000000 61.000000 94.000000 29.000000 26.000000 4.000000 6.000000 77.000000 7.000000 28.000000 17.000000 71.000000 43.000000 7.000000 81.000000 38.000000 32.000000 11.000000 81.000000 35.000000 12.000000 29.000000 12.000000 17.000000 53.000000 47.000000 61.000000 69.000000 24.000000 
70.000000 45.000000 73.000000 0.000000 86.000000 0.000000 22.000000 75.000000 31.000000 31.000000 70.000000 88.000000 86.000000 82.000000 14.000000 10.000000 28.000000 75.000000 37.000000 12.000000 5.000000 20.000000 40.000000 36.000000 9.000000 13.000000 73.000000 25.000000 82.000000 62.000000 
20.000000 0.000000 54.000000 2.000000 98.000000 74.000000 18.000000 15.000000 96.000000 42.000000 82.000000 29.000000 41.000000 8.000000 49.000000 93.000000 73.000000 8.000000 37.000000 39.000000 78.000000 58.000000 7.000000 77.000000 97.000000 38.000000 82.000000 86.000000 12.000000 79.000000 
81.000000 98.000000 84.000000 23.000000 76.000000 94.000000 93.000000 69.000000 72.000000 38.000000 91.000000 28.000000 51.000000 47.000000 89.000000 49.000000 37.000000 49.000000 27.000000 85.000000 77.000000 90.000000 95.000000 17.000000 31.000000 90.000000 14.000000 52.000000 30.000000 52.000000 
87.000000 66.000000 40.000000 85.000000 85.000000 49.000000 42.000000 87.000000 20.000000 80.000000 10.000000 0.000000 31.000000 50.000000 56.000000 34.000000 73.000000 85.000000 69.000000 32.000000 92.000000 56.000000 66.000000 97.000000 30.000000 79.000000 39.000000 30.000000 83.000000 30.000000 
56.000000 40.000000 13.000000 32.000000 52.000000 20.000000 79.000000 1.000000 30.000000 5.000000 54.000000 43.000000 45.000000 58.000000 28.000000 40.000000 38.000000 47.000000 14.000000 80.000000 62.000000 2.000000 18.000000 3.000000 95.000000 86.000000 38.000000 79.000000 43.000000 95.000000 
85.000000 38.000000 89.000000 83.000000 66.000000 13.000000 9.000000 76.000000 63.000000 71.000000 94.000000 25.000000 80.000000 38.000000 36.000000 3.000000 79.000000 52.000000 63.000000 44.000000 92.000000 95.000000 33.000000 99.000000 95.000000 75.000000 27.000000 36.000000 84.000000 90.000000 
2.000000 15.000000 84.000000 61.000000 80.000000 16.000000 84.000000 39.000000 1.000000 9.000000 66.000000 16.000000 58.000000 80.000000 93.000000 85.000000 93.000000 52.000000 67.000000 54.000000 17.000000 90.000000 51.000000 78.000000 96.000000 43.000000 43.000000 90.000000 2.000000 82.000000 
44.000000 29.000000 24.000000 47.000000 32.000000 2.000000 4.000000 83.000000 63.000000 31.000000 17.000000 54.000000 54.000000 61.000000 23.000000 55.000000 1.000000 48.000000 72.000000 55.000000 61.000000 30.000000 13.000000 55.000000 93.000000 73.000000 65.000000 33.000000 24.000000 30.000000 
29.000000 13.000000 6.000000 57.000000 64.000000 80.000000 64.000000 80.000000 59.000000 30.000000 62.000000 3.000000 43.000000 25.000000 29.000000 0.000000 61.000000 93.000000 20.000000 31.000000 78.000000 88.000000 16.000000 84.000000 86.000000 12.000000 83.000000 13.000000 49.000000 49.000000 
33.000000 47.000000 93.000000 72.000000 67.000000 74.000000 28.000000 31.000000 5.000000 31.000000 67.000000 7.000000 2.000000 60.000000 66.000000 16.000000 31.000000 90.000000 19.000000 89.000000 79.000000 83.000000 66.000000 61.000000 73.000000 36.000000 93.000000 40.000000 45.000000 27.000000 
59.000000 48.000000 99.000000 58.000000 53.000000 59.000000 37.000000 24.000000 69.000000 49.000000 63.000000 9.000000 72.000000 72.000000 62.000000 0.000000 69.000000 0.000000 33.000000 60.000000 17.000000 95.000000 18.000000 94.000000 38.000000 9.000000 59.000000 24.000000 17.000000 21.000000 
66.000000 33.000000 4.000000 71.000000 91.000000 50.000000 39.000000 25.000000 37.000000 93.000000 88.000000 10.000000 33.000000 85.000000 44.000000 83.000000 84.000000 15.000000 35.000000 31.000000 44.000000 2.000000 46.000000 15.000000 88.000000 94.000000 44.000000 0.000000 87.000000 1.000000 
63.000000 45.000000 93.000000 42.000000 90.000000 35.000000 12.000000 74.000000 57.000000 80.000000 95.000000 9.000000 35.000000 21.000000 96.000000 47.000000 74.000000 8.000000 71.000000 85.000000 45.000000 42.000000 12.000000 78.000000 75.000000 10.000000 50.000000 60.000000 85.000000 31.000000 
54.000000 39.000000 60.000000 3.000000 34.000000 58.000000 21.000000 37.000000 0.000000 50.000000 85.000000 86.000000 56.000000 43.000000 9.000000 19.000000 18.000000 0.000000 78.000000 15.000000 85.000000 86.000000 77.000000 46.000000 17.000000 17.000000 43.000000 96.000000 75.000000 5.000000 
7.000000 27.000000 47.000000 27.000000 59.000000 93.000000 56.000000 76.000000 2.000000 56.000000 31.000000 66.000000 75.000000 59.000000 71.000000 7.000000 56.000000 69.000000 52.000000 66.000000 95.000000 79.000000 52.000000 84.000000 10.000000 35.000000 79.000000 13.000000 64.000000 41.000000 
48.000000 91.000000 6.000000 47.000000 35.000000 72.000000 37.000000 17.000000 91.000000 85.000000 34.000000 48.000000 14.000000 74.000000 51.000000 72.000000 4.000000 55.000000 72.000000 69.000000 36.000000 85.000000 87.000000 80.000000 56.000000 39.000000 20.000000 81.000000 49.000000 30.000000 
24.000000 69.000000 63.000000 16.000000 28.000000 74.000000 75.000000 96.000000 92.000000 82.000000 29.000000 64.000000 18.000000 51.000000 98.000000 97.000000 13.000000 51.000000 29.000000 84.000000 1.000000 43.000000 96.000000 14.000000 39.000000 1.000000 43.000000 1.000000 81.000000 36.000000 
19.000000 96.000000 84.000000 60.000000 25.000000 25.000000 64.000000 24.000000 10.000000 39.000000 47.000000 98.000000 21.000000 85.000000 53.000000 82.000000 64.000000 22.000000 32.000000 78.000000 34.000000 33.000000 34.000000 47.000000 41.000000 27.000000 61.000000 32.000000 21.000000 13.000000 
66.000000 31.000000 14.000000 10.000000 77.000000 48.000000 49.000000 1.000000 58.000000 43.000000 68.000000 59.000000 48.000000 82.000000 81.000000 13.000000 35.000000 36.000000 31.000000 6.000000 55.000000 89.000000 13.000000 84.000000 12.000000 66.000000 68.000000 14.000000 86.000000 66.000000 
58.000000 12.000000 48.000000 78.000000 96.000000 35.000000 12.000000 20.000000 64.000000 73.000000 97.000000 6.000000 62.000000 32.000000 63.000000 55.000000 81.000000 5.000000 61.000000 90.000000 55.000000 71.000000 99.000000 74.000000 75.000000 60.000000 25.000000 14.000000 59.000000 85.000000 
69.000000 0.000000 83.000000 24.000000 95.000000 68.000000 62.000000 3.000000 68.000000 20.000000 6.000000 9.000000 21.000000 17.000000 95.000000 48.000000 87.000000 42.000000 56.000000 9.000000 25.000000 98.000000 24.000000 7.000000 58.000000 79.000000 38.000000 26.000000 10.000000 36.000000 
82.000000 65.000000 90.000000 38.000000 85.000000 71.000000 76.000000 71.000000 45.000000 12.000000 99.000000 45.000000 25.000000 23.000000 16.000000 10.000000 51.000000 17.000000 34.000000 74.000000 1.000000 66.000000 18.000000 98.000000 67.000000 71.000000 97.000000 3.000000 32.000000 90.000000 
53.000000 6.000000 93.000000 96.000000 52.000000 87.000000 16.000000 62.000000 58.000000 37.000000 16.000000 28.000000 33.000000 48.000000 81.000000 66.000000 18.000000 49.000000 3.000000 66.000000 45.000000 84.000000 74.000000 9.000000 33.000000 4.000000 45.000000 88.000000 55.000000 2.000000 
96.000000 2.000000 88.000000 28.000000 30.000000 38.000000 81.000000 59.000000 88.000000 4.000000 6.000000 96.000000 78.000000 84.000000 72.000000 35.000000 45.000000 36.000000 10.000000 27.000000 10.000000 37.000000 83.000000 13.000000 90.000000 64.000000 59.000000 10.000000 56.000000 49.000000 
46.000000 84.000000 82.000000 55.000000 97.000000 35.000000 19.000000 69.000000 27.000000 71.000000 72.000000 92.000000 84.000000 58.000000 75.000000 80.000000 89.000000 69.000000 97.000000 70.000000 23.000000 69.000000 14.000000 92.000000 34.000000 4.000000 29.000000 48.000000 83.000000 90.000000 
35.000000 13.000000 54.000000 15.000000 53.000000 82.000000 13.000000 90.000000 74.000000 83.000000 64.000000 45.000000 3.000000 16.000000 54.000000 12.000000 82.000000 84.000000 32.000000 66.000000 32.000000 49.000000 39.000000 26.000000 46.000000 8.000000 8.000000 8.000000 29.000000 71.000000 
92.000000 1.000000 52.000000 5.000000 41.000000 12.000000 81.000000 60.000000 15.000000 86.000000 91.000000 91.000000 87.000000 7.000000 76.000000 55.000000 76.000000 27.000000 14.000000 29.000000 23.000000 97.000000 52.000000 96.000000 87.000000 82.000000 23.000000 81.000000 39.000000 76.000000 
91.000000 35.000000 70.000000 74.000000 13.000000 20.000000 38.000000 49.000000 50.000000 8.000000 31.000000 46.000000 55.000000 22.000000 17.000000 87.000000 45.000000 82.000000 10.000000 52.000000 18.000000 19.000000 56.000000 89.000000 72.000000 76.000000 43.000000 49.000000 45.000000 22.000000 
83.000000 67.000000 75.000000 34.000000 2.000000 23.000000 61.000000 16.000000 52.000000 55.000000 55.000000 86.000000 37.000000 22.000000 35.000000 21.000000 98.000000 21.000000 28.000000 64.000000 13.000000 15.000000 81.000000 20.000000 99.000000 20.000000 18.000000 94.000000 34.000000 70.000000 
0.000000 61.000000 21.000000 45.000000 4.000000 54.000000 67.000000 42.000000 72.000000 23.000000 63.000000 11.000000 3.000000 98.000000 59.000000 95.000000 88.000000 52.000000 97.000000 50.000000 1.000000 57.000000 40.000000 24.000000 23.000000 71.000000 95.000000 27.000000 25.000000 1.000000 
33.000000 14.000000 63.000000 45.000000 56.000000 77.000000 60.000000 73.000000 47.000000 4.000000 62.000000 33.000000 25.000000 57.000000 10.000000 89.000000 69.000000 77.000000 54.000000 96.000000 3.000000 18.000000 4.000000 11.000000 46.000000 67.000000 1.000000 73.000000 57.000000 0.000000 
42.000000 88.000000 64.000000 85.000000 93.000000 37.000000 15.000000 35.000000 87.000000 62.000000 21.000000 61.000000 80.000000 10.000000 63.000000 83.000000 4.000000 46.000000 91.000000 10.000000 62.000000 48.000000 32.000000 76.000000 36.000000 67.000000 83.000000 12.000000 9.000000 97.000000 
75.000000 82.000000 26.000000 89.000000 97.000000 13.000000 35.000000 19.000000 50.000000 96.000000 91.000000 85.000000 64.000000 45.000000 12.000000 82.000000 79.000000 38.000000 24.000000 99.000000 93.000000 64.000000 24.000000 24.000000 19.000000 77.000000 56.000000 60.000000 4.000000 5.000000 
74.000000 81.000000 11.000000 74.000000 47.000000 78.000000 52.000000 59.000000 21.000000 88.000000 33.000000 42.000000 36.000000 96.000000 52.000000 69.000000 80.000000 46.000000 46.000000 21.000000 20.000000 20.000000 96.000000 40.000000 42.000000 56.000000 26.000000 80.000000 86.000000 16.000000 
57.000000 73.000000 61.000000 31.000000 99.000000 30.000000 85.000000 75.000000 96.000000 13.000000 69.000000 61.000000 63.000000 59.000000 50.000000 41.000000 60.000000 23.000000 40.000000 64.000000 11.000000 91.000000 51.000000 22.000000 65.000000 68.000000 99.000000 93.000000 37.000000 50.000000 
8.000000 53.000000 90.000000 22.000000 72.000000 16.000000 49.000000 57.000000 32.000000 38.000000 47.000000 96.000000 82.000000 69.000000 61.000000 39.000000 19.000000 62.000000 58.000000 80.000000 88.000000 68.000000 94.000000 57.000000 91.000000 63.000000 17.000000 9.000000 68.000000 0.000000 
60.000000 54.000000 65.000000 81.000000 50.000000 40.000000 43.000000 78.000000 42.000000 19.000000 88.000000 71.000000 70.000000 57.000000 49.000000 62.000000 70.000000 76.000000 93.000000 89.000000 19.000000 91.000000 53.000000 55.000000 90.000000 86.000000 20.000000 40.000000 16.000000 51.000000 
5.000000 62.000000 26.000000 65.000000 62.000000 3.000000 82.000000 91.000000 46.000000 23.000000 35.000000 35.000000 67.000000 18.000000 76.000000 77.000000 46.000000 8.000000 59.000000 72.000000 81.000000 45.000000 12.000000 85.000000 0.000000 90.000000 66.000000 97.000000 33.000000 93.000000 
74.000000 15.000000 55.000000 78.000000 89.000000 62.000000 62.000000 14.000000 30.000000 22.000000 90.000000 23.000000 56.000000 76.000000 93.000000 65.000000 29.000000 63.000000 33.000000 90.000000 18.000000 32.000000 54.000000 48.000000 2.000000 74.000000 30.000000 6.000000 62.000000 66.000000 
34.000000 7.000000 52.000000 49.000000 45.000000 67.000000 26.000000 27.000000 92.000000 1.000000 34.000000 57.000000 19.000000 19.000000 9.000000 71.000000 1.000000 41.000000 38.000000 56.000000 59.000000 10.000000 63.000000 65.000000 42.000000 5.000000 58.000000 47.000000 81.000000 2.000000 
92.000000 22.000000 39.000000 5.000000 59.000000 33.000000 92.000000 63.000000 40.000000 47.000000 39.000000 43.000000 35.000000 1.000000 13.000000 21.000000 68.000000 1.000000 37.000000 18.000000 61.000000 23.000000 55.000000 86.000000 31.000000 86.000000 38.000000 16.000000 43.000000 74.000000 
27.000000 43.000000 46.000000 51.000000 73.000000 55.000000 54.000000 74.000000 96.000000 18.000000 56.000000 14.000000 51.000000 12.000000 72.000000 39.000000 90.000000 2.000000 84.000000 3.000000 57.000000 9.000000 7.000000 63.000000 41.000000 53.000000 83.000000 13.000000 95.000000 74.000000 
20.000000 5.000000 76.000000 65.000000 83.000000 90.000000 74.000000 66.000000 42.000000 11.000000 44.000000 2.000000 20.000000 25.000000 35.000000 71.000000 82.000000 36.000000 1.000000 5.000000 79.000000 69.000000 29.000000 68.000000 29.000000 4.000000 23.000000 66.000000 6.000000 72.000000 
28.000000 64.000000 50.000000 69.000000 73.000000 68.000000 38.000000 35.000000 90.000000 89.000000 79.000000 11.000000 9.000000 1.000000 6.000000 80.000000 63.000000 76.000000 1.000000 35.000000 34.000000 40.000000 49.000000 44.000000 31.000000 95.000000 33.000000 3.000000 90.000000 93.000000 
7.000000 90.000000 10.000000 62.000000 94.000000 75.000000 1.000000 20.000000 19.000000 32.000000 80.000000 18.000000 66.000000 72.000000 51.000000 19.000000 8.000000 85.000000 63.000000 75.000000 62.000000 60.000000 14.000000 83.000000 65.000000 30.000000 54.000000 27.000000 71.000000 49.000000 
20.000000 22.000000 18.000000 1.000000 80.000000 38.000000 8.000000 11.000000 76.000000 56.000000 8.000000 86.000000 13.000000 90.000000 57.000000 22.000000 13.000000 76.000000 45.000000 51.000000 29.000000 9.000000 98.000000 14.000000 0.000000 79.000000 69.000000 82.000000 97.000000 48.000000 
42.000000 57.000000 76.000000 58.000000 94.000000 42.000000 32.000000 52.000000 51.000000 45.000000 50.000000 79.000000 59.000000 54.000000 72.000000 82.000000 50.000000 16.000000 28.000000 11.000000 59.000000 94.000000 11.000000 9.000000 39.000000 81.000000 88.000000 37.000000 78.000000 10.000000 
73.000000 82.000000 98.000000 75.000000 6.000000 21.000000 15.000000 57.000000 26.000000 60.000000 77.000000 25.000000 14.000000 58.000000 1.000000 49.000000 48.000000 14.000000 94.000000 42.000000 10.000000 79.000000 15.000000 33.000000 24.000000 0.000000 16.000000 23.000000 11.000000 37.000000 
82.000000 79.000000 3.000000 94.000000 34.000000 79.000000 45.000000 52.000000 81.000000 92.000000 80.000000 5.000000 39.000000 80.000000 91.000000 31.000000 36.000000 38.000000 43.000000 49.000000 87.000000 16.000000 64.000000 52.000000 1.000000 93.000000 42.000000 99.000000 55.000000 82.000000 
36.000000 24.000000 44.000000 9.000000 20.000000 93.000000 97.000000 75.000000 13.000000 6.000000 19.000000 0.000000 74.000000 26.000000 90.000000 15.000000 43.000000 1.000000 39.000000 43.000000 72.000000 92.000000 73.000000 84.000000 77.000000 20.000000 31.000000 3.000000 1.000000 15.000000 
83.000000 81.000000 67.000000 11.000000 2.000000 74.000000 69.000000 31.000000 82.000000 99.000000 18.000000 55.000000 78.000000 37.000000 49.000000 52.000000 80.000000 19.000000 67.000000 39.000000 57.000000 41.000000 59.000000 89.000000 46.000000 21.000000 24.000000 90.000000 40.000000 98.000000 
95.000000 48.000000 25.000000 22.000000 44.000000 77.000000 65.000000 3.000000 6.000000 0.000000 32.000000 17.000000 51.000000 91.000000 30.000000 64.000000 6.000000 7.000000 57.000000 57.000000 94.000000 85.000000 14.000000 62.000000 39.000000 29.000000 49.000000 33.000000 65.000000 85.000000 
87.000000 15.000000 83.000000 93.000000 3.000000 85.000000 43.000000 69.000000 18.000000 79.000000 95.000000 35.000000 38.000000 23.000000 90.000000 21.000000 71.000000 49.000000 8.000000 4.000000 69.000000 76.000000 95.000000 43.000000 5.000000 93.000000 60.000000 44.000000 71.000000 55.000000 
48.000000 46.000000 55.000000 99.000000 83.000000 35.000000 39.000000 32.000000 74.000000 2.000000 17.000000 41.000000 15.000000 13.000000 40.000000 42.000000 2.000000 70.000000 21.000000 60.000000 78.000000 50.000000 62.000000 2.000000 72.000000 87.000000 99.000000 74.000000 79.000000 6.000000 
53.000000 51.000000 3.000000 33.000000 50.000000 98.000000 72.000000 51.000000 53.000000 4.000000 86.000000 57.000000 94.000000 81.000000 53.000000 55.000000 26.000000 29.000000 34.000000 79.000000 22.000000 74.000000 0.000000 44.000000 80.000000 41.000000 68.000000 56.000000 38.000000 2.000000 
64.000000 32.000000 80.000000 16.000000 50.000000 20.000000 1.000000 64.000000 93.000000 11.000000 63.000000 22.000000 63.000000 83.000000 52.000000 49.000000 8.000000 20.000000 33.000000 69.000000 25.000000 8.000000 40.000000 71.000000 21.000000 77.000000 65.000000 78.000000 58.000000 58.000000 
38.000000 25.000000 95.000000 79.000000 91.000000 74.000000 93.000000 1.000000 62.000000 54.000000 44.000000 78.000000 86.000000 85.000000 22.000000 95.000000 70.000000 45.000000 90.000000 14.000000 46.000000 74.000000 95.000000 33.000000 65.000000 36.000000 47.000000 31.000000 58.000000 79.000000 
54.000000 66.000000 88.000000 49.000000 61.000000 47.000000 68.000000 79.000000 21.000000 85.000000 8.000000 31.000000 89.000000 5.000000 37.000000 74.000000 21.000000 76.000000 97.000000 27.000000 20.000000 83.000000 98.000000 89.000000 53.000000 48.000000 10.000000 58.000000 45.000000 83.000000 
99.000000 87.000000 6.000000 23.000000 52.000000 33.000000 65.000000 79.000000 44.000000 13.000000 11.000000 99.000000 39.000000 62.000000 49.000000 38.000000 30.000000 49.000000 50.000000 76.000000 58.000000 6.000000 29.000000 14.000000 72.000000 87.000000 94.000000 63.000000 11.000000 32.000000 
42.000000 99.000000 26.000000 28.000000 96.000000 37.000000 64.000000 91.000000 18.000000 58.000000 2.000000 91.000000 25.000000 87.000000 79.000000 18.000000 9.000000 18.000000 78.000000 47.000000 36.000000 14.000000 52.000000 50.000000 60.000000 38.000000 99.000000 71.000000 96.000000 6.000000 
29.000000 55.000000 29.000000 40.000000 74.000000 5.000000 47.000000 85.000000 35.000000 91.000000 44.000000 11.000000 70.000000 55.000000 10.000000 12.000000 75.000000 76.000000 13.000000 74.000000 89.000000 90.000000 42.000000 72.000000 49.000000 79.000000 67.000000 28.000000 56.000000 73.000000 