30 90
151 41 150 99 88 79 25 62 190 70 147 38 110 78 40 37 28 83 51 62 32 157 24 106 166 113 22 186 144 60 
9442.000000 11053.000000 4677.000000 10153.000000 2005.000000 9494.000000 2416.000000 4698.000000 5566.000000 3889.000000 5807.000000 11381.000000 8010.000000 11689.000000 10136.000000 3240.000000 8318.000000 4728.000000 10393.000000 2056.000000 3719.000000 11116.000000 5096.000000 4863.000000 7731.000000 2474.000000 5090.000000 3444.000000 2524.000000 7599.000000 
13 13 14 12 26 27 14 25 12 17 11 27 24 11 19 22 20 25 19 14 17 16 23 19 14 13 10 13 23 18 13 15 13 17 18 19 16 11 29 20 26 16 20 21 21 21 22 15 21 18 18 20 16 22 24 17 27 10 29 25 20 19 26 23 24 27 27 23 14 13 16 11 21 16 11 28 28 26 22 25 24 27 25 29 15 18 24 24 29 25 
79.000000 59.000000 4.000000 77.000000 91.000000 24.000000 90.000000 61.000000 0.000000 31.000000 25.000000 24.000000 64.000000 67.000000 80.000000 1.000000 87.000000 67.000000 9.000000 59.000000 80.000000 16.000000 28.000000 57.000000 56.000000 21.000000 65.000000 5.000000 72.000000 50.000000 
9.000000 4.000000 55.000000 60.000000 30.000000 72.000000 61.000000 60.000000 84.000000 87.000000 76.000000 54.000000 14.000000 95.000000 38.000000 85.000000 92.000000 73.000000 52.000000 81.000000 96.000000 43.000000 29.000000 45.000000 88.000000 69.000000 52.000000 62.000000 56.000000 97.000000 
68.000000 12.000000 26.000000 8.000000 64.000000 5.000000 58.000000 97.000000 52.000000 88.000000 88.000000 4.000000 84.000000 74.000000 71.000000 51.000000 92.000000 8.000000 49.000000 74.000000 83.000000 68.000000 35.000000 27.000000 65.000000 57.000000 96.000000 36.000000 80.000000 34.000000 
76.000000 98.000000 51.000000 9.000000 84.000000 66.000000 2.000000 80.000000 55.000000 66.000000 69.000000 85.000000 36.000000 30.000000 42.000000 22.000000 71.000000 51.000000 0.000000 28.000000 88.000000 82.000000 9.000000 43.000000 99.000000 49.000000 18.000000 95.000000 80.000000 34.000000 
69.000000 70.000000 80.000000 62.000000 95.000000 73.000000 88.000000 90.000000 83.000000 74.000000 47.000000 88.000000 19.000000 11.000000 99.000000 52.000000 42.000000 84.000000 0.000000 93.000000 89.000000 67.000000 33.000000 95.000000 84.000000 22.000000 20.000000 37.000000 19.000000 82.000000 
3.000000 9.000000 23.000000 58.000000 37.000000 83.000000 24.000000 65.000000 30.000000 11.000000 50.000000 83.000000 24.000000 62.000000 6.000000 1.000000 85.000000 23.000000 47.000000 99.000000 56.000000 18.000000 29.000000 76.000000 93.000000 26.000000 86.000000 27.000000 93.000000 11.000000 
96.000000 21.000000 66.000000 73.000000 18.000000 40.000000 23.000000 98.000000 9.000000 77.000000 87.000000 76.000000 65.000000 7.000000 35.000000 79.000000 32.000000 75.000000 37.000000 64.000000 98.000000 62.000000 47.000000 9.000000 42.000000 36.000000 66.000000 7.000000 15.000000 86.000000 
72.000000 83.000000 76.000000 94.000000 4.000000 4.000000 6.000000 12.000000 27.000000 88.000000 71.000000 30.000000 22.000000 49.000000 16.000000 50.000000 89.000000 24.000000 0.000000 29.000000 32.000000 63.000000 6.000000 22.000000 93.000000 94.000000 98.000000 59.000000 30.000000 85.000000 
95.000000 30.000000 73.000000 60.000000 85.000000 63.000000 89.000000 48.000000 8.000000 27.000000 49.000000 75.000000 79.000000 73.000000 87.000000 13.000000 15.000000 20.000000 58.000000 73.000000 9.000000 39.000000 87.000000 73.000000 56.000000 84.000000 23.000000 39.000000 15.000000 84.000000 
56.000000 25.000000 73.000000 96.000000 72.000000 38.000000 46.000000 70.000000 29.000000 20.000000 23.000000 90.000000 1.000000 21.000000 49.000000 88.000000 15.000000 67.000000 94.000000 32.000000 75.000000 93.000000 56.000000 63.000000 51.000000 17.000000 7.000000 5.000000 78.000000 54.000000 
58.000000 82.000000 95.000000 11.000000 21.000000 24.000000 7.000000 7.000000 81.000000 36.000000 66.000000 0.000000 21.000000 64.000000 2.000000 35.000000 48.000000 84.000000 28.000000 26.000000 11.000000 4.000000 31.000000 46.000000 38.000000 36.000000 11.000000 84.000000 91.000000 99.000000 
12.000000 93.000000 44.000000 52.000000 87.000000 42.000000 32.000000 61.000000 77.000000 48.000000 12.000000 61.000000 82.000000 35.000000 46.000000 62.000000 86.000000 63.000000 89.000000 2.000000 33.000000 24.000000 49.000000 59.000000 82.000000 85.000000 51.000000 75.000000 89.000000 31.000000 
14.000000 35.000000 86.000000 49.000000 34.000000 25.000000 58.000000 35.000000 24.000000 57.000000 40.000000 35.000000 57.000000 28.000000 92.000000 40.000000 15.000000 56.000000 97.000000 96.000000 35.000000 9.000000 25.000000 11.000000 10.000000 25.000000 42.000000 53.000000 86.000000 75.000000 
45.000000 81.000000 55.000000 34.000000 74.000000 59.000000 41.000000 58.000000 18.000000 25.000000 40.000000 66.000000 19.000000 34.000000 35.000000 95.000000 46.000000 98.000000 19.000000 70.000000 88.000000 68.000000 96.000000 7.000000 81.000000 56.000000 24.000000 34.000000 87.000000 88.000000 
37.000000 10.000000 73.000000 26.000000 66.000000 75.000000 62.000000 1.000000 25.000000 42.000000 65.000000 61.000000 42.000000 50.000000 92.000000 3.000000 60.000000 4.000000 33.000000 58.000000 22.000000 85.000000 25.000000 52.000000 33.000000 23.000000 68.000000 42.000000 40.000000 23.000000 
53.000000 19.000000 93.000000 37.000000 2.000000 22.000000 74.000000 88.000000 45.000000 98.000000 95.000000 95.000000 81.000000 14.000000 20.000000 71.000000 4.000000 93.000000 47.000000 73.000000 75.000000 37.000000 63.000000 35.000000 84.000000 67.000000 53.000000 15.000000 35.000000 73.000000 
35.000000 35.000000 40.000000 68.000000 44.000000 90.000000 0.000000 95.000000 78.000000 62.000000 30.000000 12.000000 7.000000 65.000000 37.000000 68.000000 85.000000 0.000000 58.000000 45.000000 10.000000 3.000000 32.000000 18.000000 51.000000 9.000000 52.000000 72.000000 12.000000 72.000000 
21.000000 67.000000 7.000000 16.000000 4.000000 48.000000 75.000000 82.000000 68.000000 37.000000 50.000000 37.000000 35.000000 48.000000 67.000000 30.000000 87.000000 27.000000 71.000000 11.000000 16.000000 95.000000 59.000000 72.000000 99.000000 53.000000 72.000000 50.000000 28.000000 67.000000 
15.000000 12.000000 47.000000 61.000000 76.000000 16.000000 66.000000 65.000000 73.000000 8.000000 45.000000 8.000000 37.000000 10.000000 88.000000 54.000000 29.000000 97.000000 71.000000 10.000000 38.000000 81.000000 5.000000 70.000000 5.000000 39.000000 7.000000 58.000000 83.000000 57.000000 
21.000000 98.000000 14.000000 82.000000 24.000000 8.000000 89.000000 92.000000 7.000000 18.000000 22.000000 42.000000 5.000000 35.000000 59.000000 31.000000 28.000000 20.000000 95.000000 5.000000 17.000000 55.000000 67.000000 94.000000 11.000000 88.000000 56.000000 44.000000 24.000000 20.000000 
17.000000 84.000000 50.000000 48.000000 13.000000 60.000000 45.000000 80.000000 13.000000 5.000000 67.000000 95.000000 3.000000 37.000000 57.000000 11.000000 9.000000 6.000000 7.000000 79.000000 17.000000 19.000000 37.000000 16.000000 63.000000 38.000000 80.000000 61.000000 17.000000 3.000000 
52.000000 91.000000 78.000000 38.000000 47.000000 48.000000 60.000000 51.000000 92.000000 64.000000 41.000000 20.000000 50.000000 81.000000 99.000000 26.000000 49.000000 98.000000 53.000000 95.000000 86.000000 3.000000 92.000000 38.000000 30.000000 65.000000 55.000000 6.000000 20.000000 93.000000 
95.000000 15.000000 30.000000 91.000000 43.000000 82.000000 53.000000 67.000000 53.000000 94.000000 31.000000 66.000000 88.000000 6.000000 18.000000 48.000000 88.000000 22.000000 61.000000 24.000000 31.000000 13.000000 36.000000 9.000000 69.000000 86.000000 81.000000 91.000000 95.000000 95.000000 
1.000000 78.000000 92.000000 58.000000 33.000000 7.000000 66.000000 32.000000 21.000000 16.000000 41.000000 53.000000 15.000000 8.000000 93.000000 38.000000 97.000000 64.000000 47.000000 17.000000 11.000000 83.000000 58.000000 30.000000 41.000000 57.000000 44.000000 21.000000 61.000000 99.000000 
58.000000 7.000000 51.000000 6.000000 11.000000 89.000000 72.000000 92.000000 71.000000 62.000000 16.000000 52.000000 18.000000 26.000000 82.000000 29.000000 18.000000 97.000000 70.000000 88.000000 54.000000 83.000000 54.000000 40.000000 19.000000 69.000000 96.000000 46.000000 62.000000 28.000000 
25.000000 13.000000 45.000000 48.000000 63.000000 55.000000 53.000000 44.000000 95.000000 68.000000 57.000000 96.000000 11.000000 71.000000 27.000000 37.000000 57.000000 87.000000 49.000000 65.000000 85.000000 71.000000 83.000000 72.000000 79.000000 23.000000 75.000000 10.000000 6.000000 19.000000 
14.000000 23.000000 17.000000 74.000000 76.000000 31.000000 86.000000 98.000000 15.000000 40.000000 82.000000 24.000000 95.000000 18.000000 92.000000 11.000000 62.000000 41.000000 51.000000 55.000000 96.000000 31.000000 49.000000 57.000000 6.000000 15.000000 12.000000 30.000000 61.000000 87.000000 
87.000000 63.000000 44.000000 50.000000 64.000000 38.000000 99.000000 70.000000 35.000000 0.000000 95.000000 75.000000 54.000000 14.000000 32.000000 62.000000 57.000000 55.000000 62.000000 25.000000 59.000000 25.000000 90.000000 89.000000 29.000000 79.000000 95.000000 25.000000 14.000000 25.000000 
82.000000 87.000000 65.000000 3.000000 40.000000 84.000000 81.000000 81.000000 81.000000 87.000000 82.000000 16.000000 89.000000 22.000000 64.000000 62.000000 87.000000 20.000000 11.000000 25.000000 17.000000 3.000000 64.000000 4.000000 88.000000 37.000000 54.000000 68.000000 20.000000 91.000000 
83.000000 39.000000 20.000000 54.000000 79.000000 9.000000 41.000000 31.000000 69.000000 94.000000 17.000000 7.000000 62.000000 97.000000 91.000000 40.000000 3.000000 57.000000 50.000000 36.000000 75.000000 86.000000 64.000000 18.000000 34.000000 18.000000 69.000000 78.000000 15.000000 41.000000 
50.000000 84.000000 53.000000 71.000000 29.000000 85.000000 77.000000 94.000000 34.000000 24.000000 14.000000 86.000000 23.000000 61.000000 70.000000 82.000000 93.000000 62.000000 99.000000 57.000000 90.000000 11.000000 77.000000 48.000000 89.000000 45.000000 24.000000 11.000000 36.000000 18.000000 
63.000000 12.000000 51.000000 54.000000 92.000000 86.000000 37.000000 33.000000 20.000000 11.000000 53.000000 27.000000 87.000000 84.000000 37.000000 82.000000 62.000000 5.000000 87.000000 4.000000 12.000000 87.000000 44.000000 99.000000 57.000000 59.000000 27.000000 88.000000 73.000000 42.000000 
16.000000 71.000000 8.000000 84.000000 89.000000 32.000000 7.000000 18.000000 44.000000 5.000000 79.000000 55.000000 83.000000 34.000000 47.000000 32.000000 23.000000 11.000000 57.000000 91.000000 62.000000 60.000000 41.000000 37.000000 25.000000 11.000000 67.000000 12.000000 60.000000 80.000000 
8.000000 87.000000 58.000000 53.000000 25.000000 55.000000 26.000000 26.000000 38.000000 67.000000 24.000000 62.000000 34.000000 65.000000 55.000000 68.000000 38.000000 90.000000 68.000000 92.000000 32.000000 58.000000 6.000000 6.000000 21.000000 67.000000 20.000000 9.000000 69.000000 41.000000 
19.000000 85.000000 40.000000 42.000000 36.000000 86.000000 46.000000 11.000000 26.000000 27.000000 62.000000 0.000000 26.000000 22.000000 80.000000 23.000000 50.000000 82.000000 89.000000 36.000000 81.000000 74.000000 26.000000 16.000000 5.000000 94.000000 22.000000 2.000000 88.000000 13.000000 
37.000000 22.000000 85.000000 94.000000 69.000000 18.000000 46.000000 95.000000 66.000000 35.000000 48.000000 3.000000 94.000000 51.000000 71.000000 54.000000 18.000000 49.000000 96.000000 58.000000 18.000000 64.000000 96.000000 9.000000 39.000000 65.000000 44.000000 60.000000 50.000000 35.000000 
62.000000 96.000000 53.000000 75.000000 85.000000 31.000000 76.000000 43.000000 8.000000 13.000000 41.000000 0.000000 53.000000 3.000000 82.000000 22.000000 54.000000 86.000000 64.000000 9.000000 72.000000 10.000000 25.000000 88.000000 70.000000 58.000000 33.000000 2.000000 6.000000 16.000000 
47.000000 27.000000 48.000000 87.000000 14.000000 60.000000 95.000000 48.000000 33.000000 63.000000 67.000000 73.000000 87.000000 70.000000 96.000000 54.000000 11.000000 83.000000 42.000000 97.000000 44.000000 10.000000 2.000000 79.000000 98.000000 36.000000 82.000000 81.000000 29.000000 10.000000 
72.000000 56.000000 91.000000 6.000000 27.000000 68.000000 24.000000 80.000000 42.000000 27.000000 94.000000 42.000000 88.000000 17.000000 82.000000 3.000000 34.000000 66.000000 1.000000 68.000000 78.000000 23.000000 93.000000 1.000000 61.000000 36.000000 12.000000 56.000000 37.000000 48.000000 
10.000000 70.000000 24.000000 53.000000 96.000000 65.000000 51.000000 76.000000 2.000000 81.000000 98.000000 79.000000 3.000000 59.000000 62.000000 90.000000 64.000000 48.000000 21.000000 26.000000 11.000000 82.000000 76.000000 53.000000 60.000000 74.000000 72.000000 83.000000 25.000000 10.000000 
63.000000 29.000000 21.000000 52.000000 38.000000 59.000000 12.000000 67.000000 48.000000 5.000000 75.000000 49.000000 85.000000 45.000000 85.000000 12.000000 4.000000 40.000000 32.000000 48.000000 11.000000 2.000000 33.000000 95.000000 25.000000 32.000000 2.000000 61.000000 6.000000 52.000000 
84.000000 81.000000 8.000000 3.000000 65.000000 18.000000 93.000000 6.000000 24.000000 41.000000 18.000000 1.000000 81.000000 15.000000 73.000000 97.000000 56.000000 16.000000 50.000000 23.000000 47.000000 35.000000 53.000000 40.000000 95.000000 45.000000 86.000000 60.000000 88.000000 39.000000 
82.000000 3.000000 19.000000 66.000000 48.000000 51.000000 8.000000 24.000000 64.000000 7.000000 55.000000 83.000000 33.000000 65.000000 71.000000 51.000000 81.000000 35.000000 14.000000 2.000000 61.000000 98.000000 29.000000 37.000000 99.000000 67.000000 63.000000 36.000000 96.000000 90.000000 
99.000000 26.000000 68.000000 26.000000 49.000000 80.000000 79.000000 59.000000 78.000000 17.000000 24.000000 52.000000 63.000000 56.000000 42.000000 54.000000 5.000000 69.000000 77.000000 89.000000 44.000000 18.000000 21.000000 28.000000 61.000000 71.000000 95.000000 90.000000 36.000000 40.000000 
63.000000 32.000000 26.000000 81.000000 80.000000 42.000000 76.000000 57.000000 24.000000 19.000000 62.000000 36.000000 46.000000 15.000000 40.000000 91.000000 65.000000 79.000000 54.000000 27.000000 76.000000 20.000000 19.000000 33.000000 38.000000 82.000000 87.000000 48.000000 88.000000 94.000000 
52.000000 96.000000 68.000000 47.000000 71.000000 7.000000 84.000000 0.000000 91.000000 46.000000 25.000000 25.000000 8.000000 13.000000 0.000000 44.000000 16.000000 87.000000 95.000000 5.000000 1.000000 23.000000 41.000000 16.000000 96.000000 28.000000 44.000000 32.000000 9.000000 71.000000 
23.000000 47.000000 84.000000 12.000000 68.000000 55.000000 47.000000 49.000000 93.000000 80.000000 68.000000 13.000000 51.000000 79.000000 26.000000 71.000000 55.000000 72.000000 58.000000 6.000000 1.000000 53.000000 39.000000 98.000000 87.000000 98.000000 17.000000 4.000000 92.000000 57.000000 
93.000000 34.000000 44.000000 93.000000 39.000000 60.000000 92.000000 27.000000 77.000000 93.000000 68.000000 92.000000 69.000000 43.000000 93.000000 86.000000 86.000000 27.000000 80.000000 8.000000 66.000000 83.000000 22.000000 97.000000 74.000000 34.000000 72.000000 15.000000 12.000000 79.000000 
60.000000 39.000000 65.000000 25.000000 92.000000 57.000000 62.000000 81.000000 43.000000 92.000000 98.000000 67.000000 19.000000 73.000000 40.000000 38.000000 66.000000 55.000000 19.000000 88.000000 40.000000 42.000000 77.000000 17.000000 74.000000 69.000000 19.000000 56.000000 8.000000 44.000000 
96.000000 88.000000 50.000000 64.000000 11.000000 23.000000 8.000000 45.000000 33.000000 83.000000 95.000000 32.000000 53.000000 44.000000 6.000000 94.000000 15.000000 15.000000 7.000000 1.000000 18.000000 56.000000 99.000000 45.000000 66.000000 73.000000 43.000000 51.000000 2.000000 31.000000 
50.000000 96.000000 70.000000 83.000000 86.000000 26.000000 80.000000 99.000000 29.000000 41.000000 70.000000 42.000000 0.000000 82.000000 1.000000 36.000000 35.000000 51.000000 13.000000 11.000000 79.000000 43.000000 37.000000 22.000000 20.000000 66.000000 41.000000 85.000000 91.000000 83.000000 
60.000000 69.000000 7.000000 7.000000 21.000000 33.000000 17.000000 20.000000 79.000000 17.000000 94.000000 9.000000 23.000000 99.000000 79.000000 35.000000 9.000000 98.000000 61.000000 74.000000 39.000000 77.000000 66.000000 6.000000 88.000000 71.000000 66.000000 34.000000 48.000000 55.000000 
53.000000 59.000000 40.000000 20.000000 32.000000 45.000000 22.000000 25.000000 15.000000 48.000000 79.000000 32.000000 38.000000 94.000000 81.000000 65.000000 28.000000 37.000000 55.000000 28.000000 89.000000 18.000000 83.000000 86.000000 76.000000 16.000000 47.000000 80.000000 95.000000 57.000000 
67.000000 51.000000 36.000000 28.000000 2.000000 80.000000 29.000000 9.000000 33.000000 62.000000 74.000000 16.000000 10.000000 93.000000 94.000000 19.000000 69.000000 15.000000 19.000000 89.000000 29.000000 67.000000 71.000000 73.000000 23.000000 23.000000 41.000000 9.000000 51.000000 18.000000 
65.000000 24.000000 16.000000 8.000000 22.000000 92.000000 16.000000 83.000000 49.000000 25.000000 96.000000 66.000000 13.000000 33.000000 64.000000 40.000000 96.000000 87.000000 46.000000 94.000000 92.000000 45.000000 31.000000 95.000000 7.000000 55.000000 22.000000 92.000000 18.000000 21.000000 
96.000000 47.000000 34.000000 4.000000 48.000000 28.000000 66.000000 9.000000 63.000000 8.000000 92.000000 50.000000 45.000000 73.000000 74.000000 16.000000 93.000000 5.000000 74.000000 81.000000 8.000000 13.000000 67.000000 17.000000 73.000000 38.000000 47.000000 11.000000 28.000000 17.000000 
83.000000 95.000000 40.000000 20.000000 56.000000 45.000000 52.000000 81.000000 96.000000 92.000000 35.000000 75.000000 7.000000 71.000000 94.000000 40.000000 23.000000 84.000000 10.000000 12.000000 57.000000 65.000000 87.000000 50.000000 31.000000 69.000000 78.000000 60.000000 89.000000 16.000000 
75.000000 35.000000 40.000000 79.000000 2.000000 82.000000 85.000000 73.000000 52.000000 4.000000 14.000000 9.000000 34.000000 47.000000 90.000000 4.000000 48.000000 39.000000 48.000000 62.000000 90.000000 79.000000 73.000000 80.000000 52.000000 51.000000 49.000000 21.000000 78.000000 72.000000 
78.000000 78.000000 85.000000 2.000000 14.000000 24.000000 62.000000 72.000000 72.000000 97.000000 10.000000 0.000000 95.000000 80.000000 74.000000 27.000000 86.000000 94.000000 93.000000 59.000000 61.000000 80.000000 67.000000 15.000000 48.000000 49.000000 5.000000 27.000000 58.000000 46.000000 
17.000000 24.000000 9.000000 32.000000 63.000000 92.000000 54.000000 88.000000 60.000000 19.000000 69.000000 2.000000 22.000000 42.000000 87.000000 83.000000 80.000000 64.000000 91.000000 18.000000 6.000000 7.000000 99.000000 71.000000 39.000000 19.000000 7.000000 74.000000 87.000000 60.000000 
68.000000 75.000000 52.000000 8.000000 25.000000 44.000000 3.000000 95.000000 33.000000 32.000000 98.000000 45.000000 24.000000 56.000000 21.000000 68.000000 14.000000 48.000000 87.000000 45.000000 44.000000 81.000000 46.000000 7.000000 21.000000 74.000000 62.000000 87.000000 72.000000 35.000000 
73.000000 96.000000 62.000000 90.000000 47.000000 60.000000 17.000000 7.000000 82.000000 19.000000 46.000000 21.000000 39.000000 66.000000 84.000000 6.000000 75.000000 83.000000 69.000000 63.000000 43.000000 2.000000 39.000000 18.000000 59.000000 1.000000 8.000000 32.000000 55.000000 3.000000 
66.000000 95.000000 75.000000 48.000000 99.000000 30.000000 81.000000 56.000000 26.000000 49.000000 66.000000 88.000000 13.000000 26.000000 6.000000 87.000000 95.000000 76.000000 90.000000 59.000000 23.000000 67.000000 4.000000 9.000000 12.000000 93.000000 79.000000 46.000000 68.000000 95.000000 
96.000000 45.000000 8.000000 93.000000 41.000000 0.000000 8.000000 88.000000 40.000000 17.000000 39.000000 22.000000 4.000000 44.000000 76.000000 24.000000 83.000000 7.000000 1.000000 74.000000 5.000000 38.000000 17.000000 56.000000 40.000000 80.000000 52.000000 1.000000 22.000000 18.000000 
29.000000 13.000000 25.000000 82.000000 17.000000 51.000000 53.000000 98.000000 94.000000 11.000000 25.000000 5.000000 93.000000 12.000000 33.000000 46.000000 2.000000 93.000000 17.000000 18.000000 45.000000 83.000000 97.000000 26.000000 67.000000 80.000000 29.000000 75.000000 95.000000 66.000000 
95.000000 10.000000 45.000000 45.000000 43.000000 78.000000 9.000000 69.000000 32.000000 59.000000 34.000000 2.000000 44.000000 22.000000 74.000000 31.000000 74.000000 71.000000 80.000000 19.000000 13.000000 2.000000 67.000000 70.000000 79.000000 97.000000 63.000000 44.000000 61.000000 92.000000 
25.000000 42.000000 85.000000 32.000000 92.000000 53.000000 11.000000 85.000000 0.000000 26.000000 32.000000 67.000000 80.000000 18.000000 18.000000 15.000000 14.000000 24.000000 36.000000 12.000000 23.000000 91.000000 38.000000 35.000000 7.000000 79.000000 99.000000 93.000000 67.000000 6.000000 
39.000000 74.000000 75.000000 12.000000 70.000000 11.000000 69.000000 4.000000 54.000000 51.000000 3.000000 83.000000 46.000000 70.000000 55.000000 72.000000 80.000000 72.000000 97.000000 65.000000 13.000000 80.000000 68.000000 4.000000 22.000000 85.000000 4.000000 34.000000 41.000000 23.000000 
16.000000 82.000000 74.000000 5.000000 26.000000 89.000000 12.000000 91.000000 0.000000 69.000000 54.000000 14.000000 30.000000 79.000000 99.000000 86.000000 57.000000 28.000000 72.000000 24.000000 52.000000 55.000000 85.000000 2.000000 76.000000 56.000000 52.000000 10.000000 92.000000 40.000000 
25.000000 63.000000 18.000000 40.000000 89.000000 11.000000 7.000000 16.000000 59.000000 33.000000 32.000000 24.000000 56.000000 5.000000 92.000000 32.000000 56.000000 0.000000 59.000000 8.000000 48.000000 43.000000 58.000000 27.000000 17.000000 25.000000 28.000000 51.000000 80.000000 63.000000 
8.000000 80.000000 8.000000 55.000000 57.000000 3.000000 19.000000 62.000000 98.000000 65.000000 43.000000 16.000000 35.000000 51.000000 65.000000 47.000000 97.000000 41.000000 16.000000 64.000000 3.000000 89.000000 71.000000 44.000000 43.000000 45.000000 62.000000 9.000000 32.000000 97.000000 
16.000000 88.000000 84.000000 18.000000 81.000000 11.000000 90.000000 49.000000 8.000000 68.000000 24.000000 40.000000 86.000000 37.000000 2.000000 35.000000 48.000000 55.000000 54.000000 85.000000 13.000000 96.000000 9.000000 0.000000 18.000000 84.000000 82.000000 0.000000 58.000000 35.000000 
19.000000 7.000000 31.000000 21.000000 51.000000 98.000000 73.000000 7.000000 46.000000 12.000000 13.000000 83.000000 60.000000 71.000000 93.000000 8.000000 50.000000 66.000000 33.000000 36.000000 68.000000 21.000000 18.000000 83.000000 69.000000 28.000000 75.000000 62.000000 0.000000 13.000000 
27.000000 99.000000 42.000000 99.000000 60.000000 91.000000 41.000000 41.000000 47.000000 88.000000 28.000000 79.000000 0.000000 0.000000 31.000000 20.000000 56.000000 59.000000 20.000000 40.000000 7.000000 90.000000 43.000000 88.000000 39.000000 77.000000 47.000000 11.000000 39.000000 20.000000 
68.000000 36.000000 81.000000 14.000000 78.000000 94.000000 95.000000 18.000000 81.000000 51.000000 3.000000 66.000000 14.000000 93.000000 47.000000 59.000000 7.000000 78.000000 52.000000 37.000000 75.000000 55.000000 20.000000 9.000000 83.000000 2.000000 19.000000 99.000000 81.000000 44.000000 
19.000000 40.000000 10.000000 51.000000 13.000000 13.000000 27.000000 21.000000 92.000000 15.000000 98.000000 10.000000 78.000000 20.000000 53.000000 49.000000 43.000000 38.000000 9.000000 67.000000 45.000000 8.000000 3.000000 16.000000 83.000000 77.000000 87.000000 62.000000 35.000000 38.000000 
84.000000 77.000000 34.000000 50.000000 93.000000 67.000000 7.000000 42.000000 15.000000 10.000000 67.000000 88.000000 18.000000 80.000000 43.000000 97.000000 69.000000 0.000000 87.000000 60.000000 5.000000 37.000000 84.000000 53.000000 14.000000 33.000000 66.000000 69.000000 57.000000 43.000000 
3.000000 46.000000 41.000000 13.000000 14.000000 15.000000 36.000000 26.000000 29.000000 68.000000 87.000000 98.000000 95.000000 33.000000 65.000000 2.000000 5.000000 9.000000 60.000000 52.000000 91.000000 88.000000 14.000000 68.000000 5.000000 71.000000 44.000000 18.000000 2.000000 54.000000 
89.000000 2.000000 74.000000 48.000000 10.000000 11.000000 0.000000 48.000000 5.000000 97.000000 32.000000 73.000000 16.000000 26.000000 15.000000 39.000000 60.000000 98.000000 9.000000 38.000000 95.000000 66.000000 75.000000 29.000000 1.000000 70.000000 29.000000 78.000000 48.000000 91.000000 
83.000000 93.000000 81.000000 76.000000 34.000000 31.000000 25.000000 85.000000 44.000000 0.000000 15.000000 81.000000 57.000000 56.000000 95.000000 40.000000 25.000000 89.000000 25.000000 69.000000 34.000000 30.000000 18.000000 57.000000 72.000000 31.000000 78.000000 83.000000 63.000000 8.000000 
9.000000 74.000000 65.000000 38.000000 27.000000 80.000000 5.000000 53.000000 90.000000 3.000000 9.000000 65.000000 30.000000 7.000000 27.000000 35.000000 42.000000 90.000000 84.000000 56.000000 78.000000 96.000000 95.000000 2.000000 48.000000 97.000000 27.000000 84.000000 10.000000 77.000000 
2.000000 11.000000 31.000000 95.000000 60.000000 34.000000 20.000000 9.000000 47.000000 36.000000 85.000000 86.000000 69.000000 80.000000 60.000000 33.000000 56.000000 44.000000 98.000000 31.000000 13.000000 7.000000 38.000000 38.000000 44.000000 35.000000 74.000000 9.000000 92.000000 21.000000 
7.000000 50.000000 23.000000 54.000000 41.000000 87.000000 46.000000 19.000000 53.000000 40.000000 53.000000 72.000000 61.000000 13.000000 9.000000 24.000000 66.000000 50.000000 39.000000 34.000000 28.000000 24.000000 93.000000 98.000000 19.000000 36.000000 68.000000 79.000000 61.000000 74.000000 
33.000000 18.000000 29.000000 31.000000 92.000000 23.000000 92.000000 87.000000 60.000000 20.000000 15.000000 26.000000 54.000000 18.000000 46.000000 16.000000 24.000000 18.000000 58.000000 76.000000 60.000000 73.000000 21.000000 32.000000 67.000000 81.000000 38.000000 10.000000 91.000000 50.000000 
47.000000 27.000000 28.000000 91.000000 82.000000 78.000000 60.000000 20.000000 57.000000 36.000000 98.000000 61.000000 96.000000 3.000000 16.000000 0.000000 39.000000 81.000000 22.000000 25.000000 91.000000 58.000000 88.000000 48.000000 87.000000 24.000000 38.000000 98.000000 6.000000 59.000000 
71.000000 31.000000 42.000000 55.000000 62.000000 99.000000 24.000000 81.000000 64.000000 64.000000 35.000000 82.000000 20.000000 53.000000 82.000000 85.000000 42.000000 10.000000 12.000000 49.000000 20.000000 51.000000 71.000000 75.000000 78.000000 61.000000 61.000000 76.000000 69.000000 83.000000 
34.000000 63.000000 5.000000 75.000000 32.000000 4.000000 34.000000 45.000000 59.000000 55.000000 28.000000 91.000000 49.000000 74.000000 46.000000 4.000000 59.000000 66.000000 70.000000 7.000000 12.000000 18.000000 47.000000 43.000000 52.000000 35.000000 70.000000 31.000000 3.000000 64.000000 
87.000000 64.000000 34.000000 79.000000 23.000000 98.000000 75.000000 71.000000 53.000000 71.000000 41.000000 50.000000 59.000000 55.000000 42.000000 70.000000 55.000000 11.000000 11.000000 19.000000 73.000000 19.000000 58.000000 37.000000 42.000000 91.000000 37.000000 75.000000 92.000000 98.000000 
93.000000 73.000000 76.000000 60.000000 12.000000 48.000000 92.000000 87.000000 1.000000 9.000000 40.000000 65.000000 70.000000 42.000000 53.000000 27.000000 83.000000 30.000000 89.000000 65.000000 20.000000 98.000000 62.000000 38.000000 43.000000 13.000000 56.000000 27.000000 76.000000 62.000000 
56.000000 14.000000 37.000000 91.000000 85.000000 82.000000 75.000000 86.000000 15.000000 93.000000 16.000000 28.000000 24.000000 53.000000 96.000000 38.000000 90.000000 96.000000 65.000000 19.000000 52.000000 47.000000 67.000000 35.000000 82.000000 27.000000 35.000000 5.000000 49.000000 25.000000 