30 90
239 178 235 233 180 224 170 23 103 191 156 37 167 38 110 106 287 25 77 134 230 214 281 80 65 78 72 209 261 266 
17060.000000 23824.000000 9612.000000 8793.000000 12220.000000 4428.000000 26833.000000 22103.000000 23918.000000 18701.000000 13140.000000 11901.000000 20608.000000 23072.000000 11974.000000 16471.000000 14465.000000 4699.000000 10652.000000 26019.000000 3447.000000 19181.000000 15127.000000 26158.000000 8842.000000 24711.000000 2273.000000 10614.000000 9804.000000 26456.000000 
23 19 14 19 15 17 18 19 19 16 20 20 28 20 22 22 21 21 17 22 19 11 10 20 26 27 12 23 20 20 19 13 22 12 10 22 15 15 20 22 23 15 28 27 16 12 15 18 20 28 22 18 18 24 18 26 29 18 21 16 19 21 16 21 23 13 13 19 26 12 21 17 21 27 28 17 14 26 11 12 13 29 26 17 14 23 22 10 23 24 
46.000000 76.000000 83.000000 21.000000 64.000000 45.000000 52.000000 70.000000 87.000000 88.000000 35.000000 7.000000 99.000000 82.000000 72.000000 77.000000 36.000000 15.000000 21.000000 6.000000 23.000000 56.000000 80.000000 54.000000 27.000000 75.000000 58.000000 9.000000 21.000000 87.000000 
38.000000 41.000000 89.000000 35.000000 96.000000 44.000000 11.000000 26.000000 49.000000 70.000000 14.000000 96.000000 62.000000 91.000000 65.000000 54.000000 28.000000 70.000000 68.000000 45.000000 4.000000 23.000000 62.000000 34.000000 67.000000 89.000000 47.000000 76.000000 24.000000 62.000000 
90.000000 52.000000 88.000000 33.000000 72.000000 79.000000 4.000000 55.000000 91.000000 9.000000 92.000000 29.000000 32.000000 97.000000 30.000000 69.000000 53.000000 89.000000 5.000000 1.000000 72.000000 58.000000 5.000000 0.000000 38.000000 0.000000 16.000000 69.000000 20.000000 64.000000 
62.000000 13.000000 61.000000 74.000000 4.000000 66.000000 62.000000 63.000000 64.000000 82.000000 10.000000 45.000000 66.000000 71.000000 56.000000 76.000000 0.000000 69.000000 8.000000 89.000000 37.000000 64.000000 96.000000 4.000000 78.000000 7.000000 25.000000 39.000000 97.000000 97.000000 
17.000000 94.000000 8.000000 6.000000 23.000000 60.000000 81.000000 87.000000 38.000000 85.000000 79.000000 82.000000 57.000000 4.000000 81.000000 26.000000 61.000000 10.000000 33.000000 1.000000 11.000000 22.000000 31.000000 7.000000 0.000000 77.000000 27.000000 38.000000 80.000000 55.000000 
6.000000 77.000000 67.000000 14.000000 95.000000 64.000000 99.000000 89.000000 91.000000 95.000000 90.000000 84.000000 2.000000 43.000000 10.000000 73.000000 67.000000 25.000000 82.000000 67.000000 86.000000 53.000000 78.000000 22.000000 70.000000 35.000000 53.000000 13.000000 2.000000 23.000000 
49.000000 70.000000 61.000000 20.000000 62.000000 65.000000 57.000000 92.000000 49.000000 3.000000 76.000000 46.000000 18.000000 43.000000 33.000000 82.000000 31.000000 58.000000 80.000000 7.000000 18.000000 9.000000 16.000000 93.000000 64.000000 94.000000 9.000000 4.000000 37.000000 91.000000 
5.000000 18.000000 63.000000 21.000000 5.000000 43.000000 56.000000 78.000000 23.000000 72.000000 70.000000 14.000000 53.000000 52.000000 33.000000 85.000000 23.000000 45.000000 70.000000 80.000000 99.000000 15.000000 25.000000 90.000000 79.000000 69.000000 56.000000 5.000000 74.000000 27.000000 
43.000000 30.000000 83.000000 9.000000 38.000000 63.000000 3.000000 63.000000 60.000000 78.000000 24.000000 67.000000 93.000000 0.000000 11.000000 75.000000 59.000000 78.000000 67.000000 9.000000 60.000000 77.000000 26.000000 96.000000 23.000000 55.000000 28.000000 9.000000 80.000000 93.000000 
69.000000 71.000000 74.000000 94.000000 33.000000 13.000000 78.000000 69.000000 43.000000 8.000000 49.000000 82.000000 86.000000 20.000000 87.000000 6.000000 15.000000 37.000000 27.000000 29.000000 13.000000 80.000000 24.000000 5.000000 86.000000 1.000000 91.000000 42.000000 14.000000 20.000000 
97.000000 62.000000 69.000000 59.000000 44.000000 85.000000 2.000000 76.000000 69.000000 29.000000 39.000000 4.000000 60.000000 0.000000 37.000000 52.000000 54.000000 46.000000 0.000000 10.000000 83.000000 89.000000 55.000000 94.000000 66.000000 38.000000 29.000000 88.000000 70.000000 80.000000 
88.000000 89.000000 3.000000 83.000000 21.000000 67.000000 78.000000 53.000000 81.000000 73.000000 88.000000 49.000000 25.000000 88.000000 87.000000 31.000000 0.000000 65.000000 36.000000 99.000000 78.000000 25.000000 81.000000 51.000000 35.000000 16.000000 79.000000 66.000000 27.000000 18.000000 
63.000000 93.000000 99.000000 83.000000 32.000000 94.000000 48.000000 25.000000 10.000000 84.000000 14.000000 10.000000 94.000000 52.000000 61.000000 97.000000 88.000000 69.000000 99.000000 41.000000 6.000000 12.000000 32.000000 65.000000 88.000000 50.000000 46.000000 42.000000 43.000000 97.000000 
75.000000 57.000000 30.000000 94.000000 94.000000 47.000000 51.000000 2.000000 47.000000 21.000000 89.000000 11.000000 91.000000 21.000000 34.000000 82.000000 30.000000 74.000000 80.000000 0.000000 55.000000 40.000000 78.000000 99.000000 20.000000 68.000000 81.000000 64.000000 28.000000 95.000000 
20.000000 54.000000 94.000000 76.000000 96.000000 90.000000 19.000000 8.000000 65.000000 79.000000 84.000000 95.000000 71.000000 7.000000 51.000000 71.000000 40.000000 94.000000 37.000000 69.000000 44.000000 2.000000 88.000000 5.000000 98.000000 41.000000 71.000000 27.000000 47.000000 12.000000 
67.000000 32.000000 62.000000 82.000000 25.000000 50.000000 45.000000 80.000000 18.000000 72.000000 15.000000 65.000000 4.000000 42.000000 24.000000 88.000000 82.000000 55.000000 30.000000 66.000000 13.000000 32.000000 19.000000 44.000000 17.000000 55.000000 50.000000 88.000000 91.000000 90.000000 
86.000000 55.000000 2.000000 35.000000 5.000000 37.000000 36.000000 59.000000 24.000000 55.000000 34.000000 23.000000 78.000000 67.000000 21.000000 12.000000 29.000000 11.000000 20.000000 97.000000 10.000000 90.000000 9.000000 23.000000 5.000000 88.000000 58.000000 90.000000 54.000000 55.000000 
56.000000 59.000000 7.000000 98.000000 16.000000 19.000000 71.000000 97.000000 15.000000 88.000000 37.000000 98.000000 7.000000 28.000000 65.000000 60.000000 25.000000 10.000000 75.000000 76.000000 48.000000 50.000000 67.000000 76.000000 2.000000 4.000000 65.000000 89.000000 26.000000 91.000000 
65.000000 24.000000 18.000000 92.000000 32.000000 86.000000 45.000000 28.000000 68.000000 56.000000 76.000000 27.000000 52.000000 85.000000 77.000000 31.000000 25.000000 85.000000 79.000000 96.000000 64.000000 25.000000 1.000000 98.000000 80.000000 50.000000 93.000000 40.000000 21.000000 93.000000 
35.000000 17.000000 74.000000 47.000000 1.000000 99.000000 91.000000 9.000000 70.000000 34.000000 90.000000 23.000000 55.000000 69.000000 98.000000 82.000000 82.000000 55.000000 42.000000 50.000000 19.000000 82.000000 8.000000 43.000000 58.000000 54.000000 9.000000 58.000000 4.000000 4.000000 
57.000000 39.000000 98.000000 7.000000 8.000000 39.000000 3.000000 48.000000 28.000000 95.000000 20.000000 41.000000 16.000000 27.000000 13.000000 14.000000 64.000000 49.000000 58.000000 7.000000 37.000000 32.000000 54.000000 39.000000 30.000000 56.000000 50.000000 61.000000 3.000000 60.000000 
82.000000 71.000000 18.000000 57.000000 25.000000 81.000000 30.000000 87.000000 95.000000 60.000000 96.000000 18.000000 76.000000 82.000000 14.000000 12.000000 32.000000 65.000000 99.000000 39.000000 40.000000 68.000000 65.000000 74.000000 67.000000 90.000000 63.000000 33.000000 55.000000 92.000000 
95.000000 35.000000 97.000000 24.000000 9.000000 71.000000 24.000000 36.000000 41.000000 41.000000 22.000000 10.000000 60.000000 92.000000 65.000000 18.000000 34.000000 42.000000 19.000000 31.000000 15.000000 95.000000 61.000000 3.000000 20.000000 86.000000 15.000000 13.000000 54.000000 85.000000 
99.000000 47.000000 6.000000 80.000000 43.000000 46.000000 96.000000 95.000000 3.000000 53.000000 74.000000 21.000000 2.000000 28.000000 95.000000 75.000000 62.000000 42.000000 15.000000 95.000000 6.000000 23.000000 84.000000 55.000000 53.000000 55.000000 27.000000 45.000000 28.000000 40.000000 
58.000000 65.000000 58.000000 60.000000 41.000000 6.000000 36.000000 29.000000 8.000000 37.000000 68.000000 87.000000 0.000000 12.000000 26.000000 2.000000 88.000000 66.000000 91.000000 75.000000 80.000000 69.000000 44.000000 61.000000 38.000000 45.000000 46.000000 47.000000 53.000000 97.000000 
8.000000 59.000000 42.000000 67.000000 54.000000 93.000000 92.000000 45.000000 17.000000 68.000000 32.000000 96.000000 23.000000 78.000000 28.000000 68.000000 60.000000 69.000000 36.000000 5.000000 25.000000 70.000000 39.000000 76.000000 13.000000 66.000000 72.000000 87.000000 68.000000 81.000000 
96.000000 53.000000 34.000000 13.000000 84.000000 30.000000 60.000000 35.000000 36.000000 44.000000 51.000000 61.000000 17.000000 65.000000 72.000000 42.000000 98.000000 9.000000 42.000000 24.000000 47.000000 77.000000 86.000000 6.000000 88.000000 48.000000 11.000000 65.000000 40.000000 94.000000 
46.000000 40.000000 92.000000 92.000000 54.000000 98.000000 72.000000 33.000000 96.000000 8.000000 37.000000 67.000000 23.000000 14.000000 75.000000 27.000000 14.000000 77.000000 91.000000 23.000000 84.000000 18.000000 40.000000 8.000000 42.000000 95.000000 7.000000 32.000000 63.000000 90.000000 
58.000000 71.000000 6.000000 86.000000 14.000000 60.000000 92.000000 67.000000 6.000000 98.000000 31.000000 63.000000 45.000000 96.000000 46.000000 36.000000 76.000000 58.000000 51.000000 59.000000 21.000000 64.000000 72.000000 53.000000 46.000000 64.000000 13.000000 77.000000 65.000000 96.000000 
17.000000 77.000000 3.000000 14.000000 71.000000 60.000000 68.000000 71.000000 46.000000 24.000000 98.000000 89.000000 81.000000 80.000000 95.000000 30.000000 52.000000 39.000000 52.000000 27.000000 79.000000 45.000000 39.000000 55.000000 63.000000 89.000000 6.000000 57.000000 63.000000 22.000000 
15.000000 20.000000 44.000000 68.000000 12.000000 14.000000 64.000000 83.000000 99.000000 5.000000 87.000000 32.000000 67.000000 12.000000 13.000000 70.000000 8.000000 85.000000 0.000000 44.000000 96.000000 93.000000 95.000000 72.000000 31.000000 85.000000 91.000000 38.000000 72.000000 38.000000 
8.000000 31.000000 96.000000 5.000000 37.000000 7.000000 83.000000 51.000000 6.000000 57.000000 85.000000 10.000000 57.000000 6.000000 48.000000 16.000000 40.000000 71.000000 91.000000 95.000000 71.000000 72.000000 63.000000 11.000000 94.000000 54.000000 20.000000 11.000000 61.000000 69.000000 
6.000000 2.000000 11.000000 32.000000 34.000000 68.000000 15.000000 46.000000 77.000000 1.000000 15.000000 63.000000 44.000000 2.000000 74.000000 15.000000 83.000000 91.000000 26.000000 53.000000 39.000000 10.000000 69.000000 51.000000 67.000000 24.000000 70.000000 88.000000 64.000000 55.000000 
52.000000 5.000000 83.000000 86.000000 84.000000 85.000000 39.000000 43.000000 19.000000 40.000000 13.000000 27.000000 9.000000 59.000000 25.000000 62.000000 30.000000 87.000000 26.000000 69.000000 80.000000 15.000000 29.000000 97.000000 23.000000 14.000000 84.000000 70.000000 15.000000 49.000000 
58.000000 8.000000 17.000000 22.000000 88.000000 68.000000 88.000000 79.000000 9.000000 80.000000 13.000000 48.000000 73.000000 90.000000 4.000000 88.000000 17.000000 39.000000 88.000000 99.000000 44.000000 26.000000 62.000000 86.000000 28.000000 42.000000 83.000000 99.000000 50.000000 77.000000 
17.000000 91.000000 31.000000 30.000000 81.000000 53.000000 16.000000 70.000000 30.000000 32.000000 28.000000 49.000000 85.000000 34.000000 0.000000 39.000000 14.000000 68.000000 43.000000 51.000000 86.000000 86.000000 12.000000 79.000000 81.000000 24.000000 86.000000 47.000000 24.000000 46.000000 
65.000000 68.000000 67.000000 50.000000 52.000000 43.000000 44.000000 85.000000 73.000000 54.000000 67.000000 94.000000 63.000000 36.000000 47.000000 69.000000 95.000000 16.000000 53.000000 0.000000 61.000000 81.000000 35.000000 38.000000 17.000000 87.000000 92.000000 18.000000 40.000000 32.000000 
44.000000 3.000000 86.000000 56.000000 51.000000 39.000000 20.000000 42.000000 78.000000 59.000000 79.000000 27.000000 6.000000 40.000000 70.000000 42.000000 35.000000 26.000000 24.000000 56.000000 32.000000 61.000000 68.000000 79.000000 20.000000 99.000000 58.000000 52.000000 0.000000 85.000000 
14.000000 31.000000 66.000000 20.000000 33.000000 46.000000 55.000000 53.000000 76.000000 85.000000 31.000000 71.000000 61.000000 35.000000 99.000000 81.000000 90.000000 89.000000 5.000000 83.000000 12.000000 87.000000 60.000000 11.000000 94.000000 65.000000 99.000000 66.000000 44.000000 17.000000 
58.000000 73.000000 15.000000 0.000000 34.000000 53.000000 86.000000 38.000000 63.000000 65.000000 93.000000 0.000000 22.000000 72.000000 59.000000 69.000000 50.000000 51.000000 50.000000 13.000000 41.000000 24.000000 44.000000 27.000000 46.000000 89.000000 7.000000 22.000000 3.000000 93.000000 
95.000000 68.000000 68.000000 59.000000 39.000000 8.000000 17.000000 64.000000 87.000000 20.000000 57.000000 28.000000 80.000000 79.000000 44.000000 68.000000 23.000000 61.000000 9.000000 20.000000 62.000000 69.000000 47.000000 37.000000 68.000000 87.000000 96.000000 12.000000 9.000000 4.000000 
37.000000 88.000000 41.000000 34.000000 79.000000 50.000000 67.000000 45.000000 6.000000 17.000000 39.000000 75.000000 18.000000 76.000000 84.000000 85.000000 63.000000 18.000000 15.000000 84.000000 76.000000 83.000000 25.000000 28.000000 52.000000 13.000000 92.000000 72.000000 16.000000 79.000000 
39.000000 31.000000 79.000000 13.000000 25.000000 84.000000 90.000000 82.000000 66.000000 15.000000 18.000000 83.000000 4.000000 78.000000 25.000000 22.000000 88.000000 45.000000 19.000000 38.000000 7.000000 55.000000 97.000000 66.000000 25.000000 80.000000 9.000000 52.000000 84.000000 76.000000 
8.000000 67.000000 73.000000 89.000000 82.000000 86.000000 99.000000 32.000000 49.000000 22.000000 87.000000 40.000000 91.000000 35.000000 8.000000 95.000000 56.000000 57.000000 7.000000 55.000000 27.000000 97.000000 82.000000 33.000000 69.000000 27.000000 30.000000 29.000000 92.000000 54.000000 
73.000000 87.000000 76.000000 34.000000 20.000000 32.000000 70.000000 78.000000 27.000000 31.000000 49.000000 66.000000 69.000000 61.000000 88.000000 54.000000 35.000000 86.000000 87.000000 55.000000 98.000000 77.000000 73.000000 19.000000 35.000000 18.000000 37.000000 50.000000 99.000000 1.000000 
1.000000 26.000000 52.000000 86.000000 18.000000 15.000000 29.000000 82.000000 41.000000 16.000000 84.000000 78.000000 36.000000 38.000000 38.000000 34.000000 93.000000 23.000000 31.000000 2.000000 94.000000 65.000000 49.000000 42.000000 17.000000 84.000000 71.000000 53.000000 94.000000 52.000000 
73.000000 34.000000 58.000000 80.000000 71.000000 44.000000 34.000000 29.000000 81.000000 26.000000 69.000000 82.000000 55.000000 13.000000 0.000000 95.000000 3.000000 32.000000 17.000000 31.000000 4.000000 85.000000 48.000000 22.000000 85.000000 46.000000 93.000000 25.000000 5.000000 23.000000 
80.000000 76.000000 82.000000 86.000000 10.000000 31.000000 43.000000 27.000000 22.000000 71.000000 96.000000 21.000000 98.000000 11.000000 38.000000 16.000000 84.000000 22.000000 61.000000 48.000000 91.000000 71.000000 22.000000 72.000000 21.000000 34.000000 69.000000 53.000000 8.000000 30.000000 
66.000000 56.000000 86.000000 99.000000 38.000000 33.000000 25.000000 1.000000 42.000000 90.000000 76.000000 17.000000 27.000000 89.000000 48.000000 93.000000 39.000000 11.000000 75.000000 33.000000 94.000000 89.000000 73.000000 42.000000 14.000000 90.000000 83.000000 94.000000 98.000000 95.000000 
43.000000 43.000000 90.000000 21.000000 50.000000 25.000000 43.000000 66.000000 96.000000 14.000000 2.000000 83.000000 92.000000 23.000000 65.000000 21.000000 10.000000 76.000000 77.000000 64.000000 12.000000 72.000000 70.000000 81.000000 41.000000 46.000000 69.000000 58.000000 3.000000 71.000000 
6.000000 71.000000 52.000000 60.000000 27.000000 29.000000 59.000000 87.000000 82.000000 94.000000 39.000000 1.000000 18.000000 46.000000 61.000000 25.000000 38.000000 73.000000 51.000000 57.000000 81.000000 82.000000 79.000000 14.000000 44.000000 67.000000 98.000000 91.000000 38.000000 90.000000 
48.000000 16.000000 61.000000 46.000000 62.000000 35.000000 37.000000 35.000000 47.000000 50.000000 29.000000 43.000000 95.000000 98.000000 47.000000 13.000000 75.000000 37.000000 6.000000 70.000000 9.000000 93.000000 92.000000 16.000000 13.000000 63.000000 56.000000 6.000000 71.000000 89.000000 
34.000000 88.000000 82.000000 59.000000 70.000000 53.000000 76.000000 75.000000 90.000000 35.000000 99.000000 8.000000 40.000000 57.000000 26.000000 42.000000 6.000000 8.000000 23.000000 54.000000 69.000000 3.000000 99.000000 92.000000 61.000000 57.000000 95.000000 51.000000 31.000000 76.000000 
9.000000 57.000000 29.000000 50.000000 69.000000 10.000000 74.000000 93.000000 65.000000 40.000000 68.000000 66.000000 47.000000 83.000000 60.000000 97.000000 18.000000 79.000000 73.000000 50.000000 93.000000 51.000000 61.000000 31.000000 4.000000 19.000000 50.000000 39.000000 56.000000 42.000000 
82.000000 71.000000 86.000000 15.000000 56.000000 65.000000 71.000000 58.000000 49.000000 32.000000 80.000000 48.000000 65.000000 10.000000 70.000000 29.000000 20.000000 40.000000 82.000000 57.000000 87.000000 48.000000 72.000000 82.000000 51.000000 80.000000 86.000000 92.000000 33.000000 40.000000 
77.000000 29.000000 7.000000 3.000000 99.000000 92.000000 11.000000 12.000000 50.000000 71.000000 10.000000 5.000000 41.000000 70.000000 82.000000 88.000000 98.000000 28.000000 34.000000 82.000000 51.000000 29.000000 49.000000 3.000000 43.000000 81.000000 47.000000 44.000000 78.000000 85.000000 
92.000000 78.000000 85.000000 34.000000 89.000000 99.000000 67.000000 16.000000 48.000000 65.000000 63.000000 99.000000 4.000000 14.000000 42.000000 32.000000 36.000000 66.000000 8.000000 93.000000 5.000000 35.000000 82.000000 55.000000 20.000000 11.000000 90.000000 60.000000 90.000000 81.000000 
84.000000 26.000000 24.000000 13.000000 57.000000 9.000000 99.000000 6.000000 33.000000 25.000000 85.000000 90.000000 68.000000 69.000000 18.000000 28.000000 52.000000 14.000000 51.000000 51.000000 27.000000 65.000000 20.000000 28.000000 55.000000 97.000000 21.000000 57.000000 96.000000 14.000000 
58.000000 21.000000 87.000000 98.000000 35.000000 50.000000 18.000000 37.000000 92.000000 87.000000 66.000000 57.000000 99.000000 43.000000 22.000000 90.000000 72.000000 82.000000 13.000000 51.000000 64.000000 91.000000 27.000000 17.000000 54.000000 8.000000 73.000000 22.000000 35.000000 20.000000 
39.000000 16.000000 65.000000 57.000000 38.000000 38.000000 40.000000 32.000000 41.000000 29.000000 9.000000 22.000000 56.000000 59.000000 28.000000 74.000000 78.000000 50.000000 23.000000 81.000000 39.000000 33.000000 22.000000 78.000000 32.000000 49.000000 66.000000 39.000000 65.000000 3.000000 
7.000000 70.000000 99.000000 17.000000 61.000000 51.000000 64.000000 39.000000 68.000000 48.000000 49.000000 26.000000 79.000000 9.000000 15.000000 79.000000 72.000000 24.000000 88.000000 16.000000 64.000000 94.000000 19.000000 5.000000 83.000000 45.000000 13.000000 94.000000 1.000000 1.000000 
80.000000 18.000000 40.000000 70.000000 52.000000 50.000000 32.000000 33.000000 67.000000 47.000000 58.000000 27.000000 11.000000 99.000000 15.000000 62.000000 82.000000 73.000000 90.000000 29.000000 6.000000 35.000000 24.000000 59.000000 15.000000 66.000000 18.000000 69.000000 89.000000 11.000000 
91.000000 93.000000 92.000000 46.000000 1.000000 76.000000 73.000000 27.000000 0.000000 98.000000 18.000000 65.000000 60.000000 41.000000 46.000000 48.000000 17.000000 13.000000 18.000000 99.000000 4.000000 13.000000 79.000000 34.000000 67.000000 81.000000 63.000000 70.000000 5.000000 67.000000 
29.000000 91.000000 53.000000 30.000000 99.000000 76.000000 17.000000 34.000000 38.000000 40.000000 22.000000 11.000000 66.000000 48.000000 34.000000 4.000000 22.000000 4.000000 69.000000 10.000000 5.000000 21.000000 96.000000 96.000000 55.000000 19.000000 94.000000 32.000000 70.000000 25.000000 
36.000000 0.000000 48.000000 54.000000 91.000000 45.000000 23.000000 97.000000 74.000000 84.000000 17.000000 60.000000 92.000000 1.000000 31.000000 7.000000 51.000000 72.000000 54.000000 28.000000 44.000000 21.000000 53.000000 7.000000 9.000000 86.000000 83.000000 77.000000 42.000000 51.000000 
19.000000 96.000000 13.000000 69.000000 12.000000 51.000000 95.000000 88.000000 6.000000 7.000000 22.000000 57.000000 82.000000 38.000000 39.000000 66.000000 7.000000 9.000000 94.000000 43.000000 6.000000 8.000000 98.000000 28.000000 92.000000 30.000000 47.000000 89.000000 5.000000 73.000000 
84.000000 45.000000 66.000000 99.000000 49.000000 19.000000 33.000000 60.000000 39.000000 25.000000 17.000000 4.000000 69.000000 78.000000 1.000000 4.000000 29.000000 72.000000 61.000000 72.000000 57.000000 59.000000 91.000000 64.000000 75.000000 31.000000 77.000000 68.000000 75.000000 97.000000 
66.000000 54.000000 27.000000 87.000000 40.000000 8.000000 68.000000 36.000000 74.000000 91.000000 84.000000 40.000000 48.000000 95.000000 87.000000 62.000000 42.000000 70.000000 64.000000 51.000000 34.000000 74.000000 44.000000 1.000000 69.000000 45.000000 5.000000 50.000000 85.000000 4.000000 
18.000000 99.000000 8.000000 43.000000 16.000000 18.000000 44.000000 50.000000 5.000000 51.000000 45.000000 83.000000 79.000000 35.000000 12.000000 88.000000 7.000000 16.000000 72.000000 25.000000 81.000000 1.000000 40.000000 42.000000 71.000000 96.000000 50.000000 30.000000 1.000000 17.000000 
18.000000 25.000000 65.000000 73.000000 70.000000 46.000000 32.000000 45.000000 53.000000 6.000000 5.000000 32.000000 4.000000 4.000000 56.000000 29.000000 48.000000 99.000000 20.000000 43.000000 54.000000 38.000000 53.000000 90.000000 67.000000 62.000000 62.000000 9.000000 92.000000 28.000000 
65.000000 87.000000 0.000000 22.000000 62.000000 90.000000 91.000000 49.000000 91.000000 45.000000 17.000000 15.000000 26.000000 95.000000 58.000000 53.000000 33.000000 57.000000 17.000000 47.000000 81.000000 34.000000 52.000000 61.000000 90.000000 52.000000 76.000000 73.000000 57.000000 50.000000 
0.000000 75.000000 85.000000 27.000000 80.000000 92.000000 18.000000 16.000000 9.000000 14.000000 45.000000 58.000000 58.000000 67.000000 35.000000 94.000000 63.000000 57.000000 17.000000 72.000000 5.000000 56.000000 3.000000 73.000000 27.000000 20.000000 36.000000 86.000000 2.000000 68.000000 
2.000000 71.000000 31.000000 41.000000 33.000000 24.000000 30.000000 37.000000 2.000000 4.000000 58.000000 86.000000 82.000000 96.000000 73.000000 8.000000 10.000000 26.000000 23.000000 74.000000 97.000000 43.000000 19.000000 54.000000 61.000000 38.000000 38.000000 26.000000 74.000000 61.000000 
53.000000 97.000000 58.000000 66.000000 86.000000 23.000000 68.000000 83.000000 45.000000 62.000000 46.000000 4.000000 74.000000 89.000000 26.000000 34.000000 32.000000 40.000000 41.000000 32.000000 89.000000 93.000000 51.000000 59.000000 92.000000 74.000000 92.000000 98.000000 44.000000 67.000000 
19.000000 13.000000 9.000000 61.000000 93.000000 70.000000 17.000000 47.000000 35.000000 23.000000 43.000000 77.000000 41.000000 55.000000 88.000000 25.000000 38.000000 16.000000 78.000000 17.000000 29.000000 94.000000 63.000000 28.000000 41.000000 24.000000 78.000000 54.000000 91.000000 14.000000 
1.000000 11.000000 24.000000 44.000000 26.000000 19.000000 89.000000 61.000000 25.000000 72.000000 65.000000 83.000000 66.000000 99.000000 39.000000 90.000000 31.000000 79.000000 13.000000 54.000000 27.000000 50.000000 85.000000 35.000000 94.000000 28.000000 17.000000 59.000000 57.000000 37.000000 
19.000000 40.000000 65.000000 6.000000 80.000000 24.000000 33.000000 84.000000 38.000000 60.000000 57.000000 82.000000 73.000000 18.000000 79.000000 46.000000 53.000000 33.000000 32.000000 13.000000 84.000000 26.000000 70.000000 4.000000 31.000000 23.000000 80.000000 69.000000 13.000000 2.000000 
30.000000 71.000000 92.000000 21.000000 89.000000 80.000000 11.000000 89.000000 31.000000 22.000000 43.000000 29.000000 11.000000 95.000000 64.000000 0.000000 72.000000 44.000000 58.000000 2.000000 19.000000 69.000000 18.000000 76.000000 69.000000 98.000000 0.000000 65.000000 66.000000 57.000000 
49.000000 11.000000 24.000000 6.000000 91.000000 94.000000 25.000000 39.000000 77.000000 44.000000 94.000000 56.000000 17.000000 72.000000 31.000000 57.000000 25.000000 19.000000 57.000000 22.000000 89.000000 4.000000 19.000000 69.000000 19.000000 19.000000 62.000000 7.000000 38.000000 12.000000 
48.000000 27.000000 32.000000 58.000000 87.000000 1.000000 56.000000 91.000000 23.000000 71.000000 76.000000 60.000000 73.000000 63.000000 85.000000 37.000000 12.000000 43.000000 31.000000 83.000000 69.000000 14.000000 42.000000 41.000000 56.000000 15.000000 26.000000 32.000000 60.000000 59.000000 
98.000000 58.000000 67.000000 45.000000 54.000000 34.000000 91.000000 16.000000 90.000000 33.000000 32.000000 43.000000 39.000000 74.000000 88.000000 72.000000 82.000000 12.000000 96.000000 58.000000 43.000000 13.000000 68.000000 59.000000 75.000000 7.000000 52.000000 89.000000 16.000000 65.000000 
45.000000 39.000000 48.000000 36.000000 16.000000 7.000000 95.000000 46.000000 33.000000 17.000000 54.000000 35.000000 99.000000 0.000000 36.000000 94.000000 36.000000 72.000000 56.000000 30.000000 74.000000 37.000000 6.000000 53.000000 36.000000 0.000000 5.000000 87.000000 30.000000 51.000000 
0.000000 30.000000 75.000000 84.000000 64.000000 26.000000 35.000000 36.000000 17.000000 19.000000 32.000000 75.000000 73.000000 2.000000 71.000000 69.000000 72.000000 91.000000 84.000000 1.000000 64.000000 62.000000 83.000000 46.000000 54.000000 60.000000 79.000000 85.000000 12.000000 58.000000 
10.000000 44.000000 26.000000 10.000000 81.000000 87.000000 34.000000 45.000000 11.000000 88.000000 72.000000 95.000000 30.000000 66.000000 30.000000 35.000000 91.000000 55.000000 86.000000 6.000000 77.000000 56.000000 74.000000 24.000000 13.000000 78.000000 3.000000 10.000000 27.000000 67.000000 
35.000000 91.000000 9.000000 86.000000 76.000000 52.000000 67.000000 97.000000 56.000000 56.000000 81.000000 47.000000 96.000000 32.000000 94.000000 69.000000 72.000000 24.000000 1.000000 44.000000 56.000000 45.000000 29.000000 87.000000 65.000000 76.000000 98.000000 58.000000 60.000000 95.000000 
33.000000 3.000000 75.000000 47.000000 44.000000 79.000000 71.000000 73.000000 11.000000 15.000000 42.000000 63.000000 31.000000 27.000000 10.000000 8.000000 14.000000 70.000000 4.000000 51.000000 44.000000 1.000000 93.000000 84.000000 30.000000 97.000000 29.000000 15.000000 24.000000 39.000000 
13.000000 26.000000 72.000000 56.000000 94.000000 80.000000 31.000000 2.000000 66.000000 55.000000 62.000000 99.000000 12.000000 11.000000 94.000000 71.000000 24.000000 16.000000 2.000000 57.000000 94.000000 94.000000 57.000000 71.000000 46.000000 63.000000 42.000000 48.000000 65.000000 85.000000 
23.000000 5.000000 38.000000 29.000000 46.000000 92.000000 15.000000 38.000000 84.000000 15.000000 52.000000 49.000000 47.000000 60.000000 96.000000 90.000000 52.000000 52.000000 30.000000 66.000000 95.000000 26.000000 70.000000 17.000000 79.000000 77.000000 0.000000 92.000000 1.000000 52.000000 
87.000000 70.000000 75.000000 69.000000 99.000000 48.000000 77.000000 84.000000 21.000000 59.000000 13.000000 57.000000 56.000000 72.000000 62.000000 65.000000 39.000000 28.000000 35.000000 74.000000 10.000000 86.000000 53.000000 74.000000 21.000000 83.000000 47.000000 25.000000 74.000000 45.000000 
17.000000 79.000000 18.000000 95.000000 12.000000 73.000000 42.000000 46.000000 11.000000 6.000000 57.000000 73.000000 31.000000 47.000000 42.000000 8.000000 79.000000 35.000000 94.000000 99.000000 23.000000 70.000000 28.000000 22.000000 59.000000 6.000000 97.000000 42.000000 95.000000 98.000000 