30 90
306 207 74 313 295 166 162 303 183 266 276 198 29 149 124 131 273 66 183 302 185 253 200 241 133 56 286 42 178 130 
11764.000000 8827.000000 4714.000000 7394.000000 5596.000000 15644.000000 21195.000000 27531.000000 19887.000000 9274.000000 19182.000000 22785.000000 21733.000000 13701.000000 22557.000000 24065.000000 25308.000000 20554.000000 24205.000000 21222.000000 3895.000000 23444.000000 21300.000000 26684.000000 1921.000000 16767.000000 20937.000000 20503.000000 25818.000000 23160.000000 
18 24 26 19 12 14 21 19 18 23 20 13 20 22 18 25 13 21 14 15 12 24 23 28 11 13 11 17 21 16 28 28 25 14 29 15 16 26 17 19 14 10 10 11 13 10 26 24 26 19 17 21 17 17 22 12 19 21 13 26 14 17 24 21 19 15 16 22 25 11 18 22 18 15 23 20 18 24 13 10 12 11 18 24 22 26 16 15 16 15 
2.000000 80.000000 98.000000 74.000000 0.000000 17.000000 94.000000 41.000000 89.000000 16.000000 95.000000 96.000000 95.000000 7.000000 27.000000 26.000000 27.000000 16.000000 31.000000 88.000000 74.000000 18.000000 71.000000 53.000000 2.000000 36.000000 90.000000 41.000000 19.000000 16.000000 
13.000000 15.000000 73.000000 37.000000 96.000000 25.000000 94.000000 30.000000 69.000000 17.000000 83.000000 17.000000 15.000000 56.000000 16.000000 95.000000 3.000000 23.000000 23.000000 17.000000 43.000000 84.000000 55.000000 64.000000 43.000000 36.000000 37.000000 87.000000 90.000000 99.000000 
92.000000 85.000000 79.000000 84.000000 69.000000 28.000000 58.000000 62.000000 10.000000 55.000000 71.000000 31.000000 52.000000 2.000000 14.000000 40.000000 32.000000 36.000000 37.000000 10.000000 51.000000 6.000000 53.000000 79.000000 10.000000 37.000000 43.000000 62.000000 34.000000 20.000000 
61.000000 79.000000 41.000000 78.000000 84.000000 11.000000 4.000000 21.000000 63.000000 96.000000 49.000000 5.000000 57.000000 44.000000 59.000000 65.000000 74.000000 63.000000 88.000000 89.000000 33.000000 14.000000 4.000000 44.000000 37.000000 28.000000 8.000000 85.000000 14.000000 67.000000 
10.000000 0.000000 59.000000 8.000000 51.000000 63.000000 95.000000 78.000000 6.000000 20.000000 36.000000 69.000000 98.000000 7.000000 9.000000 16.000000 25.000000 92.000000 77.000000 17.000000 60.000000 82.000000 73.000000 19.000000 90.000000 33.000000 21.000000 10.000000 6.000000 70.000000 
24.000000 90.000000 41.000000 84.000000 40.000000 95.000000 42.000000 78.000000 54.000000 21.000000 9.000000 76.000000 51.000000 54.000000 33.000000 10.000000 28.000000 17.000000 34.000000 62.000000 3.000000 75.000000 63.000000 10.000000 9.000000 61.000000 25.000000 19.000000 76.000000 39.000000 
45.000000 72.000000 64.000000 77.000000 66.000000 22.000000 59.000000 28.000000 72.000000 25.000000 77.000000 27.000000 61.000000 80.000000 31.000000 52.000000 11.000000 77.000000 44.000000 19.000000 28.000000 44.000000 31.000000 90.000000 46.000000 34.000000 68.000000 34.000000 37.000000 89.000000 
26.000000 54.000000 52.000000 89.000000 46.000000 78.000000 84.000000 56.000000 68.000000 74.000000 33.000000 75.000000 51.000000 43.000000 20.000000 65.000000 47.000000 94.000000 80.000000 89.000000 5.000000 97.000000 14.000000 3.000000 37.000000 94.000000 95.000000 84.000000 50.000000 84.000000 
64.000000 74.000000 41.000000 28.000000 43.000000 36.000000 8.000000 46.000000 56.000000 19.000000 19.000000 80.000000 54.000000 65.000000 38.000000 68.000000 56.000000 7.000000 18.000000 40.000000 70.000000 43.000000 87.000000 35.000000 56.000000 92.000000 97.000000 99.000000 32.000000 57.000000 
30.000000 12.000000 57.000000 44.000000 39.000000 60.000000 15.000000 43.000000 12.000000 41.000000 3.000000 37.000000 60.000000 73.000000 0.000000 1.000000 75.000000 55.000000 49.000000 24.000000 13.000000 82.000000 98.000000 57.000000 86.000000 18.000000 81.000000 60.000000 85.000000 97.000000 
15.000000 14.000000 53.000000 76.000000 76.000000 13.000000 88.000000 82.000000 54.000000 61.000000 40.000000 26.000000 7.000000 30.000000 40.000000 59.000000 71.000000 54.000000 69.000000 13.000000 90.000000 76.000000 48.000000 39.000000 70.000000 61.000000 24.000000 38.000000 77.000000 46.000000 
73.000000 59.000000 38.000000 87.000000 42.000000 85.000000 92.000000 39.000000 3.000000 52.000000 32.000000 55.000000 1.000000 70.000000 10.000000 7.000000 6.000000 25.000000 5.000000 63.000000 3.000000 6.000000 80.000000 65.000000 87.000000 60.000000 72.000000 6.000000 44.000000 90.000000 
92.000000 80.000000 32.000000 36.000000 29.000000 75.000000 88.000000 6.000000 89.000000 19.000000 48.000000 61.000000 6.000000 9.000000 26.000000 45.000000 18.000000 71.000000 3.000000 36.000000 73.000000 35.000000 32.000000 51.000000 34.000000 37.000000 45.000000 27.000000 82.000000 59.000000 
15.000000 75.000000 37.000000 88.000000 30.000000 58.000000 55.000000 40.000000 61.000000 59.000000 59.000000 94.000000 36.000000 28.000000 20.000000 23.000000 69.000000 31.000000 95.000000 17.000000 73.000000 39.000000 85.000000 43.000000 86.000000 21.000000 74.000000 76.000000 82.000000 48.000000 
59.000000 4.000000 28.000000 97.000000 80.000000 85.000000 35.000000 37.000000 16.000000 17.000000 0.000000 19.000000 6.000000 46.000000 28.000000 2.000000 2.000000 14.000000 8.000000 8.000000 66.000000 32.000000 59.000000 57.000000 84.000000 29.000000 67.000000 44.000000 36.000000 13.000000 
8.000000 61.000000 52.000000 42.000000 97.000000 67.000000 54.000000 78.000000 14.000000 62.000000 51.000000 4.000000 20.000000 15.000000 47.000000 1.000000 33.000000 62.000000 67.000000 19.000000 45.000000 65.000000 19.000000 95.000000 0.000000 97.000000 51.000000 99.000000 51.000000 1.000000 
66.000000 19.000000 84.000000 35.000000 94.000000 91.000000 61.000000 99.000000 51.000000 69.000000 31.000000 3.000000 33.000000 68.000000 9.000000 33.000000 8.000000 26.000000 9.000000 17.000000 17.000000 88.000000 4.000000 93.000000 1.000000 77.000000 36.000000 42.000000 3.000000 30.000000 
88.000000 29.000000 20.000000 6.000000 14.000000 70.000000 2.000000 88.000000 80.000000 13.000000 23.000000 50.000000 49.000000 10.000000 70.000000 42.000000 27.000000 11.000000 25.000000 30.000000 61.000000 4.000000 39.000000 91.000000 34.000000 88.000000 21.000000 43.000000 3.000000 57.000000 
91.000000 63.000000 0.000000 21.000000 65.000000 30.000000 56.000000 92.000000 83.000000 85.000000 41.000000 31.000000 86.000000 6.000000 28.000000 11.000000 9.000000 27.000000 10.000000 43.000000 46.000000 64.000000 46.000000 91.000000 5.000000 15.000000 5.000000 52.000000 48.000000 48.000000 
38.000000 87.000000 4.000000 9.000000 83.000000 21.000000 81.000000 88.000000 12.000000 59.000000 28.000000 52.000000 51.000000 83.000000 14.000000 13.000000 29.000000 15.000000 30.000000 93.000000 64.000000 77.000000 32.000000 23.000000 65.000000 75.000000 75.000000 63.000000 15.000000 91.000000 
14.000000 40.000000 73.000000 54.000000 65.000000 43.000000 8.000000 31.000000 57.000000 21.000000 36.000000 59.000000 12.000000 77.000000 42.000000 2.000000 44.000000 40.000000 10.000000 11.000000 50.000000 72.000000 73.000000 17.000000 52.000000 41.000000 71.000000 85.000000 93.000000 56.000000 
79.000000 16.000000 9.000000 59.000000 42.000000 62.000000 35.000000 10.000000 17.000000 6.000000 94.000000 10.000000 27.000000 8.000000 99.000000 64.000000 69.000000 26.000000 71.000000 50.000000 28.000000 68.000000 23.000000 70.000000 90.000000 21.000000 86.000000 98.000000 63.000000 77.000000 
90.000000 33.000000 42.000000 40.000000 87.000000 38.000000 75.000000 94.000000 10.000000 20.000000 27.000000 57.000000 2.000000 80.000000 35.000000 54.000000 38.000000 34.000000 12.000000 97.000000 55.000000 94.000000 37.000000 32.000000 36.000000 54.000000 44.000000 0.000000 27.000000 13.000000 
90.000000 36.000000 82.000000 47.000000 68.000000 86.000000 60.000000 1.000000 2.000000 13.000000 22.000000 53.000000 29.000000 48.000000 4.000000 97.000000 58.000000 72.000000 64.000000 27.000000 72.000000 63.000000 14.000000 20.000000 91.000000 32.000000 16.000000 62.000000 37.000000 23.000000 
78.000000 48.000000 49.000000 81.000000 73.000000 72.000000 46.000000 76.000000 2.000000 64.000000 50.000000 62.000000 38.000000 53.000000 85.000000 98.000000 34.000000 69.000000 42.000000 70.000000 96.000000 98.000000 74.000000 76.000000 27.000000 64.000000 43.000000 75.000000 23.000000 97.000000 
43.000000 11.000000 51.000000 10.000000 84.000000 56.000000 51.000000 98.000000 89.000000 41.000000 50.000000 38.000000 46.000000 61.000000 63.000000 33.000000 32.000000 83.000000 36.000000 46.000000 81.000000 82.000000 41.000000 20.000000 69.000000 92.000000 36.000000 58.000000 42.000000 47.000000 
54.000000 32.000000 12.000000 41.000000 73.000000 43.000000 91.000000 37.000000 91.000000 31.000000 31.000000 15.000000 99.000000 22.000000 13.000000 14.000000 36.000000 73.000000 81.000000 31.000000 65.000000 23.000000 19.000000 74.000000 92.000000 84.000000 27.000000 73.000000 42.000000 22.000000 
37.000000 16.000000 41.000000 4.000000 66.000000 43.000000 78.000000 38.000000 10.000000 30.000000 52.000000 94.000000 33.000000 35.000000 6.000000 10.000000 76.000000 1.000000 33.000000 19.000000 16.000000 26.000000 87.000000 34.000000 46.000000 41.000000 28.000000 98.000000 46.000000 85.000000 
8.000000 71.000000 76.000000 28.000000 53.000000 20.000000 99.000000 5.000000 14.000000 25.000000 33.000000 69.000000 81.000000 30.000000 77.000000 47.000000 89.000000 88.000000 55.000000 84.000000 65.000000 87.000000 93.000000 5.000000 78.000000 57.000000 2.000000 9.000000 12.000000 86.000000 
44.000000 99.000000 56.000000 13.000000 4.000000 8.000000 95.000000 51.000000 81.000000 67.000000 37.000000 78.000000 99.000000 19.000000 11.000000 96.000000 69.000000 97.000000 28.000000 34.000000 71.000000 4.000000 80.000000 57.000000 44.000000 63.000000 28.000000 10.000000 77.000000 31.000000 
95.000000 90.000000 65.000000 89.000000 73.000000 45.000000 65.000000 63.000000 7.000000 38.000000 55.000000 23.000000 16.000000 13.000000 94.000000 74.000000 59.000000 69.000000 38.000000 38.000000 61.000000 16.000000 42.000000 81.000000 62.000000 79.000000 72.000000 47.000000 35.000000 56.000000 
5.000000 92.000000 13.000000 70.000000 74.000000 37.000000 3.000000 59.000000 2.000000 78.000000 66.000000 88.000000 35.000000 25.000000 31.000000 86.000000 56.000000 60.000000 31.000000 40.000000 37.000000 28.000000 91.000000 98.000000 84.000000 16.000000 29.000000 67.000000 56.000000 58.000000 
8.000000 98.000000 74.000000 6.000000 89.000000 0.000000 61.000000 26.000000 52.000000 38.000000 56.000000 18.000000 84.000000 76.000000 12.000000 76.000000 72.000000 99.000000 67.000000 28.000000 15.000000 19.000000 43.000000 30.000000 79.000000 34.000000 13.000000 87.000000 37.000000 5.000000 
45.000000 55.000000 69.000000 82.000000 15.000000 16.000000 30.000000 76.000000 39.000000 47.000000 87.000000 57.000000 66.000000 27.000000 9.000000 42.000000 48.000000 36.000000 39.000000 93.000000 62.000000 64.000000 89.000000 35.000000 56.000000 9.000000 48.000000 69.000000 42.000000 56.000000 
78.000000 42.000000 65.000000 48.000000 50.000000 97.000000 12.000000 95.000000 30.000000 8.000000 45.000000 93.000000 38.000000 84.000000 71.000000 30.000000 26.000000 96.000000 79.000000 20.000000 46.000000 52.000000 22.000000 79.000000 14.000000 30.000000 98.000000 38.000000 81.000000 43.000000 
84.000000 61.000000 79.000000 97.000000 13.000000 5.000000 92.000000 74.000000 95.000000 48.000000 69.000000 23.000000 39.000000 64.000000 92.000000 78.000000 6.000000 32.000000 55.000000 14.000000 15.000000 96.000000 15.000000 4.000000 75.000000 17.000000 38.000000 67.000000 17.000000 93.000000 
23.000000 86.000000 49.000000 21.000000 3.000000 54.000000 60.000000 47.000000 50.000000 83.000000 42.000000 5.000000 14.000000 67.000000 3.000000 63.000000 1.000000 91.000000 7.000000 16.000000 51.000000 38.000000 39.000000 88.000000 81.000000 16.000000 1.000000 50.000000 94.000000 24.000000 
82.000000 54.000000 79.000000 21.000000 46.000000 35.000000 49.000000 64.000000 52.000000 48.000000 88.000000 41.000000 81.000000 30.000000 16.000000 2.000000 46.000000 98.000000 75.000000 68.000000 6.000000 45.000000 8.000000 79.000000 6.000000 73.000000 88.000000 0.000000 25.000000 81.000000 
4.000000 97.000000 87.000000 7.000000 16.000000 64.000000 83.000000 81.000000 52.000000 46.000000 6.000000 41.000000 82.000000 5.000000 88.000000 15.000000 13.000000 7.000000 96.000000 83.000000 86.000000 44.000000 35.000000 64.000000 53.000000 15.000000 48.000000 85.000000 93.000000 8.000000 
23.000000 40.000000 72.000000 99.000000 49.000000 42.000000 62.000000 21.000000 65.000000 18.000000 82.000000 87.000000 14.000000 9.000000 17.000000 72.000000 86.000000 81.000000 28.000000 79.000000 8.000000 34.000000 66.000000 49.000000 24.000000 94.000000 50.000000 89.000000 67.000000 11.000000 
62.000000 37.000000 19.000000 91.000000 90.000000 60.000000 9.000000 55.000000 5.000000 93.000000 97.000000 83.000000 48.000000 39.000000 41.000000 94.000000 92.000000 86.000000 49.000000 79.000000 72.000000 32.000000 59.000000 74.000000 11.000000 2.000000 2.000000 38.000000 98.000000 15.000000 
40.000000 93.000000 73.000000 22.000000 83.000000 24.000000 36.000000 28.000000 30.000000 45.000000 93.000000 71.000000 81.000000 93.000000 92.000000 24.000000 26.000000 89.000000 15.000000 29.000000 98.000000 92.000000 39.000000 96.000000 50.000000 30.000000 74.000000 16.000000 95.000000 79.000000 
35.000000 71.000000 17.000000 28.000000 15.000000 45.000000 36.000000 59.000000 74.000000 67.000000 99.000000 16.000000 38.000000 39.000000 18.000000 45.000000 92.000000 28.000000 80.000000 43.000000 4.000000 28.000000 1.000000 29.000000 12.000000 21.000000 4.000000 34.000000 72.000000 98.000000 
30.000000 78.000000 31.000000 3.000000 22.000000 68.000000 87.000000 26.000000 48.000000 49.000000 52.000000 59.000000 28.000000 78.000000 11.000000 74.000000 9.000000 17.000000 64.000000 6.000000 88.000000 61.000000 90.000000 49.000000 78.000000 31.000000 58.000000 70.000000 69.000000 22.000000 
81.000000 43.000000 29.000000 77.000000 94.000000 24.000000 52.000000 20.000000 1.000000 30.000000 35.000000 72.000000 7.000000 2.000000 50.000000 43.000000 43.000000 42.000000 51.000000 65.000000 58.000000 82.000000 11.000000 2.000000 15.000000 3.000000 95.000000 68.000000 30.000000 28.000000 
16.000000 36.000000 38.000000 41.000000 16.000000 98.000000 68.000000 16.000000 78.000000 43.000000 78.000000 64.000000 62.000000 39.000000 59.000000 14.000000 24.000000 31.000000 28.000000 6.000000 40.000000 25.000000 60.000000 42.000000 78.000000 78.000000 30.000000 43.000000 65.000000 41.000000 
68.000000 93.000000 39.000000 20.000000 42.000000 74.000000 10.000000 41.000000 33.000000 25.000000 42.000000 55.000000 49.000000 74.000000 45.000000 90.000000 16.000000 27.000000 29.000000 65.000000 19.000000 17.000000 72.000000 12.000000 93.000000 45.000000 98.000000 58.000000 98.000000 62.000000 
53.000000 78.000000 96.000000 83.000000 56.000000 25.000000 53.000000 15.000000 31.000000 88.000000 3.000000 68.000000 64.000000 24.000000 60.000000 53.000000 45.000000 93.000000 72.000000 93.000000 71.000000 72.000000 32.000000 21.000000 40.000000 23.000000 17.000000 14.000000 47.000000 64.000000 
92.000000 99.000000 71.000000 39.000000 27.000000 31.000000 8.000000 7.000000 90.000000 31.000000 97.000000 98.000000 31.000000 26.000000 33.000000 77.000000 64.000000 32.000000 73.000000 49.000000 5.000000 78.000000 77.000000 85.000000 43.000000 54.000000 35.000000 33.000000 24.000000 39.000000 
80.000000 73.000000 99.000000 30.000000 78.000000 12.000000 56.000000 89.000000 60.000000 26.000000 36.000000 79.000000 23.000000 12.000000 3.000000 48.000000 14.000000 92.000000 26.000000 86.000000 89.000000 86.000000 80.000000 67.000000 0.000000 40.000000 88.000000 46.000000 49.000000 96.000000 
46.000000 79.000000 21.000000 19.000000 14.000000 78.000000 82.000000 17.000000 69.000000 26.000000 99.000000 45.000000 33.000000 11.000000 23.000000 49.000000 44.000000 52.000000 44.000000 5.000000 22.000000 34.000000 0.000000 61.000000 50.000000 63.000000 13.000000 80.000000 65.000000 18.000000 
69.000000 48.000000 48.000000 58.000000 71.000000 87.000000 43.000000 5.000000 42.000000 1.000000 32.000000 27.000000 38.000000 33.000000 83.000000 68.000000 12.000000 9.000000 12.000000 20.000000 35.000000 4.000000 41.000000 33.000000 63.000000 64.000000 49.000000 85.000000 15.000000 52.000000 
32.000000 84.000000 82.000000 2.000000 34.000000 68.000000 2.000000 19.000000 4.000000 18.000000 63.000000 43.000000 2.000000 94.000000 12.000000 66.000000 51.000000 85.000000 0.000000 70.000000 3.000000 4.000000 70.000000 33.000000 80.000000 87.000000 82.000000 13.000000 3.000000 69.000000 
27.000000 6.000000 10.000000 49.000000 75.000000 52.000000 40.000000 71.000000 60.000000 11.000000 25.000000 63.000000 97.000000 50.000000 19.000000 49.000000 78.000000 21.000000 62.000000 89.000000 97.000000 93.000000 47.000000 22.000000 9.000000 91.000000 47.000000 37.000000 11.000000 53.000000 
19.000000 69.000000 95.000000 99.000000 79.000000 12.000000 31.000000 72.000000 42.000000 91.000000 66.000000 13.000000 47.000000 31.000000 49.000000 60.000000 10.000000 28.000000 18.000000 82.000000 2.000000 99.000000 10.000000 15.000000 12.000000 59.000000 83.000000 31.000000 64.000000 70.000000 
51.000000 64.000000 92.000000 57.000000 88.000000 90.000000 80.000000 63.000000 32.000000 16.000000 50.000000 23.000000 12.000000 33.000000 20.000000 53.000000 68.000000 39.000000 89.000000 86.000000 39.000000 36.000000 18.000000 27.000000 48.000000 55.000000 1.000000 67.000000 96.000000 60.000000 
61.000000 15.000000 52.000000 52.000000 3.000000 19.000000 96.000000 46.000000 16.000000 84.000000 60.000000 16.000000 8.000000 28.000000 65.000000 28.000000 4.000000 3.000000 53.000000 84.000000 52.000000 94.000000 67.000000 76.000000 18.000000 75.000000 14.000000 10.000000 53.000000 67.000000 
27.000000 42.000000 80.000000 41.000000 12.000000 52.000000 18.000000 61.000000 36.000000 35.000000 50.000000 50.000000 93.000000 86.000000 0.000000 35.000000 64.000000 16.000000 74.000000 98.000000 53.000000 23.000000 86.000000 42.000000 57.000000 0.000000 70.000000 40.000000 12.000000 58.000000 
42.000000 45.000000 27.000000 93.000000 73.000000 61.000000 79.000000 33.000000 91.000000 5.000000 47.000000 34.000000 7.000000 27.000000 10.000000 17.000000 43.000000 38.000000 25.000000 64.000000 11.000000 97.000000 63.000000 9.000000 61.000000 34.000000 82.000000 9.000000 5.000000 9.000000 
45.000000 56.000000 80.000000 54.000000 22.000000 85.000000 5.000000 29.000000 47.000000 88.000000 60.000000 92.000000 90.000000 21.000000 71.000000 74.000000 86.000000 82.000000 90.000000 0.000000 32.000000 98.000000 9.000000 0.000000 29.000000 31.000000 33.000000 95.000000 43.000000 10.000000 
14.000000 63.000000 12.000000 41.000000 13.000000 18.000000 10.000000 46.000000 50.000000 43.000000 61.000000 45.000000 49.000000 77.000000 52.000000 80.000000 89.000000 42.000000 97.000000 33.000000 33.000000 52.000000 47.000000 96.000000 75.000000 50.000000 42.000000 2.000000 45.000000 64.000000 
61.000000 15.000000 47.000000 73.000000 12.000000 30.000000 24.000000 23.000000 63.000000 55.000000 95.000000 41.000000 12.000000 58.000000 69.000000 36.000000 41.000000 0.000000 69.000000 76.000000 15.000000 0.000000 95.000000 90.000000 3.000000 91.000000 25.000000 32.000000 44.000000 69.000000 
26.000000 0.000000 83.000000 39.000000 17.000000 4.000000 43.000000 20.000000 32.000000 25.000000 28.000000 50.000000 34.000000 4.000000 41.000000 13.000000 17.000000 58.000000 91.000000 74.000000 77.000000 9.000000 11.000000 96.000000 40.000000 78.000000 9.000000 73.000000 84.000000 73.000000 
26.000000 6.000000 88.000000 77.000000 77.000000 3.000000 99.000000 12.000000 1.000000 85.000000 91.000000 48.000000 22.000000 20.000000 76.000000 57.000000 37.000000 23.000000 73.000000 53.000000 57.000000 1.000000 43.000000 71.000000 56.000000 11.000000 64.000000 48.000000 43.000000 84.000000 
92.000000 44.000000 24.000000 17.000000 34.000000 86.000000 38.000000 33.000000 25.000000 47.000000 78.000000 83.000000 91.000000 80.000000 38.000000 12.000000 40.000000 63.000000 38.000000 34.000000 8.000000 45.000000 18.000000 82.000000 57.000000 80.000000 18.000000 15.000000 1.000000 99.000000 
61.000000 22.000000 97.000000 54.000000 27.000000 37.000000 49.000000 38.000000 80.000000 59.000000 93.000000 49.000000 69.000000 47.000000 60.000000 81.000000 42.000000 25.000000 54.000000 32.000000 30.000000 20.000000 74.000000 78.000000 79.000000 27.000000 70.000000 49.000000 64.000000 60.000000 
20.000000 95.000000 89.000000 40.000000 59.000000 60.000000 69.000000 30.000000 5.000000 58.000000 43.000000 16.000000 58.000000 52.000000 64.000000 94.000000 59.000000 72.000000 74.000000 14.000000 60.000000 14.000000 47.000000 84.000000 13.000000 12.000000 64.000000 46.000000 94.000000 82.000000 
58.000000 74.000000 27.000000 71.000000 30.000000 43.000000 49.000000 55.000000 34.000000 89.000000 61.000000 89.000000 91.000000 42.000000 37.000000 80.000000 52.000000 19.000000 87.000000 47.000000 45.000000 88.000000 7.000000 99.000000 71.000000 59.000000 49.000000 23.000000 25.000000 56.000000 
1.000000 75.000000 65.000000 67.000000 62.000000 25.000000 56.000000 95.000000 48.000000 80.000000 54.000000 37.000000 59.000000 94.000000 10.000000 83.000000 8.000000 51.000000 22.000000 94.000000 78.000000 64.000000 42.000000 12.000000 60.000000 23.000000 34.000000 9.000000 96.000000 5.000000 
33.000000 80.000000 26.000000 18.000000 47.000000 29.000000 5.000000 26.000000 17.000000 11.000000 50.000000 13.000000 9.000000 28.000000 31.000000 49.000000 10.000000 87.000000 12.000000 76.000000 59.000000 76.000000 3.000000 49.000000 25.000000 4.000000 89.000000 62.000000 17.000000 27.000000 
51.000000 71.000000 86.000000 43.000000 61.000000 90.000000 64.000000 29.000000 66.000000 9.000000 34.000000 63.000000 57.000000 78.000000 29.000000 44.000000 93.000000 49.000000 25.000000 8.000000 47.000000 55.000000 49.000000 97.000000 66.000000 94.000000 27.000000 38.000000 81.000000 35.000000 
45.000000 35.000000 97.000000 49.000000 4.000000 77.000000 65.000000 65.000000 76.000000 15.000000 96.000000 73.000000 0.000000 76.000000 85.000000 39.000000 89.000000 98.000000 45.000000 6.000000 10.000000 3.000000 75.000000 83.000000 74.000000 71.000000 12.000000 61.000000 53.000000 41.000000 
29.000000 2.000000 98.000000 86.000000 5.000000 85.000000 30.000000 16.000000 51.000000 8.000000 38.000000 16.000000 80.000000 90.000000 84.000000 32.000000 58.000000 4.000000 17.000000 31.000000 77.000000 51.000000 47.000000 36.000000 18.000000 46.000000 17.000000 91.000000 17.000000 77.000000 
84.000000 98.000000 40.000000 67.000000 98.000000 60.000000 31.000000 42.000000 32.000000 1.000000 0.000000 77.000000 9.000000 39.000000 38.000000 94.000000 29.000000 64.000000 14.000000 22.000000 87.000000 15.000000 61.000000 30.000000 39.000000 75.000000 59.000000 23.000000 57.000000 30.000000 
95.000000 36.000000 74.000000 45.000000 31.000000 75.000000 20.000000 70.000000 16.000000 99.000000 99.000000 77.000000 47.000000 20.000000 41.000000 73.000000 27.000000 89.000000 48.000000 64.000000 99.000000 83.000000 20.000000 52.000000 57.000000 6.000000 14.000000 92.000000 42.000000 84.000000 
72.000000 41.000000 97.000000 0.000000 48.000000 74.000000 28.000000 14.000000 86.000000 58.000000 88.000000 55.000000 47.000000 94.000000 93.000000 80.000000 87.000000 85.000000 41.000000 45.000000 31.000000 75.000000 72.000000 22.000000 89.000000 73.000000 11.000000 61.000000 21.000000 63.000000 
70.000000 92.000000 41.000000 56.000000 8.000000 99.000000 7.000000 32.000000 72.000000 12.000000 66.000000 93.000000 60.000000 24.000000 11.000000 6.000000 99.000000 91.000000 0.000000 22.000000 8.000000 1.000000 38.000000 97.000000 3.000000 14.000000 13.000000 38.000000 54.000000 93.000000 
35.000000 71.000000 11.000000 2.000000 37.000000 87.000000 51.000000 28.000000 25.000000 22.000000 12.000000 43.000000 79.000000 76.000000 32.000000 37.000000 52.000000 71.000000 85.000000 78.000000 27.000000 10.000000 93.000000 60.000000 7.000000 84.000000 70.000000 76.000000 59.000000 38.000000 
4.000000 16.000000 53.000000 1.000000 90.000000 62.000000 36.000000 25.000000 81.000000 51.000000 49.000000 99.000000 8.000000 19.000000 91.000000 39.000000 90.000000 45.000000 56.000000 55.000000 33.000000 61.000000 17.000000 57.000000 96.000000 95.000000 44.000000 44.000000 66.000000 71.000000 
44.000000 94.000000 65.000000 64.000000 97.000000 46.000000 96.000000 10.000000 8.000000 43.000000 95.000000 98.000000 99.000000 74.000000 32.000000 97.000000 18.000000 40.000000 4.000000 12.000000 29.000000 25.000000 86.000000 48.000000 18.000000 48.000000 55.000000 45.000000 34.000000 41.000000 
92.000000 98.000000 34.000000 54.000000 25.000000 87.000000 10.000000 0.000000 76.000000 79.000000 26.000000 90.000000 20.000000 68.000000 70.000000 13.000000 67.000000 76.000000 26.000000 70.000000 32.000000 22.000000 2.000000 54.000000 49.000000 44.000000 73.000000 50.000000 41.000000 16.000000 
30.000000 93.000000 62.000000 3.000000 40.000000 99.000000 60.000000 51.000000 61.000000 64.000000 41.000000 92.000000 57.000000 97.000000 22.000000 25.000000 28.000000 37.000000 6.000000 95.000000 25.000000 48.000000 17.000000 76.000000 30.000000 20.000000 86.000000 43.000000 26.000000 7.000000 
63.000000 83.000000 63.000000 72.000000 99.000000 73.000000 25.000000 38.000000 31.000000 40.000000 39.000000 43.000000 61.000000 64.000000 70.000000 76.000000 3.000000 2.000000 14.000000 19.000000 53.000000 38.000000 77.000000 23.000000 89.000000 92.000000 92.000000 5.000000 24.000000 32.000000 
18.000000 45.000000 66.000000 85.000000 34.000000 7.000000 38.000000 37.000000 0.000000 9.000000 85.000000 56.000000 61.000000 47.000000 66.000000 5.000000 31.000000 16.000000 1.000000 97.000000 43.000000 91.000000 24.000000 30.000000 91.000000 73.000000 62.000000 4.000000 87.000000 97.000000 
48.000000 91.000000 91.000000 70.000000 30.000000 31.000000 21.000000 78.000000 25.000000 65.000000 22.000000 81.000000 55.000000 18.000000 65.000000 90.000000 50.000000 15.000000 3.000000 87.000000 88.000000 78.000000 2.000000 36.000000 44.000000 38.000000 26.000000 8.000000 38.000000 64.000000 
42.000000 87.000000 8.000000 90.000000 82.000000 65.000000 71.000000 96.000000 71.000000 22.000000 16.000000 70.000000 98.000000 53.000000 61.000000 60.000000 11.000000 92.000000 65.000000 85.000000 51.000000 38.000000 74.000000 78.000000 53.000000 94.000000 52.000000 71.000000 86.000000 64.000000 
3.000000 42.000000 3.000000 72.000000 10.000000 93.000000 30.000000 94.000000 41.000000 21.000000 9.000000 32.000000 80.000000 9.000000 85.000000 52.000000 7.000000 36.000000 84.000000 77.000000 26.000000 1.000000 34.000000 98.000000 5.000000 97.000000 30.000000 58.000000 95.000000 80.000000 
28.000000 11.000000 31.000000 24.000000 44.000000 54.000000 26.000000 57.000000 68.000000 3.000000 30.000000 18.000000 30.000000 54.000000 95.000000 78.000000 85.000000 37.000000 85.000000 16.000000 94.000000 72.000000 7.000000 39.000000 14.000000 76.000000 60.000000 5.000000 40.000000 77.000000 
32.000000 60.000000 54.000000 46.000000 80.000000 14.000000 59.000000 37.000000 85.000000 28.000000 32.000000 14.000000 60.000000 62.000000 4.000000 87.000000 50.000000 18.000000 52.000000 94.000000 70.000000 87.000000 71.000000 12.000000 45.000000 70.000000 48.000000 62.000000 58.000000 37.000000 
66.000000 54.000000 34.000000 46.000000 15.000000 95.000000 96.000000 33.000000 66.000000 33.000000 80.000000 48.000000 53.000000 31.000000 91.000000 97.000000 74.000000 88.000000 47.000000 10.000000 86.000000 40.000000 27.000000 53.000000 72.000000 34.000000 37.000000 53.000000 92.000000 22.000000 