30 200
202 409 179 373 168 71 329 186 370 404 381 352 79 258 71 245 184 97 406 288 140 375 273 168 46 391 127 168 406 161 
1517.000000 2154.000000 1536.000000 2111.000000 1417.000000 1010.000000 2005.000000 1442.000000 1984.000000 2194.000000 2005.000000 1997.000000 913.000000 1611.000000 953.000000 1724.000000 1386.000000 1123.000000 2129.000000 1781.000000 1312.000000 2105.000000 1718.000000 1427.000000 749.000000 2078.000000 1154.000000 1345.000000 2115.000000 1429.000000 
32 24 8 9 15 28 35 16 14 33 33 6 31 11 6 28 29 30 24 24 25 11 22 33 9 32 10 27 10 15 30 16 34 32 35 20 14 5 30 7 21 31 16 28 32 28 5 25 20 26 28 30 15 26 23 22 6 13 11 16 17 33 26 22 22 12 8 14 7 10 32 11 14 19 30 32 20 19 27 16 15 8 15 32 11 8 14 14 11 15 28 5 14 23 9 11 13 16 27 13 34 26 35 20 28 29 12 25 23 30 5 28 10 30 23 25 6 12 29 12 21 24 11 18 31 23 27 34 12 5 30 15 12 25 17 19 21 34 23 16 13 32 7 18 18 21 23 12 34 16 18 13 21 30 8 23 9 28 16 12 14 32 21 26 23 22 27 17 6 6 27 29 29 9 22 25 15 5 10 34 34 12 10 7 19 22 27 32 24 15 17 16 35 30 28 31 28 19 6 17 
120.000000 115.000000 82.000000 183.000000 86.000000 50.000000 28.000000 292.000000 100.000000 238.000000 233.000000 182.000000 186.000000 105.000000 59.000000 201.000000 230.000000 231.000000 191.000000 49.000000 98.000000 179.000000 192.000000 148.000000 152.000000 89.000000 152.000000 30.000000 60.000000 212.000000 
139.000000 71.000000 89.000000 146.000000 175.000000 101.000000 119.000000 177.000000 38.000000 184.000000 168.000000 31.000000 31.000000 171.000000 154.000000 38.000000 100.000000 175.000000 92.000000 120.000000 157.000000 55.000000 32.000000 123.000000 39.000000 135.000000 201.000000 93.000000 70.000000 69.000000 
53.000000 32.000000 25.000000 58.000000 58.000000 32.000000 42.000000 69.000000 18.000000 71.000000 65.000000 7.000000 9.000000 61.000000 51.000000 15.000000 43.000000 68.000000 41.000000 38.000000 57.000000 28.000000 12.000000 50.000000 23.000000 50.000000 72.000000 31.000000 23.000000 32.000000 
19.000000 11.000000 50.000000 17.000000 60.000000 46.000000 33.000000 43.000000 29.000000 33.000000 29.000000 49.000000 49.000000 40.000000 53.000000 47.000000 32.000000 30.000000 19.000000 50.000000 33.000000 26.000000 47.000000 8.000000 25.000000 24.000000 46.000000 38.000000 36.000000 34.000000 
91.000000 69.000000 2.000000 113.000000 65.000000 18.000000 53.000000 153.000000 43.000000 140.000000 134.000000 62.000000 65.000000 90.000000 54.000000 76.000000 113.000000 135.000000 100.000000 27.000000 86.000000 84.000000 71.000000 96.000000 70.000000 79.000000 112.000000 28.000000 24.000000 97.000000 
101.000000 85.000000 211.000000 47.000000 243.000000 202.000000 161.000000 79.000000 137.000000 68.000000 46.000000 183.000000 179.000000 169.000000 222.000000 167.000000 77.000000 58.000000 48.000000 215.000000 149.000000 94.000000 170.000000 55.000000 105.000000 125.000000 180.000000 177.000000 169.000000 105.000000 
250.000000 149.000000 157.000000 254.000000 295.000000 182.000000 218.000000 281.000000 102.000000 305.000000 280.000000 12.000000 5.000000 297.000000 265.000000 25.000000 162.000000 292.000000 164.000000 211.000000 276.000000 105.000000 13.000000 222.000000 93.000000 243.000000 341.000000 176.000000 141.000000 110.000000 
98.000000 93.000000 39.000000 130.000000 34.000000 28.000000 51.000000 184.000000 76.000000 158.000000 155.000000 106.000000 108.000000 81.000000 28.000000 119.000000 148.000000 154.000000 131.000000 17.000000 82.000000 120.000000 114.000000 113.000000 105.000000 81.000000 103.000000 39.000000 51.000000 135.000000 
10.000000 35.000000 72.000000 39.000000 68.000000 61.000000 30.000000 93.000000 53.000000 63.000000 62.000000 91.000000 92.000000 32.000000 59.000000 93.000000 80.000000 60.000000 60.000000 63.000000 22.000000 67.000000 91.000000 27.000000 60.000000 8.000000 45.000000 48.000000 53.000000 81.000000 
128.000000 113.000000 261.000000 59.000000 297.000000 251.000000 202.000000 81.000000 175.000000 74.000000 46.000000 226.000000 222.000000 208.000000 273.000000 206.000000 94.000000 62.000000 65.000000 266.000000 185.000000 121.000000 210.000000 75.000000 135.000000 157.000000 218.000000 221.000000 212.000000 131.000000 
222.000000 127.000000 194.000000 206.000000 306.000000 209.000000 220.000000 206.000000 114.000000 246.000000 219.000000 76.000000 70.000000 282.000000 278.000000 43.000000 92.000000 233.000000 107.000000 235.000000 259.000000 56.000000 53.000000 183.000000 68.000000 226.000000 317.000000 195.000000 164.000000 43.000000 
15.000000 20.000000 45.000000 1.000000 47.000000 42.000000 31.000000 22.000000 31.000000 9.000000 8.000000 44.000000 43.000000 29.000000 44.000000 42.000000 25.000000 7.000000 18.000000 44.000000 25.000000 26.000000 42.000000 7.000000 27.000000 21.000000 30.000000 37.000000 36.000000 30.000000 
179.000000 90.000000 120.000000 186.000000 230.000000 136.000000 156.000000 224.000000 52.000000 233.000000 212.000000 43.000000 41.000000 223.000000 203.000000 46.000000 123.000000 222.000000 114.000000 161.000000 203.000000 65.000000 40.000000 156.000000 45.000000 174.000000 261.000000 124.000000 95.000000 83.000000 
65.000000 34.000000 65.000000 58.000000 98.000000 68.000000 68.000000 59.000000 35.000000 71.000000 62.000000 32.000000 30.000000 87.000000 89.000000 22.000000 22.000000 67.000000 25.000000 76.000000 79.000000 9.000000 25.000000 51.000000 16.000000 68.000000 97.000000 62.000000 53.000000 6.000000 
23.000000 9.000000 17.000000 28.000000 32.000000 16.000000 16.000000 43.000000 3.000000 39.000000 36.000000 20.000000 21.000000 29.000000 26.000000 22.000000 28.000000 37.000000 22.000000 20.000000 26.000000 18.000000 21.000000 22.000000 12.000000 20.000000 37.000000 12.000000 8.000000 24.000000 
117.000000 112.000000 237.000000 54.000000 264.000000 228.000000 184.000000 59.000000 164.000000 52.000000 27.000000 208.000000 204.000000 184.000000 244.000000 191.000000 91.000000 43.000000 71.000000 240.000000 165.000000 118.000000 194.000000 74.000000 131.000000 143.000000 189.000000 202.000000 195.000000 125.000000 
78.000000 8.000000 137.000000 85.000000 182.000000 128.000000 96.000000 160.000000 66.000000 134.000000 120.000000 133.000000 132.000000 133.000000 158.000000 130.000000 104.000000 125.000000 66.000000 143.000000 112.000000 71.000000 128.000000 54.000000 59.000000 82.000000 161.000000 103.000000 93.000000 100.000000 
104.000000 114.000000 247.000000 35.000000 265.000000 234.000000 181.000000 87.000000 173.000000 39.000000 18.000000 228.000000 225.000000 175.000000 245.000000 212.000000 115.000000 28.000000 86.000000 245.000000 155.000000 135.000000 215.000000 62.000000 144.000000 134.000000 179.000000 206.000000 201.000000 147.000000 
176.000000 106.000000 115.000000 177.000000 209.000000 132.000000 156.000000 192.000000 76.000000 212.000000 194.000000 15.000000 10.000000 210.000000 189.000000 13.000000 110.000000 203.000000 113.000000 152.000000 195.000000 73.000000 8.000000 156.000000 67.000000 173.000000 239.000000 128.000000 104.000000 74.000000 
159.000000 88.000000 121.000000 155.000000 208.000000 134.000000 148.000000 166.000000 69.000000 187.000000 169.000000 34.000000 29.000000 198.000000 187.000000 14.000000 84.000000 178.000000 88.000000 154.000000 182.000000 48.000000 18.000000 135.000000 46.000000 158.000000 225.000000 126.000000 103.000000 49.000000 
120.000000 194.000000 249.000000 144.000000 184.000000 224.000000 164.000000 233.000000 229.000000 148.000000 166.000000 298.000000 299.000000 102.000000 183.000000 299.000000 253.000000 152.000000 219.000000 217.000000 109.000000 246.000000 297.000000 151.000000 239.000000 127.000000 66.000000 206.000000 222.000000 267.000000 
57.000000 29.000000 69.000000 47.000000 97.000000 70.000000 65.000000 48.000000 38.000000 59.000000 50.000000 43.000000 41.000000 80.000000 88.000000 34.000000 12.000000 55.000000 13.000000 78.000000 72.000000 8.000000 36.000000 41.000000 18.000000 61.000000 90.000000 62.000000 55.000000 9.000000 
86.000000 73.000000 172.000000 41.000000 197.000000 165.000000 133.000000 55.000000 113.000000 53.000000 34.000000 147.000000 144.000000 139.000000 181.000000 134.000000 59.000000 45.000000 40.000000 176.000000 123.000000 77.000000 136.000000 50.000000 86.000000 105.000000 147.000000 146.000000 139.000000 84.000000 
129.000000 219.000000 320.000000 135.000000 262.000000 290.000000 210.000000 242.000000 275.000000 129.000000 155.000000 362.000000 361.000000 143.000000 254.000000 357.000000 279.000000 136.000000 237.000000 288.000000 140.000000 280.000000 356.000000 153.000000 276.000000 150.000000 106.000000 263.000000 278.000000 304.000000 
42.000000 52.000000 40.000000 62.000000 7.000000 30.000000 22.000000 97.000000 50.000000 76.000000 77.000000 73.000000 74.000000 25.000000 8.000000 78.000000 84.000000 75.000000 72.000000 25.000000 28.000000 71.000000 76.000000 55.000000 64.000000 33.000000 35.000000 30.000000 38.000000 80.000000 
99.000000 190.000000 246.000000 154.000000 166.000000 213.000000 137.000000 281.000000 228.000000 180.000000 196.000000 317.000000 318.000000 58.000000 162.000000 322.000000 282.000000 181.000000 236.000000 204.000000 69.000000 262.000000 318.000000 148.000000 248.000000 96.000000 12.000000 191.000000 213.000000 292.000000 
42.000000 15.000000 53.000000 37.000000 76.000000 53.000000 48.000000 48.000000 25.000000 51.000000 43.000000 38.000000 36.000000 62.000000 68.000000 33.000000 21.000000 47.000000 12.000000 60.000000 54.000000 9.000000 33.000000 29.000000 10.000000 44.000000 71.000000 46.000000 40.000000 18.000000 
113.000000 86.000000 206.000000 63.000000 245.000000 200.000000 165.000000 68.000000 133.000000 80.000000 56.000000 169.000000 166.000000 178.000000 224.000000 152.000000 58.000000 70.000000 37.000000 214.000000 158.000000 82.000000 155.000000 68.000000 96.000000 134.000000 190.000000 177.000000 166.000000 89.000000 
46.000000 54.000000 39.000000 69.000000 8.000000 28.000000 21.000000 106.000000 51.000000 85.000000 85.000000 76.000000 77.000000 30.000000 4.000000 82.000000 90.000000 83.000000 77.000000 22.000000 32.000000 75.000000 79.000000 59.000000 67.000000 36.000000 43.000000 28.000000 38.000000 85.000000 
70.000000 30.000000 85.000000 60.000000 122.000000 86.000000 79.000000 71.000000 42.000000 79.000000 68.000000 55.000000 53.000000 101.000000 109.000000 46.000000 26.000000 74.000000 18.000000 96.000000 90.000000 7.000000 48.000000 50.000000 16.000000 74.000000 114.000000 75.000000 65.000000 20.000000 
188.000000 104.000000 106.000000 199.000000 221.000000 126.000000 155.000000 238.000000 57.000000 246.000000 226.000000 27.000000 29.000000 224.000000 196.000000 46.000000 140.000000 235.000000 131.000000 150.000000 207.000000 84.000000 36.000000 169.000000 65.000000 180.000000 263.000000 119.000000 90.000000 99.000000 
79.000000 38.000000 98.000000 65.000000 137.000000 99.000000 91.000000 70.000000 52.000000 83.000000 70.000000 63.000000 61.000000 113.000000 124.000000 52.000000 21.000000 77.000000 16.000000 110.000000 101.000000 11.000000 54.000000 56.000000 24.000000 85.000000 126.000000 88.000000 77.000000 17.000000 
135.000000 66.000000 86.000000 171.000000 174.000000 83.000000 89.000000 258.000000 24.000000 231.000000 216.000000 119.000000 121.000000 166.000000 144.000000 133.000000 173.000000 220.000000 139.000000 106.000000 148.000000 112.000000 125.000000 133.000000 81.000000 120.000000 211.000000 60.000000 37.000000 146.000000 
276.000000 185.000000 162.000000 282.000000 297.000000 192.000000 237.000000 302.000000 136.000000 329.000000 305.000000 47.000000 48.000000 313.000000 271.000000 63.000000 192.000000 317.000000 199.000000 217.000000 295.000000 145.000000 58.000000 253.000000 135.000000 267.000000 355.000000 193.000000 162.000000 144.000000 
48.000000 73.000000 159.000000 111.000000 163.000000 134.000000 63.000000 238.000000 112.000000 172.000000 167.000000 209.000000 210.000000 92.000000 138.000000 214.000000 192.000000 163.000000 144.000000 141.000000 68.000000 154.000000 209.000000 75.000000 135.000000 33.000000 131.000000 101.000000 111.000000 190.000000 
113.000000 124.000000 76.000000 158.000000 11.000000 57.000000 60.000000 232.000000 112.000000 190.000000 190.000000 156.000000 160.000000 81.000000 16.000000 171.000000 195.000000 187.000000 171.000000 42.000000 86.000000 163.000000 165.000000 138.000000 146.000000 92.000000 106.000000 63.000000 82.000000 183.000000 
73.000000 53.000000 10.000000 94.000000 58.000000 13.000000 39.000000 132.000000 31.000000 118.000000 113.000000 56.000000 58.000000 74.000000 47.000000 67.000000 96.000000 114.000000 83.000000 24.000000 70.000000 70.000000 62.000000 78.000000 57.000000 62.000000 95.000000 16.000000 11.000000 82.000000 
23.000000 17.000000 5.000000 31.000000 19.000000 4.000000 11.000000 45.000000 10.000000 40.000000 38.000000 21.000000 21.000000 24.000000 15.000000 24.000000 33.000000 38.000000 28.000000 8.000000 22.000000 24.000000 23.000000 25.000000 19.000000 20.000000 31.000000 3.000000 2.000000 29.000000 
186.000000 150.000000 20.000000 235.000000 116.000000 31.000000 104.000000 321.000000 103.000000 288.000000 279.000000 144.000000 150.000000 176.000000 97.000000 172.000000 242.000000 280.000000 215.000000 43.000000 170.000000 186.000000 161.000000 201.000000 158.000000 160.000000 220.000000 58.000000 60.000000 212.000000 
26.000000 21.000000 52.000000 13.000000 61.000000 51.000000 41.000000 18.000000 34.000000 18.000000 12.000000 44.000000 44.000000 43.000000 56.000000 40.000000 17.000000 16.000000 10.000000 54.000000 38.000000 22.000000 41.000000 15.000000 25.000000 32.000000 46.000000 44.000000 42.000000 25.000000 
93.000000 32.000000 81.000000 98.000000 141.000000 84.000000 84.000000 134.000000 22.000000 132.000000 119.000000 58.000000 57.000000 125.000000 122.000000 57.000000 74.000000 124.000000 58.000000 99.000000 111.000000 35.000000 55.000000 77.000000 16.000000 91.000000 149.000000 71.000000 55.000000 56.000000 
145.000000 136.000000 276.000000 75.000000 308.000000 266.000000 219.000000 50.000000 194.000000 65.000000 38.000000 237.000000 233.000000 220.000000 286.000000 216.000000 100.000000 56.000000 85.000000 281.000000 198.000000 137.000000 221.000000 97.000000 153.000000 174.000000 225.000000 238.000000 230.000000 141.000000 
65.000000 81.000000 150.000000 31.000000 152.000000 141.000000 110.000000 50.000000 112.000000 4.000000 13.000000 143.000000 141.000000 100.000000 143.000000 135.000000 80.000000 7.000000 67.000000 146.000000 90.000000 93.000000 136.000000 49.000000 98.000000 82.000000 96.000000 126.000000 126.000000 99.000000 
71.000000 111.000000 225.000000 22.000000 223.000000 208.000000 151.000000 119.000000 166.000000 36.000000 44.000000 229.000000 227.000000 131.000000 207.000000 219.000000 141.000000 33.000000 108.000000 215.000000 115.000000 149.000000 220.000000 51.000000 151.000000 100.000000 129.000000 182.000000 184.000000 166.000000 
124.000000 80.000000 222.000000 76.000000 272.000000 216.000000 178.000000 102.000000 135.000000 108.000000 83.000000 180.000000 176.000000 200.000000 247.000000 161.000000 63.000000 96.000000 25.000000 233.000000 176.000000 78.000000 165.000000 71.000000 92.000000 145.000000 218.000000 188.000000 175.000000 91.000000 
144.000000 166.000000 115.000000 208.000000 8.000000 86.000000 74.000000 314.000000 155.000000 252.000000 253.000000 223.000000 226.000000 96.000000 17.000000 241.000000 268.000000 248.000000 232.000000 66.000000 104.000000 225.000000 233.000000 182.000000 201.000000 115.000000 130.000000 88.000000 116.000000 253.000000 
27.000000 14.000000 13.000000 31.000000 31.000000 15.000000 20.000000 40.000000 5.000000 39.000000 36.000000 9.000000 10.000000 32.000000 27.000000 12.000000 25.000000 37.000000 22.000000 19.000000 29.000000 15.000000 11.000000 25.000000 11.000000 25.000000 39.000000 14.000000 9.000000 19.000000 
103.000000 67.000000 177.000000 65.000000 219.000000 173.000000 145.000000 76.000000 108.000000 88.000000 67.000000 140.000000 137.000000 163.000000 199.000000 124.000000 43.000000 78.000000 17.000000 187.000000 144.000000 59.000000 127.000000 62.000000 72.000000 120.000000 177.000000 152.000000 141.000000 67.000000 
98.000000 112.000000 75.000000 143.000000 13.000000 54.000000 46.000000 218.000000 103.000000 176.000000 176.000000 151.000000 154.000000 67.000000 4.000000 165.000000 184.000000 172.000000 158.000000 40.000000 71.000000 153.000000 159.000000 124.000000 136.000000 77.000000 93.000000 55.000000 75.000000 173.000000 
91.000000 36.000000 149.000000 73.000000 197.000000 146.000000 120.000000 113.000000 78.000000 110.000000 92.000000 121.000000 118.000000 148.000000 176.000000 109.000000 60.000000 100.000000 25.000000 161.000000 129.000000 45.000000 111.000000 55.000000 48.000000 103.000000 169.000000 124.000000 112.000000 65.000000 
66.000000 142.000000 188.000000 122.000000 126.000000 159.000000 93.000000 236.000000 172.000000 153.000000 163.000000 251.000000 252.000000 25.000000 119.000000 256.000000 227.000000 152.000000 187.000000 153.000000 32.000000 206.000000 252.000000 112.000000 192.000000 58.000000 19.000000 140.000000 159.000000 233.000000 
212.000000 135.000000 88.000000 232.000000 214.000000 116.000000 163.000000 278.000000 79.000000 282.000000 263.000000 43.000000 49.000000 237.000000 190.000000 75.000000 181.000000 271.000000 171.000000 139.000000 222.000000 125.000000 64.000000 201.000000 104.000000 199.000000 278.000000 118.000000 90.000000 139.000000 
16.000000 56.000000 88.000000 50.000000 69.000000 74.000000 38.000000 110.000000 74.000000 70.000000 73.000000 116.000000 116.000000 20.000000 62.000000 118.000000 102.000000 69.000000 80.000000 74.000000 10.000000 90.000000 116.000000 41.000000 83.000000 12.000000 30.000000 62.000000 70.000000 104.000000 
104.000000 33.000000 135.000000 93.000000 194.000000 135.000000 119.000000 129.000000 62.000000 131.000000 113.000000 100.000000 97.000000 156.000000 172.000000 89.000000 61.000000 121.000000 35.000000 152.000000 137.000000 28.000000 90.000000 73.000000 27.000000 110.000000 180.000000 115.000000 100.000000 53.000000 
113.000000 97.000000 34.000000 155.000000 66.000000 9.000000 48.000000 228.000000 73.000000 195.000000 190.000000 121.000000 125.000000 102.000000 48.000000 139.000000 176.000000 189.000000 151.000000 13.000000 98.000000 135.000000 131.000000 129.000000 114.000000 91.000000 136.000000 19.000000 36.000000 157.000000 
141.000000 76.000000 116.000000 134.000000 192.000000 127.000000 136.000000 142.000000 64.000000 163.000000 146.000000 41.000000 37.000000 179.000000 173.000000 22.000000 67.000000 155.000000 71.000000 144.000000 164.000000 35.000000 27.000000 117.000000 36.000000 142.000000 203.000000 117.000000 97.000000 34.000000 
18.000000 29.000000 53.000000 10.000000 50.000000 48.000000 35.000000 28.000000 41.000000 8.000000 12.000000 54.000000 54.000000 29.000000 47.000000 52.000000 35.000000 9.000000 28.000000 49.000000 26.000000 37.000000 53.000000 16.000000 38.000000 24.000000 26.000000 43.000000 44.000000 41.000000 
45.000000 24.000000 82.000000 30.000000 102.000000 79.000000 64.000000 50.000000 47.000000 47.000000 38.000000 68.000000 66.000000 75.000000 92.000000 61.000000 29.000000 42.000000 11.000000 86.000000 65.000000 28.000000 62.000000 24.000000 31.000000 52.000000 83.000000 68.000000 63.000000 36.000000 
54.000000 32.000000 78.000000 38.000000 101.000000 78.000000 68.000000 35.000000 47.000000 48.000000 38.000000 56.000000 54.000000 79.000000 92.000000 48.000000 9.000000 44.000000 7.000000 85.000000 71.000000 20.000000 49.000000 36.000000 28.000000 60.000000 86.000000 69.000000 63.000000 21.000000 
87.000000 60.000000 12.000000 108.000000 74.000000 22.000000 51.000000 150.000000 32.000000 137.000000 130.000000 57.000000 60.000000 91.000000 61.000000 70.000000 106.000000 132.000000 93.000000 34.000000 85.000000 76.000000 65.000000 90.000000 61.000000 76.000000 114.000000 24.000000 14.000000 90.000000 
85.000000 50.000000 119.000000 62.000000 156.000000 119.000000 106.000000 57.000000 71.000000 76.000000 62.000000 84.000000 81.000000 124.000000 142.000000 71.000000 12.000000 70.000000 11.000000 130.000000 111.000000 29.000000 74.000000 58.000000 42.000000 94.000000 135.000000 106.000000 96.000000 29.000000 
94.000000 94.000000 104.000000 157.000000 112.000000 76.000000 16.000000 272.000000 94.000000 214.000000 209.000000 185.000000 188.000000 95.000000 85.000000 199.000000 213.000000 207.000000 170.000000 80.000000 81.000000 164.000000 191.000000 122.000000 138.000000 65.000000 141.000000 47.000000 68.000000 198.000000 
96.000000 26.000000 132.000000 88.000000 187.000000 130.000000 112.000000 132.000000 60.000000 128.000000 111.000000 103.000000 101.000000 148.000000 165.000000 94.000000 68.000000 118.000000 39.000000 146.000000 129.000000 36.000000 94.000000 67.000000 30.000000 103.000000 172.000000 109.000000 95.000000 61.000000 
138.000000 132.000000 55.000000 183.000000 49.000000 42.000000 74.000000 257.000000 107.000000 221.000000 217.000000 147.000000 151.000000 115.000000 42.000000 166.000000 207.000000 216.000000 183.000000 26.000000 116.000000 168.000000 159.000000 159.000000 148.000000 116.000000 145.000000 57.000000 73.000000 189.000000 
124.000000 73.000000 44.000000 144.000000 129.000000 58.000000 87.000000 190.000000 30.000000 182.000000 170.000000 51.000000 54.000000 141.000000 110.000000 68.000000 124.000000 174.000000 110.000000 76.000000 130.000000 82.000000 61.000000 120.000000 62.000000 113.000000 171.000000 55.000000 34.000000 98.000000 
45.000000 11.000000 46.000000 50.000000 75.000000 46.000000 42.000000 75.000000 13.000000 70.000000 63.000000 40.000000 40.000000 64.000000 65.000000 40.000000 44.000000 65.000000 32.000000 54.000000 56.000000 23.000000 39.000000 37.000000 14.000000 44.000000 78.000000 37.000000 30.000000 36.000000 
44.000000 33.000000 68.000000 29.000000 82.000000 67.000000 59.000000 14.000000 45.000000 31.000000 24.000000 51.000000 50.000000 64.000000 76.000000 44.000000 12.000000 28.000000 15.000000 72.000000 58.000000 26.000000 46.000000 31.000000 32.000000 50.000000 67.000000 61.000000 56.000000 24.000000 
91.000000 56.000000 38.000000 101.000000 95.000000 50.000000 70.000000 124.000000 29.000000 124.000000 116.000000 20.000000 22.000000 104.000000 84.000000 34.000000 79.000000 119.000000 74.000000 61.000000 97.000000 53.000000 28.000000 86.000000 42.000000 86.000000 123.000000 50.000000 36.000000 60.000000 
8.000000 28.000000 44.000000 22.000000 34.000000 38.000000 21.000000 51.000000 37.000000 31.000000 33.000000 56.000000 57.000000 10.000000 31.000000 57.000000 48.000000 31.000000 38.000000 37.000000 6.000000 44.000000 56.000000 19.000000 41.000000 8.000000 12.000000 32.000000 36.000000 50.000000 
61.000000 33.000000 34.000000 65.000000 72.000000 41.000000 50.000000 78.000000 17.000000 80.000000 74.000000 10.000000 11.000000 73.000000 64.000000 16.000000 46.000000 77.000000 43.000000 49.000000 67.000000 27.000000 13.000000 55.000000 20.000000 58.000000 86.000000 38.000000 28.000000 32.000000 
249.000000 155.000000 176.000000 245.000000 301.000000 199.000000 229.000000 252.000000 121.000000 287.000000 262.000000 42.000000 36.000000 298.000000 274.000000 21.000000 142.000000 275.000000 154.000000 225.000000 278.000000 101.000000 27.000000 219.000000 99.000000 247.000000 336.000000 192.000000 161.000000 95.000000 
88.000000 56.000000 55.000000 89.000000 100.000000 64.000000 77.000000 95.000000 41.000000 105.000000 97.000000 10.000000 9.000000 102.000000 90.000000 13.000000 57.000000 101.000000 60.000000 73.000000 96.000000 41.000000 11.000000 79.000000 38.000000 86.000000 116.000000 63.000000 52.000000 41.000000 
72.000000 36.000000 85.000000 61.000000 122.000000 87.000000 81.000000 64.000000 45.000000 77.000000 65.000000 52.000000 50.000000 102.000000 110.000000 41.000000 19.000000 72.000000 18.000000 97.000000 91.000000 7.000000 44.000000 53.000000 20.000000 77.000000 114.000000 77.000000 67.000000 11.000000 
66.000000 48.000000 45.000000 97.000000 74.000000 34.000000 27.000000 156.000000 37.000000 130.000000 125.000000 88.000000 90.000000 73.000000 57.000000 98.000000 115.000000 125.000000 93.000000 42.000000 65.000000 84.000000 93.000000 75.000000 67.000000 52.000000 100.000000 16.000000 21.000000 103.000000 
164.000000 165.000000 300.000000 95.000000 325.000000 290.000000 240.000000 40.000000 221.000000 64.000000 48.000000 261.000000 257.000000 234.000000 305.000000 240.000000 123.000000 61.000000 114.000000 302.000000 215.000000 164.000000 245.000000 122.000000 181.000000 194.000000 234.000000 262.000000 255.000000 166.000000 
127.000000 147.000000 287.000000 54.000000 300.000000 272.000000 213.000000 89.000000 210.000000 22.000000 6.000000 268.000000 264.000000 199.000000 280.000000 251.000000 141.000000 14.000000 114.000000 283.000000 179.000000 167.000000 254.000000 88.000000 178.000000 159.000000 197.000000 242.000000 239.000000 179.000000 
128.000000 74.000000 132.000000 110.000000 192.000000 138.000000 137.000000 101.000000 78.000000 131.000000 114.000000 69.000000 65.000000 168.000000 175.000000 49.000000 33.000000 123.000000 48.000000 153.000000 154.000000 27.000000 55.000000 100.000000 43.000000 133.000000 187.000000 127.000000 110.000000 7.000000 
115.000000 73.000000 143.000000 89.000000 191.000000 146.000000 136.000000 68.000000 90.000000 102.000000 85.000000 92.000000 89.000000 158.000000 175.000000 75.000000 6.000000 95.000000 32.000000 159.000000 144.000000 38.000000 80.000000 85.000000 55.000000 124.000000 171.000000 132.000000 119.000000 26.000000 
85.000000 158.000000 244.000000 89.000000 205.000000 221.000000 156.000000 180.000000 204.000000 88.000000 108.000000 274.000000 273.000000 106.000000 196.000000 270.000000 207.000000 93.000000 172.000000 220.000000 100.000000 207.000000 269.000000 103.000000 203.000000 105.000000 82.000000 197.000000 208.000000 227.000000 
83.000000 64.000000 134.000000 52.000000 160.000000 132.000000 113.000000 29.000000 89.000000 56.000000 42.000000 104.000000 101.000000 122.000000 148.000000 91.000000 28.000000 51.000000 28.000000 141.000000 110.000000 52.000000 94.000000 56.000000 64.000000 96.000000 128.000000 118.000000 111.000000 51.000000 
115.000000 73.000000 64.000000 120.000000 126.000000 77.000000 97.000000 133.000000 49.000000 142.000000 132.000000 9.000000 11.000000 132.000000 113.000000 23.000000 82.000000 137.000000 83.000000 89.000000 124.000000 58.000000 18.000000 105.000000 51.000000 111.000000 152.000000 76.000000 62.000000 60.000000 
34.000000 42.000000 32.000000 52.000000 8.000000 24.000000 15.000000 83.000000 40.000000 65.000000 65.000000 61.000000 62.000000 21.000000 5.000000 65.000000 71.000000 64.000000 60.000000 19.000000 23.000000 59.000000 63.000000 45.000000 53.000000 26.000000 31.000000 22.000000 30.000000 67.000000 
22.000000 45.000000 104.000000 12.000000 104.000000 94.000000 64.000000 72.000000 74.000000 36.000000 36.000000 109.000000 109.000000 58.000000 94.000000 106.000000 72.000000 33.000000 52.000000 98.000000 47.000000 70.000000 106.000000 13.000000 69.000000 38.000000 61.000000 80.000000 82.000000 82.000000 
220.000000 196.000000 337.000000 148.000000 385.000000 333.000000 291.000000 18.000000 248.000000 127.000000 105.000000 272.000000 267.000000 297.000000 361.000000 244.000000 114.000000 122.000000 127.000000 350.000000 275.000000 172.000000 252.000000 169.000000 196.000000 249.000000 302.000000 305.000000 291.000000 162.000000 
32.000000 28.000000 77.000000 13.000000 88.000000 73.000000 56.000000 38.000000 49.000000 27.000000 20.000000 70.000000 69.000000 59.000000 80.000000 65.000000 34.000000 23.000000 20.000000 78.000000 51.000000 37.000000 66.000000 14.000000 39.000000 41.000000 63.000000 63.000000 60.000000 43.000000 
28.000000 51.000000 73.000000 32.000000 59.000000 66.000000 47.000000 60.000000 64.000000 32.000000 38.000000 85.000000 85.000000 30.000000 57.000000 84.000000 67.000000 34.000000 56.000000 65.000000 29.000000 66.000000 84.000000 35.000000 64.000000 32.000000 21.000000 60.000000 63.000000 72.000000 
45.000000 41.000000 103.000000 18.000000 117.000000 98.000000 76.000000 43.000000 68.000000 31.000000 21.000000 93.000000 91.000000 79.000000 107.000000 86.000000 43.000000 26.000000 27.000000 104.000000 69.000000 49.000000 87.000000 22.000000 53.000000 57.000000 84.000000 85.000000 82.000000 56.000000 
53.000000 91.000000 134.000000 54.000000 111.000000 122.000000 88.000000 99.000000 115.000000 51.000000 62.000000 151.000000 151.000000 60.000000 107.000000 149.000000 115.000000 54.000000 98.000000 121.000000 59.000000 116.000000 148.000000 62.000000 114.000000 62.000000 46.000000 110.000000 116.000000 126.000000 
60.000000 39.000000 84.000000 43.000000 108.000000 84.000000 75.000000 32.000000 53.000000 50.000000 40.000000 59.000000 57.000000 86.000000 99.000000 50.000000 6.000000 46.000000 13.000000 91.000000 77.000000 24.000000 52.000000 42.000000 33.000000 66.000000 92.000000 75.000000 69.000000 22.000000 
79.000000 89.000000 58.000000 112.000000 5.000000 43.000000 40.000000 168.000000 81.000000 137.000000 137.000000 117.000000 119.000000 54.000000 7.000000 127.000000 143.000000 134.000000 124.000000 32.000000 58.000000 119.000000 123.000000 98.000000 106.000000 63.000000 73.000000 45.000000 60.000000 134.000000 
106.000000 42.000000 84.000000 131.000000 153.000000 82.000000 79.000000 200.000000 18.000000 179.000000 166.000000 96.000000 97.000000 139.000000 129.000000 104.000000 129.000000 170.000000 101.000000 100.000000 122.000000 80.000000 99.000000 100.000000 55.000000 97.000000 174.000000 61.000000 43.000000 108.000000 
28.000000 33.000000 23.000000 40.000000 2.000000 18.000000 16.000000 59.000000 31.000000 47.000000 48.000000 43.000000 44.000000 18.000000 6.000000 46.000000 51.000000 47.000000 44.000000 14.000000 20.000000 43.000000 45.000000 35.000000 39.000000 23.000000 24.000000 19.000000 24.000000 48.000000 
49.000000 89.000000 111.000000 73.000000 72.000000 96.000000 64.000000 129.000000 105.000000 84.000000 92.000000 144.000000 145.000000 28.000000 72.000000 146.000000 130.000000 85.000000 110.000000 92.000000 35.000000 121.000000 144.000000 71.000000 114.000000 47.000000 8.000000 87.000000 97.000000 134.000000 
126.000000 77.000000 167.000000 95.000000 221.000000 168.000000 153.000000 79.000000 102.000000 113.000000 93.000000 112.000000 108.000000 179.000000 202.000000 93.000000 5.000000 105.000000 27.000000 184.000000 161.000000 41.000000 98.000000 90.000000 61.000000 138.000000 195.000000 151.000000 137.000000 34.000000 
52.000000 33.000000 13.000000 61.000000 49.000000 20.000000 34.000000 82.000000 15.000000 77.000000 73.000000 24.000000 26.000000 57.000000 42.000000 32.000000 55.000000 74.000000 49.000000 27.000000 53.000000 38.000000 29.000000 51.000000 30.000000 46.000000 69.000000 20.000000 12.000000 45.000000 
49.000000 21.000000 64.000000 41.000000 90.000000 64.000000 58.000000 49.000000 33.000000 55.000000 46.000000 43.000000 42.000000 72.000000 80.000000 37.000000 18.000000 51.000000 10.000000 71.000000 64.000000 8.000000 38.000000 34.000000 14.000000 53.000000 82.000000 56.000000 49.000000 16.000000 
70.000000 83.000000 61.000000 100.000000 6.000000 48.000000 40.000000 150.000000 79.000000 120.000000 121.000000 111.000000 113.000000 44.000000 15.000000 120.000000 130.000000 118.000000 113.000000 38.000000 50.000000 111.000000 116.000000 88.000000 100.000000 57.000000 58.000000 49.000000 61.000000 124.000000 
99.000000 101.000000 52.000000 133.000000 23.000000 40.000000 53.000000 190.000000 87.000000 160.000000 159.000000 119.000000 121.000000 76.000000 22.000000 132.000000 157.000000 157.000000 138.000000 27.000000 79.000000 130.000000 126.000000 117.000000 115.000000 82.000000 97.000000 48.000000 61.000000 145.000000 
111.000000 78.000000 49.000000 152.000000 107.000000 36.000000 51.000000 232.000000 49.000000 200.000000 191.000000 116.000000 119.000000 119.000000 84.000000 132.000000 168.000000 192.000000 139.000000 53.000000 108.000000 121.000000 125.000000 121.000000 97.000000 91.000000 157.000000 16.000000 14.000000 148.000000 
42.000000 43.000000 101.000000 14.000000 111.000000 96.000000 74.000000 39.000000 68.000000 23.000000 14.000000 92.000000 91.000000 74.000000 102.000000 86.000000 45.000000 18.000000 31.000000 101.000000 65.000000 52.000000 87.000000 22.000000 56.000000 54.000000 77.000000 84.000000 81.000000 58.000000 
99.000000 167.000000 186.000000 177.000000 100.000000 150.000000 76.000000 314.000000 187.000000 224.000000 231.000000 282.000000 284.000000 23.000000 92.000000 294.000000 283.000000 221.000000 235.000000 138.000000 41.000000 246.000000 287.000000 154.000000 224.000000 70.000000 67.000000 131.000000 159.000000 281.000000 
64.000000 93.000000 107.000000 122.000000 78.000000 82.000000 19.000000 221.000000 103.000000 164.000000 164.000000 175.000000 177.000000 45.000000 61.000000 185.000000 185.000000 160.000000 150.000000 78.000000 38.000000 152.000000 180.000000 98.000000 134.000000 37.000000 83.000000 63.000000 83.000000 179.000000 
128.000000 33.000000 129.000000 147.000000 211.000000 126.000000 114.000000 226.000000 35.000000 206.000000 188.000000 121.000000 121.000000 180.000000 181.000000 124.000000 138.000000 194.000000 102.000000 149.000000 157.000000 79.000000 119.000000 110.000000 50.000000 123.000000 221.000000 100.000000 79.000000 115.000000 
52.000000 70.000000 78.000000 96.000000 59.000000 59.000000 11.000000 171.000000 76.000000 128.000000 128.000000 131.000000 133.000000 39.000000 45.000000 139.000000 142.000000 125.000000 115.000000 56.000000 33.000000 115.000000 135.000000 76.000000 101.000000 31.000000 68.000000 44.000000 59.000000 136.000000 
195.000000 114.000000 162.000000 183.000000 261.000000 177.000000 190.000000 185.000000 98.000000 218.000000 196.000000 57.000000 51.000000 244.000000 237.000000 27.000000 88.000000 208.000000 101.000000 199.000000 225.000000 57.000000 37.000000 164.000000 63.000000 197.000000 275.000000 166.000000 140.000000 47.000000 
47.000000 48.000000 165.000000 50.000000 185.000000 151.000000 101.000000 148.000000 103.000000 101.000000 92.000000 172.000000 171.000000 114.000000 164.000000 167.000000 119.000000 93.000000 78.000000 161.000000 92.000000 102.000000 166.000000 17.000000 96.000000 65.000000 134.000000 124.000000 122.000000 128.000000 
10.000000 42.000000 69.000000 37.000000 56.000000 59.000000 30.000000 86.000000 57.000000 54.000000 56.000000 90.000000 90.000000 18.000000 50.000000 91.000000 78.000000 53.000000 61.000000 59.000000 10.000000 69.000000 90.000000 30.000000 63.000000 8.000000 27.000000 49.000000 55.000000 80.000000 
125.000000 52.000000 103.000000 127.000000 180.000000 110.000000 115.000000 161.000000 36.000000 166.000000 149.000000 56.000000 55.000000 164.000000 159.000000 53.000000 84.000000 157.000000 71.000000 129.000000 148.000000 36.000000 51.000000 104.000000 15.000000 123.000000 193.000000 96.000000 75.000000 57.000000 
86.000000 74.000000 53.000000 127.000000 73.000000 32.000000 25.000000 203.000000 60.000000 168.000000 163.000000 120.000000 122.000000 83.000000 53.000000 133.000000 155.000000 162.000000 128.000000 38.000000 75.000000 118.000000 126.000000 102.000000 98.000000 65.000000 116.000000 13.000000 32.000000 141.000000 
225.000000 144.000000 111.000000 240.000000 237.000000 138.000000 183.000000 276.000000 92.000000 287.000000 267.000000 28.000000 34.000000 256.000000 213.000000 60.000000 175.000000 276.000000 171.000000 162.000000 240.000000 122.000000 50.000000 210.000000 106.000000 215.000000 296.000000 140.000000 111.000000 132.000000 
31.000000 16.000000 24.000000 30.000000 41.000000 26.000000 29.000000 33.000000 12.000000 37.000000 33.000000 7.000000 6.000000 39.000000 37.000000 4.000000 16.000000 35.000000 17.000000 30.000000 36.000000 8.000000 4.000000 26.000000 7.000000 31.000000 45.000000 24.000000 19.000000 9.000000 
108.000000 147.000000 133.000000 173.000000 48.000000 103.000000 58.000000 283.000000 151.000000 215.000000 218.000000 226.000000 229.000000 53.000000 44.000000 240.000000 247.000000 211.000000 209.000000 88.000000 64.000000 210.000000 233.000000 150.000000 189.000000 80.000000 88.000000 93.000000 120.000000 239.000000 
54.000000 31.000000 20.000000 63.000000 57.000000 25.000000 37.000000 84.000000 11.000000 80.000000 75.000000 24.000000 26.000000 61.000000 48.000000 32.000000 55.000000 77.000000 48.000000 33.000000 56.000000 36.000000 28.000000 52.000000 27.000000 49.000000 75.000000 23.000000 13.000000 44.000000 
44.000000 85.000000 139.000000 109.000000 122.000000 113.000000 43.000000 223.000000 112.000000 158.000000 157.000000 196.000000 197.000000 57.000000 103.000000 202.000000 188.000000 152.000000 145.000000 115.000000 38.000000 155.000000 198.000000 81.000000 137.000000 15.000000 93.000000 87.000000 102.000000 185.000000 
18.000000 67.000000 121.000000 71.000000 106.000000 102.000000 48.000000 161.000000 95.000000 107.000000 108.000000 159.000000 159.000000 43.000000 92.000000 161.000000 141.000000 103.000000 108.000000 103.000000 26.000000 120.000000 158.000000 52.000000 108.000000 5.000000 65.000000 82.000000 91.000000 143.000000 
138.000000 159.000000 109.000000 195.000000 2.000000 84.000000 77.000000 290.000000 148.000000 234.000000 236.000000 207.000000 211.000000 92.000000 24.000000 225.000000 249.000000 230.000000 217.000000 65.000000 101.000000 210.000000 217.000000 172.000000 189.000000 112.000000 121.000000 88.000000 112.000000 236.000000 
23.000000 24.000000 51.000000 9.000000 55.000000 48.000000 38.000000 14.000000 36.000000 8.000000 3.000000 46.000000 45.000000 38.000000 51.000000 42.000000 22.000000 6.000000 17.000000 51.000000 33.000000 27.000000 43.000000 15.000000 29.000000 29.000000 38.000000 43.000000 42.000000 29.000000 
85.000000 50.000000 68.000000 81.000000 111.000000 75.000000 81.000000 82.000000 42.000000 96.000000 86.000000 22.000000 19.000000 105.000000 101.000000 9.000000 41.000000 91.000000 45.000000 84.000000 97.000000 26.000000 13.000000 72.000000 28.000000 85.000000 119.000000 70.000000 59.000000 23.000000 
221.000000 136.000000 154.000000 218.000000 268.000000 175.000000 202.000000 228.000000 105.000000 257.000000 235.000000 34.000000 28.000000 265.000000 243.000000 14.000000 128.000000 247.000000 137.000000 199.000000 247.000000 89.000000 19.000000 194.000000 86.000000 219.000000 300.000000 169.000000 140.000000 85.000000 
76.000000 42.000000 44.000000 80.000000 90.000000 52.000000 63.000000 94.000000 24.000000 98.000000 90.000000 9.000000 10.000000 91.000000 79.000000 16.000000 55.000000 94.000000 52.000000 61.000000 84.000000 33.000000 13.000000 68.000000 26.000000 73.000000 106.000000 49.000000 37.000000 38.000000 
98.000000 42.000000 117.000000 85.000000 171.000000 120.000000 110.000000 101.000000 58.000000 112.000000 96.000000 76.000000 73.000000 141.000000 153.000000 63.000000 38.000000 104.000000 26.000000 134.000000 126.000000 9.000000 65.000000 71.000000 21.000000 104.000000 160.000000 105.000000 90.000000 28.000000 
42.000000 111.000000 181.000000 65.000000 150.000000 161.000000 103.000000 159.000000 149.000000 84.000000 95.000000 213.000000 213.000000 64.000000 141.000000 212.000000 166.000000 84.000000 133.000000 160.000000 55.000000 159.000000 210.000000 67.000000 153.000000 58.000000 54.000000 140.000000 150.000000 179.000000 
59.000000 34.000000 76.000000 46.000000 103.000000 77.000000 71.000000 41.000000 45.000000 56.000000 46.000000 49.000000 47.000000 84.000000 93.000000 40.000000 5.000000 52.000000 12.000000 84.000000 76.000000 15.000000 43.000000 42.000000 25.000000 64.000000 92.000000 69.000000 62.000000 13.000000 
99.000000 88.000000 28.000000 133.000000 48.000000 13.000000 47.000000 190.000000 67.000000 164.000000 160.000000 102.000000 105.000000 87.000000 36.000000 116.000000 149.000000 160.000000 130.000000 4.000000 85.000000 117.000000 111.000000 113.000000 100.000000 82.000000 113.000000 27.000000 39.000000 134.000000 
207.000000 128.000000 88.000000 228.000000 216.000000 114.000000 160.000000 277.000000 69.000000 279.000000 260.000000 42.000000 48.000000 235.000000 191.000000 73.000000 177.000000 268.000000 166.000000 139.000000 219.000000 119.000000 62.000000 196.000000 96.000000 195.000000 277.000000 115.000000 85.000000 135.000000 
136.000000 78.000000 154.000000 113.000000 218.000000 159.000000 152.000000 103.000000 90.000000 136.000000 116.000000 89.000000 85.000000 185.000000 198.000000 68.000000 24.000000 128.000000 42.000000 176.000000 168.000000 27.000000 74.000000 103.000000 48.000000 145.000000 205.000000 144.000000 127.000000 9.000000 
65.000000 106.000000 125.000000 127.000000 81.000000 97.000000 34.000000 232.000000 120.000000 169.000000 171.000000 195.000000 197.000000 34.000000 67.000000 205.000000 201.000000 165.000000 163.000000 92.000000 29.000000 168.000000 199.000000 104.000000 150.000000 37.000000 73.000000 79.000000 100.000000 196.000000 
156.000000 256.000000 332.000000 188.000000 246.000000 298.000000 217.000000 309.000000 304.000000 193.000000 218.000000 398.000000 398.000000 134.000000 244.000000 399.000000 335.000000 199.000000 290.000000 290.000000 142.000000 326.000000 396.000000 197.000000 317.000000 165.000000 85.000000 274.000000 295.000000 355.000000 
38.000000 8.000000 60.000000 36.000000 83.000000 58.000000 47.000000 61.000000 28.000000 55.000000 48.000000 52.000000 51.000000 63.000000 73.000000 48.000000 35.000000 51.000000 20.000000 65.000000 54.000000 22.000000 48.000000 25.000000 19.000000 42.000000 74.000000 48.000000 43.000000 33.000000 
22.000000 28.000000 21.000000 34.000000 4.000000 16.000000 11.000000 53.000000 27.000000 42.000000 42.000000 40.000000 40.000000 13.000000 4.000000 42.000000 46.000000 41.000000 39.000000 13.000000 15.000000 38.000000 41.000000 29.000000 34.000000 17.000000 19.000000 15.000000 20.000000 44.000000 
83.000000 102.000000 232.000000 14.000000 245.000000 217.000000 162.000000 107.000000 161.000000 45.000000 35.000000 222.000000 220.000000 155.000000 225.000000 210.000000 122.000000 35.000000 88.000000 227.000000 134.000000 133.000000 211.000000 44.000000 138.000000 113.000000 159.000000 189.000000 187.000000 150.000000 
65.000000 36.000000 31.000000 82.000000 74.000000 31.000000 40.000000 120.000000 13.000000 108.000000 102.000000 50.000000 52.000000 76.000000 61.000000 59.000000 81.000000 104.000000 67.000000 42.000000 68.000000 54.000000 55.000000 65.000000 40.000000 57.000000 96.000000 23.000000 10.000000 68.000000 
69.000000 66.000000 120.000000 41.000000 132.000000 117.000000 98.000000 10.000000 88.000000 30.000000 23.000000 103.000000 101.000000 97.000000 124.000000 94.000000 46.000000 29.000000 44.000000 122.000000 89.000000 64.000000 96.000000 51.000000 71.000000 80.000000 97.000000 106.000000 102.000000 63.000000 
205.000000 133.000000 124.000000 208.000000 228.000000 146.000000 178.000000 223.000000 97.000000 244.000000 226.000000 26.000000 26.000000 236.000000 207.000000 36.000000 137.000000 235.000000 142.000000 166.000000 222.000000 100.000000 32.000000 186.000000 93.000000 199.000000 268.000000 145.000000 120.000000 100.000000 
86.000000 90.000000 166.000000 46.000000 177.000000 160.000000 130.000000 31.000000 122.000000 27.000000 19.000000 148.000000 146.000000 125.000000 166.000000 137.000000 73.000000 25.000000 65.000000 166.000000 114.000000 94.000000 140.000000 63.000000 102.000000 103.000000 124.000000 144.000000 141.000000 96.000000 
54.000000 24.000000 110.000000 42.000000 137.000000 104.000000 81.000000 84.000000 61.000000 71.000000 60.000000 98.000000 96.000000 97.000000 122.000000 91.000000 55.000000 65.000000 28.000000 114.000000 83.000000 45.000000 91.000000 27.000000 45.000000 64.000000 111.000000 88.000000 81.000000 60.000000 
56.000000 11.000000 105.000000 57.000000 137.000000 99.000000 74.000000 110.000000 52.000000 92.000000 81.000000 99.000000 98.000000 99.000000 120.000000 95.000000 71.000000 85.000000 43.000000 109.000000 83.000000 50.000000 94.000000 36.000000 43.000000 62.000000 118.000000 80.000000 73.000000 70.000000 
104.000000 165.000000 300.000000 57.000000 286.000000 277.000000 203.000000 155.000000 231.000000 40.000000 65.000000 308.000000 305.000000 168.000000 268.000000 296.000000 198.000000 46.000000 160.000000 284.000000 151.000000 210.000000 297.000000 90.000000 213.000000 139.000000 156.000000 246.000000 250.000000 230.000000 
11.000000 71.000000 130.000000 65.000000 113.000000 111.000000 57.000000 156.000000 101.000000 100.000000 102.000000 165.000000 165.000000 45.000000 100.000000 167.000000 141.000000 96.000000 108.000000 112.000000 28.000000 123.000000 164.000000 49.000000 112.000000 13.000000 61.000000 91.000000 100.000000 145.000000 
52.000000 99.000000 136.000000 70.000000 101.000000 120.000000 82.000000 131.000000 121.000000 78.000000 88.000000 165.000000 166.000000 45.000000 98.000000 166.000000 138.000000 79.000000 116.000000 117.000000 46.000000 132.000000 164.000000 72.000000 127.000000 56.000000 24.000000 108.000000 118.000000 146.000000 
35.000000 41.000000 46.000000 62.000000 40.000000 33.000000 2.000000 109.000000 43.000000 84.000000 83.000000 79.000000 80.000000 31.000000 30.000000 85.000000 88.000000 81.000000 71.000000 33.000000 26.000000 70.000000 82.000000 49.000000 60.000000 22.000000 49.000000 23.000000 33.000000 84.000000 
41.000000 115.000000 175.000000 115.000000 135.000000 145.000000 68.000000 243.000000 149.000000 162.000000 166.000000 239.000000 240.000000 38.000000 119.000000 244.000000 218.000000 158.000000 173.000000 143.000000 14.000000 189.000000 240.000000 93.000000 172.000000 18.000000 70.000000 119.000000 138.000000 221.000000 
24.000000 6.000000 25.000000 28.000000 40.000000 24.000000 21.000000 45.000000 7.000000 40.000000 37.000000 25.000000 25.000000 34.000000 34.000000 26.000000 28.000000 38.000000 21.000000 28.000000 29.000000 17.000000 25.000000 21.000000 11.000000 22.000000 42.000000 18.000000 15.000000 24.000000 
99.000000 117.000000 85.000000 140.000000 8.000000 66.000000 57.000000 209.000000 111.000000 168.000000 169.000000 154.000000 157.000000 63.000000 22.000000 166.000000 182.000000 165.000000 158.000000 53.000000 71.000000 155.000000 161.000000 124.000000 140.000000 80.000000 83.000000 68.000000 86.000000 173.000000 
87.000000 50.000000 32.000000 107.000000 92.000000 36.000000 54.000000 150.000000 18.000000 138.000000 130.000000 56.000000 58.000000 99.000000 76.000000 67.000000 101.000000 132.000000 86.000000 51.000000 90.000000 68.000000 62.000000 86.000000 51.000000 77.000000 123.000000 30.000000 13.000000 84.000000 
103.000000 87.000000 28.000000 141.000000 64.000000 5.000000 45.000000 207.000000 63.000000 178.000000 173.000000 107.000000 110.000000 96.000000 48.000000 123.000000 158.000000 172.000000 135.000000 14.000000 91.000000 120.000000 116.000000 117.000000 101.000000 84.000000 126.000000 16.000000 30.000000 141.000000 
50.000000 64.000000 161.000000 10.000000 172.000000 150.000000 108.000000 94.000000 109.000000 50.000000 43.000000 159.000000 157.000000 106.000000 157.000000 151.000000 93.000000 43.000000 63.000000 158.000000 90.000000 94.000000 152.000000 17.000000 95.000000 72.000000 113.000000 128.000000 127.000000 109.000000 
54.000000 20.000000 61.000000 49.000000 92.000000 63.000000 58.000000 62.000000 27.000000 66.000000 58.000000 40.000000 38.000000 77.000000 82.000000 34.000000 27.000000 62.000000 19.000000 71.000000 69.000000 7.000000 35.000000 40.000000 7.000000 56.000000 89.000000 54.000000 46.000000 19.000000 
166.000000 126.000000 35.000000 220.000000 128.000000 21.000000 80.000000 320.000000 80.000000 281.000000 270.000000 150.000000 155.000000 166.000000 100.000000 175.000000 236.000000 271.000000 202.000000 47.000000 155.000000 174.000000 164.000000 182.000000 142.000000 139.000000 215.000000 23.000000 26.000000 206.000000 
46.000000 32.000000 49.000000 70.000000 67.000000 39.000000 22.000000 121.000000 32.000000 99.000000 94.000000 77.000000 78.000000 56.000000 54.000000 83.000000 89.000000 94.000000 70.000000 46.000000 48.000000 65.000000 79.000000 52.000000 52.000000 35.000000 78.000000 24.000000 27.000000 82.000000 
101.000000 51.000000 106.000000 89.000000 158.000000 110.000000 108.000000 92.000000 57.000000 110.000000 96.000000 57.000000 54.000000 137.000000 143.000000 43.000000 31.000000 103.000000 35.000000 124.000000 124.000000 9.000000 46.000000 78.000000 24.000000 105.000000 154.000000 99.000000 85.000000 9.000000 
67.000000 32.000000 75.000000 59.000000 111.000000 77.000000 74.000000 64.000000 39.000000 75.000000 64.000000 44.000000 42.000000 94.000000 99.000000 34.000000 22.000000 70.000000 20.000000 87.000000 84.000000 3.000000 36.000000 51.000000 15.000000 71.000000 106.000000 69.000000 59.000000 10.000000 
141.000000 125.000000 218.000000 94.000000 249.000000 215.000000 188.000000 10.000000 159.000000 82.000000 66.000000 175.000000 172.000000 192.000000 233.000000 157.000000 72.000000 78.000000 80.000000 226.000000 177.000000 109.000000 162.000000 108.000000 125.000000 160.000000 196.000000 197.000000 188.000000 103.000000 
203.000000 115.000000 150.000000 199.000000 260.000000 168.000000 188.000000 214.000000 88.000000 240.000000 218.000000 37.000000 31.000000 251.000000 235.000000 11.000000 112.000000 229.000000 117.000000 192.000000 231.000000 66.000000 16.000000 175.000000 62.000000 202.000000 286.000000 158.000000 129.000000 67.000000 
18.000000 38.000000 66.000000 17.000000 58.000000 59.000000 41.000000 45.000000 52.000000 19.000000 24.000000 72.000000 72.000000 30.000000 55.000000 71.000000 52.000000 20.000000 41.000000 60.000000 27.000000 52.000000 70.000000 21.000000 51.000000 26.000000 26.000000 52.000000 55.000000 57.000000 
141.000000 74.000000 120.000000 134.000000 197.000000 130.000000 137.000000 144.000000 63.000000 164.000000 147.000000 47.000000 43.000000 181.000000 177.000000 29.000000 66.000000 156.000000 69.000000 148.000000 166.000000 30.000000 32.000000 116.000000 32.000000 143.000000 206.000000 119.000000 99.000000 32.000000 
24.000000 14.000000 54.000000 16.000000 65.000000 51.000000 39.000000 38.000000 32.000000 30.000000 25.000000 50.000000 49.000000 45.000000 58.000000 46.000000 27.000000 27.000000 14.000000 56.000000 38.000000 24.000000 47.000000 10.000000 24.000000 29.000000 51.000000 43.000000 41.000000 31.000000 
46.000000 117.000000 212.000000 53.000000 189.000000 190.000000 126.000000 163.000000 166.000000 76.000000 88.000000 238.000000 237.000000 92.000000 176.000000 234.000000 173.000000 76.000000 136.000000 193.000000 78.000000 169.000000 232.000000 61.000000 164.000000 72.000000 85.000000 165.000000 173.000000 191.000000 
91.000000 50.000000 103.000000 76.000000 147.000000 107.000000 102.000000 72.000000 59.000000 93.000000 79.000000 60.000000 57.000000 125.000000 134.000000 46.000000 18.000000 87.000000 26.000000 118.000000 113.000000 15.000000 50.000000 68.000000 29.000000 97.000000 139.000000 96.000000 84.000000 6.000000 
37.000000 38.000000 91.000000 12.000000 100.000000 86.000000 66.000000 37.000000 61.000000 23.000000 15.000000 83.000000 82.000000 66.000000 92.000000 77.000000 41.000000 18.000000 28.000000 91.000000 58.000000 46.000000 78.000000 19.000000 50.000000 48.000000 70.000000 75.000000 73.000000 52.000000 
58.000000 77.000000 66.000000 90.000000 20.000000 51.000000 31.000000 145.000000 77.000000 111.000000 113.000000 114.000000 116.000000 30.000000 19.000000 122.000000 127.000000 110.000000 108.000000 43.000000 36.000000 108.000000 118.000000 79.000000 97.000000 44.000000 47.000000 47.000000 61.000000 123.000000 
132.000000 99.000000 242.000000 74.000000 288.000000 235.000000 194.000000 82.000000 155.000000 95.000000 67.000000 199.000000 195.000000 210.000000 264.000000 179.000000 69.000000 83.000000 42.000000 252.000000 186.000000 96.000000 183.000000 78.000000 112.000000 157.000000 224.000000 207.000000 195.000000 104.000000 
55.000000 87.000000 172.000000 20.000000 169.000000 159.000000 116.000000 90.000000 128.000000 25.000000 33.000000 175.000000 173.000000 100.000000 157.000000 167.000000 108.000000 24.000000 84.000000 164.000000 87.000000 115.000000 168.000000 41.000000 116.000000 77.000000 97.000000 140.000000 141.000000 127.000000 
58.000000 95.000000 201.000000 14.000000 200.000000 185.000000 132.000000 113.000000 146.000000 41.000000 45.000000 205.000000 203.000000 116.000000 184.000000 196.000000 128.000000 37.000000 95.000000 191.000000 100.000000 132.000000 197.000000 39.000000 133.000000 85.000000 117.000000 161.000000 162.000000 149.000000 
104.000000 114.000000 216.000000 51.000000 229.000000 206.000000 165.000000 52.000000 158.000000 26.000000 14.000000 196.000000 194.000000 157.000000 214.000000 183.000000 99.000000 23.000000 84.000000 215.000000 142.000000 123.000000 185.000000 74.000000 133.000000 128.000000 156.000000 185.000000 181.000000 129.000000 
17.000000 73.000000 146.000000 39.000000 135.000000 130.000000 81.000000 128.000000 110.000000 69.000000 73.000000 168.000000 167.000000 64.000000 123.000000 165.000000 125.000000 66.000000 94.000000 133.000000 50.000000 117.000000 164.000000 34.000000 111.000000 39.000000 68.000000 110.000000 116.000000 135.000000 
52.000000 128.000000 209.000000 73.000000 175.000000 186.000000 122.000000 178.000000 172.000000 92.000000 105.000000 244.000000 243.000000 77.000000 164.000000 242.000000 189.000000 93.000000 152.000000 186.000000 68.000000 182.000000 240.000000 78.000000 176.000000 71.000000 63.000000 163.000000 174.000000 204.000000 
112.000000 78.000000 23.000000 132.000000 96.000000 41.000000 75.000000 170.000000 45.000000 162.000000 154.000000 51.000000 55.000000 118.000000 83.000000 68.000000 119.000000 156.000000 108.000000 53.000000 112.000000 86.000000 62.000000 113.000000 71.000000 101.000000 143.000000 47.000000 35.000000 98.000000 
32.000000 16.000000 37.000000 27.000000 53.000000 38.000000 36.000000 27.000000 20.000000 33.000000 29.000000 22.000000 21.000000 44.000000 48.000000 17.000000 7.000000 31.000000 8.000000 42.000000 40.000000 3.000000 18.000000 23.000000 9.000000 34.000000 50.000000 34.000000 29.000000 4.000000 
20.000000 38.000000 51.000000 28.000000 37.000000 45.000000 31.000000 50.000000 46.000000 30.000000 34.000000 63.000000 63.000000 16.000000 36.000000 63.000000 53.000000 31.000000 45.000000 44.000000 17.000000 51.000000 62.000000 28.000000 49.000000 21.000000 8.000000 41.000000 44.000000 56.000000 
139.000000 68.000000 79.000000 155.000000 172.000000 90.000000 109.000000 204.000000 19.000000 200.000000 184.000000 56.000000 58.000000 170.000000 148.000000 68.000000 124.000000 191.000000 107.000000 111.000000 154.000000 72.000000 61.000000 127.000000 48.000000 131.000000 205.000000 79.000000 54.000000 93.000000 
50.000000 98.000000 211.000000 21.000000 208.000000 192.000000 132.000000 138.000000 153.000000 61.000000 65.000000 222.000000 220.000000 115.000000 190.000000 214.000000 145.000000 56.000000 107.000000 199.000000 97.000000 144.000000 214.000000 34.000000 143.000000 80.000000 118.000000 165.000000 168.000000 165.000000 
109.000000 32.000000 151.000000 98.000000 213.000000 149.000000 128.000000 143.000000 70.000000 141.000000 121.000000 116.000000 114.000000 168.000000 188.000000 106.000000 72.000000 130.000000 40.000000 167.000000 146.000000 38.000000 106.000000 74.000000 35.000000 117.000000 194.000000 126.000000 110.000000 66.000000 
13.000000 25.000000 60.000000 7.000000 61.000000 55.000000 37.000000 43.000000 42.000000 23.000000 22.000000 63.000000 63.000000 34.000000 55.000000 61.000000 42.000000 21.000000 29.000000 57.000000 28.000000 40.000000 61.000000 5.000000 39.000000 21.000000 37.000000 46.000000 47.000000 47.000000 
152.000000 135.000000 231.000000 103.000000 265.000000 228.000000 200.000000 14.000000 170.000000 89.000000 74.000000 186.000000 182.000000 205.000000 248.000000 166.000000 77.000000 85.000000 87.000000 240.000000 190.000000 117.000000 172.000000 117.000000 134.000000 172.000000 209.000000 210.000000 200.000000 110.000000 
83.000000 35.000000 146.000000 64.000000 188.000000 141.000000 114.000000 107.000000 78.000000 100.000000 84.000000 121.000000 119.000000 139.000000 168.000000 111.000000 61.000000 91.000000 26.000000 155.000000 120.000000 48.000000 112.000000 48.000000 51.000000 95.000000 158.000000 120.000000 109.000000 68.000000 
48.000000 36.000000 40.000000 72.000000 58.000000 30.000000 18.000000 120.000000 31.000000 99.000000 95.000000 73.000000 74.000000 54.000000 45.000000 79.000000 89.000000 95.000000 71.000000 36.000000 47.000000 66.000000 76.000000 55.000000 53.000000 37.000000 74.000000 16.000000 21.000000 81.000000 
14.000000 11.000000 33.000000 7.000000 39.000000 31.000000 24.000000 18.000000 20.000000 14.000000 11.000000 30.000000 29.000000 26.000000 35.000000 28.000000 15.000000 12.000000 8.000000 34.000000 22.000000 15.000000 28.000000 6.000000 16.000000 18.000000 29.000000 27.000000 26.000000 18.000000 
29.000000 7.000000 37.000000 37.000000 55.000000 34.000000 26.000000 64.000000 15.000000 55.000000 51.000000 41.000000 42.000000 44.000000 46.000000 43.000000 43.000000 52.000000 31.000000 40.000000 37.000000 28.000000 41.000000 26.000000 21.000000 27.000000 55.000000 26.000000 22.000000 38.000000 
112.000000 131.000000 279.000000 33.000000 295.000000 263.000000 201.000000 107.000000 198.000000 38.000000 22.000000 263.000000 260.000000 191.000000 273.000000 247.000000 139.000000 26.000000 104.000000 275.000000 169.000000 159.000000 249.000000 67.000000 168.000000 146.000000 194.000000 232.000000 228.000000 175.000000 
160.000000 133.000000 49.000000 220.000000 107.000000 15.000000 66.000000 326.000000 96.000000 280.000000 271.000000 171.000000 176.000000 150.000000 79.000000 195.000000 248.000000 271.000000 211.000000 31.000000 142.000000 188.000000 185.000000 182.000000 157.000000 129.000000 200.000000 17.000000 43.000000 221.000000 
1.000000 34.000000 69.000000 28.000000 63.000000 60.000000 33.000000 76.000000 52.000000 47.000000 48.000000 84.000000 84.000000 28.000000 56.000000 84.000000 69.000000 45.000000 51.000000 61.000000 19.000000 60.000000 83.000000 20.000000 56.000000 11.000000 36.000000 49.000000 53.000000 71.000000 
56.000000 32.000000 22.000000 65.000000 60.000000 28.000000 41.000000 84.000000 13.000000 82.000000 76.000000 21.000000 22.000000 65.000000 52.000000 28.000000 54.000000 78.000000 48.000000 36.000000 60.000000 35.000000 25.000000 54.000000 26.000000 52.000000 78.000000 27.000000 17.000000 42.000000 
28.000000 48.000000 68.000000 32.000000 53.000000 61.000000 44.000000 56.000000 60.000000 32.000000 37.000000 78.000000 78.000000 28.000000 52.000000 78.000000 63.000000 33.000000 54.000000 60.000000 29.000000 62.000000 77.000000 35.000000 61.000000 32.000000 19.000000 55.000000 59.000000 68.000000 
126.000000 75.000000 59.000000 136.000000 136.000000 74.000000 99.000000 164.000000 41.000000 167.000000 155.000000 20.000000 24.000000 145.000000 120.000000 39.000000 103.000000 160.000000 97.000000 89.000000 134.000000 67.000000 32.000000 117.000000 54.000000 119.000000 170.000000 73.000000 54.000000 77.000000 
75.000000 140.000000 191.000000 99.000000 143.000000 170.000000 117.000000 182.000000 171.000000 108.000000 122.000000 232.000000 232.000000 65.000000 139.000000 232.000000 193.000000 111.000000 163.000000 166.000000 68.000000 186.000000 230.000000 102.000000 179.000000 81.000000 37.000000 153.000000 166.000000 205.000000 
182.000000 102.000000 138.000000 177.000000 236.000000 154.000000 170.000000 188.000000 80.000000 213.000000 192.000000 38.000000 33.000000 225.000000 213.000000 13.000000 96.000000 203.000000 101.000000 175.000000 208.000000 56.000000 19.000000 155.000000 54.000000 181.000000 256.000000 144.000000 118.000000 56.000000 
174.000000 164.000000 307.000000 101.000000 343.000000 299.000000 250.000000 29.000000 221.000000 80.000000 56.000000 260.000000 256.000000 251.000000 320.000000 237.000000 111.000000 74.000000 104.000000 314.000000 229.000000 156.000000 242.000000 125.000000 176.000000 204.000000 254.000000 270.000000 260.000000 156.000000 
141.000000 120.000000 225.000000 89.000000 262.000000 222.000000 191.000000 19.000000 159.000000 83.000000 63.000000 180.000000 176.000000 199.000000 244.000000 160.000000 63.000000 77.000000 68.000000 235.000000 182.000000 103.000000 165.000000 102.000000 121.000000 162.000000 206.000000 201.000000 191.000000 99.000000 
39.000000 50.000000 114.000000 4.000000 120.000000 106.000000 78.000000 56.000000 80.000000 23.000000 20.000000 111.000000 110.000000 74.000000 110.000000 105.000000 63.000000 19.000000 45.000000 111.000000 64.000000 67.000000 106.000000 20.000000 69.000000 54.000000 76.000000 92.000000 92.000000 76.000000 
24.000000 34.000000 102.000000 23.000000 110.000000 93.000000 62.000000 85.000000 66.000000 54.000000 50.000000 107.000000 107.000000 65.000000 98.000000 104.000000 73.000000 49.000000 49.000000 98.000000 52.000000 65.000000 104.000000 5.000000 62.000000 37.000000 75.000000 77.000000 77.000000 80.000000 
106.000000 110.000000 63.000000 141.000000 23.000000 51.000000 61.000000 199.000000 97.000000 167.000000 167.000000 129.000000 132.000000 80.000000 28.000000 142.000000 167.000000 164.000000 148.000000 38.000000 84.000000 140.000000 137.000000 125.000000 126.000000 89.000000 100.000000 59.000000 72.000000 156.000000 
63.000000 163.000000 236.000000 130.000000 174.000000 203.000000 118.000000 272.000000 207.000000 168.000000 181.000000 304.000000 305.000000 46.000000 162.000000 308.000000 264.000000 167.000000 214.000000 198.000000 41.000000 241.000000 304.000000 119.000000 226.000000 63.000000 41.000000 176.000000 196.000000 274.000000 
172.000000 109.000000 226.000000 129.000000 296.000000 228.000000 208.000000 99.000000 141.000000 150.000000 123.000000 151.000000 146.000000 241.000000 271.000000 125.000000 3.000000 139.000000 42.000000 248.000000 218.000000 60.000000 132.000000 124.000000 87.000000 188.000000 261.000000 206.000000 186.000000 48.000000 
152.000000 70.000000 120.000000 153.000000 212.000000 130.000000 140.000000 185.000000 49.000000 195.000000 176.000000 53.000000 50.000000 196.000000 187.000000 47.000000 95.000000 185.000000 86.000000 152.000000 178.000000 42.000000 45.000000 128.000000 25.000000 151.000000 229.000000 117.000000 92.000000 60.000000 
73.000000 128.000000 154.000000 145.000000 97.000000 122.000000 50.000000 267.000000 147.000000 191.000000 195.000000 234.000000 236.000000 28.000000 84.000000 244.000000 235.000000 187.000000 191.000000 115.000000 26.000000 200.000000 238.000000 121.000000 180.000000 43.000000 73.000000 101.000000 125.000000 232.000000 
50.000000 96.000000 206.000000 20.000000 203.000000 188.000000 130.000000 132.000000 149.000000 57.000000 61.000000 215.000000 214.000000 113.000000 186.000000 208.000000 141.000000 52.000000 104.000000 194.000000 95.000000 140.000000 208.000000 35.000000 139.000000 79.000000 115.000000 162.000000 165.000000 160.000000 
51.000000 17.000000 103.000000 45.000000 130.000000 97.000000 74.000000 91.000000 54.000000 76.000000 66.000000 94.000000 93.000000 92.000000 115.000000 89.000000 60.000000 70.000000 33.000000 107.000000 78.000000 46.000000 89.000000 28.000000 42.000000 59.000000 108.000000 80.000000 74.000000 62.000000 
33.000000 18.000000 15.000000 37.000000 37.000000 18.000000 25.000000 48.000000 6.000000 47.000000 44.000000 11.000000 12.000000 39.000000 32.000000 15.000000 30.000000 45.000000 27.000000 23.000000 36.000000 19.000000 13.000000 31.000000 14.000000 31.000000 47.000000 17.000000 11.000000 23.000000 
104.000000 62.000000 120.000000 85.000000 166.000000 123.000000 118.000000 73.000000 73.000000 100.000000 85.000000 71.000000 67.000000 141.000000 152.000000 55.000000 15.000000 94.000000 32.000000 135.000000 128.000000 26.000000 59.000000 79.000000 41.000000 111.000000 155.000000 112.000000 99.000000 12.000000 