30 200
441 218 390 502 165 390 70 107 57 218 363 387 269 134 165 343 195 185 215 377 165 208 431 215 296 154 205 84 343 215 
2186.000000 1663.000000 2169.000000 2410.000000 1353.000000 2215.000000 909.000000 1077.000000 854.000000 1581.000000 1932.000000 2132.000000 1659.000000 1289.000000 1345.000000 2057.000000 1404.000000 1518.000000 1656.000000 2149.000000 1438.000000 1568.000000 2348.000000 1663.000000 1947.000000 1412.000000 1578.000000 963.000000 1907.000000 1488.000000 
30 33 9 14 32 27 30 11 33 26 5 7 9 18 32 25 23 21 35 5 24 5 13 5 28 12 22 11 31 14 9 21 5 19 8 22 26 35 9 30 29 31 28 26 28 30 33 25 9 22 22 8 27 5 21 29 21 23 5 34 10 35 6 33 26 19 9 10 33 29 15 25 19 5 14 16 10 8 30 33 12 8 25 18 9 8 22 7 31 32 7 24 19 16 9 23 16 20 34 16 5 13 12 18 9 26 15 21 23 10 22 31 33 6 7 26 7 32 26 12 5 17 5 20 10 11 17 8 29 22 20 11 34 20 24 6 14 35 31 14 30 26 5 6 21 24 7 14 16 7 10 31 19 5 25 24 19 15 25 11 32 14 14 24 18 28 9 28 17 19 14 25 16 23 32 21 20 28 16 22 21 17 8 29 31 8 7 29 10 23 23 5 25 30 12 9 28 11 18 8 
143.000000 84.000000 146.000000 81.000000 167.000000 119.000000 18.000000 120.000000 205.000000 235.000000 93.000000 102.000000 92.000000 133.000000 114.000000 178.000000 166.000000 86.000000 138.000000 166.000000 62.000000 129.000000 173.000000 39.000000 138.000000 101.000000 131.000000 139.000000 140.000000 134.000000 
30.000000 84.000000 66.000000 146.000000 74.000000 214.000000 145.000000 134.000000 97.000000 134.000000 161.000000 183.000000 105.000000 199.000000 12.000000 245.000000 89.000000 197.000000 23.000000 295.000000 196.000000 141.000000 281.000000 121.000000 207.000000 238.000000 100.000000 68.000000 69.000000 179.000000 
24.000000 6.000000 33.000000 41.000000 24.000000 42.000000 29.000000 43.000000 40.000000 46.000000 45.000000 50.000000 12.000000 57.000000 18.000000 70.000000 24.000000 50.000000 21.000000 75.000000 43.000000 46.000000 75.000000 29.000000 59.000000 55.000000 38.000000 33.000000 16.000000 53.000000 
46.000000 45.000000 41.000000 26.000000 67.000000 82.000000 37.000000 31.000000 74.000000 93.000000 32.000000 41.000000 53.000000 50.000000 33.000000 71.000000 71.000000 47.000000 46.000000 88.000000 54.000000 35.000000 82.000000 16.000000 53.000000 70.000000 32.000000 37.000000 59.000000 45.000000 
173.000000 122.000000 166.000000 67.000000 206.000000 146.000000 36.000000 118.000000 238.000000 275.000000 77.000000 81.000000 131.000000 117.000000 141.000000 163.000000 207.000000 59.000000 168.000000 146.000000 54.000000 126.000000 152.000000 35.000000 121.000000 88.000000 140.000000 157.000000 179.000000 122.000000 
151.000000 131.000000 134.000000 25.000000 190.000000 162.000000 69.000000 72.000000 204.000000 242.000000 28.000000 29.000000 142.000000 59.000000 125.000000 98.000000 194.000000 30.000000 150.000000 110.000000 76.000000 78.000000 100.000000 36.000000 63.000000 91.000000 101.000000 124.000000 171.000000 66.000000 
209.000000 164.000000 196.000000 78.000000 244.000000 162.000000 75.000000 130.000000 269.000000 307.000000 77.000000 67.000000 171.000000 99.000000 179.000000 133.000000 245.000000 24.000000 206.000000 86.000000 53.000000 136.000000 99.000000 75.000000 99.000000 54.000000 162.000000 186.000000 218.000000 116.000000 
52.000000 72.000000 35.000000 35.000000 75.000000 103.000000 66.000000 16.000000 64.000000 85.000000 34.000000 40.000000 79.000000 33.000000 48.000000 40.000000 81.000000 55.000000 55.000000 81.000000 75.000000 13.000000 66.000000 46.000000 36.000000 82.000000 19.000000 31.000000 75.000000 23.000000 
205.000000 141.000000 200.000000 92.000000 235.000000 139.000000 41.000000 148.000000 273.000000 309.000000 99.000000 97.000000 147.000000 135.000000 172.000000 178.000000 234.000000 61.000000 200.000000 134.000000 28.000000 156.000000 152.000000 65.000000 137.000000 62.000000 173.000000 191.000000 205.000000 146.000000 
195.000000 108.000000 216.000000 177.000000 186.000000 4.000000 96.000000 212.000000 242.000000 248.000000 186.000000 189.000000 94.000000 219.000000 176.000000 255.000000 172.000000 162.000000 187.000000 201.000000 99.000000 219.000000 230.000000 142.000000 221.000000 121.000000 216.000000 213.000000 155.000000 223.000000 
35.000000 36.000000 29.000000 11.000000 44.000000 42.000000 25.000000 14.000000 43.000000 52.000000 9.000000 7.000000 38.000000 3.000000 31.000000 5.000000 46.000000 12.000000 35.000000 20.000000 25.000000 14.000000 12.000000 18.000000 1.000000 25.000000 21.000000 27.000000 42.000000 7.000000 
40.000000 52.000000 29.000000 26.000000 55.000000 71.000000 47.000000 15.000000 47.000000 60.000000 25.000000 27.000000 57.000000 21.000000 38.000000 22.000000 59.000000 37.000000 42.000000 51.000000 51.000000 13.000000 40.000000 34.000000 22.000000 55.000000 19.000000 27.000000 55.000000 15.000000 
10.000000 22.000000 18.000000 37.000000 22.000000 57.000000 37.000000 34.000000 29.000000 39.000000 41.000000 47.000000 28.000000 51.000000 2.000000 64.000000 26.000000 51.000000 9.000000 77.000000 51.000000 36.000000 74.000000 30.000000 54.000000 62.000000 25.000000 18.000000 20.000000 46.000000 
126.000000 83.000000 126.000000 70.000000 138.000000 63.000000 30.000000 100.000000 163.000000 180.000000 73.000000 71.000000 83.000000 92.000000 109.000000 114.000000 135.000000 48.000000 123.000000 75.000000 4.000000 105.000000 92.000000 54.000000 92.000000 23.000000 113.000000 122.000000 120.000000 99.000000 
212.000000 281.000000 159.000000 167.000000 279.000000 372.000000 262.000000 117.000000 232.000000 293.000000 162.000000 172.000000 302.000000 142.000000 205.000000 138.000000 299.000000 217.000000 221.000000 279.000000 284.000000 108.000000 225.000000 204.000000 146.000000 301.000000 123.000000 152.000000 284.000000 119.000000 
142.000000 193.000000 100.000000 108.000000 194.000000 266.000000 180.000000 67.000000 161.000000 209.000000 105.000000 115.000000 209.000000 95.000000 135.000000 100.000000 209.000000 150.000000 148.000000 204.000000 199.000000 60.000000 165.000000 135.000000 99.000000 214.000000 70.000000 94.000000 197.000000 74.000000 
51.000000 120.000000 71.000000 164.000000 56.000000 212.000000 172.000000 142.000000 7.000000 36.000000 173.000000 189.000000 131.000000 193.000000 73.000000 221.000000 73.000000 204.000000 54.000000 272.000000 208.000000 144.000000 258.000000 153.000000 199.000000 237.000000 109.000000 80.000000 80.000000 175.000000 
188.000000 156.000000 176.000000 88.000000 213.000000 140.000000 92.000000 122.000000 229.000000 257.000000 84.000000 72.000000 159.000000 86.000000 167.000000 97.000000 213.000000 47.000000 186.000000 19.000000 66.000000 125.000000 49.000000 94.000000 84.000000 45.000000 149.000000 168.000000 195.000000 104.000000 
180.000000 78.000000 198.000000 145.000000 189.000000 93.000000 41.000000 187.000000 249.000000 273.000000 158.000000 168.000000 76.000000 205.000000 149.000000 257.000000 181.000000 143.000000 171.000000 224.000000 83.000000 197.000000 243.000000 95.000000 210.000000 131.000000 192.000000 192.000000 151.000000 206.000000 
31.000000 43.000000 22.000000 28.000000 41.000000 59.000000 42.000000 20.000000 32.000000 42.000000 28.000000 30.000000 47.000000 26.000000 30.000000 26.000000 44.000000 37.000000 32.000000 48.000000 47.000000 19.000000 40.000000 33.000000 27.000000 50.000000 19.000000 22.000000 42.000000 22.000000 
114.000000 151.000000 76.000000 66.000000 163.000000 217.000000 135.000000 26.000000 143.000000 187.000000 65.000000 78.000000 166.000000 65.000000 102.000000 83.000000 176.000000 110.000000 119.000000 168.000000 154.000000 19.000000 136.000000 91.000000 70.000000 170.000000 39.000000 69.000000 161.000000 43.000000 
22.000000 8.000000 29.000000 32.000000 17.000000 18.000000 21.000000 35.000000 29.000000 29.000000 34.000000 37.000000 5.000000 41.000000 20.000000 49.000000 14.000000 35.000000 20.000000 47.000000 27.000000 36.000000 49.000000 25.000000 42.000000 34.000000 32.000000 29.000000 12.000000 40.000000 
98.000000 80.000000 91.000000 38.000000 114.000000 77.000000 41.000000 60.000000 124.000000 141.000000 37.000000 30.000000 83.000000 42.000000 86.000000 54.000000 115.000000 12.000000 97.000000 28.000000 29.000000 62.000000 35.000000 40.000000 42.000000 24.000000 75.000000 87.000000 103.000000 51.000000 
6.000000 15.000000 15.000000 30.000000 3.000000 35.000000 28.000000 28.000000 10.000000 13.000000 32.000000 35.000000 17.000000 38.000000 9.000000 45.000000 7.000000 37.000000 5.000000 52.000000 36.000000 29.000000 50.000000 26.000000 39.000000 42.000000 22.000000 16.000000 6.000000 35.000000 
187.000000 112.000000 194.000000 121.000000 200.000000 74.000000 41.000000 165.000000 244.000000 266.000000 128.000000 128.000000 109.000000 160.000000 161.000000 197.000000 193.000000 96.000000 181.000000 142.000000 28.000000 172.000000 168.000000 89.000000 162.000000 60.000000 179.000000 188.000000 170.000000 168.000000 
35.000000 5.000000 47.000000 56.000000 34.000000 53.000000 38.000000 61.000000 56.000000 63.000000 62.000000 68.000000 13.000000 78.000000 27.000000 96.000000 32.000000 67.000000 31.000000 100.000000 56.000000 64.000000 101.000000 41.000000 80.000000 73.000000 54.000000 47.000000 22.000000 74.000000 
161.000000 103.000000 165.000000 101.000000 172.000000 64.000000 45.000000 137.000000 206.000000 224.000000 105.000000 103.000000 100.000000 128.000000 140.000000 155.000000 167.000000 75.000000 156.000000 102.000000 20.000000 143.000000 127.000000 79.000000 129.000000 35.000000 151.000000 159.000000 149.000000 136.000000 
33.000000 67.000000 18.000000 58.000000 53.000000 108.000000 77.000000 41.000000 33.000000 54.000000 60.000000 68.000000 74.000000 65.000000 36.000000 75.000000 62.000000 80.000000 37.000000 110.000000 91.000000 41.000000 98.000000 61.000000 68.000000 103.000000 26.000000 20.000000 59.000000 55.000000 
124.000000 54.000000 136.000000 104.000000 142.000000 119.000000 44.000000 133.000000 186.000000 213.000000 118.000000 130.000000 64.000000 160.000000 95.000000 207.000000 139.000000 121.000000 117.000000 204.000000 92.000000 142.000000 210.000000 59.000000 166.000000 134.000000 132.000000 131.000000 112.000000 156.000000 
103.000000 66.000000 105.000000 63.000000 110.000000 42.000000 29.000000 86.000000 132.000000 143.000000 66.000000 64.000000 65.000000 80.000000 90.000000 97.000000 107.000000 46.000000 100.000000 63.000000 12.000000 90.000000 79.000000 50.000000 81.000000 20.000000 96.000000 101.000000 95.000000 86.000000 
29.000000 50.000000 40.000000 74.000000 21.000000 85.000000 74.000000 67.000000 15.000000 1.000000 78.000000 84.000000 53.000000 87.000000 37.000000 98.000000 26.000000 89.000000 29.000000 116.000000 88.000000 68.000000 111.000000 69.000000 89.000000 100.000000 55.000000 43.000000 32.000000 80.000000 
142.000000 111.000000 133.000000 51.000000 166.000000 112.000000 50.000000 87.000000 184.000000 211.000000 51.000000 44.000000 116.000000 67.000000 121.000000 92.000000 167.000000 15.000000 140.000000 64.000000 37.000000 91.000000 71.000000 48.000000 68.000000 40.000000 109.000000 126.000000 149.000000 78.000000 
7.000000 22.000000 2.000000 23.000000 17.000000 41.000000 28.000000 17.000000 11.000000 20.000000 25.000000 28.000000 25.000000 29.000000 8.000000 34.000000 20.000000 32.000000 8.000000 47.000000 36.000000 18.000000 43.000000 22.000000 30.000000 41.000000 10.000000 4.000000 19.000000 25.000000 
14.000000 68.000000 18.000000 83.000000 53.000000 141.000000 95.000000 68.000000 48.000000 77.000000 90.000000 104.000000 80.000000 109.000000 15.000000 134.000000 65.000000 116.000000 19.000000 173.000000 123.000000 71.000000 161.000000 75.000000 114.000000 146.000000 44.000000 22.000000 56.000000 95.000000 
50.000000 23.000000 57.000000 50.000000 46.000000 10.000000 26.000000 59.000000 64.000000 65.000000 53.000000 55.000000 18.000000 64.000000 44.000000 76.000000 42.000000 49.000000 47.000000 65.000000 32.000000 61.000000 71.000000 39.000000 65.000000 41.000000 59.000000 57.000000 37.000000 64.000000 
145.000000 142.000000 123.000000 36.000000 182.000000 168.000000 93.000000 58.000000 184.000000 219.000000 26.000000 13.000000 152.000000 16.000000 126.000000 43.000000 188.000000 39.000000 146.000000 82.000000 93.000000 59.000000 56.000000 64.000000 15.000000 96.000000 89.000000 114.000000 170.000000 33.000000 
201.000000 125.000000 209.000000 140.000000 208.000000 58.000000 68.000000 182.000000 253.000000 271.000000 146.000000 144.000000 119.000000 174.000000 177.000000 206.000000 200.000000 111.000000 194.000000 139.000000 46.000000 189.000000 171.000000 112.000000 175.000000 59.000000 196.000000 204.000000 179.000000 183.000000 
61.000000 57.000000 106.000000 170.000000 68.000000 199.000000 143.000000 168.000000 124.000000 147.000000 186.000000 208.000000 78.000000 230.000000 48.000000 281.000000 72.000000 214.000000 49.000000 316.000000 198.000000 177.000000 309.000000 133.000000 239.000000 245.000000 138.000000 109.000000 44.000000 212.000000 
29.000000 5.000000 36.000000 38.000000 30.000000 37.000000 23.000000 43.000000 46.000000 52.000000 42.000000 47.000000 11.000000 54.000000 22.000000 68.000000 29.000000 45.000000 26.000000 70.000000 37.000000 45.000000 71.000000 26.000000 56.000000 49.000000 39.000000 36.000000 21.000000 52.000000 
75.000000 177.000000 60.000000 184.000000 121.000000 295.000000 222.000000 144.000000 55.000000 111.000000 193.000000 213.000000 195.000000 212.000000 95.000000 241.000000 144.000000 242.000000 86.000000 328.000000 264.000000 145.000000 300.000000 183.000000 219.000000 298.000000 101.000000 69.000000 142.000000 185.000000 
185.000000 194.000000 151.000000 52.000000 238.000000 240.000000 139.000000 62.000000 233.000000 282.000000 39.000000 35.000000 208.000000 4.000000 162.000000 44.000000 248.000000 75.000000 188.000000 130.000000 144.000000 60.000000 90.000000 94.000000 11.000000 151.000000 104.000000 140.000000 226.000000 22.000000 
214.000000 169.000000 201.000000 78.000000 251.000000 168.000000 78.000000 132.000000 277.000000 316.000000 78.000000 67.000000 176.000000 101.000000 184.000000 136.000000 252.000000 23.000000 211.000000 89.000000 55.000000 138.000000 102.000000 76.000000 101.000000 57.000000 165.000000 190.000000 225.000000 118.000000 
200.000000 237.000000 156.000000 113.000000 257.000000 299.000000 200.000000 86.000000 232.000000 284.000000 104.000000 106.000000 254.000000 75.000000 186.000000 60.000000 272.000000 144.000000 206.000000 187.000000 210.000000 78.000000 137.000000 152.000000 76.000000 218.000000 113.000000 147.000000 254.000000 64.000000 
195.000000 184.000000 170.000000 64.000000 237.000000 202.000000 119.000000 94.000000 242.000000 283.000000 53.000000 35.000000 194.000000 39.000000 172.000000 53.000000 243.000000 44.000000 196.000000 73.000000 109.000000 94.000000 42.000000 92.000000 35.000000 105.000000 130.000000 160.000000 221.000000 62.000000 
68.000000 88.000000 115.000000 193.000000 11.000000 193.000000 169.000000 185.000000 81.000000 72.000000 206.000000 224.000000 95.000000 239.000000 81.000000 279.000000 11.000000 230.000000 61.000000 311.000000 213.000000 191.000000 306.000000 165.000000 246.000000 251.000000 154.000000 122.000000 29.000000 223.000000 
39.000000 106.000000 87.000000 187.000000 28.000000 227.000000 181.000000 170.000000 51.000000 68.000000 200.000000 220.000000 121.000000 233.000000 62.000000 273.000000 52.000000 234.000000 35.000000 323.000000 228.000000 175.000000 310.000000 165.000000 241.000000 268.000000 132.000000 95.000000 54.000000 212.000000 
76.000000 170.000000 110.000000 240.000000 74.000000 302.000000 248.000000 210.000000 19.000000 43.000000 253.000000 276.000000 186.000000 284.000000 108.000000 324.000000 99.000000 297.000000 80.000000 395.000000 300.000000 214.000000 375.000000 223.000000 293.000000 342.000000 164.000000 122.000000 110.000000 258.000000 
108.000000 100.000000 92.000000 21.000000 146.000000 151.000000 65.000000 48.000000 156.000000 192.000000 33.000000 48.000000 113.000000 67.000000 85.000000 105.000000 152.000000 60.000000 107.000000 134.000000 87.000000 55.000000 121.000000 19.000000 72.000000 109.000000 66.000000 84.000000 131.000000 61.000000 
48.000000 66.000000 33.000000 36.000000 67.000000 93.000000 62.000000 21.000000 56.000000 73.000000 35.000000 39.000000 72.000000 32.000000 46.000000 35.000000 73.000000 52.000000 51.000000 72.000000 69.000000 19.000000 58.000000 46.000000 34.000000 75.000000 22.000000 31.000000 68.000000 25.000000 
155.000000 164.000000 127.000000 57.000000 196.000000 198.000000 122.000000 59.000000 189.000000 227.000000 47.000000 42.000000 175.000000 17.000000 139.000000 16.000000 204.000000 69.000000 157.000000 101.000000 123.000000 57.000000 65.000000 89.000000 15.000000 126.000000 90.000000 118.000000 188.000000 27.000000 
125.000000 159.000000 90.000000 73.000000 170.000000 216.000000 140.000000 41.000000 149.000000 190.000000 69.000000 77.000000 173.000000 59.000000 114.000000 66.000000 182.000000 108.000000 129.000000 155.000000 154.000000 35.000000 121.000000 100.000000 63.000000 165.000000 56.000000 83.000000 169.000000 41.000000 
64.000000 65.000000 54.000000 26.000000 78.000000 75.000000 48.000000 29.000000 76.000000 90.000000 23.000000 19.000000 69.000000 12.000000 58.000000 4.000000 81.000000 26.000000 65.000000 32.000000 46.000000 28.000000 17.000000 37.000000 10.000000 45.000000 41.000000 51.000000 75.000000 18.000000 
106.000000 173.000000 61.000000 116.000000 161.000000 264.000000 179.000000 69.000000 123.000000 174.000000 118.000000 135.000000 192.000000 124.000000 103.000000 143.000000 179.000000 168.000000 114.000000 238.000000 208.000000 66.000000 204.000000 133.000000 130.000000 231.000000 45.000000 56.000000 168.000000 99.000000 
17.000000 30.000000 9.000000 21.000000 28.000000 48.000000 32.000000 13.000000 20.000000 30.000000 22.000000 25.000000 34.000000 24.000000 17.000000 28.000000 31.000000 31.000000 19.000000 45.000000 38.000000 13.000000 39.000000 24.000000 25.000000 43.000000 8.000000 8.000000 29.000000 19.000000 
22.000000 57.000000 57.000000 117.000000 23.000000 142.000000 109.000000 108.000000 51.000000 64.000000 126.000000 140.000000 69.000000 150.000000 31.000000 180.000000 35.000000 148.000000 16.000000 210.000000 142.000000 113.000000 202.000000 99.000000 156.000000 170.000000 85.000000 61.000000 27.000000 137.000000 
121.000000 178.000000 73.000000 96.000000 181.000000 267.000000 171.000000 45.000000 151.000000 205.000000 98.000000 115.000000 197.000000 103.000000 111.000000 125.000000 198.000000 152.000000 128.000000 226.000000 199.000000 41.000000 189.000000 120.000000 109.000000 222.000000 35.000000 65.000000 182.000000 76.000000 
65.000000 31.000000 96.000000 128.000000 43.000000 106.000000 95.000000 132.000000 93.000000 93.000000 138.000000 150.000000 33.000000 166.000000 62.000000 197.000000 32.000000 148.000000 58.000000 206.000000 127.000000 138.000000 208.000000 102.000000 170.000000 155.000000 116.000000 98.000000 19.000000 157.000000 
180.000000 128.000000 178.000000 98.000000 198.000000 95.000000 60.000000 138.000000 228.000000 251.000000 100.000000 93.000000 128.000000 118.000000 158.000000 143.000000 195.000000 61.000000 176.000000 79.000000 23.000000 143.000000 107.000000 84.000000 118.000000 8.000000 158.000000 172.000000 175.000000 131.000000 
14.000000 28.000000 6.000000 23.000000 24.000000 46.000000 32.000000 15.000000 16.000000 25.000000 24.000000 27.000000 31.000000 26.000000 14.000000 31.000000 27.000000 33.000000 15.000000 47.000000 38.000000 15.000000 41.000000 24.000000 28.000000 43.000000 8.000000 6.000000 25.000000 22.000000 
229.000000 243.000000 186.000000 78.000000 292.000000 298.000000 180.000000 82.000000 283.000000 341.000000 63.000000 57.000000 261.000000 18.000000 204.000000 37.000000 305.000000 101.000000 233.000000 157.000000 184.000000 78.000000 105.000000 127.000000 17.000000 190.000000 130.000000 174.000000 279.000000 32.000000 
62.000000 53.000000 56.000000 15.000000 76.000000 60.000000 27.000000 32.000000 82.000000 96.000000 14.000000 11.000000 56.000000 23.000000 53.000000 35.000000 77.000000 4.000000 62.000000 34.000000 25.000000 34.000000 31.000000 19.000000 23.000000 29.000000 44.000000 52.000000 69.000000 27.000000 
132.000000 238.000000 82.000000 194.000000 197.000000 367.000000 265.000000 137.000000 130.000000 196.000000 200.000000 222.000000 262.000000 210.000000 141.000000 235.000000 224.000000 264.000000 144.000000 357.000000 308.000000 134.000000 315.000000 209.000000 218.000000 341.000000 95.000000 85.000000 215.000000 178.000000 
43.000000 28.000000 44.000000 26.000000 46.000000 19.000000 11.000000 36.000000 55.000000 61.000000 27.000000 26.000000 27.000000 33.000000 37.000000 40.000000 45.000000 18.000000 42.000000 26.000000 4.000000 37.000000 33.000000 20.000000 33.000000 8.000000 40.000000 42.000000 40.000000 35.000000 
175.000000 158.000000 151.000000 16.000000 224.000000 206.000000 90.000000 74.000000 238.000000 286.000000 23.000000 34.000000 173.000000 67.000000 144.000000 116.000000 231.000000 50.000000 174.000000 146.000000 105.000000 81.000000 129.000000 41.000000 73.000000 126.000000 109.000000 139.000000 204.000000 71.000000 
83.000000 42.000000 122.000000 162.000000 53.000000 132.000000 121.000000 167.000000 116.000000 115.000000 175.000000 189.000000 43.000000 209.000000 80.000000 248.000000 39.000000 187.000000 74.000000 258.000000 160.000000 174.000000 261.000000 130.000000 215.000000 195.000000 147.000000 125.000000 24.000000 198.000000 
104.000000 88.000000 93.000000 19.000000 130.000000 110.000000 44.000000 52.000000 141.000000 168.000000 23.000000 25.000000 95.000000 46.000000 86.000000 73.000000 133.000000 23.000000 103.000000 79.000000 50.000000 57.000000 74.000000 21.000000 48.000000 62.000000 71.000000 87.000000 117.000000 50.000000 
17.000000 13.000000 28.000000 44.000000 17.000000 50.000000 36.000000 44.000000 32.000000 38.000000 48.000000 53.000000 19.000000 59.000000 13.000000 72.000000 18.000000 55.000000 13.000000 81.000000 50.000000 46.000000 79.000000 34.000000 62.000000 62.000000 36.000000 29.000000 10.000000 55.000000 
43.000000 59.000000 27.000000 28.000000 63.000000 88.000000 55.000000 10.000000 55.000000 73.000000 28.000000 34.000000 66.000000 30.000000 38.000000 38.000000 69.000000 47.000000 45.000000 72.000000 64.000000 8.000000 59.000000 37.000000 32.000000 71.000000 12.000000 24.000000 63.000000 20.000000 
199.000000 255.000000 146.000000 127.000000 268.000000 342.000000 227.000000 79.000000 232.000000 294.000000 121.000000 131.000000 276.000000 101.000000 186.000000 104.000000 287.000000 178.000000 207.000000 243.000000 248.000000 69.000000 190.000000 168.000000 106.000000 264.000000 99.000000 136.000000 268.000000 76.000000 
156.000000 181.000000 117.000000 53.000000 212.000000 245.000000 143.000000 29.000000 199.000000 250.000000 47.000000 58.000000 198.000000 41.000000 136.000000 70.000000 225.000000 99.000000 160.000000 166.000000 159.000000 25.000000 128.000000 92.000000 48.000000 174.000000 69.000000 106.000000 204.000000 15.000000 
96.000000 125.000000 71.000000 69.000000 127.000000 167.000000 115.000000 47.000000 107.000000 136.000000 67.000000 71.000000 135.000000 58.000000 91.000000 56.000000 136.000000 93.000000 100.000000 122.000000 125.000000 42.000000 97.000000 87.000000 60.000000 132.000000 52.000000 67.000000 128.000000 47.000000 
183.000000 180.000000 155.000000 60.000000 226.000000 207.000000 123.000000 80.000000 226.000000 267.000000 48.000000 34.000000 191.000000 23.000000 162.000000 34.000000 233.000000 56.000000 184.000000 87.000000 119.000000 79.000000 51.000000 92.000000 17.000000 117.000000 116.000000 146.000000 213.000000 46.000000 
90.000000 25.000000 110.000000 105.000000 81.000000 52.000000 57.000000 121.000000 123.000000 127.000000 114.000000 121.000000 14.000000 140.000000 78.000000 169.000000 73.000000 112.000000 83.000000 157.000000 80.000000 127.000000 166.000000 78.000000 144.000000 105.000000 116.000000 109.000000 59.000000 137.000000 
21.000000 5.000000 27.000000 29.000000 18.000000 17.000000 17.000000 32.000000 29.000000 30.000000 31.000000 33.000000 2.000000 38.000000 19.000000 46.000000 15.000000 32.000000 20.000000 44.000000 24.000000 34.000000 46.000000 22.000000 39.000000 31.000000 30.000000 27.000000 12.000000 37.000000 
45.000000 31.000000 47.000000 37.000000 60.000000 70.000000 30.000000 45.000000 74.000000 89.000000 44.000000 51.000000 39.000000 63.000000 31.000000 84.000000 61.000000 52.000000 43.000000 93.000000 50.000000 49.000000 91.000000 20.000000 66.000000 68.000000 44.000000 44.000000 49.000000 58.000000 
101.000000 49.000000 112.000000 86.000000 100.000000 20.000000 36.000000 107.000000 132.000000 139.000000 92.000000 95.000000 43.000000 113.000000 88.000000 135.000000 94.000000 80.000000 96.000000 110.000000 44.000000 112.000000 123.000000 64.000000 115.000000 62.000000 110.000000 109.000000 82.000000 114.000000 
45.000000 30.000000 45.000000 22.000000 55.000000 44.000000 10.000000 35.000000 66.000000 77.000000 26.000000 29.000000 33.000000 40.000000 35.000000 55.000000 55.000000 26.000000 44.000000 54.000000 23.000000 38.000000 55.000000 8.000000 41.000000 35.000000 39.000000 42.000000 47.000000 39.000000 
45.000000 58.000000 32.000000 27.000000 62.000000 79.000000 51.000000 15.000000 54.000000 69.000000 26.000000 29.000000 63.000000 22.000000 42.000000 24.000000 66.000000 40.000000 47.000000 57.000000 57.000000 13.000000 44.000000 37.000000 23.000000 61.000000 21.000000 30.000000 61.000000 16.000000 
67.000000 138.000000 20.000000 109.000000 129.000000 244.000000 157.000000 72.000000 105.000000 158.000000 118.000000 139.000000 158.000000 140.000000 59.000000 174.000000 148.000000 167.000000 75.000000 253.000000 195.000000 75.000000 226.000000 112.000000 148.000000 227.000000 29.000000 10.000000 133.000000 115.000000 
85.000000 160.000000 32.000000 116.000000 153.000000 275.000000 175.000000 71.000000 125.000000 184.000000 125.000000 147.000000 183.000000 146.000000 76.000000 182.000000 173.000000 181.000000 93.000000 274.000000 216.000000 74.000000 242.000000 123.000000 155.000000 249.000000 23.000000 22.000000 157.000000 118.000000 
63.000000 54.000000 57.000000 11.000000 80.000000 69.000000 27.000000 31.000000 87.000000 104.000000 14.000000 16.000000 59.000000 29.000000 52.000000 47.000000 82.000000 16.000000 63.000000 52.000000 32.000000 34.000000 48.000000 12.000000 31.000000 41.000000 43.000000 52.000000 72.000000 31.000000 
41.000000 61.000000 27.000000 41.000000 57.000000 88.000000 62.000000 27.000000 43.000000 59.000000 41.000000 45.000000 67.000000 40.000000 40.000000 43.000000 62.000000 56.000000 43.000000 75.000000 70.000000 25.000000 63.000000 48.000000 42.000000 76.000000 23.000000 27.000000 59.000000 33.000000 
26.000000 63.000000 65.000000 131.000000 35.000000 164.000000 122.000000 123.000000 66.000000 85.000000 142.000000 159.000000 77.000000 172.000000 30.000000 207.000000 46.000000 168.000000 17.000000 241.000000 161.000000 128.000000 233.000000 110.000000 178.000000 194.000000 96.000000 69.000000 34.000000 157.000000 
116.000000 158.000000 86.000000 99.000000 153.000000 212.000000 151.000000 69.000000 125.000000 159.000000 96.000000 103.000000 170.000000 87.000000 114.000000 86.000000 166.000000 129.000000 122.000000 165.000000 165.000000 64.000000 135.000000 118.000000 90.000000 175.000000 69.000000 83.000000 158.000000 73.000000 
10.000000 32.000000 24.000000 55.000000 10.000000 68.000000 54.000000 49.000000 14.000000 20.000000 59.000000 65.000000 36.000000 68.000000 18.000000 80.000000 17.000000 69.000000 9.000000 96.000000 68.000000 51.000000 92.000000 48.000000 71.000000 80.000000 38.000000 27.000000 17.000000 62.000000 
19.000000 21.000000 19.000000 22.000000 30.000000 47.000000 24.000000 22.000000 35.000000 45.000000 26.000000 31.000000 26.000000 36.000000 11.000000 47.000000 32.000000 34.000000 18.000000 58.000000 36.000000 25.000000 55.000000 16.000000 38.000000 46.000000 18.000000 17.000000 26.000000 32.000000 
25.000000 93.000000 50.000000 135.000000 42.000000 182.000000 141.000000 116.000000 20.000000 51.000000 143.000000 159.000000 106.000000 165.000000 47.000000 192.000000 59.000000 173.000000 29.000000 238.000000 175.000000 119.000000 225.000000 123.000000 170.000000 203.000000 86.000000 58.000000 60.000000 148.000000 
53.000000 36.000000 54.000000 31.000000 58.000000 24.000000 16.000000 43.000000 68.000000 74.000000 32.000000 31.000000 36.000000 38.000000 47.000000 47.000000 56.000000 21.000000 52.000000 28.000000 6.000000 45.000000 36.000000 25.000000 39.000000 6.000000 48.000000 52.000000 50.000000 42.000000 
118.000000 56.000000 164.000000 205.000000 79.000000 147.000000 148.000000 215.000000 156.000000 150.000000 220.000000 236.000000 50.000000 262.000000 113.000000 308.000000 58.000000 231.000000 107.000000 313.000000 192.000000 223.000000 320.000000 165.000000 268.000000 234.000000 192.000000 167.000000 47.000000 250.000000 
244.000000 181.000000 237.000000 118.000000 274.000000 151.000000 83.000000 174.000000 310.000000 345.000000 119.000000 109.000000 183.000000 143.000000 213.000000 176.000000 272.000000 63.000000 240.000000 94.000000 38.000000 181.000000 127.000000 105.000000 142.000000 20.000000 205.000000 227.000000 244.000000 161.000000 
24.000000 11.000000 26.000000 22.000000 29.000000 30.000000 13.000000 27.000000 38.000000 44.000000 25.000000 29.000000 15.000000 35.000000 17.000000 46.000000 29.000000 28.000000 22.000000 48.000000 24.000000 29.000000 48.000000 13.000000 36.000000 33.000000 26.000000 25.000000 23.000000 33.000000 
44.000000 104.000000 77.000000 165.000000 33.000000 200.000000 164.000000 148.000000 28.000000 36.000000 175.000000 192.000000 115.000000 200.000000 66.000000 231.000000 52.000000 204.000000 44.000000 275.000000 202.000000 152.000000 264.000000 149.000000 206.000000 233.000000 116.000000 85.000000 59.000000 183.000000 
42.000000 103.000000 21.000000 98.000000 78.000000 176.000000 125.000000 72.000000 46.000000 82.000000 103.000000 116.000000 115.000000 115.000000 50.000000 135.000000 92.000000 135.000000 49.000000 189.000000 151.000000 73.000000 171.000000 99.000000 120.000000 172.000000 45.000000 26.000000 87.000000 99.000000 
28.000000 26.000000 46.000000 73.000000 34.000000 90.000000 62.000000 73.000000 58.000000 70.000000 81.000000 91.000000 36.000000 101.000000 19.000000 124.000000 37.000000 94.000000 22.000000 141.000000 87.000000 77.000000 137.000000 57.000000 105.000000 109.000000 60.000000 47.000000 24.000000 93.000000 
1.000000 31.000000 13.000000 44.000000 20.000000 67.000000 47.000000 38.000000 18.000000 31.000000 48.000000 54.000000 36.000000 57.000000 8.000000 69.000000 26.000000 59.000000 4.000000 86.000000 61.000000 39.000000 81.000000 39.000000 59.000000 72.000000 26.000000 15.000000 22.000000 50.000000 
121.000000 93.000000 113.000000 36.000000 149.000000 117.000000 37.000000 73.000000 167.000000 196.000000 42.000000 46.000000 101.000000 72.000000 98.000000 105.000000 151.000000 37.000000 119.000000 103.000000 50.000000 79.000000 102.000000 18.000000 75.000000 70.000000 91.000000 105.000000 131.000000 75.000000 
132.000000 129.000000 113.000000 53.000000 159.000000 142.000000 90.000000 65.000000 159.000000 185.000000 45.000000 35.000000 136.000000 28.000000 118.000000 22.000000 164.000000 44.000000 132.000000 50.000000 84.000000 64.000000 21.000000 72.000000 24.000000 79.000000 88.000000 108.000000 151.000000 42.000000 
123.000000 115.000000 105.000000 22.000000 154.000000 139.000000 71.000000 50.000000 159.000000 190.000000 14.000000 2.000000 124.000000 25.000000 105.000000 53.000000 159.000000 26.000000 123.000000 76.000000 72.000000 52.000000 59.000000 44.000000 27.000000 78.000000 76.000000 98.000000 143.000000 35.000000 
213.000000 113.000000 228.000000 156.000000 222.000000 70.000000 50.000000 205.000000 281.000000 303.000000 167.000000 170.000000 107.000000 209.000000 183.000000 256.000000 212.000000 137.000000 204.000000 200.000000 60.000000 214.000000 228.000000 112.000000 213.000000 100.000000 216.000000 221.000000 184.000000 215.000000 
20.000000 34.000000 43.000000 80.000000 26.000000 99.000000 72.000000 77.000000 48.000000 60.000000 88.000000 98.000000 43.000000 107.000000 18.000000 130.000000 31.000000 103.000000 15.000000 149.000000 97.000000 80.000000 145.000000 65.000000 111.000000 119.000000 61.000000 45.000000 20.000000 98.000000 
14.000000 28.000000 6.000000 22.000000 24.000000 46.000000 32.000000 15.000000 17.000000 26.000000 23.000000 27.000000 32.000000 26.000000 15.000000 30.000000 28.000000 32.000000 16.000000 46.000000 38.000000 15.000000 41.000000 24.000000 27.000000 43.000000 8.000000 6.000000 26.000000 21.000000 
82.000000 45.000000 87.000000 57.000000 86.000000 29.000000 17.000000 76.000000 108.000000 117.000000 61.000000 62.000000 43.000000 77.000000 70.000000 95.000000 83.000000 49.000000 79.000000 73.000000 19.000000 80.000000 84.000000 41.000000 78.000000 35.000000 81.000000 84.000000 72.000000 80.000000 
76.000000 40.000000 82.000000 59.000000 78.000000 20.000000 21.000000 76.000000 100.000000 107.000000 63.000000 64.000000 37.000000 77.000000 66.000000 94.000000 74.000000 52.000000 73.000000 74.000000 24.000000 79.000000 84.000000 43.000000 79.000000 38.000000 79.000000 80.000000 65.000000 80.000000 
71.000000 123.000000 43.000000 93.000000 106.000000 187.000000 132.000000 63.000000 74.000000 109.000000 95.000000 106.000000 135.000000 99.000000 74.000000 111.000000 120.000000 129.000000 77.000000 176.000000 153.000000 61.000000 153.000000 103.000000 103.000000 170.000000 44.000000 43.000000 114.000000 83.000000 
37.000000 39.000000 29.000000 8.000000 52.000000 59.000000 28.000000 12.000000 53.000000 67.000000 11.000000 18.000000 44.000000 22.000000 29.000000 35.000000 55.000000 25.000000 37.000000 51.000000 36.000000 14.000000 45.000000 12.000000 24.000000 44.000000 18.000000 26.000000 48.000000 18.000000 
132.000000 122.000000 112.000000 7.000000 172.000000 165.000000 74.000000 52.000000 181.000000 219.000000 17.000000 30.000000 135.000000 52.000000 108.000000 92.000000 178.000000 46.000000 131.000000 121.000000 88.000000 58.000000 106.000000 31.000000 57.000000 105.000000 79.000000 103.000000 157.000000 52.000000 
120.000000 84.000000 119.000000 68.000000 130.000000 59.000000 40.000000 94.000000 150.000000 165.000000 69.000000 66.000000 83.000000 82.000000 105.000000 98.000000 127.000000 45.000000 117.000000 55.000000 17.000000 97.000000 74.000000 58.000000 82.000000 8.000000 107.000000 115.000000 115.000000 90.000000 
119.000000 90.000000 111.000000 37.000000 143.000000 105.000000 34.000000 73.000000 161.000000 187.000000 42.000000 43.000000 96.000000 67.000000 98.000000 96.000000 144.000000 28.000000 116.000000 87.000000 39.000000 78.000000 88.000000 25.000000 69.000000 56.000000 91.000000 105.000000 126.000000 72.000000 
84.000000 124.000000 50.000000 62.000000 131.000000 193.000000 118.000000 24.000000 115.000000 156.000000 65.000000 80.000000 139.000000 75.000000 73.000000 99.000000 144.000000 107.000000 89.000000 169.000000 141.000000 24.000000 144.000000 77.000000 81.000000 160.000000 13.000000 42.000000 130.000000 55.000000 
18.000000 19.000000 33.000000 54.000000 13.000000 59.000000 46.000000 53.000000 33.000000 37.000000 59.000000 65.000000 24.000000 71.000000 17.000000 86.000000 14.000000 67.000000 14.000000 96.000000 61.000000 55.000000 94.000000 44.000000 74.000000 75.000000 43.000000 34.000000 7.000000 66.000000 
48.000000 117.000000 64.000000 154.000000 59.000000 206.000000 165.000000 131.000000 3.000000 42.000000 162.000000 178.000000 129.000000 181.000000 70.000000 206.000000 76.000000 194.000000 53.000000 259.000000 199.000000 134.000000 243.000000 145.000000 187.000000 227.000000 100.000000 72.000000 81.000000 163.000000 
133.000000 189.000000 83.000000 94.000000 197.000000 281.000000 177.000000 40.000000 168.000000 225.000000 96.000000 113.000000 209.000000 100.000000 120.000000 125.000000 214.000000 153.000000 140.000000 232.000000 205.000000 34.000000 192.000000 121.000000 107.000000 229.000000 38.000000 74.000000 197.000000 71.000000 
188.000000 117.000000 189.000000 98.000000 214.000000 122.000000 17.000000 149.000000 256.000000 289.000000 108.000000 111.000000 122.000000 149.000000 156.000000 195.000000 211.000000 82.000000 182.000000 159.000000 37.000000 158.000000 175.000000 60.000000 152.000000 80.000000 168.000000 181.000000 182.000000 155.000000 
37.000000 18.000000 42.000000 33.000000 37.000000 7.000000 14.000000 40.000000 49.000000 51.000000 35.000000 36.000000 15.000000 43.000000 33.000000 51.000000 34.000000 31.000000 36.000000 42.000000 17.000000 42.000000 47.000000 24.000000 43.000000 24.000000 41.000000 41.000000 30.000000 43.000000 
35.000000 19.000000 36.000000 21.000000 40.000000 24.000000 1.000000 31.000000 49.000000 56.000000 24.000000 26.000000 20.000000 33.000000 28.000000 43.000000 39.000000 21.000000 34.000000 38.000000 12.000000 33.000000 41.000000 12.000000 34.000000 22.000000 33.000000 35.000000 33.000000 34.000000 
178.000000 184.000000 146.000000 57.000000 225.000000 222.000000 133.000000 66.000000 220.000000 264.000000 45.000000 38.000000 197.000000 10.000000 157.000000 29.000000 234.000000 70.000000 180.000000 112.000000 134.000000 64.000000 73.000000 94.000000 5.000000 137.000000 104.000000 136.000000 214.000000 29.000000 
50.000000 56.000000 40.000000 23.000000 64.000000 69.000000 45.000000 19.000000 59.000000 72.000000 20.000000 20.000000 60.000000 12.000000 45.000000 8.000000 67.000000 29.000000 51.000000 39.000000 46.000000 18.000000 27.000000 33.000000 12.000000 47.000000 28.000000 37.000000 62.000000 11.000000 
241.000000 177.000000 235.000000 117.000000 270.000000 147.000000 79.000000 173.000000 307.000000 342.000000 119.000000 109.000000 179.000000 144.000000 210.000000 178.000000 268.000000 64.000000 237.000000 98.000000 34.000000 180.000000 130.000000 103.000000 144.000000 20.000000 204.000000 225.000000 240.000000 161.000000 
197.000000 157.000000 185.000000 81.000000 227.000000 146.000000 78.000000 126.000000 249.000000 282.000000 79.000000 67.000000 162.000000 93.000000 171.000000 117.000000 227.000000 30.000000 194.000000 60.000000 52.000000 130.000000 78.000000 81.000000 92.000000 40.000000 155.000000 176.000000 205.000000 110.000000 
53.000000 12.000000 66.000000 65.000000 48.000000 36.000000 36.000000 74.000000 74.000000 77.000000 71.000000 75.000000 5.000000 87.000000 46.000000 105.000000 42.000000 70.000000 49.000000 100.000000 52.000000 78.000000 105.000000 48.000000 89.000000 68.000000 70.000000 65.000000 34.000000 85.000000 
26.000000 27.000000 20.000000 3.000000 34.000000 36.000000 19.000000 6.000000 34.000000 42.000000 2.000000 5.000000 29.000000 6.000000 21.000000 14.000000 36.000000 12.000000 26.000000 25.000000 21.000000 7.000000 20.000000 10.000000 7.000000 24.000000 13.000000 18.000000 32.000000 5.000000 
143.000000 127.000000 129.000000 57.000000 167.000000 128.000000 80.000000 81.000000 175.000000 200.000000 52.000000 40.000000 133.000000 46.000000 127.000000 52.000000 170.000000 31.000000 142.000000 27.000000 66.000000 82.000000 18.000000 70.000000 43.000000 57.000000 104.000000 122.000000 155.000000 61.000000 
13.000000 19.000000 8.000000 12.000000 22.000000 35.000000 20.000000 8.000000 21.000000 29.000000 14.000000 17.000000 23.000000 19.000000 9.000000 25.000000 25.000000 22.000000 13.000000 36.000000 26.000000 9.000000 32.000000 12.000000 20.000000 31.000000 5.000000 6.000000 21.000000 15.000000 
37.000000 92.000000 61.000000 138.000000 36.000000 173.000000 141.000000 122.000000 15.000000 30.000000 146.000000 160.000000 102.000000 166.000000 57.000000 191.000000 51.000000 172.000000 39.000000 231.000000 172.000000 124.000000 220.000000 126.000000 171.000000 198.000000 94.000000 68.000000 57.000000 151.000000 
88.000000 80.000000 78.000000 37.000000 103.000000 82.000000 53.000000 49.000000 106.000000 121.000000 33.000000 26.000000 84.000000 27.000000 79.000000 27.000000 105.000000 24.000000 88.000000 17.000000 45.000000 49.000000 4.000000 46.000000 25.000000 39.000000 63.000000 75.000000 96.000000 37.000000 
45.000000 10.000000 54.000000 50.000000 45.000000 35.000000 25.000000 59.000000 66.000000 72.000000 55.000000 60.000000 10.000000 70.000000 37.000000 87.000000 42.000000 55.000000 42.000000 83.000000 40.000000 62.000000 87.000000 34.000000 72.000000 55.000000 57.000000 53.000000 33.000000 68.000000 
57.000000 25.000000 82.000000 106.000000 38.000000 83.000000 77.000000 110.000000 79.000000 78.000000 114.000000 123.000000 25.000000 136.000000 54.000000 162.000000 28.000000 121.000000 51.000000 167.000000 102.000000 115.000000 169.000000 84.000000 140.000000 125.000000 97.000000 83.000000 19.000000 130.000000 
27.000000 40.000000 15.000000 21.000000 43.000000 65.000000 39.000000 9.000000 38.000000 52.000000 22.000000 28.000000 45.000000 27.000000 23.000000 36.000000 47.000000 37.000000 28.000000 59.000000 47.000000 9.000000 50.000000 25.000000 29.000000 54.000000 2.000000 12.000000 42.000000 20.000000 
61.000000 52.000000 78.000000 106.000000 89.000000 159.000000 93.000000 109.000000 120.000000 150.000000 119.000000 137.000000 72.000000 157.000000 35.000000 199.000000 94.000000 144.000000 55.000000 229.000000 138.000000 117.000000 222.000000 77.000000 164.000000 175.000000 90.000000 76.000000 71.000000 143.000000 
168.000000 155.000000 148.000000 57.000000 203.000000 167.000000 97.000000 85.000000 209.000000 243.000000 49.000000 33.000000 163.000000 41.000000 148.000000 53.000000 207.000000 33.000000 169.000000 54.000000 87.000000 86.000000 32.000000 78.000000 37.000000 81.000000 116.000000 140.000000 189.000000 60.000000 
92.000000 117.000000 63.000000 44.000000 132.000000 170.000000 101.000000 10.000000 120.000000 155.000000 44.000000 54.000000 130.000000 47.000000 80.000000 66.000000 142.000000 81.000000 95.000000 131.000000 117.000000 5.000000 106.000000 65.000000 52.000000 130.000000 30.000000 56.000000 128.000000 28.000000 
65.000000 88.000000 47.000000 50.000000 88.000000 120.000000 82.000000 32.000000 73.000000 94.000000 48.000000 52.000000 95.000000 43.000000 62.000000 44.000000 95.000000 68.000000 68.000000 91.000000 90.000000 29.000000 73.000000 62.000000 45.000000 96.000000 34.000000 44.000000 89.000000 34.000000 
196.000000 94.000000 214.000000 154.000000 203.000000 72.000000 48.000000 199.000000 263.000000 285.000000 166.000000 172.000000 88.000000 210.000000 167.000000 259.000000 193.000000 143.000000 187.000000 214.000000 74.000000 209.000000 238.000000 107.000000 215.000000 117.000000 206.000000 208.000000 165.000000 213.000000 
27.000000 50.000000 39.000000 77.000000 55.000000 126.000000 79.000000 72.000000 68.000000 92.000000 86.000000 100.000000 63.000000 110.000000 7.000000 138.000000 63.000000 108.000000 24.000000 167.000000 109.000000 76.000000 159.000000 62.000000 115.000000 135.000000 53.000000 38.000000 49.000000 98.000000 
53.000000 75.000000 44.000000 68.000000 93.000000 155.000000 87.000000 60.000000 99.000000 133.000000 78.000000 95.000000 91.000000 105.000000 31.000000 139.000000 102.000000 109.000000 53.000000 180.000000 120.000000 66.000000 166.000000 56.000000 111.000000 148.000000 43.000000 38.000000 85.000000 91.000000 
27.000000 17.000000 27.000000 14.000000 33.000000 26.000000 6.000000 21.000000 39.000000 46.000000 16.000000 18.000000 19.000000 24.000000 21.000000 33.000000 33.000000 16.000000 26.000000 33.000000 14.000000 23.000000 33.000000 5.000000 25.000000 21.000000 23.000000 25.000000 27.000000 24.000000 
73.000000 27.000000 89.000000 88.000000 63.000000 37.000000 51.000000 99.000000 95.000000 96.000000 94.000000 99.000000 17.000000 113.000000 66.000000 134.000000 55.000000 92.000000 68.000000 124.000000 66.000000 104.000000 132.000000 68.000000 116.000000 84.000000 95.000000 89.000000 47.000000 111.000000 
78.000000 56.000000 129.000000 194.000000 56.000000 194.000000 156.000000 195.000000 129.000000 140.000000 210.000000 232.000000 70.000000 255.000000 73.000000 307.000000 51.000000 235.000000 65.000000 335.000000 210.000000 204.000000 332.000000 155.000000 264.000000 258.000000 164.000000 133.000000 20.000000 238.000000 
231.000000 135.000000 246.000000 175.000000 234.000000 47.000000 82.000000 222.000000 292.000000 309.000000 183.000000 184.000000 125.000000 219.000000 204.000000 260.000000 223.000000 148.000000 222.000000 188.000000 70.000000 231.000000 223.000000 137.000000 222.000000 92.000000 235.000000 240.000000 199.000000 228.000000 
73.000000 25.000000 87.000000 79.000000 67.000000 31.000000 40.000000 93.000000 97.000000 101.000000 85.000000 90.000000 17.000000 104.000000 64.000000 125.000000 60.000000 81.000000 68.000000 113.000000 55.000000 97.000000 121.000000 59.000000 107.000000 73.000000 90.000000 86.000000 51.000000 103.000000 
86.000000 20.000000 123.000000 154.000000 75.000000 140.000000 109.000000 163.000000 136.000000 148.000000 169.000000 185.000000 34.000000 209.000000 72.000000 254.000000 67.000000 183.000000 75.000000 266.000000 155.000000 172.000000 268.000000 117.000000 216.000000 196.000000 144.000000 124.000000 42.000000 197.000000 
34.000000 79.000000 78.000000 156.000000 19.000000 184.000000 146.000000 145.000000 57.000000 69.000000 168.000000 185.000000 92.000000 197.000000 49.000000 233.000000 37.000000 195.000000 28.000000 271.000000 187.000000 150.000000 262.000000 135.000000 204.000000 222.000000 114.000000 84.000000 35.000000 181.000000 
35.000000 43.000000 27.000000 22.000000 46.000000 55.000000 38.000000 16.000000 40.000000 50.000000 21.000000 22.000000 46.000000 16.000000 33.000000 14.000000 49.000000 29.000000 37.000000 37.000000 40.000000 15.000000 28.000000 29.000000 17.000000 42.000000 20.000000 26.000000 46.000000 14.000000 
18.000000 33.000000 8.000000 23.000000 30.000000 54.000000 36.000000 14.000000 23.000000 34.000000 25.000000 29.000000 37.000000 28.000000 17.000000 33.000000 34.000000 35.000000 19.000000 52.000000 43.000000 14.000000 45.000000 26.000000 29.000000 48.000000 6.000000 7.000000 31.000000 22.000000 
101.000000 114.000000 77.000000 24.000000 140.000000 160.000000 87.000000 15.000000 136.000000 171.000000 23.000000 36.000000 126.000000 35.000000 85.000000 63.000000 148.000000 62.000000 103.000000 117.000000 101.000000 17.000000 95.000000 49.000000 40.000000 114.000000 44.000000 69.000000 133.000000 21.000000 
157.000000 123.000000 146.000000 53.000000 185.000000 128.000000 54.000000 95.000000 205.000000 235.000000 54.000000 47.000000 129.000000 74.000000 133.000000 104.000000 186.000000 17.000000 154.000000 78.000000 43.000000 100.000000 84.000000 49.000000 75.000000 51.000000 119.000000 138.000000 165.000000 86.000000 
69.000000 61.000000 63.000000 34.000000 79.000000 58.000000 41.000000 43.000000 82.000000 92.000000 31.000000 27.000000 63.000000 28.000000 62.000000 28.000000 80.000000 22.000000 69.000000 6.000000 33.000000 44.000000 9.000000 39.000000 27.000000 27.000000 53.000000 61.000000 74.000000 35.000000 
86.000000 79.000000 74.000000 16.000000 108.000000 95.000000 47.000000 37.000000 112.000000 133.000000 11.000000 4.000000 85.000000 20.000000 73.000000 39.000000 111.000000 15.000000 86.000000 51.000000 47.000000 39.000000 41.000000 30.000000 21.000000 51.000000 55.000000 69.000000 99.000000 27.000000 
4.000000 50.000000 31.000000 82.000000 29.000000 114.000000 83.000000 72.000000 34.000000 52.000000 88.000000 99.000000 60.000000 106.000000 15.000000 127.000000 39.000000 108.000000 1.000000 155.000000 108.000000 76.000000 147.000000 71.000000 110.000000 128.000000 53.000000 34.000000 33.000000 95.000000 
44.000000 49.000000 35.000000 16.000000 58.000000 62.000000 37.000000 14.000000 55.000000 67.000000 13.000000 13.000000 53.000000 6.000000 39.000000 10.000000 60.000000 23.000000 45.000000 36.000000 39.000000 13.000000 25.000000 26.000000 7.000000 41.000000 23.000000 32.000000 55.000000 4.000000 
68.000000 76.000000 55.000000 28.000000 88.000000 94.000000 59.000000 25.000000 83.000000 101.000000 24.000000 23.000000 81.000000 12.000000 62.000000 10.000000 92.000000 37.000000 70.000000 52.000000 61.000000 23.000000 35.000000 42.000000 12.000000 63.000000 38.000000 51.000000 85.000000 11.000000 
255.000000 205.000000 241.000000 115.000000 290.000000 183.000000 111.000000 168.000000 318.000000 357.000000 112.000000 96.000000 210.000000 123.000000 225.000000 148.000000 290.000000 54.000000 252.000000 55.000000 73.000000 173.000000 89.000000 117.000000 121.000000 46.000000 204.000000 231.000000 263.000000 146.000000 
50.000000 14.000000 70.000000 87.000000 51.000000 90.000000 62.000000 93.000000 85.000000 96.000000 96.000000 107.000000 26.000000 122.000000 39.000000 150.000000 49.000000 107.000000 44.000000 160.000000 92.000000 98.000000 160.000000 64.000000 126.000000 118.000000 82.000000 70.000000 33.000000 114.000000 
19.000000 11.000000 20.000000 13.000000 23.000000 21.000000 6.000000 18.000000 30.000000 35.000000 16.000000 18.000000 13.000000 23.000000 14.000000 30.000000 23.000000 17.000000 18.000000 31.000000 14.000000 20.000000 31.000000 6.000000 24.000000 21.000000 19.000000 19.000000 19.000000 22.000000 
188.000000 107.000000 204.000000 155.000000 185.000000 20.000000 77.000000 191.000000 236.000000 246.000000 162.000000 164.000000 97.000000 192.000000 168.000000 226.000000 175.000000 136.000000 181.000000 170.000000 74.000000 198.000000 198.000000 123.000000 194.000000 93.000000 198.000000 200.000000 157.000000 198.000000 
33.000000 109.000000 17.000000 117.000000 80.000000 203.000000 143.000000 90.000000 51.000000 94.000000 125.000000 142.000000 125.000000 145.000000 43.000000 172.000000 97.000000 162.000000 41.000000 232.000000 177.000000 93.000000 213.000000 113.000000 151.000000 205.000000 56.000000 26.000000 90.000000 125.000000 
139.000000 154.000000 112.000000 64.000000 176.000000 188.000000 122.000000 56.000000 165.000000 199.000000 56.000000 54.000000 165.000000 32.000000 127.000000 18.000000 185.000000 79.000000 142.000000 103.000000 125.000000 52.000000 70.000000 91.000000 31.000000 127.000000 81.000000 105.000000 171.000000 32.000000 
115.000000 106.000000 101.000000 39.000000 138.000000 113.000000 66.000000 58.000000 143.000000 166.000000 34.000000 23.000000 111.000000 28.000000 101.000000 36.000000 141.000000 23.000000 115.000000 36.000000 59.000000 59.000000 22.000000 53.000000 26.000000 55.000000 79.000000 96.000000 129.000000 41.000000 
165.000000 134.000000 152.000000 52.000000 196.000000 142.000000 63.000000 95.000000 215.000000 248.000000 51.000000 43.000000 141.000000 70.000000 141.000000 100.000000 199.000000 9.000000 163.000000 77.000000 53.000000 100.000000 80.000000 54.000000 71.000000 58.000000 123.000000 144.000000 177.000000 83.000000 
29.000000 51.000000 12.000000 35.000000 51.000000 88.000000 55.000000 20.000000 44.000000 63.000000 38.000000 45.000000 59.000000 45.000000 24.000000 58.000000 58.000000 56.000000 31.000000 87.000000 68.000000 22.000000 77.000000 37.000000 48.000000 79.000000 5.000000 8.000000 51.000000 36.000000 
245.000000 196.000000 230.000000 101.000000 282.000000 183.000000 99.000000 156.000000 309.000000 350.000000 98.000000 83.000000 202.000000 114.000000 214.000000 144.000000 283.000000 38.000000 242.000000 70.000000 66.000000 161.000000 94.000000 102.000000 113.000000 51.000000 192.000000 219.000000 255.000000 136.000000 
51.000000 92.000000 30.000000 72.000000 79.000000 143.000000 101.000000 48.000000 54.000000 81.000000 74.000000 83.000000 102.000000 78.000000 54.000000 88.000000 89.000000 99.000000 56.000000 137.000000 118.000000 47.000000 119.000000 78.000000 81.000000 131.000000 32.000000 30.000000 85.000000 65.000000 
40.000000 7.000000 54.000000 63.000000 42.000000 62.000000 42.000000 69.000000 67.000000 75.000000 69.000000 77.000000 17.000000 88.000000 31.000000 109.000000 40.000000 76.000000 36.000000 115.000000 64.000000 73.000000 115.000000 45.000000 91.000000 83.000000 61.000000 54.000000 27.000000 83.000000 
135.000000 134.000000 111.000000 17.000000 175.000000 172.000000 88.000000 44.000000 178.000000 216.000000 5.000000 14.000000 146.000000 27.000000 114.000000 63.000000 182.000000 45.000000 136.000000 107.000000 96.000000 47.000000 84.000000 51.000000 31.000000 107.000000 76.000000 103.000000 163.000000 30.000000 
145.000000 103.000000 145.000000 82.000000 158.000000 73.000000 50.000000 114.000000 182.000000 200.000000 84.000000 79.000000 102.000000 98.000000 128.000000 117.000000 155.000000 53.000000 142.000000 64.000000 22.000000 118.000000 87.000000 71.000000 98.000000 8.000000 129.000000 139.000000 140.000000 108.000000 
130.000000 206.000000 85.000000 144.000000 186.000000 302.000000 213.000000 95.000000 138.000000 192.000000 146.000000 161.000000 225.000000 146.000000 131.000000 160.000000 206.000000 198.000000 139.000000 267.000000 242.000000 91.000000 229.000000 165.000000 152.000000 265.000000 74.000000 83.000000 197.000000 121.000000 
87.000000 78.000000 80.000000 42.000000 100.000000 75.000000 52.000000 54.000000 104.000000 118.000000 39.000000 33.000000 81.000000 34.000000 79.000000 34.000000 101.000000 28.000000 87.000000 9.000000 43.000000 54.000000 9.000000 49.000000 32.000000 35.000000 66.000000 76.000000 94.000000 43.000000 
132.000000 161.000000 94.000000 51.000000 186.000000 230.000000 133.000000 10.000000 173.000000 222.000000 50.000000 66.000000 178.000000 57.000000 113.000000 87.000000 199.000000 102.000000 136.000000 173.000000 154.000000 5.000000 140.000000 82.000000 64.000000 172.000000 48.000000 83.000000 180.000000 32.000000 
92.000000 90.000000 77.000000 7.000000 120.000000 118.000000 58.000000 31.000000 123.000000 150.000000 0.000000 12.000000 98.000000 23.000000 77.000000 49.000000 125.000000 31.000000 93.000000 77.000000 65.000000 33.000000 63.000000 31.000000 27.000000 73.000000 52.000000 70.000000 111.000000 24.000000 
99.000000 130.000000 68.000000 60.000000 138.000000 181.000000 116.000000 29.000000 120.000000 155.000000 58.000000 66.000000 142.000000 53.000000 90.000000 62.000000 148.000000 92.000000 103.000000 135.000000 130.000000 24.000000 108.000000 81.000000 56.000000 141.000000 40.000000 62.000000 137.000000 36.000000 
27.000000 43.000000 51.000000 91.000000 1.000000 97.000000 82.000000 86.000000 36.000000 35.000000 97.000000 107.000000 48.000000 114.000000 34.000000 134.000000 11.000000 111.000000 24.000000 151.000000 104.000000 89.000000 148.000000 78.000000 118.000000 123.000000 70.000000 54.000000 14.000000 105.000000 
176.000000 122.000000 174.000000 90.000000 196.000000 100.000000 46.000000 133.000000 228.000000 253.000000 93.000000 89.000000 123.000000 117.000000 152.000000 147.000000 194.000000 56.000000 172.000000 93.000000 9.000000 138.000000 116.000000 72.000000 118.000000 26.000000 153.000000 167.000000 172.000000 128.000000 
45.000000 81.000000 66.000000 126.000000 30.000000 143.000000 123.000000 114.000000 25.000000 9.000000 132.000000 143.000000 87.000000 149.000000 60.000000 169.000000 39.000000 152.000000 45.000000 199.000000 148.000000 116.000000 191.000000 115.000000 153.000000 170.000000 92.000000 72.000000 48.000000 137.000000 
31.000000 100.000000 9.000000 104.000000 78.000000 188.000000 129.000000 79.000000 56.000000 96.000000 112.000000 128.000000 115.000000 131.000000 35.000000 158.000000 94.000000 147.000000 38.000000 214.000000 161.000000 82.000000 196.000000 100.000000 137.000000 188.000000 47.000000 17.000000 85.000000 112.000000 
65.000000 102.000000 118.000000 212.000000 1.000000 227.000000 192.000000 200.000000 80.000000 77.000000 227.000000 248.000000 114.000000 264.000000 82.000000 309.000000 27.000000 257.000000 57.000000 351.000000 242.000000 207.000000 342.000000 183.000000 272.000000 286.000000 163.000000 126.000000 38.000000 245.000000 
57.000000 115.000000 78.000000 161.000000 52.000000 199.000000 166.000000 142.000000 19.000000 21.000000 169.000000 184.000000 125.000000 189.000000 77.000000 214.000000 67.000000 198.000000 59.000000 260.000000 199.000000 144.000000 247.000000 151.000000 194.000000 226.000000 112.000000 85.000000 76.000000 172.000000 
37.000000 103.000000 48.000000 131.000000 55.000000 183.000000 143.000000 110.000000 8.000000 46.000000 138.000000 152.000000 114.000000 155.000000 56.000000 178.000000 70.000000 167.000000 42.000000 226.000000 174.000000 112.000000 212.000000 124.000000 160.000000 199.000000 81.000000 56.000000 73.000000 139.000000 
194.000000 251.000000 147.000000 147.000000 252.000000 329.000000 232.000000 106.000000 213.000000 266.000000 142.000000 149.000000 270.000000 122.000000 187.000000 114.000000 270.000000 189.000000 202.000000 240.000000 250.000000 97.000000 191.000000 181.000000 125.000000 262.000000 114.000000 141.000000 256.000000 103.000000 
146.000000 132.000000 132.000000 65.000000 169.000000 131.000000 86.000000 85.000000 175.000000 199.000000 59.000000 48.000000 136.000000 51.000000 131.000000 51.000000 172.000000 41.000000 145.000000 21.000000 72.000000 86.000000 9.000000 78.000000 48.000000 61.000000 108.000000 126.000000 158.000000 66.000000 
117.000000 130.000000 90.000000 29.000000 157.000000 175.000000 98.000000 22.000000 152.000000 189.000000 25.000000 34.000000 142.000000 27.000000 100.000000 55.000000 166.000000 65.000000 119.000000 118.000000 110.000000 22.000000 92.000000 60.000000 33.000000 121.000000 54.000000 81.000000 150.000000 11.000000 
118.000000 112.000000 100.000000 12.000000 152.000000 142.000000 69.000000 45.000000 157.000000 189.000000 7.000000 11.000000 121.000000 31.000000 99.000000 62.000000 157.000000 31.000000 119.000000 88.000000 74.000000 48.000000 73.000000 38.000000 34.000000 84.000000 71.000000 93.000000 140.000000 36.000000 
47.000000 51.000000 42.000000 39.000000 73.000000 103.000000 51.000000 40.000000 81.000000 104.000000 47.000000 58.000000 62.000000 68.000000 31.000000 92.000000 78.000000 66.000000 47.000000 117.000000 74.000000 45.000000 109.000000 29.000000 72.000000 93.000000 35.000000 37.000000 65.000000 59.000000 
41.000000 51.000000 30.000000 18.000000 57.000000 70.000000 43.000000 8.000000 52.000000 67.000000 17.000000 20.000000 56.000000 15.000000 37.000000 22.000000 61.000000 32.000000 43.000000 50.000000 48.000000 5.000000 39.000000 28.000000 17.000000 52.000000 17.000000 27.000000 56.000000 8.000000 
277.000000 239.000000 258.000000 136.000000 315.000000 219.000000 152.000000 179.000000 334.000000 374.000000 128.000000 108.000000 245.000000 122.000000 249.000000 129.000000 317.000000 82.000000 276.000000 3.000000 118.000000 181.000000 53.000000 149.000000 117.000000 89.000000 218.000000 247.000000 292.000000 148.000000 
304.000000 272.000000 278.000000 148.000000 348.000000 260.000000 182.000000 189.000000 362.000000 408.000000 138.000000 116.000000 280.000000 123.000000 275.000000 120.000000 352.000000 98.000000 303.000000 30.000000 150.000000 190.000000 35.000000 170.000000 116.000000 122.000000 232.000000 267.000000 325.000000 151.000000 
50.000000 41.000000 46.000000 14.000000 60.000000 45.000000 19.000000 28.000000 66.000000 77.000000 14.000000 12.000000 43.000000 21.000000 42.000000 31.000000 61.000000 4.000000 49.000000 27.000000 17.000000 29.000000 27.000000 14.000000 22.000000 20.000000 36.000000 43.000000 54.000000 25.000000 
22.000000 7.000000 32.000000 40.000000 16.000000 33.000000 29.000000 42.000000 32.000000 33.000000 44.000000 47.000000 8.000000 53.000000 20.000000 63.000000 13.000000 47.000000 19.000000 66.000000 39.000000 44.000000 66.000000 31.000000 54.000000 49.000000 37.000000 32.000000 8.000000 50.000000 
165.000000 170.000000 133.000000 29.000000 216.000000 220.000000 118.000000 47.000000 214.000000 262.000000 18.000000 25.000000 185.000000 24.000000 141.000000 68.000000 225.000000 66.000000 167.000000 135.000000 128.000000 49.000000 104.000000 71.000000 32.000000 141.000000 88.000000 122.000000 203.000000 24.000000 
63.000000 87.000000 46.000000 56.000000 83.000000 118.000000 85.000000 39.000000 66.000000 85.000000 55.000000 59.000000 94.000000 51.000000 62.000000 51.000000 90.000000 73.000000 66.000000 94.000000 93.000000 37.000000 78.000000 67.000000 52.000000 99.000000 38.000000 45.000000 86.000000 43.000000 
64.000000 90.000000 101.000000 173.000000 19.000000 176.000000 157.000000 163.000000 61.000000 43.000000 183.000000 198.000000 96.000000 210.000000 79.000000 241.000000 24.000000 205.000000 59.000000 272.000000 192.000000 168.000000 266.000000 152.000000 216.000000 224.000000 135.000000 108.000000 42.000000 195.000000 
133.000000 110.000000 120.000000 30.000000 164.000000 131.000000 52.000000 71.000000 178.000000 210.000000 33.000000 32.000000 118.000000 58.000000 111.000000 90.000000 167.000000 21.000000 132.000000 89.000000 55.000000 75.000000 85.000000 31.000000 60.000000 68.000000 94.000000 113.000000 147.000000 65.000000 
35.000000 25.000000 33.000000 15.000000 39.000000 23.000000 10.000000 24.000000 45.000000 50.000000 16.000000 14.000000 26.000000 20.000000 30.000000 26.000000 39.000000 8.000000 34.000000 16.000000 4.000000 25.000000 20.000000 13.000000 20.000000 6.000000 28.000000 32.000000 35.000000 22.000000 
90.000000 20.000000 109.000000 104.000000 95.000000 95.000000 56.000000 121.000000 139.000000 155.000000 115.000000 127.000000 30.000000 150.000000 71.000000 187.000000 91.000000 120.000000 83.000000 187.000000 94.000000 129.000000 192.000000 69.000000 155.000000 128.000000 114.000000 107.000000 70.000000 144.000000 
56.000000 126.000000 100.000000 207.000000 36.000000 246.000000 203.000000 187.000000 41.000000 46.000000 220.000000 240.000000 139.000000 251.000000 83.000000 290.000000 59.000000 255.000000 55.000000 344.000000 250.000000 192.000000 330.000000 186.000000 259.000000 290.000000 147.000000 109.000000 69.000000 230.000000 
43.000000 14.000000 59.000000 72.000000 32.000000 53.000000 50.000000 77.000000 60.000000 61.000000 78.000000 84.000000 12.000000 94.000000 39.000000 112.000000 25.000000 82.000000 39.000000 114.000000 67.000000 80.000000 116.000000 56.000000 97.000000 83.000000 69.000000 60.000000 18.000000 90.000000 
63.000000 37.000000 66.000000 43.000000 66.000000 20.000000 17.000000 57.000000 81.000000 87.000000 45.000000 45.000000 36.000000 55.000000 55.000000 67.000000 63.000000 34.000000 61.000000 48.000000 12.000000 59.000000 57.000000 32.000000 56.000000 20.000000 61.000000 64.000000 56.000000 58.000000 
179.000000 90.000000 196.000000 146.000000 179.000000 39.000000 59.000000 184.000000 233.000000 247.000000 156.000000 160.000000 81.000000 192.000000 156.000000 231.000000 169.000000 133.000000 171.000000 184.000000 69.000000 192.000000 209.000000 109.000000 195.000000 100.000000 191.000000 191.000000 147.000000 195.000000 
79.000000 82.000000 65.000000 28.000000 99.000000 98.000000 60.000000 31.000000 96.000000 115.000000 23.000000 19.000000 88.000000 8.000000 70.000000 8.000000 103.000000 32.000000 80.000000 47.000000 60.000000 30.000000 29.000000 44.000000 6.000000 60.000000 47.000000 61.000000 94.000000 15.000000 
128.000000 161.000000 98.000000 90.000000 165.000000 208.000000 145.000000 65.000000 142.000000 176.000000 86.000000 89.000000 173.000000 71.000000 122.000000 64.000000 176.000000 115.000000 132.000000 146.000000 155.000000 60.000000 114.000000 113.000000 73.000000 162.000000 74.000000 93.000000 166.000000 60.000000 
33.000000 13.000000 37.000000 29.000000 37.000000 28.000000 10.000000 36.000000 49.000000 56.000000 32.000000 35.000000 15.000000 43.000000 26.000000 55.000000 36.000000 32.000000 31.000000 53.000000 23.000000 39.000000 55.000000 17.000000 44.000000 34.000000 36.000000 36.000000 29.000000 42.000000 