16350.66
15948.44
15474.84
17989.97
18037.61
11251.19
11392.52
11449.67
10932.88
11232.77
10046.94
9359.64
10103.49
9738.05
9902.26
9168.08
9181.07
9581.95
9062.16
9078.22
154999.14
159438.60
157300.15
157796.28
161306.00
156669.28
157031.55
157802.83
156968.46
157764.39
150015.13
154937.67
151608.42
151848.05
156480.89
155495.62
156038.04
156799.93
155947.13
156426.14
26412.41
28130.74
27904.51
28159.03
24702.77
15756.82
16109.28
16041.73
16327.71
15815.13
13497.71
14675.02
13666.25
13629.54
13896.76
12618.68
13386.17
12852.52
13521.52
12362.26
36905.93
34311.71
34294.63
38090.90
37802.10
19910.67
21297.30
20659.96
20979.88
22055.41
17120.15
18130.42
17239.96
17337.63
18145.49
16029.55
16199.55
16443.07
16399.79
15434.21
49509.81
50688.57
47202.64
48868.54
50743.54
27823.84
27252.32
27375.37
26857.09
27186.99
22180.33
22160.39
22657.09
22312.01
22629.44
21331.81
21188.89
20713.43
20537.45
21560.86
