   30   15
       74.00       86.00       59.00       60.00       91.00       35.00       79.00       17.00        2.00       81.00
       66.00       81.00       50.00       44.00       92.00
       18.00       38.00       21.00       56.00       32.00       39.00       12.00       91.00       96.00       56.00
       87.00       44.00       92.00       22.00       21.00
       25.00       22.00       65.00       91.00       93.00       20.00       77.00       15.00       56.00       80.00
       48.00       74.00        1.00       86.00       73.00
       47.00       52.00        8.00       26.00       50.00       61.00       90.00       66.00       65.00       55.00
       51.00       30.00       90.00       92.00       80.00
        6.00       49.00       20.00       89.00        4.00       52.00       27.00       58.00       75.00       82.00
       19.00       77.00       22.00       54.00       84.00
       87.00       34.00       74.00       15.00       62.00       16.00       91.00       98.00       84.00       94.00
       23.00        4.00        7.00       37.00       97.00
       22.00       12.00        5.00       27.00       29.00        0.00       26.00       46.00       97.00       65.00
       59.00       31.00       58.00       62.00       99.00
        6.00       95.00       44.00       20.00       23.00       32.00       45.00       68.00       25.00       25.00
       30.00       65.00       74.00       88.00       29.00
       59.00       71.00        9.00       49.00       49.00       21.00       38.00        5.00       66.00        9.00
       33.00       31.00       86.00       92.00       31.00
       59.00       14.00       26.00       54.00       65.00       51.00       77.00       73.00       45.00       47.00
       95.00       91.00       42.00       97.00       40.00
       22.00       54.00       28.00       91.00       72.00       97.00       95.00       81.00       47.00       80.00
       66.00       40.00       56.00       45.00       89.00
       31.00       62.00       68.00       52.00       20.00       25.00        8.00       75.00        5.00       22.00
       72.00       21.00        4.00       40.00       33.00
       90.00       81.00       90.00       94.00       35.00       43.00       68.00       13.00       31.00       44.00
       77.00       22.00       74.00       96.00       80.00
       94.00       83.00       51.00       45.00       63.00       54.00        7.00       13.00       77.00       69.00
       62.00       82.00       63.00       65.00       16.00
        6.00       14.00       24.00       93.00       43.00       33.00       23.00       25.00        0.00        3.00
       76.00       33.00       64.00       54.00       39.00
       98.00       10.00       64.00       61.00       90.00       39.00       88.00       17.00       14.00       66.00
       27.00       42.00       88.00       74.00       76.00
       58.00       56.00       16.00       96.00       56.00        6.00        0.00       29.00       90.00       46.00
       11.00       18.00       77.00       57.00       61.00
       21.00       19.00       26.00       46.00       39.00       98.00       22.00       71.00       65.00       92.00
       82.00       73.00       61.00       31.00       12.00
       35.00       92.00       81.00       10.00       89.00       87.00       26.00       87.00       45.00       13.00
       90.00       26.00       88.00       60.00       11.00
       12.00       40.00       91.00       74.00       21.00       75.00        0.00       47.00       57.00       34.00
       87.00       84.00       61.00       66.00       28.00
        3.00       45.00       19.00       16.00       24.00       26.00       37.00       92.00       52.00       40.00
       32.00       91.00       30.00       97.00       57.00
       80.00       85.00       77.00       88.00       55.00       69.00       87.00       83.00       29.00       40.00
       41.00       89.00       18.00       54.00       12.00
       20.00       28.00       54.00       87.00       98.00       78.00       79.00       10.00       63.00       18.00
       32.00        3.00       79.00       40.00       73.00
       99.00       90.00       76.00       36.00       19.00       11.00       31.00       73.00       85.00       41.00
        5.00       91.00       55.00       66.00        1.00
       15.00        8.00       51.00        9.00       11.00       21.00       61.00       30.00       43.00       32.00
       62.00       67.00       43.00       52.00       74.00
       13.00       36.00       87.00       99.00       94.00       29.00       91.00       30.00       55.00       63.00
       42.00       18.00        6.00       92.00       18.00
       58.00       48.00       39.00       31.00       17.00       67.00       30.00       19.00       13.00       46.00
       18.00       22.00       22.00       42.00       42.00
       96.00       71.00       34.00       92.00       23.00       39.00       31.00       62.00       32.00       87.00
       92.00       16.00       41.00       73.00        8.00
       15.00       84.00       30.00       47.00       48.00       77.00       20.00       47.00       97.00       37.00
       79.00       27.00       11.00       70.00       24.00
       43.00       67.00       84.00       90.00        3.00       66.00       83.00        6.00       29.00       58.00
       65.00       37.00       25.00       17.00       29.00
       17.00       11.00       35.00       27.00        3.00       31.00       26.00        3.00       37.00       20.00
       11.00        8.00       17.00       31.00       33.00       29.00       36.00       10.00       31.00       17.00
       28.00       13.00       26.00       20.00       28.00       24.00       19.00       17.00       23.00        9.00
      230.00      290.00      545.00      462.00      357.00      130.00      310.00      426.00      236.00      247.00
      225.00      338.00      158.00      200.00      391.00
       49.00       90.00       79.00       86.00       51.00       28.00       49.00       85.00       32.00       45.00
       37.00       51.00       60.00       72.00       67.00
