   40   20
       24.00       93.00       94.00       77.00       24.00       14.00       66.00       34.00       95.00       85.00
       21.00       64.00       59.00       76.00       90.00       48.00       67.00       33.00       69.00       44.00
       27.00       31.00       42.00       51.00       43.00       31.00       89.00       24.00       58.00       85.00
       83.00       36.00       75.00       35.00       43.00       74.00       31.00       22.00       80.00        8.00
       28.00       68.00       54.00       47.00       48.00       28.00       44.00        8.00       15.00       12.00
       78.00       40.00       74.00       11.00       86.00       73.00        0.00        3.00       85.00        5.00
       54.00        8.00       84.00       35.00       66.00       13.00       77.00       98.00       88.00       96.00
       79.00       75.00       58.00       26.00        2.00       75.00       80.00       92.00       82.00       12.00
       88.00       16.00        7.00       30.00       95.00       84.00       28.00        0.00       22.00        1.00
       30.00       83.00       26.00       41.00       27.00       28.00       68.00       58.00       95.00        2.00
       92.00       86.00       75.00       21.00       19.00       45.00       74.00       63.00       86.00       63.00
       45.00       50.00       20.00       69.00       15.00       79.00       87.00       56.00        8.00       40.00
       62.00       90.00       63.00       54.00       15.00       57.00       62.00       25.00       94.00       49.00
       18.00       81.00       64.00       21.00       71.00       48.00       22.00        1.00       12.00       90.00
        5.00       12.00       23.00        2.00       60.00       37.00        2.00       37.00       44.00       52.00
       12.00       14.00       61.00       97.00       82.00       32.00       69.00       55.00       33.00       78.00
       13.00       78.00       18.00       22.00       50.00       57.00        0.00       26.00        0.00       41.00
       97.00        7.00       11.00       45.00       80.00       43.00       40.00        5.00       95.00        3.00
       79.00       71.00       47.00       34.00       85.00       39.00       66.00       53.00       89.00       69.00
       52.00       20.00       91.00       43.00       51.00       77.00       70.00       55.00       21.00       96.00
       61.00       30.00       99.00       66.00       89.00       32.00       57.00       12.00       48.00       95.00
       17.00       21.00       72.00       84.00       73.00       20.00       37.00       82.00       27.00       38.00
       90.00       56.00       39.00       44.00       90.00       41.00       53.00       32.00       14.00       46.00
       47.00        9.00       58.00       84.00       19.00        7.00       38.00       69.00       99.00        7.00
       67.00       28.00       68.00       71.00       72.00       33.00        6.00        5.00       69.00       40.00
        3.00       95.00        6.00       99.00       15.00        3.00       63.00       67.00       40.00        9.00
       39.00       36.00       46.00       30.00       86.00       65.00       85.00       55.00       74.00       72.00
       57.00       87.00       70.00       23.00       30.00       69.00       93.00       37.00       17.00       33.00
       68.00       76.00       64.00       16.00       87.00        1.00        9.00       13.00       54.00       13.00
        7.00       68.00       67.00        4.00       41.00       32.00       81.00       86.00       56.00       22.00
       32.00       82.00       86.00       73.00       23.00       98.00       62.00       65.00       17.00       86.00
       31.00       58.00       69.00        0.00        9.00       81.00        2.00       90.00       54.00       49.00
        0.00       73.00       29.00        2.00       90.00        3.00       10.00       99.00       23.00        6.00
       23.00        4.00       64.00       65.00       46.00       47.00       85.00       68.00        5.00       47.00
       94.00       44.00       28.00       45.00       47.00       72.00       67.00       55.00       33.00       17.00
       85.00       48.00       30.00       36.00       63.00       42.00       66.00       58.00       83.00       29.00
       31.00       35.00        3.00       86.00       37.00        9.00        1.00       49.00        5.00       48.00
       78.00       39.00       41.00       49.00       41.00       71.00       18.00       99.00       97.00       88.00
       85.00       58.00       47.00        8.00       67.00       90.00       41.00       54.00       20.00       69.00
       49.00       26.00       70.00       29.00       44.00       35.00       38.00       25.00       21.00       85.00
       27.00       51.00       81.00        0.00       41.00       13.00       60.00       23.00       42.00       39.00
       85.00       19.00       76.00       10.00       84.00       88.00       23.00       23.00       80.00       40.00
       44.00       10.00       48.00       10.00       45.00       93.00       25.00        6.00       69.00       47.00
       78.00       17.00       85.00       89.00       93.00       25.00       44.00       19.00       28.00       98.00
       20.00       95.00       51.00       70.00       43.00       95.00       48.00        7.00        5.00       21.00
       71.00       39.00       97.00       25.00       76.00        8.00        4.00       82.00       53.00       42.00
       50.00       35.00       53.00       71.00        5.00       70.00       73.00       45.00       70.00       26.00
       45.00        7.00       97.00       20.00       42.00       50.00       39.00       59.00       95.00       46.00
        9.00       66.00       90.00       25.00        7.00       35.00       85.00       60.00       35.00       98.00
       66.00       68.00       19.00       70.00       28.00       33.00        8.00        4.00       59.00       27.00
        3.00       66.00       63.00       68.00       57.00       17.00       34.00       54.00       35.00       70.00
       85.00       46.00       28.00       43.00       89.00        7.00       67.00       33.00       80.00       17.00
       72.00       91.00       31.00       97.00       30.00       57.00       91.00       50.00        3.00       97.00
       70.00       74.00       96.00       42.00       91.00       14.00       29.00       35.00       35.00       61.00
       19.00       19.00       84.00        9.00       42.00       31.00        2.00       32.00       39.00       85.00
       21.00       39.00       87.00       61.00       43.00       28.00       54.00       26.00       34.00       29.00
       95.00       53.00        4.00       25.00       68.00       34.00       90.00       85.00       83.00       72.00
       82.00       40.00       96.00       23.00       62.00        0.00       27.00       10.00       41.00       82.00
       49.00       33.00       24.00        1.00       99.00       56.00       31.00       46.00       81.00       28.00
       56.00       41.00       80.00       77.00       37.00       56.00        7.00       93.00       78.00       35.00
       32.00       76.00       40.00       43.00       90.00       20.00       93.00       42.00       48.00       57.00
       98.00       74.00       95.00       88.00       56.00       83.00       65.00       71.00       49.00       21.00
       17.00       38.00       57.00       13.00       44.00       70.00       28.00       76.00       66.00       44.00
       27.00       28.00       30.00       42.00        5.00        8.00       38.00       72.00       57.00       21.00
       66.00       49.00       47.00       62.00       39.00       38.00       44.00       82.00       85.00       51.00
       84.00       10.00       83.00       57.00       45.00       38.00       69.00       33.00       12.00       33.00
       67.00       87.00       63.00       37.00       75.00       14.00        4.00       60.00       99.00       66.00
       38.00       83.00       31.00       60.00       38.00       37.00       10.00       43.00       65.00        2.00
        4.00       90.00       51.00       55.00       22.00        5.00       31.00       66.00       26.00       64.00
        8.00       10.00       98.00       92.00       68.00       49.00        4.00       82.00       91.00        8.00
       46.00        9.00       24.00       34.00       87.00       64.00        3.00       23.00        5.00       38.00
       54.00       59.00        5.00       28.00       95.00       85.00       91.00       30.00       32.00       11.00
       80.00       61.00       11.00       24.00       15.00        6.00       78.00       61.00        0.00       90.00
       52.00       51.00       70.00       36.00        9.00       44.00       69.00       32.00       53.00       82.00
       89.00       29.00       98.00       80.00       17.00       55.00       91.00       14.00       63.00        1.00
       66.00       45.00       87.00       20.00       97.00       31.00       40.00       47.00       84.00       79.00
       85.00       24.00        0.00       69.00       80.00        1.00       91.00       40.00        4.00       33.00
       80.00       13.00       93.00       97.00       41.00        3.00        8.00        9.00       44.00       42.00
       32.00        9.00       61.00        4.00       96.00       34.00       22.00       21.00       63.00        8.00
       30.00       23.00       26.00       24.00       81.00       32.00        1.00       85.00       72.00       13.00
       15.00       36.00       31.00       27.00        6.00        5.00       35.00       34.00       37.00        1.00
       10.00       31.00       30.00        9.00       19.00       16.00       21.00       12.00       33.00       26.00
       27.00       36.00       27.00       18.00       38.00       14.00        2.00        8.00       20.00       23.00
       20.00       10.00        6.00       32.00       36.00       38.00        6.00        4.00       38.00       22.00
     1146.00      315.00      929.00     1599.00      791.00      205.00      547.00      928.00      395.00       89.00
      267.00      506.00     2275.00      103.00      271.00      176.00      974.00      292.00     1689.00     1300.00
      174.00       58.00      199.00      325.00      123.00       79.00      165.00      268.00      139.00       26.00
       89.00      112.00      330.00       28.00       55.00       55.00      199.00      115.00      274.00      210.00
