   40   20
       99.00       77.00       63.00       32.00       36.00       35.00       91.00       80.00       18.00       68.00
       23.00       17.00       60.00       89.00       10.00       51.00        5.00       50.00       17.00       76.00
       78.00       96.00       43.00       20.00       60.00       94.00       86.00       47.00        7.00       72.00
       77.00       61.00       10.00       58.00       31.00       51.00       55.00       92.00        6.00       96.00
       26.00       66.00       74.00       97.00       78.00        9.00        9.00       21.00       57.00       20.00
       96.00       75.00       48.00       19.00       86.00       24.00       84.00       66.00       39.00       51.00
       39.00       70.00       73.00       98.00       91.00       92.00       71.00       50.00       34.00        8.00
       25.00       46.00       60.00       83.00       33.00       31.00       55.00       80.00       61.00       81.00
       76.00        7.00       42.00       63.00        0.00       66.00       81.00       20.00       60.00       56.00
       72.00       86.00       13.00       65.00       58.00       71.00       12.00       22.00       96.00       74.00
       61.00       20.00       87.00       14.00       84.00       21.00        4.00       85.00       39.00       91.00
       15.00       77.00       58.00       59.00       86.00       12.00       84.00       65.00       27.00        2.00
       52.00       48.00       83.00       16.00       18.00       14.00       14.00       10.00       46.00       52.00
        6.00       68.00        2.00        0.00       99.00       55.00       16.00       93.00       31.00       72.00
       11.00       18.00       38.00       76.00        3.00       87.00       53.00       90.00       33.00       81.00
       88.00       37.00       82.00       34.00       13.00       53.00       75.00       61.00       41.00       69.00
       69.00       47.00       98.00       76.00        1.00       57.00       33.00       98.00       29.00       22.00
        1.00       54.00       80.00       21.00       15.00       68.00       16.00       59.00       57.00       66.00
       55.00       18.00       97.00       66.00       25.00       19.00       45.00       60.00       32.00       35.00
       59.00       27.00       65.00       33.00       58.00       39.00       85.00       36.00       32.00       45.00
       49.00       45.00       43.00       40.00       85.00       48.00       47.00       70.00        7.00        8.00
        8.00        5.00       42.00       11.00       53.00        3.00       10.00       19.00        4.00       44.00
       67.00       52.00        0.00       85.00       20.00       96.00       65.00       98.00       58.00       15.00
        2.00       72.00       60.00        6.00       26.00       90.00       94.00       32.00       52.00       18.00
       91.00       26.00        6.00       71.00       63.00       35.00       22.00       37.00       21.00       59.00
       57.00       63.00       90.00       12.00       19.00       67.00       28.00       85.00       92.00       91.00
        4.00       13.00       19.00       30.00       97.00       62.00       66.00        9.00        6.00       92.00
       67.00       75.00       86.00       66.00       42.00       28.00       67.00       97.00       38.00       27.00
       98.00       77.00       13.00       25.00       39.00        2.00       83.00       22.00       83.00        8.00
        0.00       55.00       89.00       81.00       26.00       39.00       53.00       82.00       17.00       55.00
       49.00       34.00       43.00       24.00       17.00       43.00        3.00       37.00       83.00       45.00
        3.00        9.00       34.00       20.00       24.00       83.00       80.00       95.00       79.00       22.00
       87.00       35.00       47.00       26.00       55.00        7.00       31.00       98.00       73.00       43.00
       77.00       30.00       79.00       46.00       51.00       76.00       12.00       30.00       64.00       57.00
       21.00       59.00       84.00       90.00       79.00       49.00       83.00       41.00       12.00       50.00
       12.00       61.00       47.00       96.00       80.00       38.00       27.00       15.00       12.00       76.00
       58.00       35.00       85.00       86.00       85.00        8.00       78.00       61.00        5.00       65.00
       95.00       47.00       69.00       55.00       16.00       53.00       34.00       33.00       27.00       50.00
       62.00       12.00        1.00       59.00       72.00       82.00       40.00       24.00        8.00       66.00
       12.00       15.00       64.00       58.00       24.00       26.00       84.00       81.00       30.00       35.00
       32.00       45.00       56.00       64.00       95.00       87.00        2.00       51.00       59.00       52.00
       32.00       11.00       87.00       11.00       85.00       57.00       79.00       47.00       58.00       14.00
       82.00       55.00       43.00       33.00        1.00       25.00       17.00       98.00       22.00       15.00
       26.00       76.00       38.00       26.00        3.00       62.00       47.00       45.00       12.00       14.00
       65.00       99.00       21.00       71.00       73.00       65.00       19.00       20.00       86.00        3.00
       60.00       37.00       10.00       15.00       82.00       19.00       33.00       56.00       32.00       99.00
       76.00       43.00        6.00       87.00       69.00       29.00       80.00       95.00       52.00       51.00
       83.00       42.00       19.00       77.00       54.00       27.00       37.00       76.00       75.00       38.00
       19.00       25.00       62.00       21.00       35.00       12.00       75.00       37.00       81.00       87.00
       76.00       75.00       52.00       86.00       27.00       93.00       77.00       32.00       24.00       15.00
       18.00       69.00       18.00       12.00       45.00       99.00       37.00       26.00       24.00       32.00
       44.00       22.00        7.00       48.00       72.00       92.00       79.00       52.00       35.00       24.00
       19.00       60.00        1.00       22.00       85.00       52.00       60.00       43.00       19.00       77.00
       67.00       72.00       32.00       94.00       89.00       72.00       17.00       91.00       17.00       60.00
       11.00        9.00       31.00        9.00       84.00       69.00       93.00       75.00       45.00       73.00
       42.00       90.00       75.00       31.00       98.00       82.00       41.00       32.00       98.00        9.00
       57.00       65.00       30.00       16.00       60.00       59.00       34.00       43.00       68.00       86.00
       82.00       72.00        1.00       65.00       61.00       58.00       89.00       44.00       17.00       94.00
       13.00       52.00       42.00       19.00       33.00       67.00        4.00       47.00       16.00        5.00
       46.00       89.00       55.00       59.00       27.00       92.00       49.00       33.00       58.00       22.00
       84.00       34.00       64.00       52.00       32.00       49.00       74.00       50.00       65.00       91.00
       30.00       68.00       45.00        0.00       51.00       67.00       32.00       43.00       96.00       56.00
       34.00       35.00       30.00        0.00       86.00       83.00       66.00       48.00       25.00       19.00
       36.00       76.00        4.00       90.00       36.00       40.00       66.00       91.00       30.00       93.00
       60.00       89.00       10.00       19.00       81.00       64.00       48.00       67.00       64.00       49.00
       92.00       97.00       49.00       73.00       93.00       85.00       24.00       19.00       44.00       27.00
       93.00       60.00        6.00       50.00       25.00       23.00       13.00       22.00       99.00       11.00
        4.00       16.00       27.00       79.00       26.00       65.00       43.00       29.00       83.00       22.00
       77.00       82.00       56.00        8.00       46.00       54.00       92.00       12.00       50.00       16.00
       54.00       72.00       39.00       31.00       76.00       58.00       97.00       12.00       54.00       36.00
       54.00       13.00       88.00       72.00       23.00       61.00       40.00       22.00       30.00       13.00
       72.00        9.00       74.00       54.00       89.00       73.00       39.00        1.00        4.00       68.00
       48.00       77.00       78.00       23.00       28.00       45.00       19.00       90.00       24.00       49.00
       58.00       64.00       86.00       86.00       93.00       36.00       11.00       97.00        8.00        6.00
       23.00       71.00       97.00       79.00       11.00       84.00       40.00       26.00       71.00       23.00
       23.00       69.00        8.00       72.00       90.00       21.00        4.00       49.00       79.00        8.00
       66.00       34.00       68.00       41.00       77.00        6.00       45.00       10.00       57.00       10.00
       74.00       30.00       80.00       96.00        8.00       57.00        1.00        5.00       95.00       50.00
       15.00       12.00       60.00       49.00       24.00       27.00       60.00        2.00       93.00       29.00
       63.00       48.00       36.00       79.00       67.00       47.00       41.00       37.00       89.00       15.00
       16.00        3.00       26.00       14.00       15.00       13.00       21.00       36.00        2.00       29.00
       21.00        2.00       19.00       29.00       23.00       10.00       17.00       28.00       37.00       23.00
       31.00       31.00       24.00       31.00       30.00       12.00       16.00        8.00       23.00       27.00
        1.00       33.00       37.00       26.00       20.00       17.00       28.00       15.00        4.00       35.00
     3093.00      411.00     1470.00     3113.00      506.00     1190.00     1777.00      884.00      407.00     1646.00
     1649.00      415.00      462.00     2398.00     2229.00     1518.00      868.00     1883.00     1593.00     2023.00
      273.00       64.00      210.00      223.00       48.00       90.00      145.00       83.00       30.00      185.00
      265.00       56.00       64.00      244.00      212.00      194.00      162.00      165.00      159.00      143.00
