   40   20
       11.00        6.00       45.00        1.00       69.00       92.00       73.00       26.00       97.00       28.00
       42.00        4.00       63.00        5.00       26.00       12.00       59.00       80.00       21.00       43.00
       42.00       61.00       87.00       40.00       32.00       63.00        8.00       30.00       31.00       41.00
       22.00        6.00       78.00       85.00       43.00       87.00       63.00       44.00       62.00       42.00
       65.00        7.00       93.00       63.00       73.00       58.00       11.00       28.00       23.00       86.00
       93.00       87.00       56.00       19.00       64.00       50.00       64.00        6.00        2.00       77.00
        2.00       70.00       54.00       94.00       70.00        8.00       78.00       77.00       92.00        9.00
        4.00       89.00       54.00       13.00       75.00       51.00       68.00       34.00       15.00       94.00
       85.00       32.00       51.00       14.00       66.00       79.00       56.00       28.00       85.00       81.00
        6.00        8.00       25.00       44.00       82.00       40.00       93.00       81.00       29.00       24.00
       59.00       23.00       73.00       29.00       99.00       57.00       66.00       63.00        0.00       20.00
       83.00        6.00       46.00       23.00       12.00       45.00        9.00       64.00       12.00       92.00
        1.00       74.00       15.00       62.00       60.00        9.00        4.00       73.00       94.00       58.00
        2.00       70.00       83.00       43.00       47.00       90.00       26.00       49.00       26.00       30.00
       85.00       74.00       12.00       73.00       50.00       13.00       23.00       91.00       39.00       18.00
       90.00       23.00       10.00       70.00        1.00       13.00       33.00       86.00       69.00       33.00
       62.00       40.00       36.00       42.00        1.00       52.00       10.00       56.00       55.00       97.00
       93.00       20.00       10.00       25.00       55.00       16.00       81.00        4.00       62.00       45.00
       25.00       11.00       50.00       64.00        1.00       50.00       19.00       70.00       38.00       67.00
       83.00       70.00       30.00       79.00       98.00       52.00       68.00       55.00       49.00       75.00
       96.00        7.00       85.00       35.00       27.00       81.00       21.00       66.00       70.00       44.00
       35.00       89.00       57.00       34.00       57.00       15.00       59.00       96.00        1.00       81.00
       37.00       20.00        7.00       46.00       72.00       73.00       83.00       99.00       56.00       80.00
       56.00       54.00       53.00       86.00        1.00       15.00       55.00       18.00       72.00       64.00
       85.00       33.00       80.00       89.00       39.00        3.00       80.00       42.00       56.00       86.00
       60.00       26.00       58.00       83.00       55.00       33.00        4.00       71.00       19.00       68.00
       54.00       80.00       30.00       62.00       22.00       36.00       17.00       33.00       82.00       88.00
       25.00       64.00       39.00       17.00       62.00       98.00       94.00       56.00       96.00       67.00
       60.00       99.00       89.00       24.00       95.00       70.00       97.00       14.00       84.00       68.00
       61.00       30.00       67.00       31.00       72.00       29.00       91.00       59.00       91.00        2.00
       61.00       18.00       53.00       29.00       87.00       91.00       77.00       54.00       61.00       56.00
       82.00       77.00       29.00       10.00       59.00       28.00       12.00       69.00       57.00       84.00
       15.00       10.00       96.00       40.00       18.00       30.00       89.00       46.00       40.00       55.00
       61.00       67.00       14.00        5.00       81.00       33.00       26.00        1.00       51.00       82.00
       98.00       89.00       23.00       17.00       15.00       95.00       22.00       29.00       38.00       40.00
       14.00       48.00       37.00       88.00       39.00       42.00       49.00        1.00       93.00       64.00
       40.00       25.00       42.00       13.00       29.00       21.00       91.00       63.00       94.00       36.00
       39.00       93.00       77.00       63.00        8.00       95.00       61.00       26.00       11.00       51.00
       71.00       16.00        2.00       21.00       37.00       45.00       34.00       64.00       16.00       90.00
       98.00       97.00       57.00       63.00       31.00       56.00       62.00       12.00       19.00       15.00
       73.00       39.00       27.00       83.00       91.00       12.00       30.00       79.00        3.00       75.00
       35.00       57.00       75.00        5.00        9.00       31.00       42.00       69.00       58.00       20.00
       94.00       66.00       27.00       17.00       46.00       67.00        4.00       52.00       35.00       97.00
       56.00       96.00       86.00       99.00       28.00       33.00       48.00       91.00       88.00       97.00
       68.00       11.00       86.00       44.00       81.00       87.00       78.00       16.00       21.00        1.00
       14.00       10.00       76.00       21.00        4.00       59.00       57.00       31.00       17.00       91.00
       38.00       68.00       47.00       25.00       99.00       52.00       87.00       13.00       72.00       79.00
       83.00       39.00       76.00        3.00       35.00       45.00       87.00       16.00        6.00       25.00
       85.00       25.00       36.00       21.00       70.00       72.00       60.00       18.00       30.00       47.00
        5.00        0.00       29.00       91.00       92.00       31.00       20.00       84.00       79.00       76.00
        8.00       81.00       24.00       57.00       39.00       18.00       31.00       30.00       60.00       21.00
       47.00       17.00       90.00       77.00       89.00       25.00        2.00       59.00       29.00       51.00
        0.00        6.00       82.00       41.00       33.00        5.00       45.00       55.00       98.00       31.00
        7.00       63.00       14.00       22.00       22.00       63.00       61.00       22.00        5.00        5.00
       32.00        1.00        7.00       64.00       30.00       42.00       66.00       79.00       17.00       44.00
       51.00       75.00       90.00       97.00       45.00       12.00       39.00       23.00       17.00       48.00
       25.00       74.00        5.00       99.00       68.00       51.00       94.00       28.00       39.00       76.00
       66.00       10.00        4.00       32.00       47.00       46.00       44.00       50.00       90.00       29.00
       75.00       14.00       71.00       68.00       19.00        9.00       68.00       48.00        8.00       32.00
       71.00       72.00       37.00       46.00       35.00       98.00       64.00       43.00       63.00       87.00
       62.00       45.00        4.00       23.00       42.00       61.00       85.00       58.00       13.00       83.00
       15.00        3.00       53.00       79.00       36.00       69.00       96.00       27.00        3.00       19.00
       65.00       90.00       26.00        0.00        9.00       25.00       90.00       56.00       14.00       93.00
       54.00       34.00        9.00       88.00       87.00       56.00       82.00        9.00       92.00        2.00
       58.00       69.00       22.00       19.00       47.00       73.00        0.00       79.00       23.00       37.00
       86.00       31.00        4.00       30.00       56.00       16.00       59.00       40.00       94.00       57.00
       46.00       23.00       97.00       24.00       55.00       64.00       64.00       60.00       24.00       72.00
       92.00       92.00       45.00       85.00       25.00       77.00       69.00       52.00       23.00       58.00
       94.00       22.00       30.00       26.00       84.00       60.00       88.00       16.00       50.00       68.00
       97.00       71.00        6.00       74.00       30.00       76.00       64.00       30.00       64.00       19.00
       39.00       17.00       68.00       56.00       81.00       58.00       65.00       65.00       49.00       97.00
       66.00       28.00       96.00       63.00       28.00       82.00       33.00       58.00        6.00        5.00
       84.00       32.00       82.00       55.00       57.00       16.00       91.00       64.00       94.00       43.00
       94.00       54.00       62.00       85.00       53.00       28.00       15.00       62.00       15.00       58.00
       32.00       10.00       97.00       73.00        7.00       40.00       53.00       14.00       46.00       79.00
       48.00        0.00        6.00        8.00       62.00       50.00       80.00       37.00       26.00       29.00
       94.00       57.00       42.00       22.00       96.00       93.00       39.00       56.00       38.00       18.00
       74.00       14.00       84.00       20.00       89.00       36.00       97.00       32.00       58.00       70.00
       84.00       49.00        4.00       29.00        4.00       17.00       75.00       82.00       71.00       52.00
       84.00       70.00        6.00       25.00       76.00       16.00       11.00       28.00       68.00       98.00
       38.00       18.00       22.00        3.00       31.00       13.00       17.00       38.00        6.00       28.00
       12.00        2.00        5.00       33.00       11.00        7.00        4.00       16.00       17.00       33.00
       36.00       19.00       29.00       11.00       29.00        7.00       17.00        1.00       15.00       19.00
        3.00        6.00       15.00       19.00        9.00       17.00       26.00       15.00        3.00       25.00
      517.00     1411.00     2562.00     2549.00     1919.00     1229.00     4072.00     2996.00     2764.00      680.00
     3027.00     2319.00     2874.00     2827.00      720.00     4066.00     1534.00     5317.00     1296.00     2571.00
       40.00      143.00      177.00      186.00      149.00       87.00      158.00      120.00      118.00       26.00
      204.00      105.00      201.00      176.00       29.00      174.00       55.00      223.00      121.00      159.00
