   50   20
       71.00       90.00       74.00       53.00       46.00       32.00       45.00       73.00       92.00       99.00
       26.00       65.00        1.00        5.00       10.00       52.00       47.00       77.00       49.00       69.00
       70.00       68.00       32.00        1.00       77.00       36.00       84.00       73.00       18.00       51.00
       72.00       63.00       37.00       68.00       59.00       54.00       87.00       91.00       23.00       36.00
       70.00       22.00       60.00       42.00       40.00       46.00       20.00       61.00       75.00       14.00
       42.00       72.00        5.00       33.00        2.00       87.00       68.00       46.00       79.00        3.00
        7.00       90.00        9.00       98.00       42.00       50.00       69.00       11.00       93.00       47.00
       31.00       14.00       12.00       43.00       69.00       43.00       62.00       23.00       96.00       58.00
       62.00       13.00       87.00       48.00       72.00       36.00        0.00       94.00       82.00        9.00
        5.00       71.00       52.00       39.00       85.00       31.00       96.00       64.00       60.00       18.00
        8.00       65.00       62.00       97.00       91.00       24.00       54.00       91.00       16.00        4.00
       70.00       80.00       32.00        4.00       19.00       86.00       11.00       83.00       86.00       46.00
       78.00       64.00       18.00       68.00       78.00       79.00       77.00       10.00       84.00       95.00
       98.00       10.00       23.00       41.00       93.00       92.00        3.00       29.00       78.00        0.00
       48.00       35.00       10.00       34.00       80.00       74.00       85.00       17.00       15.00        9.00
        6.00       83.00       39.00       54.00       36.00       81.00        6.00       72.00       95.00       48.00
       62.00       80.00       60.00       65.00       78.00       98.00       89.00       26.00       67.00       31.00
       63.00       77.00        4.00       41.00       21.00       92.00       74.00       63.00       43.00       15.00
       21.00       77.00       94.00       63.00       70.00       27.00       38.00       87.00       56.00       59.00
       87.00       26.00       61.00       12.00       34.00        1.00       60.00       92.00        1.00       38.00
       26.00        4.00       95.00       20.00       29.00       29.00       44.00       94.00       57.00       67.00
       60.00       95.00       17.00       83.00       66.00       63.00        1.00       37.00       65.00       56.00
       45.00       60.00       38.00       94.00       85.00       40.00       18.00       80.00        7.00        7.00
       64.00       89.00       45.00       30.00       19.00       21.00       65.00       84.00       55.00       47.00
       45.00       35.00       17.00       15.00       39.00       51.00       29.00       75.00       85.00       39.00
       16.00       50.00       91.00       76.00       65.00       67.00       12.00       66.00       24.00        6.00
        4.00       57.00        1.00       55.00       16.00       91.00       42.00       62.00       53.00       71.00
       66.00       26.00       27.00       73.00        4.00       75.00       72.00       34.00       70.00        9.00
       99.00       98.00       55.00       23.00        9.00       85.00       25.00       28.00       92.00       46.00
       71.00       25.00       84.00       85.00       19.00       30.00       51.00       78.00       30.00       19.00
       33.00       34.00       26.00       73.00       65.00       39.00       22.00       16.00       48.00       16.00
       67.00       92.00       41.00       78.00        3.00       22.00       13.00       49.00       10.00       27.00
       51.00       92.00       91.00       26.00       30.00       64.00       13.00       23.00       85.00       86.00
       12.00       60.00       42.00       99.00       19.00       95.00       97.00       48.00       83.00       24.00
       49.00       10.00       82.00       68.00       36.00       53.00       44.00       85.00       14.00        6.00
       45.00       82.00       86.00       72.00       27.00       39.00       71.00       99.00       63.00       63.00
       80.00       12.00       76.00       44.00       17.00       69.00       66.00       69.00       30.00       69.00
       11.00       25.00        4.00       59.00       62.00       99.00       30.00       98.00       23.00       44.00
       24.00       76.00       95.00       77.00       67.00        6.00       32.00       36.00       87.00       20.00
       35.00       95.00       19.00       61.00       74.00       23.00       92.00       28.00       21.00       38.00
       49.00       25.00       38.00       88.00       91.00       34.00       41.00       63.00       94.00       94.00
       45.00       20.00       51.00       56.00       58.00       63.00       41.00       69.00       71.00       32.00
        5.00       91.00       80.00       81.00        8.00       41.00       16.00       41.00        1.00       40.00
       79.00       12.00       10.00       94.00       11.00       22.00       37.00       40.00       40.00       57.00
       19.00       26.00       77.00       29.00        3.00       26.00       69.00       60.00       24.00       93.00
       20.00       84.00        1.00        4.00       37.00        1.00       78.00       65.00       74.00       34.00
       75.00       47.00       65.00       68.00       43.00        9.00       86.00       82.00       17.00        6.00
       63.00       93.00       25.00       86.00       47.00       80.00       85.00       43.00        0.00       53.00
       10.00       62.00       65.00       92.00       99.00       80.00       28.00       51.00       83.00       50.00
       80.00       32.00       44.00       74.00       46.00       53.00       50.00       58.00       28.00       63.00
       54.00       95.00        3.00        1.00       51.00       67.00       42.00       70.00        2.00       45.00
       57.00       97.00       62.00       17.00        3.00       96.00       72.00       71.00       64.00       45.00
       99.00       18.00       30.00       54.00       37.00       21.00       19.00       76.00        9.00       83.00
       17.00        2.00       21.00       99.00       37.00       29.00       60.00       70.00       13.00       92.00
       56.00       49.00       84.00       10.00       19.00       51.00       43.00       80.00       41.00       58.00
       41.00       14.00       27.00       97.00       77.00       13.00       81.00       72.00       22.00       18.00
       70.00       81.00       40.00       79.00       37.00       37.00       30.00       42.00       41.00       99.00
       68.00       30.00       49.00       53.00       59.00       82.00       93.00       15.00        3.00       70.00
       74.00       51.00       39.00        6.00       91.00       19.00       37.00       14.00        2.00       89.00
       25.00       24.00       57.00        3.00       98.00       15.00       71.00       61.00       29.00       21.00
        4.00       63.00       80.00       60.00       81.00       33.00       96.00       67.00       69.00       12.00
       14.00       34.00       91.00       92.00       26.00       87.00       39.00       19.00       87.00       56.00
       22.00       13.00       37.00        8.00       66.00       55.00        1.00       75.00       40.00       51.00
       71.00       65.00       82.00       75.00       81.00       50.00       48.00       47.00       47.00       86.00
        6.00        1.00       17.00       82.00       58.00       50.00       57.00       39.00       41.00       38.00
       64.00       26.00       64.00       65.00        2.00       51.00       68.00       99.00       71.00       65.00
       11.00       17.00       77.00       90.00       35.00       54.00       63.00       61.00       49.00       29.00
       98.00       30.00       37.00       95.00       65.00       66.00       89.00       24.00       69.00       62.00
       92.00       23.00       68.00        6.00       49.00       47.00       98.00       99.00        7.00       51.00
       40.00       33.00       96.00       99.00       55.00       31.00       42.00       23.00       81.00       46.00
       77.00       96.00       71.00       53.00       67.00       62.00       19.00       81.00       47.00       46.00
       88.00       73.00       10.00       24.00       57.00       71.00       97.00       39.00       41.00       70.00
        0.00       80.00       51.00       69.00       59.00       66.00       97.00       36.00        9.00       10.00
       49.00       48.00       26.00       44.00       26.00       81.00       75.00       25.00       55.00       63.00
       46.00       73.00       26.00        5.00       35.00       96.00       51.00       86.00       24.00        2.00
       84.00       43.00       39.00       12.00       60.00        7.00       11.00       16.00       83.00       74.00
       63.00       48.00       43.00        6.00       88.00       47.00       56.00        3.00       14.00       62.00
       56.00       91.00       43.00       95.00       80.00       11.00       33.00       99.00       33.00        9.00
       46.00       75.00       12.00       70.00       87.00       26.00       31.00       21.00       10.00       80.00
       78.00       30.00       55.00       73.00        1.00       48.00       53.00       61.00       92.00       79.00
        9.00        3.00       19.00       87.00       49.00       30.00       32.00       59.00       92.00       97.00
       45.00       92.00       79.00       79.00       50.00       65.00       83.00       57.00       40.00       29.00
       65.00       15.00       33.00        6.00       60.00       27.00       20.00       96.00        9.00       20.00
        0.00       32.00       60.00       37.00       50.00       12.00       20.00       27.00       52.00       34.00
       22.00       60.00       89.00       75.00       35.00       12.00       57.00       14.00       36.00       94.00
       76.00       90.00       32.00        9.00       85.00       21.00       77.00       57.00       58.00       64.00
       45.00       39.00       83.00       55.00       40.00        4.00       67.00       74.00       62.00       64.00
       95.00       39.00       59.00       61.00       29.00       94.00       24.00       55.00       28.00       67.00
       32.00       81.00       35.00        5.00       15.00       80.00       57.00       12.00       28.00       14.00
       36.00       58.00       45.00       11.00       78.00        7.00       95.00        0.00       98.00       19.00
       28.00       47.00        2.00       94.00       62.00       78.00       92.00       77.00       58.00       65.00
       94.00       42.00       29.00       15.00       27.00       18.00       68.00       76.00       58.00       32.00
       56.00       54.00       33.00       74.00       93.00       10.00       60.00       16.00       45.00       77.00
       84.00       37.00       21.00       16.00       99.00       37.00       12.00       96.00       62.00       41.00
       44.00       82.00       22.00       24.00       58.00       52.00       72.00       15.00       92.00       74.00
       82.00       53.00       32.00       37.00       92.00        4.00       71.00       89.00       38.00       76.00
       83.00       40.00       75.00       60.00       92.00       36.00       99.00       22.00       14.00        2.00
       88.00       98.00       89.00       24.00       16.00       66.00       25.00       97.00        1.00       24.00
       37.00       81.00       11.00       61.00       46.00       29.00       14.00       30.00       62.00       82.00
       59.00       46.00       75.00       49.00       31.00       63.00       40.00        4.00        1.00       21.00
       11.00       14.00       20.00       18.00       25.00       26.00       26.00       26.00       10.00       13.00
       22.00       16.00       28.00       17.00       13.00       21.00       15.00       25.00       21.00       23.00
       23.00       16.00       25.00       20.00       16.00       16.00       17.00       23.00       25.00       22.00
       25.00       18.00       18.00       21.00       11.00       12.00       25.00       29.00       17.00       11.00
       18.00       24.00       21.00       25.00       16.00       27.00       20.00       16.00       13.00       15.00
      373.00       94.00      392.00      463.00      142.00      139.00      886.00      436.00      801.00      697.00
      154.00      337.00      839.00      444.00      290.00      524.00      666.00      306.00      266.00      467.00
      144.00       31.00      107.00       95.00       55.00       45.00      130.00      142.00      112.00      103.00
       33.00       50.00      114.00       76.00       42.00      121.00       99.00       41.00       62.00       76.00
