   50   20
       62.00       35.00       12.00       56.00       15.00       27.00       34.00       63.00       60.00       18.00
       25.00       88.00       26.00        7.00       76.00       77.00       88.00       24.00       34.00        8.00
       42.00       23.00       34.00       96.00       30.00       53.00        1.00       73.00       53.00       46.00
       14.00       86.00        2.00       20.00       85.00       85.00        5.00       81.00       98.00       85.00
       57.00       80.00        4.00       29.00       95.00       51.00       77.00       81.00       26.00       33.00
       78.00       34.00       15.00       63.00       67.00        6.00        8.00       87.00       78.00       56.00
       33.00       27.00       31.00       51.00        5.00       96.00       61.00       68.00       30.00       57.00
       82.00       94.00       94.00       65.00        2.00       81.00       65.00       35.00       89.00       53.00
       52.00       27.00       19.00       77.00        0.00       43.00       75.00       54.00       16.00       79.00
       88.00       67.00       54.00       65.00        5.00       22.00       93.00        1.00       61.00       56.00
       10.00       62.00       70.00       85.00        9.00       33.00       67.00       40.00       66.00        5.00
       67.00        0.00        7.00       23.00       16.00       15.00       23.00       88.00       68.00       97.00
       85.00       46.00       89.00        4.00       22.00        5.00       89.00       46.00       75.00       89.00
       29.00        5.00       25.00       93.00       47.00       31.00       76.00       11.00       17.00       58.00
       36.00       51.00       11.00       60.00       19.00       60.00       51.00       31.00       69.00       19.00
       54.00       75.00       82.00       73.00       14.00       20.00       60.00       32.00       86.00       99.00
       47.00       30.00       35.00       76.00       18.00       41.00       96.00       86.00        6.00       92.00
       45.00       41.00       27.00        6.00       75.00       99.00        0.00       93.00       29.00       14.00
       86.00       45.00       39.00        6.00        9.00       13.00       66.00       24.00       97.00       73.00
       44.00       90.00       89.00       12.00       70.00       33.00       89.00       89.00       97.00       83.00
       44.00       37.00       19.00       47.00       99.00       43.00       55.00       15.00       48.00       92.00
       79.00       55.00       82.00       72.00       28.00       87.00        6.00       86.00       24.00       78.00
       75.00        0.00       62.00       54.00       68.00       41.00       50.00       48.00        4.00        9.00
       29.00       33.00       73.00       75.00       78.00       93.00       25.00       78.00        1.00       34.00
       48.00       46.00       52.00       52.00       24.00       94.00       26.00       96.00       48.00       78.00
       40.00       99.00       48.00       25.00       88.00       57.00       36.00       39.00       14.00       94.00
       85.00       70.00       70.00       31.00        9.00        1.00       35.00       47.00       89.00       72.00
        8.00       12.00       71.00       63.00       25.00        7.00       44.00       99.00       33.00       91.00
       46.00       44.00       39.00       58.00       79.00        2.00       15.00       96.00       32.00       45.00
       24.00       50.00       19.00       30.00       97.00       48.00        7.00       77.00       78.00       35.00
       84.00       23.00       21.00       35.00       74.00       64.00       97.00       27.00       31.00       68.00
       51.00        8.00       46.00        5.00       20.00       84.00       42.00       29.00       89.00       97.00
       80.00       16.00       66.00        2.00       51.00       41.00       84.00       35.00       57.00       35.00
       67.00       34.00       15.00       75.00       32.00       17.00       99.00       90.00       89.00       23.00
       38.00       72.00       78.00       64.00       30.00       48.00       54.00       56.00       24.00       43.00
        2.00       14.00       91.00       27.00       49.00       37.00       88.00       45.00        4.00       25.00
       85.00       69.00       36.00       79.00        0.00       13.00       84.00        5.00       74.00       98.00
       48.00       11.00       76.00       75.00       11.00       56.00       19.00       31.00       87.00       11.00
       21.00       27.00       93.00       32.00       61.00       68.00        5.00       49.00       99.00       78.00
       28.00       28.00       51.00       46.00       91.00       57.00       64.00       64.00       65.00       74.00
       13.00       64.00       44.00       12.00       20.00       35.00       47.00       59.00       65.00       75.00
       38.00       39.00       40.00        4.00       52.00       67.00       73.00       48.00       91.00       36.00
       13.00       68.00       26.00       35.00       54.00       96.00       14.00       13.00       46.00       98.00
       14.00       26.00       17.00       80.00       68.00       51.00        4.00        1.00       79.00       28.00
       60.00       71.00        0.00       87.00        0.00       39.00       16.00       62.00       95.00       92.00
       86.00        1.00       19.00       34.00       68.00       17.00       26.00       18.00       59.00       43.00
       94.00       27.00       19.00       98.00       73.00       53.00       37.00       59.00       24.00       12.00
       99.00        1.00       31.00       75.00       38.00       53.00       31.00       41.00       72.00       92.00
       81.00       43.00       92.00       51.00       69.00       90.00       18.00       24.00       38.00       77.00
       53.00       99.00       70.00        4.00       13.00       53.00       52.00       12.00       91.00       70.00
       35.00        3.00        0.00       90.00       39.00       13.00       91.00       93.00       72.00       58.00
       54.00       60.00       70.00       60.00       38.00       99.00       74.00       38.00       44.00       85.00
       95.00        6.00       97.00       90.00       42.00       25.00       81.00       84.00       12.00       99.00
       93.00       24.00       55.00       98.00       69.00       92.00       83.00       75.00       73.00       16.00
       74.00       83.00       44.00        1.00       90.00       22.00       71.00       61.00        6.00       75.00
        7.00       12.00       38.00        6.00       66.00       77.00       94.00       29.00       54.00       15.00
       97.00       75.00       29.00       65.00       62.00       16.00       96.00       81.00       97.00       21.00
       68.00       86.00        1.00       51.00       74.00       76.00       52.00       22.00       65.00       58.00
        1.00       91.00       72.00       92.00       44.00       44.00        7.00       76.00       17.00       96.00
       14.00       98.00       38.00       17.00       10.00       42.00       95.00       65.00       66.00       10.00
       51.00       75.00       38.00       22.00       25.00       38.00       24.00       79.00       54.00       71.00
       18.00       18.00       51.00       65.00       97.00       95.00       26.00       55.00       42.00       58.00
       16.00       48.00       88.00       17.00       51.00       21.00       68.00        7.00       55.00       48.00
       64.00       15.00       52.00       33.00       15.00       97.00       30.00       63.00       21.00       32.00
       80.00       99.00       49.00       70.00       13.00       71.00       42.00       69.00       34.00       39.00
       65.00       49.00        4.00       51.00       55.00       83.00       36.00        0.00       60.00       21.00
        2.00       59.00       74.00        7.00       42.00       52.00        4.00       40.00       12.00       86.00
       42.00       88.00        0.00       51.00        1.00       51.00        4.00       74.00       65.00       44.00
       53.00       67.00       44.00       30.00        8.00       11.00       40.00       39.00       82.00       82.00
       67.00       45.00       58.00       84.00       77.00       81.00       98.00       62.00       87.00       33.00
       75.00       11.00       12.00       28.00       69.00       91.00       42.00        0.00        0.00       31.00
       21.00       26.00        3.00       73.00       22.00       36.00       64.00       77.00       17.00       57.00
       63.00       14.00       93.00       47.00        7.00        2.00       52.00        9.00       34.00       57.00
       17.00       15.00       38.00       82.00        5.00       64.00       29.00       97.00       62.00       64.00
       40.00       93.00       64.00        3.00       41.00       62.00       13.00       56.00       19.00       42.00
        9.00       37.00       38.00       60.00       64.00       99.00       92.00       82.00       80.00       44.00
        1.00       98.00       19.00       76.00       28.00       88.00       42.00       37.00        9.00       69.00
       75.00       90.00       24.00       99.00       48.00       44.00       61.00        4.00        5.00       36.00
       31.00       37.00       87.00       11.00       53.00        1.00       31.00       79.00       17.00       89.00
       36.00       18.00       84.00       15.00       95.00       64.00       83.00       58.00       94.00       18.00
       20.00       19.00       19.00       35.00       11.00       85.00       23.00       95.00       92.00       36.00
       61.00       74.00       70.00       40.00       71.00       40.00       40.00       35.00       69.00       68.00
       50.00       77.00       95.00       43.00        6.00        4.00       18.00       82.00       53.00       63.00
       79.00        7.00       64.00       81.00       53.00       55.00       23.00       77.00       39.00       83.00
       97.00       63.00       16.00       25.00       15.00       68.00       28.00       14.00       15.00       78.00
       74.00       53.00       15.00       93.00       33.00       11.00       23.00       28.00       35.00       84.00
        0.00       19.00       65.00       36.00       25.00        3.00       62.00       17.00       42.00       93.00
       44.00       14.00       77.00       58.00       78.00       97.00       59.00       80.00       75.00       53.00
       82.00       62.00       67.00       24.00        1.00       76.00       20.00       92.00       29.00       19.00
       66.00       82.00       94.00       80.00       67.00       64.00       74.00       52.00       54.00       87.00
       11.00       42.00       85.00       75.00       70.00       59.00       31.00       53.00        2.00       80.00
       76.00        8.00       31.00       36.00       94.00       77.00       57.00       59.00       28.00       39.00
       54.00       73.00        6.00       41.00       18.00       45.00       50.00       80.00       70.00       10.00
       60.00       39.00       34.00       29.00        6.00       31.00       47.00       72.00       28.00       12.00
       58.00       12.00       46.00       57.00       37.00       68.00       21.00       13.00       91.00       64.00
       26.00       82.00       64.00       55.00       22.00       83.00       66.00       56.00       25.00        5.00
       55.00       78.00       34.00       50.00       76.00       48.00       50.00       28.00       18.00       73.00
        1.00       46.00       52.00       62.00       45.00        9.00       62.00       42.00       39.00       36.00
       75.00        9.00       81.00       31.00       60.00       99.00       55.00       81.00       41.00       94.00
       54.00       87.00       58.00       74.00       54.00        4.00       62.00       86.00       61.00       92.00
       13.00       28.00       15.00       14.00       18.00       10.00       28.00       11.00       26.00       10.00
       25.00       23.00       15.00       12.00       11.00       12.00       22.00       11.00       16.00       16.00
       21.00       16.00       27.00       18.00       22.00       14.00       12.00       17.00       12.00       19.00
       20.00       13.00       13.00       26.00       24.00       15.00       28.00       26.00       15.00       19.00
       14.00       18.00       16.00       10.00       26.00       10.00       12.00       10.00       27.00       28.00
     2551.00     6785.00     3802.00     2031.00     5283.00     4008.00     1697.00     1844.00      936.00     3692.00
     2636.00     1986.00     4476.00     1923.00     3126.00     2626.00      555.00     1660.00     3161.00      443.00
      139.00      305.00      257.00      202.00      267.00      301.00      174.00       86.00       64.00      276.00
      208.00      145.00      273.00       87.00      235.00      239.00       53.00       76.00      162.00       36.00
