   50   20
       25.00       35.00       95.00       49.00       97.00       77.00       61.00       52.00       89.00       44.00
       21.00       37.00       95.00       74.00       60.00       58.00       17.00       90.00       67.00       28.00
       17.00       33.00       46.00        9.00       12.00       25.00       97.00       81.00       99.00       87.00
       60.00       48.00       67.00       29.00       31.00       41.00       22.00        3.00       99.00       38.00
       26.00       69.00       72.00       93.00       38.00       16.00       73.00       64.00       11.00       53.00
       44.00       64.00       59.00       50.00       76.00       81.00       26.00       85.00       54.00       57.00
       11.00       49.00       87.00       96.00       20.00        3.00       68.00       47.00       67.00       85.00
       76.00        6.00       28.00       20.00       12.00        3.00       38.00       73.00       43.00       75.00
       71.00       55.00       86.00       62.00       42.00       69.00       63.00       49.00       35.00       55.00
        0.00       51.00       34.00       70.00       58.00       25.00       11.00       16.00       24.00       41.00
        9.00        2.00       84.00       55.00        8.00       95.00       68.00       58.00       75.00        7.00
       39.00        2.00       32.00       16.00       65.00       26.00       89.00       19.00       88.00       28.00
       34.00       68.00       88.00       61.00       68.00       35.00        6.00       41.00       33.00        2.00
       72.00        7.00       67.00       82.00       45.00       69.00       95.00       14.00       69.00       17.00
       21.00       77.00        9.00       95.00       95.00       31.00        6.00       71.00       64.00       76.00
       64.00       22.00       36.00       81.00       77.00       50.00        9.00       26.00       46.00       86.00
       45.00       66.00       41.00       40.00        2.00        2.00       11.00       17.00       34.00       20.00
       52.00       94.00       43.00       39.00       83.00       40.00       29.00       68.00       90.00       22.00
       74.00       67.00       32.00       17.00       69.00       75.00       29.00       38.00       41.00       27.00
       71.00       38.00       75.00       89.00       14.00       46.00       16.00       86.00       65.00       56.00
       88.00       80.00       56.00       67.00       97.00       51.00       67.00       57.00       70.00       69.00
       51.00       15.00       70.00       67.00       65.00       87.00       80.00       53.00       13.00        9.00
       45.00       16.00       53.00       12.00       19.00       25.00       28.00       42.00       56.00        9.00
       19.00       26.00       38.00       85.00       28.00       76.00       33.00       65.00       51.00        3.00
       21.00       48.00       81.00       98.00       41.00       96.00       64.00       92.00       33.00       42.00
        0.00        7.00       89.00       72.00       45.00       57.00       37.00       99.00       75.00       54.00
        7.00       91.00       12.00       55.00       81.00       49.00       16.00       18.00       92.00       36.00
        0.00       71.00       54.00       95.00       22.00       28.00       21.00       27.00       60.00       78.00
       10.00       92.00       68.00       37.00       38.00       73.00       79.00       58.00       59.00       12.00
        2.00       24.00        1.00        4.00       16.00       58.00       31.00        8.00       74.00       54.00
        9.00       13.00       63.00       89.00        5.00       71.00       76.00       77.00       87.00       80.00
       14.00       75.00        7.00       79.00       98.00       64.00       46.00       93.00       68.00       38.00
       81.00       38.00       11.00       99.00        9.00       66.00       33.00       33.00       20.00       24.00
       63.00        6.00       10.00       47.00       65.00       24.00       79.00       12.00       95.00       22.00
       56.00       21.00       16.00        2.00       41.00       98.00       76.00       14.00       60.00        6.00
        2.00       55.00       66.00       23.00       58.00       41.00       45.00       44.00       91.00       66.00
       98.00       81.00       45.00       55.00       13.00       86.00       15.00       74.00       49.00       25.00
       88.00       56.00       88.00       68.00       87.00       63.00       45.00       72.00       95.00       76.00
       20.00       85.00       53.00        1.00       46.00       89.00       54.00       21.00       64.00       54.00
       52.00       29.00       30.00       86.00       89.00       45.00       29.00       76.00       97.00       77.00
       53.00       95.00       19.00       81.00       85.00       86.00       76.00       45.00       67.00       44.00
       48.00       98.00       57.00        0.00       73.00        7.00       17.00       29.00       65.00       21.00
       66.00       60.00        4.00       78.00        0.00       70.00       68.00       80.00       59.00       62.00
       77.00        6.00       98.00       75.00        6.00        9.00       93.00       87.00       62.00       25.00
       75.00       82.00       38.00       89.00       95.00       21.00       91.00       39.00       45.00       10.00
       11.00       36.00       91.00       75.00       68.00       57.00        8.00       88.00       60.00       24.00
        0.00       87.00        2.00       68.00       58.00       95.00       20.00       64.00       97.00       33.00
       56.00       63.00       54.00       78.00       68.00       21.00       51.00       15.00       19.00       96.00
       62.00       73.00       67.00       69.00       22.00       58.00       92.00       95.00       73.00       18.00
       46.00        3.00       37.00       94.00       95.00        9.00       73.00       59.00       91.00       82.00
       26.00       34.00       95.00        8.00        3.00       46.00       49.00       23.00       31.00       47.00
       46.00       18.00       68.00       33.00       63.00       36.00       84.00       21.00       55.00        7.00
       28.00       61.00       16.00        5.00       52.00       22.00       64.00        8.00       52.00       40.00
       99.00        8.00       52.00       50.00       49.00       91.00       42.00       24.00       95.00       89.00
       37.00       83.00       42.00       77.00       28.00       77.00       83.00       63.00       43.00       20.00
       65.00       94.00       25.00       43.00       59.00       76.00       13.00       10.00       91.00       82.00
       68.00       90.00       81.00       99.00       88.00       87.00       16.00       32.00        7.00       73.00
       25.00       71.00       61.00       86.00       57.00       82.00       77.00       67.00       66.00       88.00
        9.00       61.00       61.00       44.00       36.00       10.00       73.00       26.00       86.00       95.00
       41.00       83.00       65.00       31.00       30.00       22.00       89.00        0.00       23.00       37.00
       50.00       79.00       64.00       84.00       88.00       15.00       19.00       79.00       16.00       37.00
        7.00       57.00       34.00        0.00       10.00       29.00       45.00       35.00       60.00       24.00
       27.00       13.00       58.00        0.00       53.00       59.00       90.00       56.00       52.00       93.00
       29.00       95.00       41.00       50.00       40.00        3.00       94.00       33.00       38.00       49.00
       12.00       94.00       53.00       32.00       12.00       39.00       10.00        8.00       56.00       13.00
       23.00        1.00       82.00       97.00       66.00       55.00        7.00       45.00       63.00       91.00
       18.00       20.00       21.00       84.00       68.00       18.00       85.00       64.00       50.00       96.00
        2.00        9.00        1.00       21.00        8.00       80.00       77.00       31.00       88.00       26.00
       90.00       62.00       76.00       49.00       93.00       81.00       69.00       11.00       72.00       30.00
        5.00       27.00       68.00       79.00       15.00       67.00       35.00       38.00       39.00       64.00
       15.00       61.00       79.00       12.00       85.00       71.00       29.00       85.00        9.00       74.00
        1.00       14.00       86.00       25.00       32.00       19.00       91.00       94.00       48.00       62.00
       59.00       31.00       25.00       76.00       27.00       22.00       59.00       92.00       64.00       88.00
       43.00       61.00       43.00       83.00       17.00       47.00       35.00       75.00       30.00       36.00
       28.00       18.00       36.00       87.00       98.00       67.00       12.00       25.00        2.00       67.00
       68.00       40.00       46.00       40.00       89.00       59.00       61.00       44.00       29.00       93.00
       93.00       71.00       45.00       73.00       81.00       16.00       44.00       39.00       86.00       32.00
       77.00       38.00       95.00       59.00        8.00       50.00       99.00       76.00       40.00       41.00
       42.00       26.00       69.00       13.00       79.00       19.00       15.00       10.00       79.00       94.00
       31.00       92.00       78.00       13.00       97.00       80.00       65.00       12.00       67.00       48.00
       44.00       19.00       92.00        3.00       16.00       43.00       64.00       91.00       78.00       66.00
       45.00        3.00       19.00       99.00       76.00       85.00       70.00        4.00       79.00       74.00
       30.00       64.00        0.00       96.00       94.00       62.00       55.00       24.00       27.00       20.00
       72.00       71.00       79.00       85.00       52.00       57.00       37.00       64.00       79.00       83.00
       42.00       71.00       62.00        7.00       36.00        9.00       88.00       97.00       98.00        7.00
        9.00        6.00        9.00       98.00        3.00       95.00       29.00       91.00       82.00        5.00
       87.00       91.00       28.00       42.00       29.00       50.00       89.00       36.00       48.00       62.00
       58.00       88.00       16.00       51.00       30.00        9.00       85.00       80.00       88.00       22.00
       12.00       12.00       89.00       71.00       50.00       87.00       34.00       70.00       92.00       96.00
       42.00       87.00       61.00       71.00       79.00       28.00        0.00       11.00       87.00       85.00
       79.00       30.00       38.00       51.00       40.00       89.00       91.00       29.00       51.00       33.00
       38.00       74.00       25.00       74.00       57.00       46.00       30.00       72.00       18.00       84.00
        7.00       96.00        7.00       92.00       56.00        6.00       52.00       35.00       66.00       36.00
       88.00       62.00        4.00        6.00       81.00        6.00       72.00       90.00       94.00       44.00
       13.00       89.00       77.00       99.00       19.00       26.00        6.00       21.00       70.00       39.00
       10.00       87.00       16.00       34.00       52.00        6.00       69.00       39.00       53.00        3.00
       65.00       68.00       88.00       36.00       39.00       78.00       84.00       70.00       89.00       84.00
       92.00       96.00       41.00       64.00       26.00       81.00       41.00       71.00       84.00       92.00
       30.00       27.00       94.00       16.00       79.00       76.00       58.00       73.00       91.00       14.00
       66.00        7.00        6.00       23.00       36.00       86.00       41.00       82.00       69.00       48.00
       19.00       14.00       29.00       23.00       26.00       26.00       10.00       23.00       11.00       13.00
       14.00       24.00       13.00       12.00       25.00       23.00       21.00       11.00       10.00       11.00
       12.00       28.00       15.00       26.00       15.00       21.00       29.00       26.00       25.00       16.00
       23.00       13.00       24.00       13.00       21.00       26.00       21.00       28.00       10.00       20.00
       17.00       17.00       28.00       12.00       21.00       25.00       29.00       17.00       15.00       24.00
     2479.00     1052.00     3550.00      461.00     1616.00      683.00      478.00     1746.00     3353.00      924.00
      834.00      630.00      949.00     3216.00     1996.00     1764.00     2553.00     5052.00     1405.00      818.00
      242.00       55.00      216.00       46.00      195.00       62.00       49.00      104.00      156.00       96.00
       97.00       53.00       46.00      163.00      200.00      204.00      214.00      240.00       65.00       36.00
