   50   20
        2.00       57.00       98.00       14.00       66.00       19.00       86.00       38.00       25.00       21.00
       49.00       55.00        0.00       62.00       62.00       36.00        3.00       36.00       79.00       96.00
       79.00       57.00       16.00       14.00       81.00       58.00       21.00       21.00       62.00       53.00
       99.00       74.00       12.00        1.00        5.00       99.00       73.00        0.00       26.00       68.00
        2.00       10.00       13.00       40.00       81.00       76.00       37.00       80.00       76.00       93.00
       87.00       47.00        4.00       60.00       16.00       99.00       64.00       83.00       17.00       67.00
       26.00       43.00       85.00       91.00        5.00       46.00       89.00       27.00       37.00       88.00
       66.00       58.00       68.00       42.00       10.00       71.00       88.00       28.00       14.00       95.00
       94.00       20.00       96.00       87.00       65.00       15.00       10.00       40.00       58.00       59.00
       28.00       28.00       89.00        5.00       35.00       19.00       43.00       55.00       83.00       28.00
       24.00       95.00        0.00       80.00       43.00       50.00       28.00       12.00       10.00       96.00
       59.00       28.00       74.00        8.00       85.00       97.00       16.00       53.00       77.00       46.00
       12.00       26.00       64.00       92.00        5.00       10.00       74.00       17.00       47.00        1.00
       64.00       82.00       25.00       20.00       39.00       32.00       54.00       30.00       48.00       22.00
       18.00       93.00        7.00        1.00       86.00       61.00       78.00        6.00       39.00       89.00
       11.00       51.00       79.00       84.00       26.00       42.00        6.00       64.00       97.00       17.00
       89.00       68.00       51.00       18.00       63.00       47.00       12.00       32.00       33.00       36.00
       43.00       61.00       58.00       67.00       60.00        9.00       56.00       94.00       39.00       90.00
       46.00       26.00       24.00       12.00       18.00       95.00       10.00       62.00        8.00        9.00
       62.00       27.00       98.00       51.00        4.00       11.00       90.00       44.00       64.00       26.00
       14.00       85.00       77.00       86.00       60.00        5.00       86.00       19.00       65.00       32.00
       76.00       76.00       79.00       51.00       47.00        8.00       92.00       80.00        0.00       33.00
        3.00       23.00       98.00       26.00       57.00       56.00       27.00       87.00       89.00       69.00
       59.00       79.00       38.00       54.00        8.00       53.00       31.00       26.00       21.00       74.00
       48.00       11.00       37.00       38.00       11.00       38.00       25.00       44.00       69.00       22.00
       76.00       37.00       63.00       19.00        0.00       68.00        3.00        0.00       64.00       19.00
       70.00       62.00       77.00       82.00       50.00       83.00       87.00       16.00       60.00       88.00
       70.00       87.00       96.00       80.00       13.00       99.00       42.00       47.00       22.00       46.00
       20.00       65.00        8.00       50.00       43.00       48.00       28.00       79.00       28.00       11.00
        4.00       29.00       74.00       51.00       15.00       50.00        0.00       69.00       54.00       27.00
       14.00       84.00        1.00       49.00       51.00       96.00       39.00       29.00        4.00       23.00
       20.00       66.00       22.00       13.00       59.00       51.00       73.00       96.00       13.00       59.00
       80.00       27.00       76.00       87.00       74.00       50.00       88.00       18.00       42.00       75.00
       43.00       39.00       39.00       43.00       53.00       20.00       15.00       28.00       90.00       48.00
       57.00       98.00       17.00       76.00       58.00       34.00       84.00       14.00       66.00       85.00
       50.00       82.00       59.00       98.00       51.00       12.00       69.00       58.00       27.00       49.00
       34.00       19.00       81.00        0.00       63.00       29.00       32.00       35.00       40.00       57.00
       84.00       24.00       92.00       88.00       27.00       76.00       13.00       52.00       30.00       14.00
       13.00       71.00        3.00       96.00       23.00       86.00       44.00       71.00       90.00       60.00
       82.00       26.00       41.00       86.00       86.00       59.00       92.00       42.00        7.00        5.00
       35.00       73.00       81.00       74.00       29.00       99.00       84.00       85.00       80.00       55.00
       36.00       22.00       86.00       49.00        2.00       20.00       82.00       60.00       11.00       81.00
       96.00       29.00       19.00       56.00       31.00       17.00       68.00       62.00       13.00       20.00
       20.00       10.00       64.00       80.00       84.00       62.00       18.00       18.00       37.00       48.00
       52.00       93.00       35.00        9.00       36.00       48.00       45.00       49.00        1.00        5.00
       51.00        4.00       78.00       21.00       21.00       72.00       77.00       17.00       30.00       54.00
       90.00       35.00       76.00        8.00       45.00       89.00       36.00        1.00       38.00       22.00
       54.00       33.00       32.00       75.00       50.00       44.00       94.00       35.00       98.00       50.00
        2.00       13.00        3.00       53.00       54.00       80.00       89.00       26.00       57.00       51.00
       67.00       78.00       71.00       96.00       49.00       25.00       50.00       25.00       24.00       54.00
       99.00       71.00       18.00       30.00       23.00       71.00       97.00       96.00       69.00        9.00
       92.00       63.00       59.00       88.00       51.00       90.00       75.00       34.00       39.00       98.00
       53.00       44.00       66.00       77.00       79.00       47.00       79.00       66.00        7.00       22.00
       78.00       30.00       39.00       13.00       30.00       55.00       37.00       12.00       83.00       30.00
       52.00        9.00       26.00        4.00        2.00       47.00       19.00       23.00       18.00        0.00
        9.00       89.00       53.00       84.00        6.00       89.00       20.00       68.00       75.00        6.00
       98.00       27.00       68.00       88.00       27.00       81.00        9.00       46.00       86.00       90.00
       10.00        9.00       13.00        8.00       68.00       59.00       15.00       15.00       75.00       11.00
       92.00       77.00       48.00       23.00       48.00        1.00       26.00       59.00        9.00       11.00
       69.00       77.00        5.00       35.00        6.00       45.00       74.00       85.00       80.00       51.00
       19.00       55.00        0.00       14.00       94.00       64.00       71.00       84.00       46.00       81.00
       88.00       82.00        9.00       59.00       78.00       49.00       25.00       63.00       80.00       40.00
       74.00       83.00       14.00       62.00       53.00       60.00       75.00       62.00        8.00       72.00
       43.00        6.00       29.00       55.00        2.00       99.00       63.00       50.00       20.00       50.00
       97.00       15.00       14.00       70.00       14.00       32.00        8.00       63.00       30.00       97.00
       65.00       46.00       65.00       81.00       51.00       15.00       10.00       96.00       47.00       27.00
       74.00        0.00       32.00       81.00       46.00       35.00       99.00       14.00       97.00       70.00
       80.00       35.00        0.00        3.00       83.00       78.00       54.00       36.00       68.00       35.00
       33.00       34.00       31.00       12.00        6.00       31.00       58.00        5.00       75.00       31.00
       62.00       92.00       60.00       45.00       33.00        8.00        4.00       30.00       60.00       18.00
       85.00       42.00       85.00       20.00       57.00       14.00       29.00       55.00       55.00       16.00
       78.00       84.00       47.00       66.00       17.00       71.00       99.00       91.00       78.00       75.00
        5.00       67.00        1.00       59.00       81.00       70.00       52.00       43.00       42.00       39.00
       45.00       67.00       95.00       18.00       38.00       59.00       27.00       30.00       32.00        2.00
       75.00        2.00       76.00       53.00       85.00       44.00       56.00       52.00       28.00       59.00
       21.00       43.00        9.00       14.00       88.00       77.00       86.00       24.00       10.00       64.00
        1.00       19.00        9.00       16.00       75.00       89.00        8.00       81.00       23.00       43.00
       11.00       68.00        0.00       11.00       19.00        5.00       67.00       83.00       72.00       85.00
       55.00       66.00       68.00       98.00       53.00       96.00       90.00       43.00       51.00       42.00
       46.00       73.00       29.00       88.00       96.00       18.00       52.00       77.00       32.00       88.00
       11.00       55.00       29.00       49.00       46.00       46.00       78.00       31.00       20.00       57.00
       81.00       98.00       24.00       80.00       62.00        4.00       56.00       45.00       15.00        4.00
       81.00       44.00       15.00       97.00       78.00       27.00       45.00       27.00       33.00       45.00
       15.00       55.00       13.00       80.00       90.00       91.00       59.00       95.00       42.00       42.00
       71.00        0.00       93.00       17.00       55.00        5.00       16.00       97.00       92.00        5.00
       15.00       53.00       12.00       37.00       92.00       83.00        5.00       77.00       86.00       91.00
        6.00       90.00       27.00       30.00        6.00       43.00       41.00       87.00       15.00       32.00
       19.00       74.00       54.00        9.00        9.00       67.00       52.00       80.00       11.00       88.00
       90.00       33.00       81.00       34.00       10.00       13.00       66.00        4.00       71.00       38.00
       41.00       60.00       37.00       43.00        7.00       36.00       21.00       79.00       72.00       79.00
       20.00       19.00       33.00       87.00        9.00       41.00       23.00       71.00       95.00       81.00
       94.00       61.00       35.00       93.00       49.00       39.00       70.00       50.00       45.00       57.00
       42.00       74.00       25.00       82.00       72.00       73.00       61.00       68.00       45.00       35.00
       13.00       59.00        7.00        2.00       24.00       63.00       79.00       15.00       18.00       50.00
       45.00       20.00       78.00       72.00       63.00       63.00       97.00        6.00       17.00       14.00
       53.00       61.00       88.00        8.00       43.00        1.00       38.00       86.00       61.00       95.00
       18.00       69.00       38.00       65.00       43.00       12.00       51.00        8.00       12.00        8.00
       75.00       23.00       43.00       44.00       44.00       54.00       69.00       31.00       44.00       25.00
        5.00       53.00       33.00       57.00       86.00       24.00       95.00       62.00       40.00       21.00
       47.00       59.00       34.00       49.00       62.00       84.00       20.00       68.00       89.00       51.00
       15.00       22.00       24.00       17.00       32.00        9.00        4.00       36.00        6.00       22.00
       28.00       35.00       18.00       32.00       33.00       33.00       10.00       24.00        5.00       30.00
       29.00       16.00        9.00       27.00       23.00        8.00       31.00       14.00       38.00        5.00
       21.00       32.00       29.00        9.00       29.00       34.00       30.00        6.00       37.00       10.00
        5.00       35.00       20.00        1.00       26.00       25.00       29.00       34.00       33.00        8.00
      157.00      188.00      187.00      516.00      553.00      252.00      491.00      634.00      194.00      480.00
      427.00      836.00      597.00      700.00     1030.00      777.00      168.00      340.00       98.00      798.00
       37.00       45.00       44.00      115.00       77.00       96.00      185.00      186.00       30.00      140.00
       73.00      143.00      136.00      107.00      207.00      140.00       50.00       48.00       40.00      172.00
