   50   20
       60.00       23.00       78.00       50.00        9.00        5.00        3.00       34.00       58.00       98.00
       24.00       57.00       10.00        6.00       63.00       34.00       42.00       64.00       33.00       63.00
       83.00       58.00       99.00       30.00       47.00       76.00       71.00       20.00       60.00       30.00
       79.00       14.00        0.00       76.00        8.00       38.00       46.00       31.00        0.00       97.00
       92.00       59.00       58.00        3.00       78.00       73.00       91.00       95.00       61.00       81.00
       97.00       90.00       93.00       70.00       81.00       21.00        5.00        7.00       36.00       68.00
       18.00       91.00       42.00       56.00        2.00        8.00       74.00        1.00       85.00       49.00
       96.00       23.00       59.00        2.00       15.00       43.00       56.00       38.00       92.00       53.00
       73.00       33.00       54.00       20.00       73.00       13.00       51.00       46.00        9.00        0.00
       35.00       18.00       20.00       12.00       82.00       17.00       10.00       27.00       69.00       52.00
       14.00       25.00       67.00       52.00        6.00       73.00       34.00       38.00        2.00        1.00
        9.00       42.00       60.00       96.00       31.00       54.00       90.00        8.00       55.00       18.00
       20.00       49.00       17.00       95.00       79.00       24.00       88.00       81.00       97.00       27.00
        4.00       27.00       28.00       88.00       80.00       23.00       57.00       58.00       25.00       25.00
       31.00       76.00       26.00       41.00       37.00       32.00       72.00       14.00       16.00       39.00
       32.00       49.00       77.00       79.00        2.00       98.00       61.00       70.00       88.00       77.00
       65.00       89.00        8.00       87.00       26.00       26.00       95.00       71.00       15.00       77.00
       65.00       14.00       11.00       85.00       69.00       82.00       47.00       89.00       40.00       47.00
       27.00       51.00       13.00       51.00       98.00       53.00       73.00       97.00       86.00        4.00
       57.00       85.00       49.00       77.00       24.00       15.00       11.00       91.00       63.00       31.00
       64.00       85.00       95.00       88.00       66.00       62.00        7.00       42.00       60.00        0.00
       11.00       24.00        4.00       49.00       20.00       31.00       82.00       72.00       81.00       37.00
       31.00       89.00        8.00       31.00        9.00       45.00       16.00       17.00       92.00       93.00
       29.00       37.00       69.00       76.00       27.00        2.00       75.00       53.00       51.00       47.00
       81.00       87.00       84.00       38.00       33.00        0.00       70.00       98.00        8.00       69.00
       46.00       37.00       27.00        2.00       99.00       92.00       38.00       30.00       62.00       25.00
       81.00        3.00       29.00       19.00       72.00       76.00       37.00       88.00       69.00       13.00
       54.00       73.00       40.00       53.00       69.00        6.00        3.00       32.00       68.00       57.00
       34.00       17.00       54.00       87.00       57.00       29.00       29.00       92.00       58.00       55.00
       60.00       91.00       97.00       56.00       92.00        9.00       95.00       51.00       71.00       47.00
       37.00        9.00       12.00       42.00       99.00       92.00       98.00       68.00       11.00       32.00
       15.00       12.00       97.00       21.00       57.00       53.00       63.00       67.00       39.00        3.00
       20.00       30.00       23.00       93.00       61.00       44.00       37.00       34.00       43.00       99.00
       40.00       58.00       20.00       19.00       61.00       28.00       50.00       80.00       18.00       88.00
       54.00       50.00        3.00       67.00       15.00       25.00       78.00       74.00       39.00       24.00
       13.00       46.00        5.00       50.00       82.00       31.00        1.00       23.00       79.00       22.00
       96.00       56.00       24.00       69.00       16.00       32.00       82.00       50.00       13.00       82.00
       93.00       53.00       38.00       96.00       15.00       22.00       85.00        8.00        2.00       60.00
       34.00       21.00       76.00       92.00       25.00       98.00       85.00       30.00       47.00        8.00
       21.00       97.00       17.00       95.00       68.00        5.00       77.00       47.00       95.00       77.00
       39.00       47.00        6.00       75.00       72.00       42.00       28.00       77.00       84.00       83.00
       85.00       99.00       52.00       86.00       97.00       57.00       18.00       41.00       98.00       36.00
       37.00       75.00       62.00       84.00       48.00       24.00       87.00       64.00        7.00       75.00
       66.00       26.00        8.00        9.00       55.00       87.00       69.00       19.00        9.00       30.00
       68.00        3.00       49.00       47.00       51.00       61.00       85.00        9.00       56.00       32.00
        3.00       21.00       12.00       64.00       90.00        6.00       10.00       85.00       59.00       14.00
       70.00       38.00        0.00       62.00       31.00       91.00       57.00       47.00       48.00       21.00
       20.00       78.00       73.00       53.00       83.00       38.00       46.00       98.00       93.00       62.00
       39.00       11.00        0.00       79.00       17.00       71.00       87.00       81.00        3.00       58.00
       35.00        1.00       79.00       68.00       46.00        0.00       46.00        0.00       44.00       36.00
       33.00        1.00       13.00       15.00       15.00       56.00       44.00       78.00        3.00       60.00
       15.00       79.00       96.00        2.00        6.00       28.00        3.00       56.00       27.00       31.00
        9.00       59.00       27.00       41.00        6.00        9.00       95.00        3.00       24.00       30.00
       68.00       58.00       49.00       75.00       32.00       34.00       90.00       71.00       55.00       45.00
       47.00       21.00       88.00       73.00       85.00       17.00       55.00        9.00       24.00       40.00
       76.00       72.00       88.00       39.00       19.00       25.00       75.00       15.00       78.00       81.00
       64.00       58.00       96.00       42.00       31.00       19.00       16.00       29.00       73.00       92.00
        6.00       91.00       53.00       66.00       91.00        3.00       97.00       53.00       98.00       87.00
       42.00        5.00       92.00       20.00       80.00       86.00       60.00       18.00       67.00       51.00
       71.00       93.00       93.00       51.00       12.00       39.00       15.00       68.00       93.00       88.00
       20.00       49.00       56.00       44.00       54.00       90.00       45.00       78.00       50.00       93.00
        4.00       49.00       19.00       92.00       25.00       90.00        4.00       23.00       67.00       58.00
       15.00       94.00       91.00       48.00       72.00       59.00       20.00       23.00       44.00       21.00
       84.00        0.00       63.00        9.00       31.00        1.00       37.00        1.00       12.00       54.00
       91.00        7.00       58.00        8.00       25.00        4.00       18.00       95.00       61.00        9.00
       22.00       55.00       10.00       30.00       98.00        1.00       86.00       20.00       38.00       92.00
       63.00       37.00        3.00       53.00       19.00       73.00       21.00       37.00       44.00       16.00
       99.00       38.00       99.00       49.00       64.00       97.00       35.00        6.00        6.00       46.00
       29.00       40.00       78.00       94.00       93.00       58.00       93.00       57.00       56.00       57.00
        2.00       70.00       23.00       35.00       56.00       32.00       80.00       81.00       87.00       97.00
       70.00       63.00       53.00       83.00       82.00       60.00       42.00       77.00       27.00       24.00
       15.00       52.00       68.00       46.00       52.00       33.00       65.00       87.00       19.00       70.00
       27.00       77.00       67.00        0.00       82.00       96.00       41.00       21.00       21.00        6.00
       56.00        1.00       66.00       82.00       64.00       92.00       77.00       67.00       28.00       27.00
       83.00       41.00       64.00       22.00       15.00       95.00       29.00        3.00       78.00       38.00
       63.00       41.00       78.00       77.00        4.00       50.00       99.00       61.00       49.00        2.00
       94.00       58.00       21.00       42.00       38.00       24.00       64.00       15.00       51.00       83.00
       77.00       55.00       92.00        7.00       65.00       63.00       89.00       90.00       63.00       10.00
       40.00       40.00       53.00       19.00       15.00       37.00       99.00       14.00       39.00       32.00
       60.00       57.00       34.00       83.00       43.00       87.00       46.00       50.00       26.00       52.00
        1.00        6.00       61.00       87.00       47.00       29.00       22.00       80.00       88.00       69.00
       72.00       32.00       13.00       36.00       58.00        4.00       74.00       23.00       59.00        7.00
       73.00       74.00       51.00       64.00       52.00       63.00       51.00       76.00        5.00       32.00
       68.00       50.00       52.00       22.00       68.00       77.00       45.00       75.00       29.00       75.00
       89.00        8.00       43.00       19.00       15.00       78.00       91.00       42.00       22.00       88.00
        6.00       67.00       76.00       10.00       88.00        2.00       41.00       16.00       40.00       22.00
       84.00       54.00       47.00        5.00       62.00        0.00        5.00        0.00       87.00       75.00
       75.00       52.00       50.00       17.00       31.00       98.00       18.00       31.00        8.00       29.00
       55.00       71.00       79.00       56.00       25.00       26.00       29.00       46.00       73.00       96.00
       73.00       12.00        8.00       10.00       65.00       62.00       15.00       97.00       94.00       56.00
       81.00       21.00       40.00       10.00        7.00       43.00       57.00       68.00       49.00       69.00
        3.00        8.00       99.00       97.00       36.00       61.00        7.00       67.00       26.00       71.00
        0.00       92.00       79.00        7.00       56.00        5.00       65.00       14.00       28.00       56.00
       77.00       65.00       38.00       63.00       96.00       48.00       77.00       69.00        8.00       99.00
       88.00       78.00       18.00       71.00        8.00       75.00       49.00       90.00        8.00       41.00
       22.00       50.00       54.00       31.00       56.00       40.00       61.00       55.00       30.00        2.00
       46.00        5.00       10.00       75.00       73.00       15.00        7.00       64.00       57.00       14.00
       42.00       39.00       71.00       53.00       33.00       59.00       68.00        2.00       11.00       76.00
       24.00       17.00       53.00       54.00       45.00       73.00       67.00       18.00       11.00       87.00
       90.00       16.00       43.00       59.00       69.00       55.00        8.00       49.00       30.00       53.00
       21.00       34.00       34.00       21.00       22.00       19.00        1.00        7.00       16.00       21.00
       15.00       25.00        2.00       24.00       26.00       14.00        6.00        2.00       35.00       24.00
       15.00        7.00       27.00        6.00       37.00       24.00       24.00       15.00       13.00       14.00
       29.00       34.00       13.00        7.00       31.00        2.00        2.00        5.00       16.00        3.00
       27.00       11.00        3.00       19.00       34.00       25.00        9.00       37.00       36.00        3.00
      750.00     2111.00     1260.00      524.00     1963.00     3456.00     2771.00     1780.00     1356.00     2787.00
      639.00     1423.00     2193.00     2739.00     2108.00     2109.00      822.00     4500.00     1849.00     2882.00
       41.00      123.00      125.00       25.00      226.00      164.00      242.00      139.00      168.00      215.00
       37.00      133.00      153.00      148.00      140.00      153.00       67.00      234.00      122.00      157.00
