   50   20
       29.00       77.00       24.00       34.00       41.00       45.00       51.00       39.00       82.00       75.00
       57.00        9.00       36.00       69.00       17.00       21.00       51.00       50.00       60.00       79.00
       45.00       12.00       34.00       21.00       38.00       42.00       91.00       25.00       33.00       76.00
       27.00       97.00       58.00       70.00       46.00       80.00       35.00        8.00       33.00       28.00
       47.00       65.00       77.00        4.00       21.00        7.00       45.00       35.00       35.00       94.00
       27.00       99.00       32.00       16.00       85.00       45.00       90.00       77.00       84.00       70.00
       81.00       15.00       89.00       97.00       26.00        4.00       51.00       32.00       22.00        5.00
       18.00       94.00       89.00       35.00       42.00       53.00       92.00       85.00       79.00       99.00
        1.00        5.00       85.00       52.00       18.00       26.00       72.00       72.00       80.00       12.00
       59.00       31.00       97.00       32.00       53.00       56.00       25.00       12.00       34.00       57.00
       38.00        5.00       16.00       99.00       74.00       93.00       41.00       81.00       76.00       93.00
       92.00       27.00       25.00       52.00       57.00       10.00       61.00       38.00       70.00       58.00
       32.00       65.00        8.00       15.00        7.00       18.00       33.00       57.00       63.00       49.00
       91.00       85.00       10.00       80.00       19.00       41.00       32.00       17.00       16.00       27.00
       43.00       69.00       90.00       21.00       98.00       27.00       66.00        8.00       10.00       46.00
       35.00       92.00       36.00       28.00       75.00       39.00       75.00        9.00       74.00       68.00
       64.00       96.00       26.00        5.00       60.00       98.00       96.00       53.00       61.00       64.00
       67.00       40.00        4.00        0.00        8.00       65.00       30.00       48.00       45.00       41.00
        4.00       43.00        2.00        2.00       48.00       68.00       62.00       33.00        9.00       92.00
       49.00       43.00       73.00       54.00       47.00       69.00       98.00       25.00       98.00        4.00
       28.00       59.00       44.00       79.00       14.00       21.00        8.00       33.00       46.00       54.00
       26.00       66.00       78.00       20.00       87.00       49.00       93.00       23.00       22.00       38.00
       59.00        0.00       63.00       21.00       49.00       51.00       65.00       87.00       29.00       27.00
       55.00        0.00       65.00        5.00       55.00       16.00       68.00       15.00       84.00       83.00
       91.00        7.00       50.00        0.00       56.00       66.00       85.00       32.00       63.00        6.00
       65.00        5.00       18.00       17.00       48.00       30.00       68.00       36.00       97.00       34.00
       49.00       68.00       77.00       81.00       73.00       75.00       62.00       31.00        5.00       15.00
       60.00       57.00       25.00       95.00       61.00       21.00       56.00       70.00       69.00       85.00
       16.00        3.00       56.00       96.00       18.00       73.00       69.00       81.00       26.00       82.00
       65.00       42.00       48.00        9.00       52.00       26.00       19.00       18.00       81.00       19.00
        4.00        1.00       89.00       87.00       25.00       27.00        8.00       69.00       88.00       16.00
       94.00       79.00       79.00       74.00       12.00       84.00       38.00       49.00       17.00       72.00
       33.00       86.00       94.00        7.00        5.00       11.00       51.00       48.00       37.00       54.00
       83.00       82.00       90.00        2.00       53.00       88.00       87.00       36.00       44.00       43.00
       54.00       91.00       93.00       18.00       44.00       52.00        8.00       53.00       95.00       73.00
       16.00       87.00       19.00       68.00       17.00       83.00       93.00       32.00       20.00       95.00
       29.00       78.00       95.00       34.00       25.00       96.00       64.00       63.00       23.00       80.00
       28.00        4.00       48.00       77.00       81.00       47.00       72.00       44.00       71.00       99.00
       51.00       21.00       17.00       96.00       29.00       72.00       68.00       88.00       79.00       32.00
       90.00       53.00       65.00       60.00       96.00        2.00       18.00        7.00       66.00       98.00
       63.00       39.00       22.00       74.00       56.00       57.00       50.00       42.00       89.00       28.00
       85.00       26.00        9.00       17.00        2.00       54.00       26.00       65.00       88.00       98.00
       19.00       64.00       67.00       42.00       79.00       39.00       22.00       22.00       17.00       11.00
       29.00       68.00       53.00       16.00       95.00       37.00       56.00        9.00       73.00       18.00
       92.00       59.00       86.00       53.00       13.00       37.00       83.00        4.00       90.00       37.00
       22.00       53.00       63.00       84.00       40.00       19.00       76.00       31.00       63.00       41.00
       14.00       29.00       54.00       32.00       57.00       39.00       18.00       36.00       19.00       13.00
        3.00       24.00       41.00       63.00       68.00        7.00       52.00        1.00        1.00       72.00
       19.00        1.00       19.00       50.00       53.00       44.00       77.00       78.00       25.00       25.00
       63.00       17.00       43.00       34.00       74.00       36.00       56.00       58.00       68.00       76.00
        9.00       45.00       73.00       46.00       66.00       41.00       77.00       26.00       55.00       79.00
       28.00       73.00       28.00       96.00       33.00       52.00       21.00       96.00       23.00       48.00
       65.00       83.00       22.00       20.00       78.00       44.00       48.00       12.00       48.00       47.00
       27.00       22.00       79.00       82.00       93.00        6.00       62.00       65.00       14.00       61.00
       93.00       91.00       63.00        6.00       48.00       82.00       24.00       78.00       96.00       88.00
        6.00       92.00        0.00       39.00       93.00       29.00       38.00       28.00       67.00       76.00
       48.00        4.00       82.00        2.00       78.00       96.00       56.00       63.00       95.00       84.00
       37.00       71.00       81.00        3.00       37.00       56.00       28.00       42.00       56.00       11.00
       94.00       70.00       32.00       11.00        3.00        3.00       85.00       37.00       84.00        1.00
       52.00       33.00       90.00       49.00       23.00        2.00       44.00       60.00       33.00        8.00
       93.00       17.00       55.00       29.00       75.00       32.00       10.00       94.00       34.00       86.00
       96.00       94.00       27.00       87.00       88.00       43.00       11.00       57.00       61.00       44.00
       17.00       29.00       51.00       71.00       22.00       26.00       46.00       72.00       10.00       44.00
       76.00       72.00       54.00       58.00       35.00       17.00       73.00       41.00       72.00       79.00
       50.00       43.00       19.00       31.00       97.00       85.00       40.00       60.00       33.00       56.00
       40.00       65.00       81.00       25.00       46.00       66.00       12.00        5.00       53.00       20.00
       98.00       19.00       13.00       21.00       45.00       76.00       97.00       29.00       17.00       43.00
       42.00       53.00       75.00       69.00        1.00       86.00       99.00        6.00       33.00       69.00
       41.00       30.00       95.00       22.00       64.00       51.00       44.00       79.00       44.00       75.00
       46.00       18.00       26.00       50.00       58.00       56.00       96.00       10.00       16.00       69.00
       88.00       98.00       69.00       45.00       29.00       41.00       25.00       87.00       19.00       93.00
       91.00       17.00       76.00       81.00       51.00       51.00       95.00       16.00       85.00       58.00
       19.00       52.00       38.00       96.00        0.00        6.00       98.00       14.00        8.00       75.00
       21.00       51.00       11.00       17.00       31.00       71.00       46.00       60.00       78.00       19.00
       38.00       85.00       21.00       82.00       46.00       85.00       92.00       97.00       44.00       80.00
       37.00       34.00       56.00       73.00       42.00       47.00       22.00       48.00        4.00       69.00
       46.00       58.00       98.00        4.00       54.00       56.00       39.00       32.00       77.00       51.00
       52.00       30.00       27.00       23.00        7.00       81.00       27.00       91.00       55.00       18.00
       24.00       50.00       99.00       29.00       90.00        0.00       76.00       24.00       84.00       42.00
       26.00       29.00       45.00       22.00       85.00       62.00       26.00       22.00       28.00       14.00
       92.00       63.00       44.00       30.00       49.00       41.00       12.00       67.00       60.00       23.00
       30.00       87.00       23.00       76.00       88.00       93.00       33.00       80.00        9.00       80.00
        8.00       25.00       37.00       20.00       71.00       42.00       74.00       46.00       23.00       29.00
       70.00        1.00       51.00       92.00       10.00       88.00       10.00       17.00       40.00       70.00
       33.00       82.00       76.00       95.00        0.00       96.00        8.00       48.00       63.00       22.00
        7.00       37.00       21.00       27.00       82.00       89.00       85.00       67.00       43.00       98.00
       74.00       87.00       82.00       57.00       36.00        8.00       70.00       58.00       82.00       28.00
       22.00       54.00       92.00       52.00       95.00       13.00        1.00       33.00       11.00       93.00
        0.00       96.00       23.00       46.00        4.00       60.00       69.00        7.00       65.00       96.00
       67.00       34.00       36.00       82.00       70.00       10.00       16.00       31.00       66.00        7.00
       32.00       24.00       96.00       97.00       33.00       56.00       29.00       41.00        9.00       88.00
       13.00       91.00       48.00       55.00       93.00        3.00       19.00       78.00       65.00       28.00
       12.00       83.00        4.00       36.00       86.00       12.00       89.00       93.00       29.00        1.00
       12.00       89.00       92.00       33.00       43.00       96.00       68.00       11.00       88.00       91.00
       47.00       10.00       61.00       90.00       31.00       80.00       61.00       66.00       20.00       39.00
       20.00       39.00       95.00       57.00       68.00       93.00       45.00       28.00       26.00       21.00
       31.00       84.00       29.00       16.00       86.00       86.00       27.00       80.00       76.00        8.00
       38.00       85.00       81.00       97.00       33.00       26.00       85.00       73.00       73.00       54.00
       52.00       94.00       60.00       67.00       53.00       19.00       24.00       11.00       74.00       26.00
       99.00       97.00       93.00       70.00       41.00       63.00       30.00       10.00       91.00       20.00
       22.00       28.00       31.00       27.00       16.00       26.00       10.00        6.00        4.00       16.00
        4.00       30.00       30.00       35.00        4.00       15.00        8.00       28.00       31.00        9.00
       17.00        4.00       15.00       12.00       37.00        8.00       29.00       25.00       32.00       22.00
       30.00       25.00       18.00       35.00        2.00       16.00       13.00        3.00       30.00        3.00
       23.00       37.00       35.00       14.00       21.00       27.00       30.00       22.00       13.00       34.00
     3832.00     3761.00      814.00     2365.00     2018.00     2581.00     1671.00     4712.00     3202.00     4401.00
      758.00     4325.00     3469.00     1603.00     1341.00     3810.00     2328.00     3996.00     2205.00     4534.00
       52.00       54.00       32.00       52.00       32.00       95.00       29.00       73.00       80.00       97.00
       23.00       85.00       72.00       62.00       48.00      100.00       77.00       78.00       84.00       62.00
