   60   30
       45.00       33.00       68.00       57.00       41.00       76.00       51.00       21.00       13.00       56.00
       80.00       74.00       86.00       86.00       70.00       29.00        4.00        8.00       37.00       11.00
       93.00       77.00       44.00       17.00       96.00       50.00       27.00       19.00       78.00       87.00
       52.00       11.00       31.00       42.00       51.00       69.00       20.00        3.00       35.00       60.00
       50.00       10.00       87.00       17.00       47.00       47.00       76.00       85.00       76.00        0.00
       47.00       83.00       57.00       31.00       83.00       47.00       30.00       89.00       33.00       55.00
       93.00       82.00       65.00       31.00        7.00       67.00       80.00        4.00       53.00       34.00
       99.00       46.00       77.00       93.00        1.00       26.00       51.00       90.00       92.00       55.00
       50.00       12.00       17.00       99.00       17.00       52.00       42.00        7.00       66.00       49.00
       88.00       54.00       40.00       21.00       78.00        6.00       38.00       63.00       31.00       73.00
       60.00       63.00       14.00       83.00       44.00       76.00       42.00        3.00        0.00       46.00
       80.00       97.00       49.00       70.00       96.00       85.00       39.00       46.00       54.00       50.00
       82.00       49.00       59.00        6.00       38.00       22.00       89.00       23.00       52.00       77.00
       78.00       69.00        0.00       55.00       29.00       26.00       11.00       74.00       76.00       78.00
       77.00       65.00       23.00       76.00       54.00       91.00       32.00       49.00       23.00       85.00
       30.00       86.00       70.00       50.00       63.00       33.00       91.00       16.00       20.00       72.00
       36.00       49.00       93.00       62.00       66.00       41.00       65.00       85.00       49.00       42.00
       19.00       10.00       54.00       12.00       30.00       60.00        7.00       86.00       71.00       75.00
        6.00        8.00       52.00       77.00       33.00       52.00       65.00       83.00       86.00       53.00
       13.00       49.00       39.00        9.00       46.00        4.00       87.00       18.00       14.00       28.00
       42.00       80.00       35.00       89.00       90.00       72.00       31.00       22.00       14.00       59.00
       59.00       31.00       61.00       20.00       74.00       41.00       82.00        1.00       77.00       37.00
        0.00        1.00       38.00       56.00       70.00       83.00        7.00       25.00       30.00       50.00
       45.00       73.00       83.00       28.00       38.00       35.00       26.00       43.00       80.00       40.00
       40.00        3.00       38.00       61.00       95.00       97.00       26.00       52.00       43.00       83.00
       62.00        3.00       94.00       42.00       85.00       96.00       99.00       85.00       44.00       36.00
       95.00       71.00       97.00       97.00       76.00       67.00       87.00       96.00       93.00       45.00
       56.00       95.00        9.00        6.00       51.00       91.00       54.00       77.00       11.00       36.00
       50.00       27.00       30.00       20.00       15.00       79.00       68.00       80.00       58.00       24.00
       21.00       27.00       21.00       80.00       86.00       28.00       36.00       25.00       92.00       52.00
        4.00       13.00       60.00       77.00        8.00       46.00       38.00       25.00       17.00       71.00
        4.00       76.00       48.00        5.00       40.00       58.00       96.00       30.00       27.00       22.00
       39.00        0.00        5.00       67.00       79.00       42.00       99.00       52.00       89.00       67.00
       10.00       11.00       63.00       97.00       17.00       75.00       87.00       97.00       37.00       49.00
        2.00       52.00       55.00        9.00       95.00       29.00       98.00       13.00       56.00       30.00
       22.00       41.00       95.00        6.00       57.00        6.00       81.00       92.00       98.00        7.00
       74.00        2.00       49.00       11.00       54.00       68.00       74.00       87.00       52.00       20.00
       86.00       27.00       59.00       62.00       87.00       25.00       57.00       55.00       59.00       15.00
        1.00       34.00       38.00       61.00       40.00       26.00       39.00       74.00       70.00       32.00
       16.00       86.00       38.00       83.00       63.00       20.00       52.00       11.00        5.00       14.00
       75.00       73.00       19.00        2.00       78.00       12.00       97.00       71.00       15.00       80.00
       28.00       21.00       20.00        9.00       85.00       12.00       50.00       38.00       11.00       78.00
       28.00       27.00       61.00       40.00       39.00        3.00       54.00       35.00       15.00       31.00
        3.00       61.00       84.00        2.00       72.00       98.00       83.00       79.00       52.00       49.00
       56.00       45.00       58.00       18.00       91.00       45.00       93.00       25.00       61.00       10.00
       30.00        8.00       72.00       16.00       16.00       70.00       49.00       98.00       75.00       84.00
       88.00       49.00       88.00       41.00       73.00       48.00       76.00       19.00       33.00        5.00
       98.00       12.00       83.00       30.00       48.00       23.00       77.00       45.00       17.00       39.00
       69.00        4.00       55.00       32.00       55.00       98.00       35.00       35.00       48.00       46.00
       25.00       23.00        2.00        2.00        0.00       66.00       93.00       44.00       62.00       48.00
       24.00        2.00       50.00       72.00        5.00       61.00       48.00       83.00       26.00       30.00
       38.00       97.00       32.00       73.00       38.00       97.00       66.00       45.00       47.00       47.00
       27.00       67.00       53.00       39.00       73.00       46.00        7.00       59.00       57.00       13.00
       60.00       47.00       89.00       49.00       99.00       93.00       46.00        4.00       56.00       75.00
       72.00       41.00       56.00       46.00       69.00       63.00       35.00       31.00       30.00       93.00
       52.00       73.00       91.00       24.00       55.00       48.00        4.00       52.00       96.00       42.00
       41.00       73.00       97.00       59.00       96.00       90.00        8.00       96.00       38.00       67.00
       18.00        4.00       38.00       32.00       97.00       37.00       61.00       12.00       97.00       42.00
        8.00       47.00       27.00       36.00       52.00       21.00       78.00       96.00       84.00       12.00
       80.00       46.00       78.00       33.00        0.00        6.00       47.00       39.00       14.00       53.00
       27.00        0.00       28.00        6.00       29.00       77.00       11.00       28.00       47.00       49.00
       75.00       16.00       96.00       77.00       19.00       11.00       35.00        6.00       14.00       59.00
       86.00       30.00       94.00        5.00       66.00       94.00       92.00       90.00       83.00       75.00
       27.00       95.00       66.00       98.00       29.00       47.00       37.00       66.00       69.00       80.00
       29.00       97.00       16.00       20.00       27.00       21.00       52.00       31.00       76.00       66.00
        6.00       42.00       73.00       32.00       99.00       57.00       62.00       48.00       98.00       92.00
       80.00       45.00       31.00        4.00       23.00       94.00       13.00       21.00       41.00        7.00
       68.00       59.00       70.00       70.00       69.00        1.00       71.00       86.00       20.00       80.00
       21.00       33.00       45.00       80.00       89.00       59.00       75.00       46.00       83.00       82.00
       38.00       73.00       49.00       64.00       83.00       20.00       74.00       67.00       19.00       55.00
        6.00       24.00       27.00       35.00       94.00       75.00       80.00       84.00       30.00       44.00
       92.00        1.00       28.00       82.00       69.00       38.00       68.00       69.00       30.00       20.00
        8.00       74.00       33.00       75.00       38.00       12.00       14.00       35.00        8.00       36.00
       36.00        1.00       81.00       60.00       88.00       85.00       84.00       10.00       91.00       75.00
       47.00       36.00       11.00       87.00       65.00       26.00       66.00       10.00       26.00       36.00
       93.00       31.00       78.00       92.00        0.00       17.00       29.00       39.00       28.00       96.00
       22.00       61.00        1.00       45.00        3.00       74.00       19.00       88.00       87.00       68.00
       47.00       59.00       97.00       68.00       93.00       90.00       13.00       25.00       73.00       20.00
       70.00       55.00       17.00       37.00       93.00       99.00       57.00        0.00       44.00       60.00
        3.00        7.00       28.00       48.00       98.00        1.00       94.00       41.00        8.00       29.00
        9.00       29.00       87.00        2.00       92.00       14.00       26.00       13.00       60.00       77.00
       72.00       22.00       89.00       35.00       78.00        0.00       16.00       50.00       19.00        4.00
       36.00       58.00       89.00       24.00       45.00       42.00       61.00       11.00       62.00       56.00
       69.00       97.00       16.00       71.00       52.00       48.00       82.00       17.00       74.00       17.00
        8.00       26.00       98.00        0.00       58.00        3.00       75.00       88.00       68.00       90.00
       99.00       89.00       97.00       83.00       11.00       59.00        6.00       32.00       73.00       50.00
        1.00       29.00       37.00       87.00       37.00       60.00       78.00       22.00       50.00       84.00
       73.00       15.00       70.00       55.00       31.00       66.00       40.00        4.00       33.00       71.00
       34.00       59.00        9.00       94.00       55.00       53.00       67.00       78.00       53.00       47.00
       63.00       19.00       91.00       87.00       74.00       97.00       62.00       57.00        4.00       27.00
       17.00       93.00       31.00       77.00       69.00       90.00        1.00       63.00       83.00       98.00
       98.00       25.00       58.00       87.00       61.00       37.00       73.00       52.00       27.00        3.00
       40.00       61.00       10.00       53.00       98.00       77.00       63.00       32.00       40.00       13.00
       62.00       49.00       38.00       86.00       33.00       25.00       38.00        2.00       86.00       64.00
       20.00       64.00       40.00       33.00       46.00       97.00       63.00       18.00       49.00       31.00
       38.00        9.00       31.00       88.00       43.00       12.00       74.00       60.00        9.00       99.00
       82.00       71.00       87.00       49.00        6.00       73.00       35.00       38.00       23.00        0.00
       13.00       71.00       72.00       99.00       52.00       78.00       64.00        4.00       22.00       15.00
       19.00       10.00       16.00       28.00        2.00       86.00       36.00       90.00       57.00       16.00
       45.00       11.00       61.00       70.00       11.00       72.00       49.00       31.00       66.00       48.00
       80.00       37.00       56.00       16.00       45.00       15.00       52.00       52.00       40.00       16.00
       45.00       85.00       54.00       75.00       54.00       43.00       39.00       52.00       14.00        8.00
       70.00       41.00       22.00       86.00        9.00       36.00       62.00       41.00       31.00        6.00
       29.00       44.00       75.00        9.00       40.00       60.00       29.00       43.00       80.00       49.00
       61.00       33.00       35.00       68.00       61.00       79.00       16.00       95.00       40.00       30.00
       49.00       17.00       23.00       49.00       19.00       46.00       20.00       91.00       70.00       57.00
       51.00       10.00        3.00       67.00       86.00       53.00       36.00       95.00        3.00       30.00
       99.00       70.00       78.00       45.00       96.00       79.00       82.00       43.00       41.00       79.00
       12.00        1.00       63.00       99.00       11.00       71.00       36.00       19.00       48.00       47.00
       61.00        3.00       46.00       20.00       35.00       15.00        3.00       49.00       63.00       41.00
       29.00       40.00       97.00       18.00        1.00       37.00       28.00       16.00       96.00       53.00
       41.00       44.00       76.00       93.00       25.00       63.00       17.00       55.00       97.00       35.00
       11.00        9.00       62.00       42.00       87.00       85.00       52.00       38.00       24.00       19.00
       92.00       50.00       59.00       56.00       85.00        2.00        0.00       85.00       31.00       57.00
       19.00       65.00        1.00       93.00       61.00       72.00       54.00       52.00        7.00       67.00
       49.00       32.00       83.00       76.00       95.00       14.00       82.00       16.00       48.00       44.00
       61.00       26.00       39.00        1.00       26.00       75.00       98.00       37.00        8.00       57.00
        3.00       57.00        0.00        1.00       80.00       86.00        8.00       49.00       14.00       34.00
       35.00       90.00       63.00       49.00        3.00       35.00       84.00       41.00       74.00       95.00
       96.00       93.00       35.00       77.00       70.00        5.00       53.00       16.00       91.00       40.00
       18.00       14.00       41.00       52.00       27.00       50.00       10.00       36.00       69.00       77.00
       22.00       10.00       41.00       22.00       34.00       34.00       70.00       69.00       48.00       24.00
       44.00       69.00       38.00        1.00       78.00       20.00       99.00        1.00       47.00        9.00
       47.00       34.00       84.00        9.00       39.00       59.00       21.00       69.00       97.00       10.00
        8.00       49.00       40.00        8.00       49.00       81.00       80.00       36.00       42.00       51.00
        7.00       44.00        6.00       54.00       93.00       38.00       34.00       46.00       88.00       58.00
        0.00        8.00       71.00       49.00       21.00       86.00       91.00       73.00       42.00       81.00
       20.00       31.00       98.00        3.00       81.00       90.00       71.00        1.00       41.00       11.00
       40.00       47.00       78.00       61.00       13.00       31.00       50.00       29.00       58.00       88.00
       48.00       76.00       93.00       78.00       89.00       15.00        4.00       82.00       89.00       69.00
       84.00       76.00       31.00       78.00       25.00       16.00        4.00       42.00        3.00       33.00
       82.00       18.00       46.00       16.00       78.00       16.00       50.00       50.00       75.00       54.00
       14.00       20.00       39.00       84.00       90.00        5.00       53.00       69.00       71.00       27.00
       23.00        2.00       77.00       13.00       57.00       81.00       83.00       12.00       18.00       85.00
       30.00       46.00       92.00       22.00        2.00        8.00       20.00       27.00       43.00       27.00
        5.00       48.00       79.00       59.00       69.00       39.00       42.00       91.00       39.00       55.00
       19.00       41.00       81.00        7.00       87.00       17.00       96.00       28.00       80.00       51.00
       80.00       66.00       20.00       26.00       81.00       92.00       10.00       65.00       19.00       95.00
       50.00       46.00       50.00       99.00       40.00       66.00       93.00       30.00       86.00       55.00
       44.00       18.00        8.00       40.00       50.00       98.00       18.00       80.00       22.00       60.00
       33.00       40.00       95.00       63.00       28.00       74.00       86.00        2.00       36.00       22.00
       84.00       98.00       66.00       59.00       97.00       51.00       96.00       41.00       16.00       75.00
       46.00       34.00       90.00       10.00       55.00       28.00       17.00       69.00        6.00       62.00
       81.00       73.00       71.00       27.00       18.00       83.00       96.00       13.00       63.00       30.00
        4.00        6.00       27.00       96.00       23.00       82.00        1.00        3.00       54.00       27.00
       92.00       22.00       30.00       82.00       23.00       86.00       43.00        3.00       65.00       94.00
       26.00       90.00       93.00       18.00       34.00        1.00       50.00       65.00       48.00       78.00
       95.00       60.00        0.00       35.00       54.00       27.00       87.00        3.00       96.00        8.00
       36.00       12.00       22.00       46.00       33.00       68.00        9.00        8.00       12.00       56.00
       76.00       26.00       88.00       56.00       50.00        0.00       71.00       95.00       43.00       75.00
        0.00       23.00       88.00       80.00       71.00       22.00       73.00        8.00       61.00       72.00
       86.00       74.00       73.00       23.00       56.00       56.00       36.00       82.00       43.00       39.00
       66.00       69.00       32.00       97.00       38.00       23.00       20.00       80.00       45.00       81.00
       96.00       10.00       49.00       22.00       69.00       81.00       26.00       70.00       88.00       39.00
       85.00        9.00       49.00       63.00        5.00       30.00       92.00       88.00        5.00       28.00
       39.00       51.00       66.00       16.00       12.00       22.00       58.00       19.00       43.00       73.00
       27.00       78.00       56.00       96.00       79.00       62.00       92.00       63.00       32.00       74.00
        4.00       96.00       34.00        2.00       37.00       92.00       86.00       46.00       77.00        8.00
       93.00       29.00       35.00       18.00       39.00       64.00       93.00       92.00       65.00       38.00
       31.00       48.00        2.00       43.00       19.00       89.00       63.00       50.00       31.00       25.00
       20.00       23.00       22.00       38.00       18.00        5.00       75.00       34.00       81.00       26.00
        7.00       12.00       39.00       25.00       95.00       19.00       68.00       73.00       51.00       79.00
       15.00       45.00       71.00       29.00       62.00       76.00       30.00       76.00       55.00        8.00
       86.00       76.00       80.00       95.00       43.00        0.00       83.00       38.00       62.00       15.00
       62.00       65.00       26.00       26.00       67.00       72.00        4.00       38.00        1.00       93.00
       62.00       36.00       95.00       67.00       25.00       96.00       14.00       22.00       82.00       71.00
       99.00       77.00       79.00       27.00       65.00       64.00       65.00       99.00       13.00       90.00
       70.00       16.00       17.00        4.00       25.00        4.00       87.00       44.00       70.00       65.00
       43.00       67.00       97.00       93.00       33.00        4.00       26.00       81.00       74.00       64.00
       16.00       20.00       23.00       15.00       56.00       93.00       86.00       93.00       85.00       32.00
       27.00       17.00       44.00       74.00       41.00       22.00       45.00       33.00       96.00       32.00
       28.00       91.00       64.00       32.00       29.00       62.00       89.00       18.00       81.00       74.00
       68.00       31.00       22.00       98.00       41.00       96.00       86.00       95.00       17.00       40.00
        0.00       75.00       79.00       42.00        3.00       78.00       42.00       45.00       75.00       26.00
       77.00       44.00       32.00       17.00       92.00       14.00       28.00       33.00       62.00       41.00
       71.00       17.00       34.00       91.00       39.00        8.00       54.00       13.00       62.00       60.00
       93.00       53.00        3.00       84.00       58.00       54.00       40.00       75.00       39.00       37.00
       53.00       29.00       97.00        7.00       63.00       43.00       18.00       34.00       62.00       78.00
       84.00       72.00       49.00        8.00       22.00       57.00       52.00       86.00       48.00       74.00
        1.00       16.00        8.00       74.00       87.00       93.00       93.00       10.00       20.00       64.00
       20.00       23.00       20.00       29.00       10.00       15.00       22.00       15.00       21.00       17.00
       18.00       12.00       24.00       28.00       17.00       15.00       19.00       16.00       14.00       17.00
       12.00       21.00       25.00       14.00       27.00       16.00       14.00       16.00       18.00       21.00
       17.00       29.00       11.00       26.00       19.00       27.00       22.00       16.00       22.00       14.00
       11.00       23.00       18.00       27.00       25.00       26.00       27.00       27.00       22.00       14.00
       19.00       16.00       19.00       26.00       29.00       27.00       27.00       10.00       16.00       20.00
     3564.00     2537.00     2143.00     1839.00     3036.00     5081.00     2069.00      712.00     1233.00     2074.00
     3651.00     5542.00     2667.00     2347.00     4627.00      652.00     2460.00     2531.00     5872.00     3477.00
     3889.00     1565.00     5597.00     3735.00     3256.00     5205.00     4112.00     2773.00     4158.00     4077.00
       80.00      166.00      183.00      118.00      135.00      125.00      123.00       82.00       73.00      141.00
      137.00      101.00      179.00       86.00      176.00      180.00      159.00      180.00      104.00       27.00
      134.00      160.00       73.00       63.00       35.00      126.00      120.00       47.00       99.00      156.00
