   20   10
       95.00       48.00       64.00       51.00       92.00       31.00       71.00       71.00       32.00       56.00
       53.00       93.00       94.00       19.00       81.00       34.00       14.00       83.00       17.00       19.00
       43.00       17.00       78.00       11.00       55.00       35.00       20.00       71.00       84.00       44.00
       30.00        9.00        1.00       44.00       13.00       86.00       71.00       53.00        8.00        8.00
       52.00       40.00       74.00       93.00       10.00       91.00       26.00       18.00       85.00       47.00
        3.00       78.00        9.00       78.00       27.00        4.00       75.00       97.00       49.00       26.00
       10.00        8.00       14.00       85.00       94.00       61.00       88.00       23.00       25.00       56.00
       21.00       98.00       25.00        0.00       45.00       28.00       55.00       25.00       32.00       30.00
       50.00       32.00       56.00       22.00       14.00       89.00       39.00       19.00       44.00       23.00
       75.00       13.00       41.00       73.00       51.00       30.00       60.00       94.00       29.00       19.00
       99.00       39.00       38.00       90.00        7.00       44.00        7.00       20.00       85.00        1.00
       24.00       98.00       17.00       96.00        6.00       68.00       17.00       47.00       24.00        0.00
       16.00       60.00        8.00       84.00       20.00       95.00       24.00       41.00       83.00       15.00
        8.00        3.00       15.00       52.00       99.00       73.00       99.00        9.00       87.00        4.00
       84.00        0.00       90.00       40.00       94.00       78.00       21.00        3.00       47.00        6.00
        3.00       34.00       94.00       86.00       41.00       11.00       18.00       35.00       72.00        9.00
       46.00       79.00       37.00       67.00       65.00       99.00       55.00       79.00       52.00       63.00
       98.00       36.00       57.00       12.00       75.00       69.00       89.00       97.00        3.00       77.00
       11.00       73.00        4.00       47.00       26.00        7.00       57.00       81.00       26.00       58.00
       99.00       16.00       28.00       17.00       61.00       72.00       15.00       42.00       67.00       82.00
       10.00       18.00       15.00       27.00       26.00       20.00       28.00       26.00       16.00       16.00
       25.00       24.00       22.00       29.00       28.00       11.00       21.00       10.00       14.00       18.00
     1548.00     1270.00     1792.00      338.00     1554.00      468.00      565.00      437.00     2280.00     1824.00
       99.00       46.00       86.00       29.00       71.00       21.00       49.00       38.00       86.00       98.00
