   75   30
       62.00       57.00       56.00       88.00       82.00       88.00       14.00       57.00       71.00        1.00
       32.00       65.00       14.00       28.00       66.00       81.00       25.00        0.00       59.00       23.00
       35.00        3.00       82.00       29.00       78.00       80.00       19.00       54.00       92.00       78.00
       19.00        7.00       47.00       94.00        1.00       42.00       73.00       54.00       80.00       67.00
       54.00       44.00       60.00       15.00        4.00       65.00        4.00       17.00       39.00       93.00
       84.00       54.00       23.00       59.00       68.00       76.00       39.00       72.00       90.00       38.00
       19.00       75.00       20.00       63.00       37.00       76.00       29.00       42.00       41.00       17.00
       15.00       41.00       83.00       62.00       21.00       65.00       75.00       19.00       86.00       97.00
       75.00       33.00       96.00       15.00       86.00        3.00       20.00       67.00       17.00       22.00
       64.00       31.00       40.00       33.00       62.00       11.00       46.00       62.00       99.00       48.00
       82.00       60.00       32.00       23.00       19.00       63.00       44.00       10.00       88.00       66.00
       64.00       88.00       79.00       64.00       30.00       24.00       90.00       93.00       65.00       87.00
       83.00       96.00       21.00       58.00       62.00       78.00       87.00       39.00        2.00       32.00
       73.00       82.00       80.00       65.00       23.00       90.00       88.00       25.00       10.00       56.00
       47.00       30.00       20.00       48.00       14.00       51.00       26.00       57.00       92.00       86.00
       12.00       58.00       71.00       38.00       97.00       55.00       34.00       83.00       68.00       20.00
       51.00       88.00       19.00       27.00       14.00       12.00       63.00       57.00       87.00        3.00
       59.00       19.00       96.00       86.00       66.00       18.00       60.00       87.00       30.00       53.00
       42.00       34.00       48.00       36.00       85.00       61.00       82.00       70.00       48.00       73.00
        5.00       14.00       59.00       59.00        9.00       27.00       55.00       78.00        3.00       72.00
       75.00       22.00       81.00       29.00       23.00       55.00       43.00       26.00       14.00       84.00
       91.00       11.00       81.00       92.00       42.00       14.00       96.00       55.00       19.00       61.00
       37.00       17.00       30.00       67.00        5.00       95.00       20.00       86.00       66.00       43.00
       76.00       23.00       83.00       84.00       24.00       22.00       58.00        8.00       22.00       85.00
       92.00       80.00       63.00       91.00       43.00       10.00       38.00       20.00       41.00       81.00
        9.00       98.00       77.00       35.00        3.00        9.00       88.00       70.00       34.00       71.00
        2.00       79.00       94.00       30.00        7.00       61.00       90.00       50.00       73.00       62.00
        3.00       94.00       24.00       36.00        6.00       15.00       55.00       37.00       66.00       21.00
       25.00       74.00        5.00       60.00       85.00       96.00       15.00       60.00       23.00       81.00
       37.00        7.00        9.00       63.00       49.00       52.00       10.00        1.00       34.00       72.00
       81.00       86.00       17.00       39.00       61.00       35.00       83.00       65.00       34.00       23.00
       31.00       16.00       19.00       44.00       16.00       39.00       22.00       15.00       87.00       21.00
       43.00       49.00       20.00       84.00       28.00       65.00       11.00       82.00       22.00       25.00
       68.00       61.00       38.00       95.00       24.00       92.00       67.00       87.00       62.00       83.00
       91.00       12.00       19.00       41.00       64.00       73.00        5.00       36.00       91.00       58.00
       67.00       83.00       97.00       19.00       79.00       48.00       90.00       56.00       32.00       49.00
       42.00       25.00       57.00       99.00       44.00       53.00       13.00       10.00       27.00       20.00
       17.00       74.00       29.00       51.00       96.00       70.00       66.00       16.00       90.00       65.00
       35.00       37.00       35.00       20.00       53.00       58.00       15.00       10.00       19.00        6.00
       43.00       20.00       34.00       71.00       22.00       78.00       38.00       72.00        4.00       36.00
       41.00       91.00       26.00        3.00       43.00       82.00        8.00       11.00       98.00        2.00
       44.00       50.00       41.00       15.00        1.00       95.00       95.00       58.00       33.00       40.00
       30.00       82.00       53.00       96.00       31.00        1.00       38.00        5.00        4.00       14.00
       45.00       98.00       26.00       76.00       70.00       95.00       20.00       48.00       80.00        9.00
        0.00       34.00       94.00       25.00       38.00        2.00        4.00       53.00       23.00       33.00
       41.00       69.00       32.00       50.00       53.00       13.00       32.00       32.00       34.00       93.00
       66.00       88.00       17.00       14.00       18.00       78.00       37.00       37.00       38.00       88.00
       17.00       43.00       82.00       88.00       23.00       36.00       97.00       55.00       12.00       28.00
       57.00       21.00       56.00       90.00       26.00       75.00       14.00       46.00        4.00       49.00
       95.00       70.00       92.00       51.00       26.00       82.00       69.00       21.00       19.00       77.00
       70.00       41.00        3.00       30.00       17.00       13.00       67.00       41.00       32.00       83.00
       23.00       40.00       32.00       83.00       95.00       55.00        2.00       19.00       83.00        4.00
       79.00       16.00       60.00       72.00       90.00       10.00       12.00       91.00       47.00       53.00
       13.00       25.00       79.00       44.00        3.00       23.00       49.00       32.00       17.00        5.00
       97.00       40.00       66.00       93.00        1.00        6.00       83.00       79.00       48.00       44.00
       90.00       31.00       60.00       65.00       23.00       47.00       12.00       20.00       41.00       13.00
       39.00       46.00       19.00       48.00       20.00       34.00       61.00        9.00       87.00       41.00
       20.00        9.00       91.00       31.00       97.00       77.00       34.00       96.00       49.00       38.00
       38.00        9.00       45.00       10.00       14.00        5.00       32.00       55.00       53.00       83.00
       12.00        8.00       50.00       95.00       43.00       78.00       43.00       43.00        1.00       12.00
        7.00       11.00       76.00       42.00       52.00        8.00        5.00       71.00       18.00       87.00
       26.00       66.00       43.00       73.00       35.00       56.00       77.00       18.00       90.00       66.00
       47.00       52.00       52.00       19.00       99.00       19.00       97.00        7.00       86.00        4.00
       25.00       93.00       53.00       83.00       42.00        4.00       64.00       71.00        7.00       36.00
       58.00       32.00       50.00       62.00       24.00       93.00       30.00       24.00       51.00       58.00
       55.00       60.00       73.00       25.00       17.00       79.00       26.00       59.00       94.00       87.00
       83.00       48.00       17.00       47.00       37.00       76.00       26.00        7.00       50.00       70.00
       48.00       22.00       75.00       12.00       67.00       82.00       33.00       23.00       76.00        1.00
        5.00       53.00       41.00       30.00       51.00       52.00       95.00        2.00       84.00       81.00
       56.00       30.00       57.00        5.00       39.00        7.00       37.00       78.00       95.00       72.00
       77.00        3.00        6.00       62.00        8.00       27.00       21.00       46.00       17.00       16.00
        1.00       14.00       77.00        6.00       13.00       78.00       44.00       30.00        1.00       93.00
       47.00       74.00        7.00       13.00       26.00        2.00       35.00       41.00       98.00       54.00
       67.00       34.00       53.00       15.00       87.00       78.00       13.00        4.00       67.00       33.00
       14.00       26.00       13.00       22.00       70.00       92.00       94.00       18.00       56.00        3.00
       81.00       39.00        3.00       50.00       77.00       69.00       99.00       65.00       25.00       51.00
       32.00       39.00       17.00       36.00       28.00        1.00       26.00       77.00       64.00       92.00
       59.00       85.00       53.00        1.00       98.00       23.00       57.00       58.00       61.00       74.00
       34.00       66.00       10.00       16.00       61.00       45.00       98.00       94.00       76.00       18.00
       13.00       78.00       21.00       46.00       74.00       34.00       97.00        4.00       88.00       50.00
       50.00       62.00       60.00        2.00       57.00       92.00       24.00       49.00       74.00       28.00
       45.00       83.00       67.00       61.00       96.00       83.00       43.00       19.00       10.00       47.00
       51.00       86.00       78.00       98.00        9.00       56.00       21.00       94.00       93.00       16.00
       70.00       76.00       79.00       12.00       35.00       48.00       41.00       45.00       36.00       69.00
       29.00       97.00       31.00       91.00       86.00       77.00       71.00       87.00       91.00       52.00
       57.00       45.00       10.00       89.00       84.00       22.00       13.00       28.00       97.00       93.00
       94.00       76.00       96.00       19.00       76.00       59.00       56.00       46.00       10.00        6.00
       60.00       87.00       93.00       33.00       61.00       56.00       65.00       56.00        1.00       60.00
       64.00       53.00       86.00       67.00       29.00       47.00       70.00       98.00       13.00       92.00
       95.00       18.00       20.00       72.00       20.00       30.00       84.00       48.00       97.00       80.00
       63.00       19.00        3.00       44.00        6.00       79.00       29.00       45.00       19.00       82.00
       81.00       21.00       36.00       49.00       51.00       53.00       80.00       78.00       56.00        9.00
       58.00       53.00       63.00       69.00       32.00       41.00       26.00       45.00       60.00       44.00
       40.00       96.00       92.00       26.00       49.00       17.00       77.00       52.00       87.00       38.00
        6.00       94.00       33.00       74.00        1.00       95.00        8.00        4.00       23.00        0.00
       44.00       75.00       63.00       87.00        2.00       56.00       34.00       69.00       30.00       86.00
       81.00       36.00       68.00        0.00       79.00       69.00       64.00       17.00       78.00       39.00
       37.00       26.00       25.00       75.00       13.00        8.00       68.00       66.00       20.00       81.00
       14.00       28.00       13.00       50.00       12.00       46.00       70.00       98.00       72.00       89.00
       73.00       61.00       41.00       39.00       71.00       60.00        0.00       88.00       93.00       94.00
       52.00        4.00       41.00       10.00       20.00       57.00        4.00        0.00       65.00       62.00
       54.00        8.00       98.00       74.00       23.00       27.00       54.00       54.00       79.00       29.00
       35.00       83.00       29.00       64.00       51.00       88.00       44.00        3.00       23.00       19.00
       59.00       31.00        8.00       83.00       12.00        2.00       74.00       23.00       18.00       12.00
       35.00        7.00       81.00       68.00       15.00       53.00       12.00       32.00        7.00       10.00
       95.00       91.00       53.00       81.00        2.00       75.00       38.00       43.00       85.00       19.00
        7.00        0.00       67.00       48.00       21.00       85.00       19.00       25.00       14.00        2.00
       98.00       92.00       41.00       47.00       77.00        6.00       95.00       72.00        1.00       29.00
       56.00       83.00       39.00       37.00       97.00       63.00       24.00       60.00       48.00       89.00
       97.00       58.00        4.00       64.00        2.00        2.00       34.00       94.00       85.00       13.00
        8.00       71.00       18.00       74.00       60.00       52.00       23.00       27.00       60.00       43.00
       87.00       17.00       52.00       20.00       87.00       32.00       84.00       55.00       57.00       71.00
       42.00       30.00       90.00       31.00       58.00       46.00       25.00       85.00       58.00       66.00
       88.00       11.00       67.00       58.00       78.00       77.00       89.00       16.00        6.00       98.00
       27.00       72.00       50.00       30.00       14.00       37.00       69.00       51.00       70.00       34.00
       94.00       46.00        0.00       99.00       75.00        9.00        5.00       77.00       81.00       25.00
       70.00       30.00       62.00       76.00       45.00       38.00       12.00        7.00       41.00       56.00
       14.00       45.00        3.00       65.00       46.00       41.00       28.00       27.00       72.00       81.00
       54.00       23.00       55.00        8.00       19.00       48.00       71.00       27.00       74.00       87.00
       93.00       86.00       15.00       91.00       94.00       73.00       37.00       33.00       80.00       56.00
       46.00       12.00       44.00       59.00       86.00       27.00       14.00       55.00       48.00       55.00
       34.00       19.00       78.00       96.00       93.00       67.00       12.00       55.00        0.00       77.00
       86.00        4.00       62.00       67.00        5.00       24.00       26.00       82.00       79.00       16.00
       74.00        2.00       51.00       48.00       94.00       87.00       70.00       60.00       71.00       15.00
       93.00       60.00       50.00       73.00       25.00       73.00       89.00       18.00       11.00       20.00
       88.00       14.00       53.00       55.00       72.00        5.00       18.00       80.00       55.00       90.00
       53.00        8.00       14.00        8.00       21.00       51.00       70.00       40.00       37.00       64.00
       15.00        1.00       52.00       52.00       70.00       63.00       21.00       23.00       53.00       44.00
       63.00       67.00       69.00       54.00       80.00       67.00       84.00       71.00        1.00       83.00
       32.00       97.00       79.00       76.00       53.00       24.00       38.00       32.00       79.00       90.00
       64.00       41.00       21.00       27.00       79.00       18.00       97.00       19.00       34.00       66.00
       26.00       11.00       35.00       44.00       77.00       74.00       65.00       61.00       40.00       73.00
       68.00       30.00       64.00       15.00       21.00       38.00       68.00       84.00        1.00       25.00
       36.00       68.00       20.00       88.00       48.00       44.00       96.00       16.00       90.00       81.00
       73.00       67.00       77.00       74.00        8.00       21.00       53.00       12.00       97.00       62.00
       61.00       55.00       99.00       90.00       12.00       64.00       86.00       59.00       72.00       11.00
       25.00       89.00       60.00       68.00       64.00        1.00       30.00       38.00       93.00       78.00
       63.00        3.00       92.00       41.00        8.00       71.00       82.00       94.00       45.00       65.00
       57.00       89.00       49.00       95.00       41.00        9.00       92.00       77.00       23.00       54.00
        2.00       12.00       44.00        3.00       73.00       42.00       49.00       75.00       83.00       33.00
       25.00       11.00       83.00       46.00       84.00       51.00       47.00       27.00       75.00       79.00
        2.00       93.00       19.00       62.00       83.00       11.00       10.00        3.00       73.00       97.00
       21.00       85.00       30.00       80.00        9.00       72.00        3.00        8.00       21.00        4.00
        4.00       85.00       17.00       93.00       73.00       85.00       86.00        9.00       53.00       54.00
       20.00       18.00       79.00       17.00       50.00       98.00       25.00       52.00       89.00       64.00
       82.00       79.00       13.00       64.00       53.00       94.00       88.00       25.00       82.00       39.00
       16.00       79.00       67.00       91.00       59.00       76.00       10.00        5.00       78.00       75.00
       16.00       49.00       69.00       75.00       35.00       18.00        7.00       13.00       14.00        7.00
       25.00       55.00       97.00       89.00       75.00       48.00        1.00       19.00       65.00       12.00
       48.00       74.00       63.00       91.00       28.00       80.00       10.00       87.00       27.00        1.00
       80.00       59.00       54.00       96.00       90.00       39.00       37.00       39.00       41.00       22.00
       70.00       99.00       36.00       14.00       53.00        2.00       23.00       47.00       32.00        7.00
       42.00        9.00       43.00        9.00       84.00       28.00       20.00       18.00       93.00       26.00
       10.00       81.00       55.00       15.00       15.00       62.00       69.00       21.00       52.00       82.00
       94.00       38.00       93.00       88.00        6.00       53.00       39.00        5.00       17.00       17.00
       33.00       94.00       39.00       13.00       12.00        4.00       93.00       78.00       58.00        8.00
        3.00       64.00        1.00       61.00        9.00       52.00       78.00        4.00        8.00       56.00
       54.00       11.00        0.00       71.00       61.00       67.00       85.00       55.00       99.00       98.00
       58.00       61.00       24.00        3.00       92.00       47.00        8.00       77.00       95.00       25.00
       37.00       88.00       97.00       48.00       96.00       71.00       89.00       21.00       49.00       61.00
       29.00        3.00       23.00       53.00       88.00       32.00       34.00       69.00       92.00       80.00
       31.00       88.00       90.00       34.00       51.00       44.00       55.00       55.00       86.00       11.00
       89.00       55.00       30.00       31.00        3.00       98.00       45.00       49.00       85.00       26.00
       67.00       61.00       67.00       43.00       41.00       92.00       75.00       28.00       50.00       60.00
       12.00       57.00       90.00       96.00       99.00       36.00       92.00       10.00       98.00        6.00
        7.00       45.00       64.00       48.00       90.00       49.00       15.00        8.00       54.00       48.00
       30.00       16.00       98.00       17.00       78.00       81.00       96.00       75.00       74.00       67.00
       28.00       44.00       97.00       93.00       81.00       52.00       14.00       19.00       53.00       84.00
       10.00       92.00       36.00       83.00        2.00       87.00       50.00       87.00       94.00       43.00
       84.00       27.00       97.00       93.00       39.00       28.00       33.00       47.00       82.00       12.00
       87.00       54.00       64.00       60.00       67.00       65.00       68.00        0.00        3.00       79.00
       72.00       30.00       96.00       29.00       42.00       88.00       80.00       51.00       23.00       27.00
       67.00       43.00       49.00       59.00        2.00        2.00       17.00       77.00       21.00       92.00
       94.00       70.00       11.00       91.00       38.00       82.00        8.00       26.00       69.00       91.00
       80.00       65.00       13.00        3.00       78.00       54.00        1.00       84.00       62.00       16.00
        1.00       87.00       31.00       23.00       19.00       27.00        5.00       41.00       87.00       36.00
       48.00       92.00       35.00       79.00       32.00       82.00        5.00       21.00       76.00        0.00
       55.00       89.00       99.00       70.00       74.00       40.00       96.00       31.00       92.00       57.00
        8.00       60.00       57.00       21.00       48.00       69.00       18.00       27.00        5.00       53.00
       35.00       61.00       37.00       45.00       13.00       29.00       32.00       26.00        3.00       24.00
       91.00       86.00       52.00       69.00       57.00       40.00       79.00       67.00        6.00       45.00
       99.00       52.00       70.00       56.00       42.00       17.00       49.00       41.00       24.00       62.00
       46.00       32.00       78.00       95.00       28.00       76.00       37.00       74.00       82.00       22.00
       49.00       74.00       41.00       56.00       42.00       17.00       93.00       67.00       85.00       93.00
       83.00        6.00       11.00       77.00       90.00       79.00       88.00        3.00       29.00       74.00
       73.00       50.00       13.00       19.00       59.00       65.00       79.00       28.00       25.00       25.00
       46.00       67.00       39.00       89.00       82.00       55.00       61.00       29.00       89.00       90.00
       76.00       15.00       18.00       46.00       21.00        0.00        4.00       99.00        6.00       39.00
       53.00       73.00       51.00       16.00       34.00        3.00       54.00       87.00       65.00       72.00
       97.00       55.00       82.00       57.00       48.00       25.00       38.00        4.00        0.00       12.00
       67.00       99.00       67.00       15.00       19.00       20.00       27.00       50.00       39.00       86.00
       87.00       24.00       52.00       21.00        2.00       99.00       77.00       24.00       67.00       61.00
       78.00        0.00       78.00        0.00       38.00       87.00       33.00       70.00       97.00       93.00
        4.00       86.00       93.00       31.00        1.00       62.00       11.00       10.00       31.00       16.00
       16.00        9.00        1.00       90.00       26.00       71.00       24.00       48.00       54.00       68.00
       32.00       73.00       26.00       29.00       99.00       54.00       55.00       48.00       30.00       53.00
       17.00       88.00       73.00       79.00       75.00       73.00       54.00        9.00       38.00       16.00
       42.00       50.00       47.00       35.00       99.00        8.00       40.00       51.00       69.00       23.00
       19.00       70.00       14.00       94.00       37.00       98.00       94.00       74.00       66.00       32.00
       52.00       34.00       23.00       30.00       61.00       31.00       63.00       59.00       30.00       97.00
       59.00       67.00       72.00       64.00       35.00       28.00       11.00       82.00       26.00       61.00
       44.00       95.00       69.00       13.00        6.00       84.00       53.00       71.00        3.00       77.00
       96.00       28.00       95.00       14.00        6.00       30.00       79.00       95.00       49.00       71.00
       60.00       53.00       51.00       11.00       37.00       29.00       78.00       52.00       45.00       53.00
       85.00       76.00       11.00       45.00       41.00       30.00       32.00       85.00       35.00       33.00
       69.00       41.00       64.00       25.00       34.00       25.00       24.00       76.00       90.00       32.00
       68.00       41.00        9.00       86.00        9.00       22.00       59.00       80.00       63.00       70.00
       92.00        0.00       85.00       44.00       86.00       66.00       15.00        1.00       43.00       29.00
       62.00       95.00       43.00        6.00       78.00        8.00       22.00       38.00        4.00       25.00
       13.00       16.00       95.00       48.00       70.00       97.00       43.00       96.00       63.00       12.00
       72.00       42.00       20.00       34.00       59.00       86.00       41.00       61.00       16.00       54.00
       24.00       31.00       28.00       90.00       77.00       72.00       41.00       61.00       93.00       60.00
       39.00       12.00       21.00       30.00       50.00       21.00       64.00       69.00       84.00       54.00
       82.00       80.00       78.00       27.00       78.00        6.00       10.00       97.00        1.00       46.00
        6.00       68.00       86.00       92.00       45.00       75.00       30.00       99.00       46.00       70.00
       61.00       31.00       88.00       42.00       43.00       69.00       93.00       35.00       44.00       70.00
       76.00       39.00       50.00        0.00       45.00       82.00       95.00        0.00        6.00       45.00
       46.00       45.00       93.00       68.00       71.00        1.00       43.00       30.00       65.00        9.00
       80.00       14.00       19.00       31.00       81.00       96.00       61.00       40.00       28.00       17.00
       92.00       58.00       82.00       18.00        9.00       50.00       32.00       64.00       78.00       38.00
       84.00       72.00       13.00       95.00       27.00       29.00       51.00       32.00       68.00       59.00
       48.00       87.00       22.00       74.00       40.00       74.00       10.00       27.00       14.00       59.00
       99.00       40.00       20.00       75.00       83.00       82.00        1.00       69.00       87.00       26.00
       16.00       76.00       46.00       92.00       90.00       43.00       98.00       72.00       27.00       44.00
       85.00       89.00       54.00       74.00       42.00       29.00       76.00        8.00       38.00       62.00
       16.00       13.00       17.00       25.00       29.00       18.00       19.00       16.00       22.00       11.00
       16.00       17.00       25.00       20.00       27.00       19.00       15.00       10.00       19.00       15.00
       11.00       19.00       24.00       24.00       19.00       25.00       11.00       22.00       23.00       12.00
       18.00       27.00       28.00       23.00       25.00       22.00       26.00       15.00       20.00       25.00
       12.00       11.00       29.00       13.00       13.00       27.00       18.00       10.00       22.00       27.00
       16.00       21.00       24.00       17.00       13.00       13.00       13.00       13.00       22.00       21.00
       24.00       15.00       18.00       14.00       23.00       17.00       22.00       17.00       14.00       28.00
       10.00       19.00       12.00       11.00       25.00
     3008.00     5268.00     4559.00     2669.00     5526.00     1066.00     3025.00      671.00     4385.00     2488.00
     5798.00     5285.00     3549.00      808.00      879.00     2659.00     5945.00     4566.00     3557.00     5233.00
     1329.00     5250.00     2605.00     3605.00     2087.00     4451.00     6240.00     4464.00     3431.00     3066.00
       53.00       33.00       83.00      112.00       94.00      185.00       91.00      100.00      112.00       95.00
      142.00      191.00      150.00      214.00      119.00      200.00      190.00       62.00      197.00       37.00
      160.00      142.00       93.00      149.00       28.00       33.00       64.00      118.00      193.00       88.00
