   90   30
       56.00       21.00       53.00       15.00       83.00       27.00        9.00       48.00       29.00       92.00
       16.00       22.00       51.00       53.00       60.00       68.00       89.00       17.00       45.00       20.00
       41.00        3.00       68.00       71.00       27.00       89.00       32.00       74.00       41.00       62.00
       21.00       46.00       46.00       99.00       77.00       28.00       92.00       38.00       31.00       15.00
       46.00       23.00       75.00       45.00       64.00        8.00       97.00       16.00       50.00       79.00
       96.00       78.00       78.00       25.00       56.00        4.00       73.00       48.00       57.00       52.00
       75.00       12.00       30.00       67.00       38.00       70.00       98.00       72.00       28.00        6.00
       67.00       70.00       32.00        1.00       38.00       40.00       90.00       83.00       75.00        5.00
        7.00       48.00       33.00       99.00        3.00       47.00       48.00       71.00       27.00       68.00
       26.00       95.00       28.00       86.00       92.00       70.00       54.00       29.00       90.00       50.00
       40.00        2.00       35.00       13.00       86.00       57.00       66.00       66.00       53.00        7.00
       42.00       59.00       25.00       30.00       93.00       38.00       95.00       86.00       12.00       63.00
        5.00       63.00       36.00       87.00       24.00       30.00       79.00       44.00       52.00       42.00
       99.00       17.00       89.00       40.00        2.00       75.00       93.00       40.00       42.00       88.00
       33.00       97.00       46.00       87.00        4.00       96.00       84.00        2.00       47.00        2.00
       64.00        1.00       11.00       66.00        8.00       20.00       52.00       83.00       65.00       63.00
       25.00       37.00       46.00       85.00       46.00       75.00       83.00       15.00       24.00       16.00
       74.00       73.00       75.00       63.00       34.00       75.00       81.00       86.00       89.00       56.00
       59.00       97.00       69.00       33.00       36.00       27.00       86.00       91.00       61.00       78.00
       20.00       76.00        3.00       13.00       25.00       20.00       94.00        8.00       43.00       24.00
       38.00       70.00       93.00       94.00       81.00        9.00       51.00       87.00       29.00        6.00
       62.00       17.00       45.00       17.00       40.00       39.00       52.00       14.00       38.00       98.00
       59.00       39.00       13.00       14.00       51.00       36.00        3.00       41.00       27.00       77.00
       95.00       21.00       76.00        0.00       54.00       30.00       17.00       28.00       40.00       70.00
       57.00       29.00       33.00       57.00       29.00       47.00       40.00       29.00       23.00        9.00
       55.00       49.00       17.00       80.00       12.00       89.00       72.00       36.00       21.00       23.00
       49.00       66.00       98.00       54.00       69.00       26.00       34.00       63.00        8.00        9.00
       44.00       49.00        7.00       97.00        5.00        5.00       45.00       17.00       77.00       41.00
       95.00       15.00       52.00       51.00       67.00       11.00       83.00       89.00        1.00       14.00
       93.00       97.00       75.00        0.00       63.00        3.00       32.00       82.00       35.00       79.00
       42.00       30.00        1.00       28.00       62.00       17.00       54.00       42.00       40.00       98.00
       12.00       44.00        2.00       49.00       67.00       20.00        0.00       31.00       90.00       85.00
       13.00       35.00        8.00       47.00       31.00       46.00       47.00       76.00       65.00       20.00
       83.00       72.00       67.00       63.00       51.00       94.00       37.00       64.00       28.00        5.00
       70.00        2.00       50.00       37.00       62.00       48.00       62.00       75.00       71.00       33.00
       96.00       26.00       17.00       34.00       26.00       12.00       55.00       13.00       57.00       11.00
       56.00        9.00       24.00       36.00       90.00       72.00       32.00        8.00       84.00       81.00
       51.00       85.00        3.00       85.00       48.00       47.00       80.00       64.00       20.00       40.00
       92.00        2.00       62.00       41.00       58.00       12.00       81.00       85.00       94.00       52.00
       47.00       76.00       77.00       35.00       30.00       74.00       82.00       11.00       77.00       17.00
       92.00       78.00       19.00       29.00       17.00       45.00        9.00       32.00       47.00       68.00
       52.00       44.00       40.00       15.00       49.00       40.00       17.00       37.00       82.00       15.00
        8.00       58.00       20.00       69.00       88.00        3.00       98.00       92.00       73.00       30.00
       23.00       43.00       84.00       30.00        2.00       38.00        2.00       22.00       86.00       79.00
       40.00       46.00       88.00       19.00       50.00       41.00       14.00       10.00       11.00       44.00
       11.00        6.00       67.00       67.00       28.00       16.00       32.00       34.00       45.00       99.00
       54.00       68.00        0.00       90.00       22.00       82.00       42.00       66.00       58.00       97.00
       79.00        6.00       22.00        4.00       84.00        3.00       19.00       40.00       14.00       19.00
       94.00       35.00       21.00       15.00       52.00       55.00       71.00       74.00       42.00       65.00
       13.00       12.00       78.00       58.00       40.00       40.00        0.00       45.00       58.00       24.00
       97.00       94.00       37.00       59.00       42.00       62.00       19.00       40.00        5.00       67.00
        4.00       17.00       53.00       80.00       42.00       55.00       55.00       44.00       97.00       31.00
       34.00       51.00       67.00       50.00       59.00       25.00       72.00       57.00       50.00       97.00
       37.00       78.00       42.00       81.00       58.00       14.00       34.00       60.00       94.00       76.00
       27.00       68.00       38.00       29.00       15.00       16.00       74.00       93.00       78.00       96.00
        4.00        2.00        9.00       65.00       98.00       38.00       71.00       84.00       23.00       83.00
       42.00       84.00       45.00       46.00       25.00       66.00       89.00       78.00       19.00       53.00
       35.00       63.00       65.00       79.00       67.00       64.00       40.00       47.00       94.00       50.00
       35.00       16.00       35.00       33.00       58.00       96.00       16.00        5.00       48.00       45.00
       21.00       40.00       77.00       18.00       17.00        3.00       90.00       98.00       23.00       86.00
        3.00       15.00       92.00       59.00       59.00       31.00       42.00        9.00       24.00       45.00
       50.00        4.00       51.00       51.00       86.00        0.00       54.00       52.00       57.00       85.00
       87.00        9.00       89.00       29.00       97.00       79.00       65.00       77.00       94.00       72.00
        5.00        3.00       78.00       36.00       36.00       24.00       11.00       46.00       12.00       30.00
        1.00       47.00       64.00       86.00       61.00       88.00       99.00        8.00       57.00       56.00
       81.00       17.00       46.00       70.00       50.00       33.00       76.00       14.00       72.00       53.00
        1.00       22.00       24.00       26.00       24.00       24.00       64.00       24.00       84.00       39.00
       23.00       73.00       39.00       59.00       31.00       81.00       13.00       61.00       63.00       92.00
       15.00       49.00       71.00       44.00       42.00       13.00       27.00       13.00       27.00       38.00
       95.00       69.00       89.00       26.00       21.00       78.00        5.00        3.00       95.00       31.00
        1.00       16.00       23.00       65.00       43.00       55.00       20.00       31.00       63.00       41.00
       18.00       17.00       59.00       90.00       32.00       15.00       54.00       15.00       38.00        9.00
       97.00       31.00       64.00       17.00       47.00        2.00       84.00       15.00       70.00       16.00
       72.00       20.00       47.00       76.00       54.00       10.00       52.00       73.00       75.00       30.00
       80.00       45.00       52.00       77.00        8.00       55.00       94.00       82.00       22.00       46.00
        3.00       41.00       69.00       42.00       85.00       46.00       72.00       13.00       51.00       21.00
       57.00       21.00       60.00       70.00       66.00       10.00       59.00       96.00       45.00       22.00
        9.00       30.00       44.00       30.00        0.00       97.00       65.00       35.00       10.00        2.00
       48.00       69.00       37.00       11.00       63.00       87.00       34.00       57.00       75.00       63.00
        5.00        8.00       86.00       94.00       50.00       67.00       66.00        1.00       80.00       86.00
       32.00       75.00       14.00       33.00       44.00       97.00       47.00       29.00       22.00       41.00
       55.00       39.00       92.00       37.00       57.00       98.00       34.00       50.00       63.00        9.00
       76.00       98.00       81.00       22.00       67.00       30.00       55.00        0.00       13.00       24.00
       56.00       25.00       63.00       74.00       51.00        1.00       83.00       87.00       26.00       58.00
       54.00        0.00       31.00       57.00       78.00       98.00       76.00       61.00       73.00       79.00
       95.00       12.00        8.00        5.00       61.00       35.00       94.00       39.00       11.00       63.00
       37.00       47.00       24.00       38.00       21.00       28.00       56.00       47.00       71.00       84.00
       17.00       97.00       23.00       56.00       60.00       30.00       89.00       89.00        6.00       41.00
        8.00       92.00       29.00       33.00       12.00       15.00       74.00       51.00       45.00       48.00
       77.00       55.00       25.00       30.00       21.00       29.00       27.00       13.00       40.00       39.00
       33.00       16.00       51.00       88.00       77.00       71.00       88.00       34.00       70.00       42.00
       58.00       55.00        2.00       75.00       36.00       93.00       43.00        1.00        1.00        1.00
       88.00        3.00       39.00       81.00       28.00       24.00       82.00       82.00       36.00       72.00
       85.00        1.00        2.00       51.00        6.00        3.00       49.00       23.00       87.00       48.00
       26.00       79.00       39.00        3.00       54.00       78.00       61.00       68.00       65.00       78.00
       68.00       48.00       74.00       67.00        1.00       47.00       57.00       74.00       40.00       60.00
       42.00       15.00       47.00       12.00       24.00       99.00        7.00       46.00       61.00        8.00
       49.00       60.00       25.00       16.00       59.00       63.00       99.00       21.00       22.00       89.00
       54.00        2.00       51.00       85.00       40.00       18.00       95.00       66.00       85.00       15.00
       27.00        6.00       72.00       19.00       57.00        5.00       54.00       15.00       31.00       48.00
       17.00       39.00       91.00       58.00       92.00       60.00       23.00       92.00        8.00       89.00
       10.00       40.00       95.00       73.00       75.00       33.00       11.00       53.00       74.00       58.00
       43.00       77.00       72.00       44.00       90.00       30.00       17.00       66.00       60.00       92.00
        1.00       70.00        8.00       47.00       55.00       39.00       18.00       10.00       35.00       30.00
       87.00       36.00       90.00       62.00       87.00       32.00       11.00       43.00       97.00       86.00
       16.00       43.00       26.00       80.00        4.00       76.00       96.00       59.00        5.00       38.00
       18.00       69.00       88.00        4.00       14.00       78.00        3.00        1.00       50.00       59.00
       97.00       92.00       81.00       82.00        1.00       49.00       38.00       63.00       82.00       97.00
       92.00       48.00       20.00       49.00       89.00       36.00       50.00       85.00       25.00       85.00
       71.00       18.00       18.00       25.00       12.00       71.00       97.00       98.00       23.00       49.00
        0.00       90.00       12.00       77.00       67.00       15.00       56.00       51.00       66.00       91.00
       56.00        5.00       78.00       87.00       11.00        7.00       47.00       51.00       36.00       31.00
       50.00       55.00       38.00       57.00       60.00       83.00       43.00       21.00        7.00       88.00
       26.00       92.00       38.00       79.00       78.00       61.00       61.00       90.00       38.00       71.00
        2.00       84.00       52.00        8.00       24.00       68.00       37.00       54.00       76.00       23.00
       85.00       57.00       78.00       81.00        3.00       63.00       54.00        5.00       98.00       35.00
       79.00       48.00       45.00       44.00       97.00       95.00       93.00        1.00       12.00       29.00
        7.00       67.00       87.00       52.00       35.00       75.00       81.00       75.00       68.00       31.00
       16.00       39.00       20.00       85.00       52.00       45.00       38.00       95.00       22.00       98.00
       42.00       22.00       35.00       92.00       39.00       23.00       70.00       98.00       55.00       32.00
        8.00       20.00       95.00       54.00       73.00       48.00       21.00        8.00       90.00        6.00
       99.00       84.00       63.00       82.00       60.00       14.00       53.00       94.00       85.00       70.00
       95.00       11.00       89.00       23.00       82.00       55.00       89.00       53.00       10.00       41.00
       58.00       70.00       71.00       21.00        8.00        0.00       24.00       66.00       73.00       34.00
       76.00       79.00       47.00       63.00       78.00       26.00       26.00       26.00       96.00       43.00
       62.00       57.00       19.00       34.00        3.00        6.00       12.00       87.00       99.00       60.00
       32.00       68.00       95.00       12.00       60.00       54.00       25.00       26.00       12.00       43.00
        3.00       15.00       50.00       28.00       54.00       22.00       80.00       37.00       35.00       82.00
       32.00       74.00       60.00       82.00       47.00       99.00       92.00       71.00        7.00       56.00
       96.00       78.00       13.00       17.00       58.00       32.00       69.00       12.00       99.00       11.00
       23.00       57.00       71.00       37.00        9.00        4.00       83.00       23.00       52.00       73.00
        3.00       21.00       49.00       37.00       43.00       25.00       43.00       83.00       18.00       46.00
       29.00       47.00       33.00       43.00       89.00       17.00       37.00       86.00       28.00       51.00
       54.00       86.00       53.00       30.00       85.00       21.00       36.00       75.00       24.00       29.00
       35.00       83.00       44.00       63.00       70.00       49.00       49.00       20.00       86.00        2.00
       88.00       91.00       32.00       61.00       85.00       98.00       59.00       90.00       21.00        7.00
        4.00       96.00       92.00       38.00        8.00       24.00        3.00       13.00        0.00       28.00
       88.00       10.00       33.00       12.00       71.00        7.00       55.00       92.00       89.00       56.00
       61.00       14.00       58.00       92.00       50.00       19.00       48.00       89.00       79.00       48.00
       98.00       10.00       98.00       41.00       84.00        9.00        6.00       46.00       30.00       93.00
       57.00       65.00       10.00       39.00       10.00       92.00       96.00       33.00       98.00       18.00
       48.00       77.00       68.00       23.00       33.00       68.00        9.00       56.00       45.00       67.00
       72.00       98.00       52.00       89.00       50.00       44.00       77.00       95.00       76.00       43.00
       19.00       68.00       47.00        6.00       47.00       96.00       91.00       52.00       28.00        0.00
       30.00       46.00       83.00       81.00       14.00       71.00       66.00       67.00       15.00       26.00
       22.00       88.00       15.00       38.00       67.00       19.00       33.00       32.00       91.00       46.00
       57.00        4.00       73.00       75.00       98.00       89.00       83.00       62.00       61.00       10.00
       76.00       46.00       19.00       59.00       27.00       21.00       20.00       44.00       58.00       65.00
       65.00        1.00       46.00       12.00       53.00       58.00       27.00       51.00       58.00        0.00
       18.00       69.00        0.00       62.00       44.00       82.00       20.00       68.00       22.00       27.00
       69.00       78.00       46.00       89.00       68.00       12.00       83.00        6.00       18.00       70.00
       60.00       69.00       39.00       67.00       10.00        6.00       86.00       40.00       11.00       19.00
       69.00        7.00       26.00       22.00       65.00       90.00       29.00       84.00       15.00       14.00
       92.00       82.00       21.00       59.00       43.00       27.00       16.00       22.00       30.00       98.00
       48.00       21.00       69.00       17.00        3.00       31.00       29.00       38.00       78.00       59.00
        0.00       37.00       50.00       83.00       54.00       22.00       26.00        6.00       78.00        9.00
       66.00       17.00       47.00       26.00       87.00       48.00       70.00       37.00       37.00       78.00
       20.00       14.00       64.00        7.00       33.00       73.00       11.00       14.00       41.00       84.00
       53.00       82.00       70.00       96.00       18.00       23.00       15.00       38.00       66.00       67.00
       85.00       12.00       43.00       81.00       61.00       60.00       96.00       34.00       31.00       78.00
       43.00       34.00       79.00       26.00       29.00       84.00       48.00       35.00        1.00       57.00
       10.00       23.00       97.00       67.00       98.00       68.00       26.00       90.00       98.00       93.00
       79.00       75.00       95.00       79.00        4.00       32.00       34.00       90.00       40.00       97.00
       24.00       85.00       80.00        9.00        4.00       60.00       18.00       48.00       56.00       28.00
       96.00       16.00       21.00       39.00       56.00       65.00       59.00        5.00       65.00       13.00
       62.00       68.00       70.00       71.00        2.00       27.00       90.00        8.00       88.00       29.00
       69.00        8.00       49.00       76.00       31.00       94.00       68.00       99.00       17.00       39.00
       50.00        6.00        9.00       64.00       83.00       20.00       37.00       21.00       26.00       40.00
       60.00       89.00       40.00       95.00       54.00       42.00       47.00       99.00       31.00       68.00
       69.00       92.00       96.00       32.00        3.00       47.00       14.00       44.00       16.00       77.00
       23.00       38.00       70.00       56.00       35.00       94.00       28.00       60.00        8.00       69.00
       69.00       82.00       74.00       83.00       41.00       63.00       61.00       15.00       19.00       70.00
       40.00       85.00       47.00        0.00       96.00       26.00       82.00       74.00       85.00       81.00
       67.00       86.00       42.00       67.00        7.00       91.00       56.00       14.00       14.00       58.00
       97.00       37.00       60.00       23.00        2.00       26.00       44.00       14.00       26.00       59.00
       57.00       46.00       18.00       53.00       13.00       78.00        2.00       39.00       80.00       12.00
       33.00       95.00       14.00       70.00       94.00       93.00       96.00       57.00       40.00       48.00
       18.00       15.00       96.00       45.00       66.00       33.00       79.00       16.00        4.00       48.00
       99.00       85.00       47.00       61.00       51.00       80.00       85.00       56.00        9.00       11.00
       89.00       98.00       85.00       43.00       22.00       31.00        7.00       24.00       24.00       27.00
       43.00       40.00       45.00       39.00       55.00        5.00       54.00       63.00       75.00       20.00
       49.00       15.00       41.00       48.00       25.00       77.00       12.00       93.00        1.00       70.00
       75.00       75.00        1.00       45.00        3.00       51.00       31.00       22.00       23.00        9.00
       26.00        4.00        3.00       50.00       20.00       43.00       85.00       21.00       90.00       42.00
       94.00       70.00       78.00       23.00       21.00       44.00       75.00       90.00       57.00       35.00
       25.00       59.00       16.00       58.00        4.00       49.00       87.00        9.00       53.00       54.00
       91.00       41.00       84.00       23.00       48.00       54.00       93.00       43.00       59.00       89.00
       37.00       80.00       78.00       66.00       68.00       34.00       21.00       10.00       27.00       22.00
       32.00       66.00       44.00       66.00       10.00       75.00       87.00       84.00       69.00       76.00
       75.00       89.00       75.00       53.00       30.00       47.00       89.00       48.00       38.00       61.00
       12.00       99.00       56.00       66.00        5.00       76.00       65.00       65.00       35.00       28.00
       63.00       26.00       66.00       65.00       67.00       42.00       97.00       38.00       37.00        5.00
       21.00       78.00       56.00       48.00       48.00       22.00       42.00       68.00       23.00       42.00
       51.00       23.00       37.00       31.00       10.00       70.00       86.00       34.00       91.00       85.00
       66.00       19.00       12.00       85.00       75.00       27.00       28.00       39.00       77.00       48.00
       37.00       45.00       48.00        8.00       28.00        3.00       93.00       68.00       50.00        9.00
       36.00       65.00       52.00       60.00       90.00       58.00       56.00       40.00       73.00       42.00
       40.00       22.00       27.00       49.00       51.00       11.00       62.00       63.00       84.00       15.00
       11.00       99.00       71.00       17.00       93.00       26.00        0.00       82.00        5.00       50.00
       29.00       21.00       96.00       63.00       86.00        7.00       88.00       46.00       52.00        5.00
       48.00       69.00       81.00       56.00       46.00       25.00        6.00       46.00       13.00        4.00
       14.00       34.00       21.00       78.00       21.00       16.00       33.00       61.00       49.00       69.00
       92.00       72.00        6.00       88.00       60.00       99.00       17.00        5.00        8.00       50.00
       54.00       71.00       34.00       50.00       55.00       21.00       57.00       96.00       50.00       62.00
        3.00       96.00       24.00       63.00       89.00       62.00       67.00       13.00       82.00        6.00
       30.00        1.00       69.00       79.00       52.00       20.00       69.00       53.00       39.00       99.00
       88.00       22.00       16.00       28.00       88.00       90.00       78.00        8.00       10.00       52.00
        7.00       61.00       90.00        2.00       38.00       75.00       59.00       23.00       87.00       62.00
       91.00       23.00       69.00       70.00       64.00       59.00       91.00       58.00       50.00       22.00
       63.00       38.00       28.00        3.00       91.00       42.00        2.00       58.00       37.00       62.00
       61.00       28.00       48.00       73.00       22.00        4.00        9.00       46.00       37.00       22.00
       58.00       94.00       45.00       42.00       67.00       23.00       16.00       41.00       92.00       74.00
       18.00       22.00       27.00       77.00       89.00       27.00       30.00       61.00        4.00       92.00
       95.00       81.00       80.00        0.00       92.00       59.00       29.00        0.00       11.00       58.00
       88.00       17.00       55.00       22.00       66.00       59.00       97.00       62.00       75.00       97.00
       73.00       69.00       71.00       84.00       93.00       75.00       90.00       19.00       83.00       12.00
       61.00       98.00       87.00       19.00       47.00       84.00        7.00       10.00       29.00        6.00
       40.00       97.00       39.00       52.00       53.00       38.00       11.00       37.00        6.00       43.00
        1.00       41.00        4.00       72.00       96.00       57.00       44.00       95.00       15.00       99.00
       97.00        0.00       72.00       46.00       22.00       86.00       53.00       43.00        9.00       46.00
       25.00       53.00       18.00       55.00       77.00       69.00       24.00       11.00       75.00        6.00
       15.00       77.00       67.00       29.00       98.00       43.00       64.00        6.00       88.00        5.00
        6.00       76.00       20.00       13.00       74.00       77.00       81.00       44.00        1.00       76.00
       64.00       16.00        6.00       92.00       89.00       28.00       50.00       98.00       38.00       95.00
       87.00       65.00       18.00       29.00       53.00       60.00       20.00       73.00       31.00       16.00
       56.00       80.00       67.00       53.00       95.00       15.00       40.00       96.00       22.00       11.00
        3.00       30.00       85.00        1.00       48.00       89.00       20.00       15.00       69.00       64.00
       64.00       18.00       12.00       79.00       81.00       21.00       55.00       74.00       82.00       80.00
       41.00       87.00        2.00       96.00       64.00       26.00       67.00       53.00       78.00       78.00
       72.00       61.00       84.00       91.00       33.00        9.00       12.00       29.00        3.00       21.00
        3.00       81.00       71.00       93.00       52.00       79.00       47.00       26.00       76.00       54.00
       46.00       14.00       24.00       37.00        4.00       37.00       22.00       81.00       78.00       52.00
       32.00       62.00       34.00       20.00       77.00       87.00       18.00       79.00       46.00       13.00
       53.00       58.00       85.00       59.00       23.00        8.00       44.00       65.00       28.00       75.00
       32.00       25.00       21.00       54.00       95.00        0.00       64.00       89.00       28.00       97.00
       66.00       16.00       83.00       57.00       85.00       71.00       29.00       90.00       99.00       80.00
       81.00       59.00        8.00       39.00        5.00       97.00       86.00       33.00       61.00        4.00
       14.00       53.00       48.00       54.00       64.00        7.00       53.00       29.00        7.00       43.00
       29.00       47.00       72.00       31.00       48.00       38.00       73.00       50.00       97.00       12.00
       83.00       10.00       38.00        3.00       29.00       82.00       18.00       89.00       22.00       19.00
       14.00       29.00       64.00       97.00       62.00       50.00       81.00       12.00       88.00       93.00
       80.00       98.00       35.00       93.00       32.00       60.00       77.00       48.00       22.00       49.00
       48.00       10.00       26.00       98.00       22.00       98.00        0.00       13.00       37.00       19.00
       93.00       93.00       46.00       41.00       13.00        3.00       23.00       64.00       28.00       37.00
       71.00       78.00       56.00       53.00       15.00       91.00       82.00       48.00       61.00       95.00
       27.00       14.00       61.00       81.00       32.00        0.00       22.00       15.00       32.00       60.00
       38.00       63.00       58.00       66.00       40.00        8.00       70.00       18.00       89.00       92.00
        8.00       79.00       61.00       88.00       29.00       15.00        0.00       89.00       55.00       18.00
       22.00       57.00       59.00       46.00       26.00       64.00       52.00        5.00       16.00       39.00
       54.00       56.00       57.00       92.00       76.00       25.00       11.00       67.00       16.00       46.00
       30.00       67.00       72.00       66.00        3.00       44.00       18.00       95.00       80.00       28.00
       85.00       73.00       21.00       78.00       61.00        0.00       42.00       42.00       87.00       28.00
       68.00       77.00       23.00       38.00       91.00       65.00        3.00       38.00       14.00       18.00
        5.00       44.00       27.00       69.00       20.00       54.00       29.00       83.00       65.00        6.00
        9.00       40.00        1.00       98.00       53.00       67.00       48.00       86.00       21.00       39.00
       88.00       18.00       24.00       48.00       18.00       50.00       97.00       37.00       94.00       54.00
       38.00       31.00       67.00       25.00       73.00       18.00        0.00       29.00       54.00       62.00
       35.00       71.00        0.00       49.00       34.00       53.00       51.00        5.00       12.00       70.00
       87.00       21.00       50.00       49.00       21.00       93.00       39.00       39.00       94.00       53.00
        3.00        0.00        6.00       45.00        2.00       57.00       69.00       76.00       10.00        9.00
       81.00       52.00       18.00       13.00       27.00       73.00       10.00       82.00       83.00       36.00
       16.00       71.00       71.00       96.00       21.00       30.00       79.00       67.00       14.00       57.00
       62.00       51.00       82.00       84.00       80.00       62.00       86.00       61.00       30.00       47.00
       94.00       39.00       99.00       44.00       25.00       61.00       25.00       19.00       57.00        8.00
       52.00       73.00       96.00       62.00       18.00       16.00       95.00       94.00        4.00       43.00
       91.00       60.00       43.00       62.00       81.00       92.00       57.00       54.00       68.00       13.00
       80.00       79.00       47.00       95.00       82.00       43.00       92.00       50.00       91.00       90.00
       98.00       30.00       98.00       95.00       63.00       74.00       83.00       73.00       15.00        8.00
       89.00       12.00       42.00        9.00       36.00        6.00       49.00       91.00       69.00       59.00
       70.00       46.00       56.00       61.00       10.00       82.00       91.00       74.00       79.00       18.00
       27.00       21.00       16.00       19.00       14.00       22.00       25.00       21.00       29.00       13.00
       15.00       11.00       10.00       16.00       12.00       22.00       27.00       18.00       22.00       21.00
       23.00       14.00       18.00       23.00       14.00       23.00       10.00       26.00       24.00       26.00
       22.00       10.00       14.00       17.00       21.00       21.00       22.00       15.00       24.00       10.00
       24.00       20.00       19.00       14.00       28.00       12.00       24.00       20.00       17.00       17.00
       25.00       25.00       25.00       14.00       14.00       28.00       15.00       24.00       26.00       18.00
       21.00       12.00       26.00       13.00       10.00       23.00       10.00       18.00       23.00       27.00
       25.00       17.00       22.00       11.00       13.00       26.00       25.00       13.00       19.00       25.00
       28.00       15.00       27.00       22.00       19.00       19.00       25.00       29.00       23.00       20.00
     1028.00     3001.00     2166.00     1537.00     1133.00     3328.00     2317.00     3184.00      954.00      773.00
     3189.00     2979.00      565.00      605.00     3256.00     1031.00      818.00     1017.00      903.00      333.00
     2288.00      585.00     2023.00     3147.00     2636.00     2693.00     2050.00     2746.00     3057.00     3180.00
       21.00      325.00      244.00       95.00      118.00      113.00      284.00      279.00      309.00      232.00
      333.00      281.00      264.00      127.00      116.00      181.00      221.00      322.00      260.00      322.00
       74.00      264.00      146.00      297.00       90.00       30.00      203.00      266.00      284.00       44.00
