   90   30
       35.00       25.00       93.00       94.00       96.00       73.00       73.00       22.00       42.00       80.00
        9.00       73.00       48.00       61.00       34.00       54.00       31.00       14.00       21.00       38.00
       78.00       94.00       67.00        6.00       68.00       86.00        5.00       22.00       78.00       90.00
       95.00       24.00       38.00       33.00        0.00       64.00       99.00       70.00       24.00       19.00
       28.00       59.00       95.00       59.00       27.00        1.00        1.00       49.00       55.00       90.00
       13.00       18.00        4.00       13.00       68.00       18.00       35.00       97.00       80.00       60.00
        1.00       83.00        8.00       99.00       97.00       91.00       99.00       10.00       23.00       87.00
       86.00       68.00       41.00       81.00        9.00       26.00       66.00       17.00       84.00       64.00
       37.00       10.00       44.00       37.00       18.00       76.00       27.00       61.00       74.00       45.00
       79.00        3.00       94.00       35.00        5.00       67.00       48.00       56.00       77.00       97.00
       29.00       58.00       90.00       33.00       91.00       41.00       24.00       98.00        1.00       98.00
       45.00       88.00       52.00       42.00       62.00       11.00       12.00       65.00       24.00       86.00
       15.00       10.00       12.00        0.00       97.00       56.00       73.00       80.00       60.00       54.00
       94.00       42.00       90.00       59.00       16.00        6.00       78.00       50.00       37.00       99.00
       26.00       24.00       44.00       90.00       16.00       21.00       89.00       11.00       91.00        0.00
       88.00       78.00       72.00       86.00       13.00        4.00       11.00       47.00       96.00       74.00
       40.00       79.00       82.00       19.00       92.00       10.00       92.00        9.00       85.00       36.00
       68.00       61.00       96.00       69.00       40.00       19.00       76.00       48.00       19.00       63.00
       67.00       48.00       98.00       47.00       49.00       85.00       38.00       74.00       95.00        2.00
       58.00       62.00       29.00       91.00       49.00       57.00       28.00       72.00       94.00       96.00
       82.00       46.00       60.00       20.00       28.00       97.00       92.00        4.00       17.00       92.00
       20.00       48.00       68.00       14.00       77.00       37.00       33.00       36.00       67.00       72.00
       72.00        9.00       40.00       36.00        7.00       17.00       73.00       38.00        5.00       46.00
       48.00       47.00       25.00       42.00       81.00       15.00        0.00       67.00       53.00       52.00
       61.00       90.00       34.00        1.00       29.00       49.00        1.00       18.00       98.00       87.00
        5.00       66.00       25.00       44.00       23.00       70.00       85.00       53.00        9.00        1.00
       40.00       79.00       26.00       75.00       54.00        5.00       21.00       92.00       49.00       27.00
       80.00       51.00       65.00       44.00       77.00       11.00       98.00       43.00       93.00       93.00
        3.00        2.00       78.00       28.00       98.00       80.00       85.00       17.00       16.00       59.00
       83.00       36.00       60.00       59.00       51.00       20.00       99.00       31.00       93.00        0.00
       75.00       19.00       24.00       69.00       22.00       25.00       36.00       24.00       32.00       30.00
       23.00       92.00       94.00       60.00       38.00       36.00       95.00       78.00        2.00        8.00
       83.00       65.00       95.00       91.00        5.00       14.00       94.00       54.00       72.00       37.00
       36.00       94.00       38.00       77.00       37.00       52.00       59.00       70.00       73.00       38.00
        2.00       86.00       10.00       77.00        2.00       61.00       57.00       71.00       83.00       94.00
       51.00       55.00       10.00       67.00       19.00       68.00       23.00       16.00       72.00       77.00
       74.00       52.00        9.00       32.00       59.00       28.00       68.00       27.00       43.00       86.00
       23.00        8.00       88.00       29.00       24.00       37.00       45.00       19.00       33.00       20.00
       87.00       75.00        5.00       51.00       53.00       29.00        2.00       23.00       77.00       80.00
       53.00       20.00       88.00       27.00       97.00       79.00       21.00       89.00       66.00        2.00
       73.00       42.00       97.00       42.00       79.00       18.00       80.00       92.00       27.00       68.00
       88.00       73.00       96.00       60.00       36.00       66.00        7.00       81.00       65.00       67.00
       36.00       61.00       52.00       42.00       87.00       28.00        8.00        2.00       67.00       72.00
       77.00       61.00       86.00       80.00       75.00        3.00       80.00       57.00       42.00       94.00
       37.00       57.00       66.00       26.00       57.00       81.00       16.00       52.00        1.00       21.00
        0.00       66.00       83.00       59.00       35.00       33.00       29.00       37.00       73.00       76.00
        0.00       78.00       45.00       72.00       55.00        4.00       13.00        9.00        1.00       89.00
       25.00       20.00       49.00       52.00       34.00       79.00       81.00       62.00       12.00       39.00
        1.00       14.00       76.00       39.00       13.00       13.00       12.00       12.00       56.00       56.00
       45.00       77.00       85.00        3.00       14.00       79.00       89.00       89.00       41.00       34.00
       69.00        1.00       90.00       81.00       26.00       39.00       84.00       39.00       38.00       18.00
       93.00       38.00        8.00       91.00       34.00       62.00       30.00        6.00       45.00       30.00
       97.00        1.00        4.00       88.00       49.00       34.00       26.00        7.00       31.00       75.00
       60.00        4.00       16.00       23.00       47.00       15.00       14.00       18.00       30.00       14.00
       59.00       58.00       25.00       38.00       59.00       54.00       88.00       65.00       48.00       64.00
       44.00       63.00       68.00        9.00       50.00       96.00       78.00       49.00       22.00       62.00
       62.00       71.00       48.00        1.00       90.00       24.00       55.00       91.00       46.00        8.00
       10.00       19.00       36.00       82.00       71.00       10.00       27.00       67.00       25.00       32.00
       94.00       53.00       66.00       22.00       70.00       31.00        8.00       93.00       20.00       21.00
       39.00       28.00       99.00       51.00       53.00       63.00       46.00       19.00       21.00        7.00
       42.00       45.00       86.00       73.00       23.00       83.00       96.00        2.00       23.00       65.00
        6.00        3.00        6.00       83.00       17.00       43.00       90.00       36.00       26.00       76.00
       83.00       13.00       15.00       70.00       93.00       57.00       98.00       81.00       53.00       62.00
        0.00       91.00        7.00       80.00       42.00        1.00       33.00       46.00       60.00       45.00
       91.00       49.00       67.00       70.00       30.00        5.00       53.00       95.00        0.00       11.00
       76.00       46.00       38.00       80.00       85.00       32.00       33.00        1.00       79.00        1.00
       88.00       52.00       96.00        1.00       30.00       86.00       88.00       30.00       43.00       46.00
       24.00       46.00       12.00       86.00       15.00       83.00       28.00       12.00       76.00       75.00
       59.00       59.00       54.00        8.00       14.00       71.00       84.00       36.00       43.00       57.00
       67.00       23.00       43.00       28.00       61.00       24.00       90.00       48.00       55.00       94.00
       87.00       54.00       44.00       95.00        4.00       12.00       31.00       44.00       67.00       42.00
       37.00       10.00       14.00        2.00       77.00       74.00        4.00       27.00       44.00       87.00
       82.00       70.00        4.00        3.00       16.00       71.00       97.00       77.00       49.00       71.00
       99.00       30.00       63.00       30.00       79.00       60.00       19.00       30.00       71.00       11.00
       30.00       72.00       37.00       58.00       93.00       77.00       88.00       58.00       59.00       78.00
       95.00       67.00       48.00       50.00        6.00       52.00       20.00        7.00       52.00        6.00
       56.00       77.00       97.00       82.00       29.00       28.00       82.00       88.00       46.00        9.00
       62.00       98.00        9.00       21.00       25.00        5.00       14.00       39.00       52.00       80.00
       94.00       50.00       67.00       40.00       72.00       77.00       65.00       34.00       77.00        2.00
       24.00       89.00       45.00        5.00       52.00       97.00        3.00       94.00        8.00        6.00
       11.00       86.00        7.00       71.00        5.00       54.00       96.00       66.00       79.00       61.00
       58.00       66.00       81.00       60.00       88.00       48.00       21.00       96.00       43.00       69.00
       20.00       64.00       59.00       32.00       37.00       10.00       90.00       27.00       66.00       66.00
        8.00       24.00       74.00       65.00       81.00       52.00       34.00       73.00       97.00       89.00
       77.00       33.00       18.00       44.00       57.00       16.00       83.00       12.00       99.00       19.00
       77.00       31.00       93.00       43.00       52.00       69.00       39.00       65.00       59.00       28.00
       58.00       73.00       33.00       26.00       31.00       18.00       32.00       18.00       19.00       26.00
       21.00       48.00       83.00       61.00       68.00       49.00       18.00       20.00       78.00       35.00
       47.00       26.00       78.00       49.00       51.00       33.00       45.00       67.00       42.00       62.00
       33.00       61.00       80.00       38.00       32.00       80.00       16.00       82.00       82.00        0.00
       96.00        3.00       10.00       50.00       57.00       69.00       67.00       19.00       21.00       65.00
       96.00       98.00       40.00       64.00       30.00        7.00       62.00       69.00       31.00       21.00
       26.00        8.00        7.00       94.00       96.00       74.00       52.00       33.00       98.00       63.00
       27.00       84.00       11.00       33.00       55.00       28.00       45.00       99.00       98.00       97.00
       84.00       36.00       57.00       62.00       89.00       48.00       89.00       42.00        1.00       28.00
       48.00       55.00       54.00       27.00       99.00       96.00       29.00       90.00       38.00       10.00
       80.00       35.00       36.00       10.00       23.00       91.00       95.00       48.00       80.00        9.00
       67.00       32.00       85.00       11.00       82.00       68.00       43.00       58.00       86.00       49.00
       56.00       30.00       86.00       25.00       78.00       61.00       55.00       43.00       62.00       83.00
       35.00       16.00        3.00       36.00       50.00       74.00        0.00       92.00       17.00        3.00
       79.00       73.00        3.00       77.00       66.00       61.00       89.00       37.00       83.00       43.00
       26.00       74.00       27.00       36.00       80.00       14.00       32.00       70.00       38.00       15.00
       43.00       44.00       85.00       38.00       44.00       75.00       87.00       27.00       21.00       94.00
       58.00       19.00       48.00       86.00       59.00       88.00       26.00       46.00       96.00       69.00
       31.00       20.00       85.00       21.00       24.00       49.00       16.00       35.00       40.00       30.00
       39.00       97.00       76.00       57.00       29.00       41.00       16.00       25.00       35.00       72.00
       76.00       97.00        1.00       49.00       75.00       56.00       12.00       29.00       27.00       21.00
       16.00       44.00       41.00       70.00       15.00       45.00       66.00       17.00       28.00       34.00
       10.00       34.00       71.00       78.00       30.00       97.00        7.00       68.00       66.00       29.00
       57.00       69.00       67.00       43.00       80.00       76.00       38.00       12.00       61.00       65.00
       93.00       33.00       64.00       21.00        5.00       44.00       41.00       59.00       87.00       28.00
       97.00       83.00       35.00       92.00       71.00       53.00       32.00       31.00       56.00       46.00
       78.00       94.00       89.00       33.00        6.00       16.00       75.00       13.00       98.00       97.00
       30.00       69.00        7.00       20.00       52.00       40.00       50.00       60.00       59.00       30.00
       28.00       11.00       55.00       85.00       95.00       34.00       98.00       21.00       72.00       19.00
       14.00       76.00       74.00       97.00       40.00       32.00       16.00       43.00       17.00        3.00
        4.00       72.00       65.00       16.00       13.00       13.00       91.00       20.00       38.00        2.00
       42.00       78.00       43.00       39.00       79.00       72.00       57.00        3.00       36.00       84.00
       99.00       14.00       14.00       45.00        8.00       81.00       94.00       89.00       31.00       92.00
       84.00       19.00       88.00       17.00       36.00       88.00       18.00       35.00       89.00       58.00
       70.00       21.00       34.00       80.00       97.00       27.00       97.00        8.00       72.00       63.00
       92.00       51.00       25.00       58.00       90.00       14.00       74.00       56.00        7.00       83.00
       96.00       74.00        1.00       63.00       71.00       26.00       37.00       70.00       87.00        1.00
       54.00       35.00       80.00       37.00       54.00       65.00       65.00       33.00       86.00       84.00
       78.00       92.00       96.00       36.00       22.00       89.00       73.00       28.00       99.00        0.00
        9.00       46.00       67.00       43.00       45.00       66.00       59.00       15.00       85.00       53.00
       48.00       19.00       91.00        7.00       38.00       36.00       92.00       19.00       33.00       54.00
       69.00       21.00       99.00       87.00        1.00       55.00       23.00       34.00       94.00        9.00
       47.00       57.00        3.00       67.00       10.00       94.00       38.00       91.00       43.00       11.00
       20.00       30.00       90.00       88.00        6.00       13.00       54.00       70.00       14.00       82.00
        0.00       34.00       18.00       72.00       44.00       62.00       85.00       32.00       21.00       15.00
       81.00       60.00       17.00       40.00       65.00       87.00        5.00       63.00       52.00       29.00
        1.00       63.00        6.00        3.00       61.00        0.00        0.00       70.00       67.00       61.00
       58.00       49.00       73.00       54.00       56.00       17.00        9.00       49.00       48.00       92.00
       71.00       44.00       61.00       63.00       47.00       26.00       47.00        3.00       39.00       31.00
        8.00        0.00       96.00       36.00       31.00       75.00       72.00       38.00       75.00       75.00
       59.00       95.00       37.00       68.00       71.00       41.00       51.00       67.00       75.00       94.00
       15.00       69.00       89.00       27.00       59.00       79.00        8.00       63.00       72.00       67.00
       12.00       20.00       75.00       54.00       79.00       11.00        4.00       55.00       94.00       80.00
       31.00        4.00       43.00       29.00       35.00       44.00       25.00       63.00       21.00       62.00
       10.00       64.00       33.00       97.00       51.00       60.00        0.00       52.00        6.00       64.00
       36.00       85.00       35.00       93.00       69.00       74.00       84.00       87.00       61.00       57.00
       59.00       92.00       65.00       15.00       71.00       83.00       11.00       35.00       75.00       30.00
       33.00       74.00       68.00       41.00       72.00       18.00       96.00       33.00        4.00        1.00
       87.00        9.00       11.00       18.00       29.00       57.00       56.00       67.00       32.00       80.00
       59.00        0.00       61.00       36.00       73.00       44.00       28.00       47.00       98.00       54.00
       75.00       94.00        2.00        0.00       87.00       24.00       27.00       79.00       21.00       27.00
       94.00       28.00       29.00       46.00       39.00       82.00       28.00       60.00       51.00       75.00
       32.00       24.00       79.00        6.00       53.00       65.00       52.00        5.00       37.00       77.00
        1.00       71.00       86.00       49.00       91.00       72.00       94.00       32.00       16.00       28.00
       87.00       17.00       89.00       14.00       48.00       91.00       40.00       46.00       73.00       93.00
       15.00       67.00       76.00       69.00       26.00        4.00       50.00       23.00       94.00       96.00
       57.00       97.00       99.00        6.00       83.00       33.00       11.00       48.00       98.00       97.00
       80.00       22.00       13.00       67.00        5.00       19.00       96.00       25.00        2.00       37.00
       20.00       88.00       59.00       40.00       43.00       83.00       26.00       25.00       28.00       47.00
       91.00       91.00       82.00       98.00       45.00       38.00       50.00       24.00       23.00       17.00
       98.00       71.00       83.00       21.00       81.00       37.00       58.00       82.00       60.00       98.00
       91.00       34.00       35.00       20.00       44.00       25.00       99.00       51.00       33.00        7.00
       25.00       66.00       34.00       44.00       43.00       37.00       65.00       99.00       83.00       42.00
       36.00       98.00       77.00       24.00       15.00       88.00       33.00       77.00       64.00       25.00
       62.00       26.00       45.00       71.00       92.00        7.00       77.00       80.00       95.00       74.00
       20.00       92.00       36.00        2.00       10.00       92.00        6.00       41.00       58.00       75.00
       90.00       53.00        6.00       39.00        2.00       39.00       85.00       92.00       72.00       29.00
       35.00       46.00       63.00       93.00       74.00       38.00       80.00        8.00       13.00       92.00
       68.00       73.00       86.00       26.00       22.00       69.00        7.00       47.00       72.00        0.00
       97.00        8.00       87.00       60.00       38.00       19.00       31.00       21.00       30.00        9.00
       63.00       28.00       83.00       25.00       58.00       50.00       63.00       77.00       97.00       24.00
       59.00       81.00       40.00       83.00       52.00       60.00        2.00       72.00       10.00        4.00
       81.00       75.00       29.00       95.00        4.00       11.00       88.00       43.00        2.00       88.00
        7.00       16.00       30.00        0.00       17.00       20.00       78.00       15.00       70.00       89.00
       51.00       98.00       66.00       92.00       21.00       59.00       63.00       51.00       57.00        9.00
        5.00       37.00        7.00       92.00       72.00       85.00       79.00       96.00       56.00       51.00
       44.00       80.00       98.00       97.00       60.00       65.00       45.00       69.00       90.00       73.00
       26.00       24.00       63.00       18.00       36.00        3.00        5.00       70.00       89.00       59.00
       27.00       71.00       72.00       98.00       58.00       45.00       21.00       84.00       63.00       48.00
       94.00        9.00       69.00       49.00        9.00       39.00       99.00       35.00       74.00       92.00
       96.00       78.00       37.00       93.00       64.00       10.00       20.00       22.00       73.00        6.00
       20.00       49.00       16.00       40.00       92.00       22.00       83.00       96.00       41.00       53.00
       19.00       40.00        2.00       13.00       75.00       68.00       68.00       35.00       56.00       12.00
        9.00       85.00       37.00       47.00       80.00       57.00       95.00       46.00       16.00       85.00
       92.00       71.00       74.00       91.00       86.00       90.00       46.00       20.00       61.00       72.00
       73.00        7.00       17.00       88.00       26.00       91.00       48.00       25.00       28.00       82.00
        0.00       92.00       54.00       27.00       86.00       69.00        7.00       33.00        9.00       37.00
       70.00       57.00       15.00       88.00       87.00       60.00       63.00       88.00       11.00       86.00
       12.00       69.00       30.00       14.00       42.00       51.00       62.00       98.00       58.00       27.00
       64.00       83.00       59.00       63.00       11.00       75.00       54.00       97.00       44.00       93.00
       71.00       39.00       79.00       35.00       79.00       96.00       23.00       35.00       31.00       93.00
       62.00       90.00       88.00       49.00        0.00        0.00       87.00       31.00       56.00       20.00
       61.00       96.00       75.00       44.00       25.00        6.00       79.00       65.00       89.00       53.00
       89.00       65.00       54.00       47.00       85.00       45.00       10.00       52.00       67.00        0.00
       36.00       56.00       75.00       86.00       80.00       43.00       42.00       43.00       58.00       69.00
        0.00       72.00        0.00       73.00       83.00       76.00       50.00       91.00       58.00       15.00
       73.00       25.00       15.00       28.00       45.00        2.00       80.00       42.00       18.00       30.00
       29.00       44.00       86.00       21.00       22.00        4.00       14.00       47.00       90.00       76.00
       71.00       51.00       36.00        0.00        4.00       16.00       34.00       96.00       45.00       85.00
       45.00       20.00       25.00       68.00       66.00       20.00       40.00       84.00        7.00       11.00
       99.00       21.00       41.00       61.00       49.00       22.00       76.00       56.00       51.00       26.00
       52.00       89.00       52.00        4.00       53.00       79.00       86.00       98.00       99.00       24.00
       85.00       42.00       35.00       57.00       99.00        6.00       61.00       31.00       46.00       16.00
       53.00       66.00       35.00       34.00       59.00       47.00       53.00       89.00        5.00       33.00
       88.00       11.00        7.00       24.00       41.00       97.00       90.00       12.00       47.00       13.00
       68.00       86.00        4.00       13.00       24.00       81.00       86.00       28.00       94.00        5.00
       82.00       65.00       55.00       52.00       96.00       94.00       63.00        7.00       89.00       39.00
       79.00        4.00       59.00        0.00       11.00       79.00       85.00       43.00       34.00       35.00
       73.00       69.00       60.00       11.00       98.00       37.00        2.00       28.00       12.00       92.00
       29.00       44.00       78.00       37.00        1.00       43.00       34.00       43.00       55.00       47.00
        7.00       86.00       64.00       21.00       34.00       60.00       91.00        7.00       45.00       95.00
       19.00       11.00       37.00       93.00       12.00       35.00       22.00       49.00       63.00       13.00
       40.00       22.00        7.00        2.00       73.00       83.00       24.00       43.00       91.00       42.00
       62.00       80.00       20.00       34.00       25.00       13.00       17.00       23.00       47.00       13.00
       91.00       49.00       29.00       33.00       96.00       28.00       90.00       97.00       94.00       73.00
       94.00       30.00       67.00        9.00       39.00       88.00       19.00       95.00        8.00       85.00
       91.00       68.00       34.00       23.00       99.00       79.00       26.00       90.00       51.00       89.00
       55.00       61.00        6.00       44.00       96.00       26.00       95.00       34.00       77.00       41.00
       92.00       26.00       83.00       55.00       29.00       12.00       12.00       67.00       78.00        8.00
       82.00       32.00       48.00       15.00       43.00       97.00       79.00       10.00       29.00       41.00
       11.00       27.00       61.00       66.00       81.00       59.00        1.00       42.00       63.00       90.00
       86.00       17.00       56.00       20.00       18.00       40.00       95.00       57.00       85.00       57.00
       23.00       97.00       28.00       77.00       59.00       95.00       87.00       28.00       55.00        8.00
       94.00       35.00       13.00       69.00       88.00       99.00       21.00       18.00       72.00       63.00
       16.00       91.00       49.00       77.00       85.00       55.00       82.00       21.00       72.00       38.00
       92.00       31.00       39.00       82.00       72.00       43.00        9.00       36.00       86.00       47.00
       81.00       44.00       81.00       21.00        4.00       18.00       30.00       87.00       39.00       85.00
       88.00        2.00       56.00       49.00       23.00       79.00       41.00       26.00       59.00       10.00
        2.00       13.00       39.00       18.00       20.00       23.00       93.00       82.00       66.00       83.00
       84.00       90.00       74.00       86.00       47.00       27.00       69.00       43.00       54.00       10.00
       62.00       67.00       72.00        1.00       72.00       93.00       88.00       88.00       45.00       18.00
       31.00        0.00       62.00       12.00        5.00        2.00       72.00       24.00       14.00       75.00
       86.00        1.00       46.00       97.00       13.00       90.00       48.00       61.00       30.00       80.00
        4.00        3.00       26.00       13.00        1.00       32.00       36.00       70.00       48.00       70.00
       80.00       11.00       78.00       66.00       66.00       29.00       44.00       18.00       13.00       29.00
        9.00       35.00       12.00       69.00       64.00       13.00       34.00        5.00       38.00       12.00
       44.00       32.00       93.00       57.00       78.00       15.00       96.00       96.00        9.00       43.00
       31.00       98.00       91.00       75.00       77.00       58.00       65.00       25.00       83.00       60.00
       69.00       26.00        0.00        1.00       71.00       84.00       51.00       87.00       38.00       74.00
       70.00       45.00        3.00       70.00       10.00       14.00       76.00        6.00       29.00       24.00
       35.00       95.00       86.00       49.00       81.00       73.00        7.00       10.00       45.00       29.00
       22.00       74.00       80.00       46.00       57.00       47.00       76.00       62.00       45.00       75.00
       85.00       30.00       94.00        9.00       36.00       31.00       17.00       76.00       90.00       61.00
       19.00       78.00       47.00       22.00       87.00        4.00       17.00       60.00       42.00       33.00
       26.00       38.00       35.00       62.00       95.00       58.00        0.00       71.00       27.00       33.00
        7.00       34.00       95.00        0.00       61.00       30.00        9.00       19.00       50.00       96.00
        0.00        0.00       34.00       46.00       62.00       41.00       33.00       49.00       26.00       82.00
       57.00       20.00       68.00       15.00       68.00       81.00       76.00       78.00       94.00        5.00
        9.00       48.00       21.00       30.00       51.00        1.00       19.00       15.00       21.00        8.00
       17.00       81.00       97.00       81.00       90.00       50.00       83.00       83.00       44.00       77.00
       94.00       80.00       22.00       40.00       62.00       91.00       42.00       40.00       93.00       62.00
       57.00        8.00       95.00       71.00       93.00       29.00       97.00       44.00       14.00       50.00
        9.00       36.00        0.00       97.00       83.00        8.00       52.00       40.00        0.00       99.00
       64.00       82.00       70.00       85.00       11.00       46.00       40.00       64.00       52.00        7.00
       29.00        8.00       51.00       70.00       40.00       87.00       56.00        6.00       35.00       33.00
       91.00        0.00       46.00       10.00       56.00       60.00       71.00       24.00       34.00       95.00
       87.00       56.00       62.00       65.00       65.00       21.00       90.00       68.00       67.00       98.00
       64.00        1.00       77.00       57.00       89.00       10.00       89.00       96.00       64.00       37.00
       31.00       60.00       93.00       12.00       40.00        3.00       12.00       44.00       85.00       17.00
       98.00       24.00        7.00       37.00       28.00       31.00       48.00        4.00       29.00       17.00
       43.00       26.00       18.00       97.00       43.00       91.00       33.00       78.00       70.00       16.00
       94.00        6.00       12.00       15.00       62.00       11.00       36.00       56.00       72.00       76.00
       59.00       15.00       52.00       66.00        7.00       45.00       76.00       90.00       50.00       41.00
       92.00       82.00        6.00       46.00       31.00       25.00       41.00       36.00       91.00       52.00
       99.00       81.00       49.00       99.00       62.00       76.00       39.00        0.00       14.00       77.00
       12.00       37.00       40.00       88.00       57.00       89.00       18.00       96.00       46.00       56.00
       64.00       34.00       45.00       33.00       31.00       27.00       89.00       70.00       97.00       58.00
       22.00       40.00       76.00       44.00       52.00        9.00       31.00       14.00       62.00       66.00
       90.00       41.00       81.00       65.00       85.00       52.00       18.00       93.00       62.00       28.00
       98.00       49.00       44.00       74.00       50.00       20.00       25.00        0.00       52.00       70.00
       50.00       67.00       31.00       81.00       89.00       74.00       53.00       32.00       28.00       93.00
       67.00       72.00       17.00       90.00        2.00       52.00       60.00       60.00       92.00        4.00
       41.00       93.00       18.00       93.00        2.00       47.00       68.00       72.00       34.00       68.00
       57.00       19.00       45.00       14.00       74.00       43.00       11.00       57.00       22.00       69.00
       25.00       20.00       23.00       20.00       20.00       16.00       25.00       21.00       14.00       24.00
       26.00       10.00       11.00       14.00       24.00       26.00       26.00       14.00       14.00       14.00
       23.00       12.00       23.00       21.00       19.00       11.00       15.00       25.00       19.00       16.00
       15.00       12.00       10.00       27.00       12.00       13.00       15.00       25.00       13.00       23.00
       22.00       28.00       25.00       15.00       15.00       17.00       14.00       24.00       23.00       11.00
       18.00       17.00       11.00       20.00       23.00       12.00       24.00       13.00       20.00       28.00
       29.00       21.00       11.00       13.00       17.00       23.00       22.00       28.00       26.00       28.00
       23.00       28.00       11.00       27.00       22.00       16.00       16.00       23.00       26.00       22.00
       25.00       13.00       21.00       20.00       25.00       11.00       18.00       21.00       26.00       29.00
     1946.00     2530.00     1814.00      312.00     1494.00     1336.00     1636.00     1914.00      252.00     1575.00
     1718.00      214.00      687.00     1985.00      791.00     2357.00     2624.00     1103.00     1676.00     2271.00
     2561.00      220.00      935.00     1577.00     1935.00     1344.00     1436.00     1194.00     2237.00     1909.00
      168.00       53.00       74.00      228.00       96.00      173.00      138.00      242.00      139.00       59.00
      251.00      188.00       84.00      187.00      102.00       25.00      205.00      219.00      172.00       42.00
      168.00      160.00       32.00      246.00      258.00       27.00      201.00      102.00      255.00      208.00
