   90   30
       43.00       85.00       28.00        7.00       47.00       72.00       86.00       27.00       92.00       73.00
       72.00       20.00        5.00       41.00       47.00       80.00       92.00        6.00       67.00       25.00
       67.00       24.00       22.00       34.00       60.00       10.00       67.00       93.00       15.00       28.00
        0.00       43.00       87.00       49.00       26.00       10.00       12.00       11.00       24.00       42.00
       92.00       22.00       86.00       73.00       15.00       99.00        9.00       26.00       31.00       39.00
       63.00       89.00       22.00       60.00       47.00       39.00       47.00       56.00       27.00        4.00
       68.00       56.00        5.00       81.00       57.00       84.00       68.00       49.00       64.00       58.00
       17.00       43.00       90.00       70.00       68.00       98.00       82.00       40.00       78.00       48.00
       67.00       39.00       54.00       57.00       77.00       23.00       19.00       21.00       25.00        9.00
       58.00       57.00       60.00        8.00       82.00       73.00       83.00       78.00       55.00       80.00
       13.00       67.00       91.00        3.00       49.00       71.00       12.00       91.00       42.00        2.00
       16.00       26.00       84.00       63.00       15.00        1.00       85.00       74.00       23.00        6.00
       89.00       72.00        4.00       37.00       48.00        9.00       30.00       23.00       55.00       11.00
       87.00       40.00        5.00       59.00       45.00       49.00       46.00       22.00       62.00       77.00
       22.00       42.00        8.00       43.00       28.00       64.00       22.00       73.00       35.00       44.00
       22.00       72.00       43.00       86.00       59.00       59.00       75.00       98.00       71.00       44.00
       26.00       56.00       64.00       47.00       24.00       23.00       49.00       60.00       65.00       61.00
       11.00       12.00       31.00       35.00       64.00       88.00        7.00       84.00       46.00        3.00
       55.00       31.00       47.00       54.00        4.00       38.00       65.00       68.00       68.00       34.00
       52.00       52.00        7.00       76.00       82.00       95.00       88.00       13.00       51.00       74.00
        2.00       71.00       99.00       80.00       65.00       72.00       16.00       54.00       88.00       59.00
       60.00        5.00        5.00       97.00        7.00       39.00       98.00       53.00       11.00       39.00
       42.00       89.00       42.00       68.00       73.00       28.00       38.00       62.00       52.00       54.00
       68.00       81.00       66.00       75.00       15.00       96.00        7.00       60.00       20.00       40.00
        0.00       17.00       34.00       67.00       83.00       74.00       82.00       70.00       64.00        2.00
       35.00       78.00       98.00       58.00       34.00       16.00       58.00       62.00       25.00        3.00
        5.00       34.00       93.00       26.00       75.00       38.00       96.00        5.00       26.00       26.00
       56.00       49.00       34.00       77.00       35.00       61.00       22.00       62.00       27.00       45.00
       51.00       96.00       24.00       17.00       21.00       48.00       43.00       27.00       57.00       17.00
       35.00       54.00       75.00       11.00       92.00       10.00       58.00       67.00       30.00       81.00
       74.00       13.00       26.00       87.00       40.00       51.00       32.00       38.00       92.00       26.00
       68.00       17.00       18.00       89.00       13.00       21.00       83.00       86.00        9.00       36.00
       27.00       27.00       61.00       29.00       25.00       10.00        4.00       87.00       56.00       14.00
       49.00       27.00       94.00       79.00       58.00       67.00       31.00       44.00       88.00       26.00
       98.00       98.00        7.00       92.00       37.00       77.00       85.00       83.00       44.00       16.00
       96.00       82.00       84.00       18.00       92.00       23.00       51.00       21.00       42.00       67.00
       19.00       69.00       36.00       77.00       10.00        3.00        0.00        6.00       78.00       52.00
       67.00       36.00       81.00       79.00       19.00       32.00       88.00       99.00       74.00       27.00
       46.00       98.00       90.00       10.00        8.00        7.00       14.00       12.00       89.00        4.00
       92.00       13.00       10.00       68.00       24.00       94.00       34.00       78.00       26.00       25.00
       16.00       64.00       32.00       56.00       20.00       36.00       50.00       55.00       66.00       34.00
       59.00        6.00       20.00       10.00        1.00       68.00       36.00        3.00       15.00       48.00
        9.00       85.00       13.00       45.00        2.00       86.00       91.00       71.00       65.00       16.00
       33.00       51.00       38.00       61.00       43.00       57.00       26.00        4.00       23.00       30.00
       72.00        6.00       69.00        2.00       82.00       47.00       62.00        9.00       70.00        9.00
       79.00       65.00       16.00       56.00       39.00       35.00       79.00       43.00       66.00       30.00
       86.00       46.00       41.00       14.00        2.00       15.00       60.00       86.00       49.00       84.00
       32.00       83.00       22.00       79.00       81.00       28.00       33.00       21.00       30.00       93.00
       70.00       18.00       90.00       78.00       54.00       79.00       76.00       13.00       37.00       99.00
       26.00       24.00       67.00       13.00       93.00       50.00       23.00       92.00       39.00       71.00
       74.00       46.00       45.00       96.00       41.00       60.00       22.00       25.00       62.00       63.00
       86.00       82.00       59.00       17.00       29.00       80.00        0.00       79.00        4.00       60.00
       80.00       58.00       94.00       34.00       65.00       81.00       56.00        0.00       78.00       49.00
       36.00       22.00       21.00       25.00        4.00        3.00       66.00       98.00       65.00       66.00
       42.00       17.00       33.00       44.00       19.00       85.00       77.00       42.00       67.00       53.00
       75.00       15.00       27.00       64.00       46.00       72.00       20.00       29.00       21.00        7.00
        6.00       35.00        6.00       26.00       49.00       24.00       23.00       95.00       44.00       85.00
       33.00       52.00       32.00       49.00       97.00       50.00       93.00       91.00       11.00       19.00
        7.00       62.00       18.00       70.00        4.00        5.00        1.00       79.00       60.00       55.00
        2.00       23.00        7.00       93.00        2.00       49.00       50.00       15.00       92.00       15.00
       34.00       53.00       97.00       14.00       78.00       39.00       31.00       79.00       88.00       99.00
        9.00       42.00        4.00       34.00       31.00       71.00       51.00       11.00       32.00       26.00
       99.00       74.00       35.00        0.00       40.00       56.00       74.00       40.00       52.00       34.00
       72.00       64.00        4.00       80.00       77.00       12.00       13.00       86.00        8.00       11.00
       68.00       64.00       45.00       22.00       80.00       67.00       90.00       21.00       17.00       53.00
       56.00       14.00       36.00       18.00       82.00       99.00       26.00       50.00       72.00       24.00
       20.00       87.00       98.00       94.00       34.00       82.00       41.00       38.00       52.00        4.00
       24.00       33.00       60.00       33.00       95.00       53.00       94.00       23.00       40.00       75.00
       63.00       46.00       41.00       73.00       57.00       35.00       27.00       83.00       49.00       95.00
       44.00        9.00       56.00       45.00       80.00       15.00       17.00       21.00        4.00       10.00
        1.00       27.00        2.00       36.00       52.00       46.00       30.00        5.00       38.00       34.00
        2.00       44.00       60.00       46.00        3.00       63.00       33.00       91.00       77.00       20.00
       50.00       99.00       37.00       81.00       95.00       48.00       99.00       90.00       53.00       97.00
       33.00       80.00       47.00        4.00       86.00       16.00       92.00       33.00       20.00       28.00
       43.00       97.00       70.00       95.00       92.00       51.00        5.00       73.00       22.00       71.00
       64.00       83.00       34.00       66.00       96.00        5.00       10.00        3.00       11.00       37.00
       56.00       56.00       39.00       27.00       67.00        1.00       42.00       73.00       89.00       19.00
       36.00       55.00       74.00       76.00       12.00       47.00       50.00        1.00       59.00       24.00
       66.00       73.00       41.00       51.00       66.00       91.00       63.00       27.00        9.00       81.00
       46.00       28.00       50.00       84.00       85.00       60.00       21.00        4.00       63.00       12.00
       15.00       20.00       44.00       94.00       31.00        5.00       68.00       76.00       41.00       80.00
       28.00       64.00       95.00       17.00       87.00        5.00       72.00       60.00       81.00       72.00
       38.00       26.00        5.00       92.00       69.00       11.00       82.00       17.00       57.00       13.00
       63.00       44.00        0.00       44.00       10.00       37.00       54.00       82.00       53.00       10.00
       79.00       12.00       20.00       72.00       24.00       37.00        4.00       33.00       38.00       54.00
       91.00       46.00       76.00       43.00       65.00       10.00       60.00        6.00       86.00       68.00
        7.00       48.00       80.00       82.00       37.00       91.00        0.00       53.00       15.00       75.00
       54.00       36.00       90.00       65.00       92.00       56.00       54.00       85.00       15.00       26.00
       12.00       43.00       29.00       32.00       40.00        9.00       76.00       18.00       78.00       84.00
        7.00       11.00       92.00       42.00       76.00       46.00       79.00       53.00       75.00       91.00
       23.00       16.00       32.00       91.00       11.00       47.00       52.00       54.00       72.00       31.00
       70.00       82.00        3.00       91.00       35.00       95.00       81.00       66.00       59.00        9.00
       93.00       99.00       98.00       73.00       15.00       51.00       36.00       59.00       40.00       16.00
       98.00       81.00       23.00        6.00       22.00       70.00       91.00       11.00       54.00       35.00
       51.00       60.00       39.00        1.00       81.00       53.00       42.00       80.00       89.00       23.00
       11.00       29.00       82.00       50.00       65.00       12.00       68.00       42.00       67.00       51.00
       95.00       56.00       27.00       32.00       97.00       15.00       32.00       21.00       89.00       50.00
        1.00       96.00       50.00       77.00       19.00       90.00       76.00       79.00       86.00        9.00
       87.00       58.00        3.00       77.00       34.00       76.00       58.00       17.00       27.00        5.00
        2.00       54.00       81.00       43.00       21.00       31.00       62.00       77.00       44.00       46.00
       75.00       99.00       45.00       64.00       14.00        2.00       26.00       58.00       79.00        7.00
       98.00       86.00       35.00       13.00       76.00       11.00       52.00       60.00       80.00        2.00
       56.00       43.00       96.00        7.00       93.00       37.00       38.00       47.00       71.00       94.00
       12.00        5.00       30.00       38.00       85.00       95.00       73.00       73.00        5.00       21.00
       43.00       71.00       10.00       94.00       29.00        0.00       48.00       39.00       45.00       24.00
       79.00       17.00        2.00       77.00       28.00       51.00       91.00       92.00       31.00       29.00
       12.00       36.00       64.00       10.00       45.00       85.00       70.00       77.00       44.00       46.00
       19.00       99.00       82.00       95.00       51.00       96.00        2.00       98.00        9.00       27.00
       36.00       36.00       52.00       36.00        2.00       48.00        0.00       35.00       92.00       54.00
       54.00        3.00       11.00       41.00        2.00       27.00       23.00        5.00       97.00       25.00
       30.00       93.00       58.00       17.00       69.00       95.00       48.00       34.00       20.00       51.00
       22.00       95.00       58.00        4.00       47.00       66.00       74.00        9.00       37.00       10.00
       77.00       61.00       59.00       76.00       28.00       11.00        2.00       79.00       79.00        0.00
       11.00       86.00       19.00        4.00       34.00        4.00       40.00       81.00       27.00       31.00
       89.00       72.00       24.00       16.00       56.00       79.00       57.00       42.00       27.00       36.00
       89.00       33.00       86.00       42.00       97.00       37.00       60.00       19.00       12.00       42.00
       36.00       19.00        6.00       35.00       86.00       85.00       83.00       94.00       91.00       54.00
       14.00       88.00       46.00       42.00       26.00       19.00       85.00       54.00       26.00       31.00
       51.00       18.00       28.00       65.00       21.00       20.00       17.00       51.00       41.00        3.00
       55.00       48.00       31.00       49.00       24.00       78.00       91.00       60.00       64.00       26.00
       79.00        6.00       31.00       87.00       69.00        7.00       11.00       89.00       11.00       64.00
       44.00       27.00       27.00       62.00       49.00       73.00       45.00        9.00       65.00       65.00
       37.00       68.00       24.00       83.00       10.00       23.00       56.00       49.00       81.00       71.00
       59.00       43.00       23.00       24.00        0.00       88.00       69.00       81.00       36.00       64.00
       11.00       86.00       52.00       55.00       17.00       94.00       73.00       27.00       81.00       16.00
       87.00        5.00       55.00       87.00       91.00       86.00       31.00       13.00       40.00       13.00
       87.00       75.00       75.00       93.00        0.00       85.00       40.00       33.00       93.00       46.00
       32.00       36.00       72.00       39.00       38.00       70.00       73.00       56.00       42.00        2.00
       14.00       39.00       28.00       76.00       35.00        1.00       96.00       54.00       62.00       36.00
       65.00       65.00       29.00       49.00       41.00       29.00       52.00       59.00       71.00       42.00
       25.00       50.00        4.00       53.00       95.00       86.00       39.00       55.00       30.00        6.00
       21.00       79.00       88.00       70.00       30.00       64.00       52.00       15.00       56.00       37.00
       82.00       48.00       66.00       29.00       10.00       85.00       10.00        9.00       79.00        8.00
        8.00       16.00       85.00        9.00       28.00       18.00       88.00       30.00       39.00       26.00
       11.00       21.00        2.00       43.00       11.00       92.00       35.00       34.00       20.00        6.00
       60.00       39.00       81.00       51.00       27.00       57.00       21.00       93.00       58.00       94.00
       43.00       87.00       67.00       34.00       27.00        7.00       56.00       88.00       73.00       17.00
       73.00       24.00       23.00       94.00       96.00       82.00       50.00       79.00       80.00       31.00
       87.00       13.00       71.00       20.00       62.00       85.00       82.00       35.00       37.00       99.00
       85.00       52.00       66.00       41.00       62.00       56.00       42.00       92.00       12.00       74.00
       81.00       35.00       22.00       25.00       62.00       36.00       41.00       92.00       32.00        0.00
        5.00       79.00       37.00       46.00       25.00       94.00       36.00       36.00       11.00       75.00
       21.00       49.00       15.00       53.00       33.00        9.00        4.00       21.00       59.00       83.00
       93.00       43.00       55.00       15.00       17.00       30.00        6.00       75.00       95.00       70.00
       47.00       14.00       46.00       82.00       90.00       82.00       31.00       29.00       26.00       29.00
       45.00       19.00       20.00        4.00       94.00       75.00       87.00       22.00        5.00       49.00
       41.00       64.00       72.00       16.00       48.00       30.00       36.00       72.00       22.00       56.00
       44.00       21.00       45.00       73.00       37.00       24.00        2.00       62.00       72.00       49.00
       67.00       34.00       60.00       40.00       69.00       42.00       92.00       98.00       35.00        4.00
       73.00       38.00       85.00       87.00       93.00       69.00       25.00       93.00        8.00       14.00
       61.00       41.00       93.00       53.00       37.00       21.00       12.00       69.00       66.00       97.00
        5.00       33.00        3.00       61.00       85.00       41.00       86.00       60.00        3.00        7.00
       43.00       68.00       16.00       65.00       28.00       70.00       74.00       32.00       62.00       63.00
        7.00       47.00       62.00        9.00       73.00       78.00       95.00       95.00        2.00       60.00
        9.00       66.00       60.00       12.00       90.00       64.00       94.00       53.00       79.00       69.00
       43.00       94.00       38.00       24.00       39.00       90.00       41.00        0.00        7.00       91.00
       45.00       38.00       59.00       94.00       47.00       58.00       37.00       15.00       52.00       22.00
       37.00       19.00       96.00       11.00       39.00       76.00       96.00       38.00        9.00       38.00
       38.00        1.00       53.00       52.00        8.00       69.00       47.00       51.00       30.00       30.00
       56.00       85.00       71.00       60.00       35.00        6.00       28.00        1.00       62.00       85.00
        2.00       24.00       47.00       50.00       26.00       46.00       21.00       65.00       97.00       19.00
        4.00       88.00       42.00        3.00       98.00       82.00        4.00       96.00       42.00       63.00
       38.00       80.00       60.00        9.00       48.00       12.00       57.00       63.00       98.00       69.00
       50.00       16.00        0.00       13.00       57.00       34.00       35.00       49.00       54.00       77.00
       84.00       88.00       99.00       22.00       53.00       40.00       63.00       88.00       35.00       89.00
       26.00       25.00       45.00       38.00       31.00       12.00       96.00       20.00       94.00       77.00
       41.00       10.00       24.00       40.00       60.00       95.00       93.00       34.00       96.00       66.00
       63.00       63.00       54.00       67.00       61.00       91.00       21.00       93.00       61.00       78.00
       72.00       24.00       99.00       14.00       64.00       59.00       55.00       99.00       45.00       51.00
       65.00       89.00       22.00       90.00       32.00       92.00       60.00       66.00       79.00       91.00
       14.00       12.00       44.00       30.00       20.00       20.00        9.00       77.00       83.00       61.00
       24.00       68.00       48.00       70.00       57.00       86.00       46.00       64.00       90.00       27.00
       37.00       17.00       35.00       67.00       97.00       91.00       44.00       13.00       38.00       16.00
       37.00       27.00       35.00       66.00       69.00       39.00        3.00       52.00        8.00       89.00
       58.00       60.00       11.00       74.00       56.00       86.00       99.00       76.00       79.00       44.00
       68.00       11.00       22.00       69.00       19.00       13.00        3.00       12.00       55.00       50.00
       92.00       27.00       89.00       42.00       38.00       76.00       80.00        5.00       35.00       12.00
       72.00       66.00       55.00       24.00        4.00       20.00       49.00       25.00       18.00        1.00
       84.00       54.00       95.00       17.00       64.00        1.00       82.00       55.00       66.00       72.00
       82.00       53.00       81.00       72.00       52.00       17.00       38.00       57.00       96.00       98.00
       59.00       91.00       64.00       78.00       66.00        3.00        5.00       34.00       43.00       33.00
        8.00       57.00       20.00       18.00       50.00       70.00       37.00       50.00       33.00       53.00
       98.00        3.00       68.00       77.00       26.00       17.00       45.00       13.00       87.00       92.00
        7.00       45.00       30.00       22.00       94.00       25.00       71.00       65.00       43.00       49.00
       13.00       45.00       61.00       19.00       82.00       27.00       86.00       46.00       26.00       96.00
       35.00       95.00       96.00       58.00       75.00       82.00        9.00       20.00       84.00       70.00
       73.00       30.00       77.00       23.00       14.00       79.00       22.00       34.00       35.00       95.00
       70.00        0.00       96.00       93.00       67.00       41.00       99.00       38.00       29.00       76.00
       27.00       59.00       94.00        1.00       43.00        4.00       93.00       32.00       70.00       33.00
       82.00        6.00       17.00       87.00       45.00       69.00       87.00       79.00       55.00       65.00
        9.00       95.00       61.00       32.00       90.00       96.00       14.00       58.00       39.00       78.00
       77.00       49.00       46.00        2.00       69.00       19.00        7.00       28.00       34.00       97.00
       15.00       96.00       54.00       23.00       81.00       47.00       20.00       70.00       35.00       82.00
       50.00        4.00       31.00       84.00       13.00       88.00       54.00       69.00       91.00       85.00
        3.00       37.00        4.00        6.00        1.00       32.00       64.00       26.00       44.00       32.00
       31.00       49.00        6.00       46.00       10.00       99.00       58.00       61.00       89.00       71.00
       57.00       90.00       12.00       72.00       22.00       98.00       48.00       22.00        7.00       17.00
       82.00       15.00       30.00       76.00       57.00       42.00       21.00       94.00       34.00       30.00
       95.00       36.00       43.00       69.00       69.00        8.00       60.00       93.00       81.00       48.00
        8.00       71.00       62.00       46.00       94.00       13.00       92.00       92.00       11.00       89.00
       29.00       39.00       71.00       22.00       93.00       21.00       54.00        8.00       44.00       80.00
       80.00       69.00       86.00       78.00       53.00       39.00       90.00        2.00       12.00       43.00
       16.00       91.00        9.00       21.00       70.00       35.00       96.00        7.00       35.00       36.00
       71.00       49.00       63.00       24.00       41.00       60.00        4.00       67.00       89.00       11.00
       23.00       21.00       54.00       10.00       30.00       12.00       65.00       47.00       16.00       39.00
       72.00       67.00       66.00       45.00       98.00       31.00       12.00       86.00       70.00       59.00
       33.00       19.00       20.00       69.00       11.00       55.00       72.00       62.00        6.00       74.00
       29.00        9.00       17.00       91.00       55.00       49.00       27.00       10.00        8.00       85.00
       54.00       23.00       47.00       64.00       70.00       28.00       52.00       63.00       30.00       70.00
       13.00        7.00       53.00       44.00       74.00       16.00       36.00        7.00       44.00       39.00
       84.00       70.00       13.00       19.00        0.00        7.00       31.00       13.00       60.00       59.00
       34.00       52.00       74.00       50.00       39.00       11.00        3.00       27.00       23.00       33.00
       76.00       98.00       73.00       16.00       46.00       36.00       70.00       68.00       62.00       45.00
       35.00       85.00       54.00       52.00       55.00        9.00       54.00       27.00       77.00       57.00
        0.00       68.00       20.00       48.00        6.00        6.00       51.00       66.00       76.00       97.00
       36.00       15.00       15.00       26.00       45.00       83.00       51.00       32.00       72.00        1.00
       75.00       30.00       20.00       73.00       70.00       81.00       42.00        4.00       74.00       52.00
       38.00       68.00        4.00       58.00       63.00       81.00       40.00       72.00       82.00       64.00
       36.00       58.00       91.00       33.00       21.00       50.00       72.00       32.00       93.00       91.00
       65.00        2.00       20.00       12.00       75.00       52.00       22.00       87.00       35.00       82.00
       65.00       24.00        8.00       61.00       15.00       70.00       86.00       62.00       27.00       21.00
       32.00       23.00       65.00        0.00       58.00       71.00       80.00        8.00       47.00       21.00
       82.00       86.00       58.00       58.00        6.00       34.00       72.00       56.00       36.00       68.00
       67.00       79.00       44.00       30.00       26.00       81.00       60.00       61.00       36.00        7.00
       81.00       17.00       97.00       40.00       82.00       77.00       84.00       63.00       88.00       83.00
       10.00       32.00       14.00        9.00       85.00       63.00       99.00       33.00       83.00       95.00
       73.00       88.00       45.00       80.00       36.00       96.00       84.00        3.00       54.00        7.00
       81.00       37.00       74.00       15.00       74.00       90.00       42.00       12.00       87.00        1.00
       52.00       98.00       50.00       82.00       73.00       66.00        0.00       14.00       30.00       35.00
       78.00       60.00       31.00       77.00       49.00       31.00       81.00       91.00       20.00       32.00
       97.00       99.00       14.00       77.00       42.00       66.00       57.00       29.00       35.00       96.00
       60.00       29.00       93.00       18.00        6.00       14.00       26.00       85.00       83.00       16.00
       87.00       60.00       25.00       22.00       44.00       36.00       35.00       28.00       27.00       28.00
       19.00        2.00       76.00       46.00       52.00       57.00       80.00       10.00       38.00       92.00
       87.00       86.00       69.00       49.00       37.00       51.00       62.00        3.00       27.00        8.00
       38.00       74.00       22.00       21.00       90.00       31.00       80.00       28.00       30.00       24.00
       34.00       60.00       18.00       76.00       62.00       75.00       33.00       12.00       43.00       80.00
        8.00       94.00       62.00        5.00       53.00       13.00       27.00       47.00       53.00       52.00
       16.00       95.00       91.00        2.00       46.00       22.00       40.00       16.00       45.00       88.00
       34.00       25.00       72.00       84.00        0.00       49.00       15.00       29.00       22.00       82.00
       50.00        2.00       56.00       30.00       56.00       46.00       24.00       33.00       13.00       97.00
       62.00       95.00       20.00       22.00       91.00       16.00       33.00       60.00       38.00       88.00
       80.00       16.00       22.00       94.00       24.00       36.00       97.00       43.00       77.00       69.00
        5.00       11.00       78.00       92.00       71.00       75.00        5.00       68.00       68.00       71.00
       57.00       38.00       20.00       94.00       51.00       84.00       12.00       38.00       16.00       22.00
       45.00       35.00       64.00       78.00       41.00       48.00       82.00       99.00       90.00       12.00
       78.00       72.00       91.00       48.00       68.00       62.00       39.00       83.00       79.00       95.00
       46.00       48.00       33.00       44.00        7.00       43.00        6.00       93.00       50.00       93.00
       89.00       89.00       23.00       28.00        8.00        9.00       14.00       56.00       50.00       94.00
        7.00       38.00       36.00       34.00       15.00       45.00       17.00       11.00       45.00       88.00
       84.00       22.00       90.00       35.00       24.00       34.00       51.00       65.00       69.00       77.00
       26.00       13.00        9.00       35.00       30.00       13.00       62.00       12.00       34.00       46.00
       42.00       86.00       25.00       33.00       51.00       67.00       32.00       62.00       89.00       36.00
       71.00        2.00       61.00        8.00        7.00       62.00       26.00       70.00       29.00       10.00
       11.00       82.00       83.00       34.00       91.00       25.00       23.00       20.00       11.00       54.00
       70.00       97.00       83.00       82.00       71.00       40.00       11.00        1.00       23.00       62.00
        4.00       21.00       99.00       20.00       90.00       81.00       77.00       12.00       45.00       55.00
       65.00       62.00       86.00       72.00       87.00       95.00       14.00       17.00       60.00       57.00
       75.00       73.00       64.00       44.00       11.00       31.00       18.00       31.00       90.00       81.00
       92.00       12.00       46.00       46.00       10.00       14.00       83.00       36.00       52.00       21.00
       97.00       33.00       32.00       32.00       37.00       25.00       31.00       41.00       14.00       58.00
       93.00       12.00       13.00       70.00       31.00       78.00       72.00       26.00       90.00        6.00
       48.00       73.00       66.00       83.00       59.00       81.00       82.00       36.00       92.00       34.00
       59.00       82.00       10.00       92.00       54.00       61.00       91.00       40.00       26.00       23.00
       93.00       93.00       76.00       51.00       17.00       17.00       58.00       44.00       26.00       98.00
       57.00       96.00       30.00       56.00       96.00       54.00       46.00       89.00       92.00       20.00
        1.00        5.00        0.00       42.00       23.00       62.00        0.00       19.00       62.00       32.00
       11.00       95.00        9.00       53.00       60.00       23.00       15.00       51.00        8.00       40.00
       40.00       25.00       39.00       63.00       68.00       29.00       55.00        6.00       75.00       25.00
       15.00       76.00       32.00       45.00       47.00        3.00       86.00       15.00       88.00        8.00
       22.00       19.00       20.00       10.00       28.00       18.00       12.00       14.00       15.00       13.00
       13.00       20.00       28.00       23.00       22.00       16.00       24.00       14.00       25.00       20.00
       16.00       16.00       23.00       12.00       24.00       27.00       27.00       22.00       21.00       11.00
       26.00       19.00       25.00       18.00       21.00       18.00       17.00       16.00       13.00       26.00
       19.00       20.00       14.00       18.00       13.00       15.00       14.00       24.00       19.00       25.00
       24.00       10.00       18.00       19.00       27.00       14.00       19.00       16.00       29.00       23.00
       20.00       10.00       11.00       10.00       11.00       25.00       12.00       14.00       15.00       24.00
       11.00       29.00       21.00       16.00       10.00       21.00       21.00       23.00       23.00       19.00
       29.00       28.00       13.00       13.00       25.00       19.00       13.00       26.00       18.00       25.00
     4546.00     4131.00     5875.00     3684.00     3565.00     5266.00     2758.00     1210.00     5064.00     4739.00
     6183.00     3097.00     3579.00     2624.00     1964.00     4706.00     5603.00     4766.00     5979.00     1725.00
     2356.00     2846.00     5265.00     1407.00     5384.00     4366.00     2360.00     1681.00     5851.00     3748.00
       39.00       90.00      101.00      101.00      185.00      140.00       31.00      197.00       71.00       20.00
       37.00       61.00      141.00      139.00      106.00       56.00       59.00       53.00       79.00       91.00
       92.00      117.00       72.00      205.00       77.00       95.00       73.00       58.00      128.00      203.00
