   90   30
       79.00       59.00        4.00       77.00       91.00       24.00       90.00       61.00        0.00       31.00
       25.00       24.00       64.00       67.00       80.00        1.00       87.00       67.00        9.00       59.00
       80.00       16.00       28.00       57.00       56.00       21.00       65.00        5.00       72.00       50.00
        9.00        4.00       55.00       60.00       30.00       72.00       61.00       60.00       84.00       87.00
       76.00       54.00       14.00       95.00       38.00       85.00       92.00       73.00       52.00       81.00
       96.00       43.00       29.00       45.00       88.00       69.00       52.00       62.00       56.00       97.00
       68.00       12.00       26.00        8.00       64.00        5.00       58.00       97.00       52.00       88.00
       88.00        4.00       84.00       74.00       71.00       51.00       92.00        8.00       49.00       74.00
       83.00       68.00       35.00       27.00       65.00       57.00       96.00       36.00       80.00       34.00
       76.00       98.00       51.00        9.00       84.00       66.00        2.00       80.00       55.00       66.00
       69.00       85.00       36.00       30.00       42.00       22.00       71.00       51.00        0.00       28.00
       88.00       82.00        9.00       43.00       99.00       49.00       18.00       95.00       80.00       34.00
       69.00       70.00       80.00       62.00       95.00       73.00       88.00       90.00       83.00       74.00
       47.00       88.00       19.00       11.00       99.00       52.00       42.00       84.00        0.00       93.00
       89.00       67.00       33.00       95.00       84.00       22.00       20.00       37.00       19.00       82.00
        3.00        9.00       23.00       58.00       37.00       83.00       24.00       65.00       30.00       11.00
       50.00       83.00       24.00       62.00        6.00        1.00       85.00       23.00       47.00       99.00
       56.00       18.00       29.00       76.00       93.00       26.00       86.00       27.00       93.00       11.00
       96.00       21.00       66.00       73.00       18.00       40.00       23.00       98.00        9.00       77.00
       87.00       76.00       65.00        7.00       35.00       79.00       32.00       75.00       37.00       64.00
       98.00       62.00       47.00        9.00       42.00       36.00       66.00        7.00       15.00       86.00
       72.00       83.00       76.00       94.00        4.00        4.00        6.00       12.00       27.00       88.00
       71.00       30.00       22.00       49.00       16.00       50.00       89.00       24.00        0.00       29.00
       32.00       63.00        6.00       22.00       93.00       94.00       98.00       59.00       30.00       85.00
       95.00       30.00       73.00       60.00       85.00       63.00       89.00       48.00        8.00       27.00
       49.00       75.00       79.00       73.00       87.00       13.00       15.00       20.00       58.00       73.00
        9.00       39.00       87.00       73.00       56.00       84.00       23.00       39.00       15.00       84.00
       56.00       25.00       73.00       96.00       72.00       38.00       46.00       70.00       29.00       20.00
       23.00       90.00        1.00       21.00       49.00       88.00       15.00       67.00       94.00       32.00
       75.00       93.00       56.00       63.00       51.00       17.00        7.00        5.00       78.00       54.00
       58.00       82.00       95.00       11.00       21.00       24.00        7.00        7.00       81.00       36.00
       66.00        0.00       21.00       64.00        2.00       35.00       48.00       84.00       28.00       26.00
       11.00        4.00       31.00       46.00       38.00       36.00       11.00       84.00       91.00       99.00
       12.00       93.00       44.00       52.00       87.00       42.00       32.00       61.00       77.00       48.00
       12.00       61.00       82.00       35.00       46.00       62.00       86.00       63.00       89.00        2.00
       33.00       24.00       49.00       59.00       82.00       85.00       51.00       75.00       89.00       31.00
       14.00       35.00       86.00       49.00       34.00       25.00       58.00       35.00       24.00       57.00
       40.00       35.00       57.00       28.00       92.00       40.00       15.00       56.00       97.00       96.00
       35.00        9.00       25.00       11.00       10.00       25.00       42.00       53.00       86.00       75.00
       45.00       81.00       55.00       34.00       74.00       59.00       41.00       58.00       18.00       25.00
       40.00       66.00       19.00       34.00       35.00       95.00       46.00       98.00       19.00       70.00
       88.00       68.00       96.00        7.00       81.00       56.00       24.00       34.00       87.00       88.00
       37.00       10.00       73.00       26.00       66.00       75.00       62.00        1.00       25.00       42.00
       65.00       61.00       42.00       50.00       92.00        3.00       60.00        4.00       33.00       58.00
       22.00       85.00       25.00       52.00       33.00       23.00       68.00       42.00       40.00       23.00
       53.00       19.00       93.00       37.00        2.00       22.00       74.00       88.00       45.00       98.00
       95.00       95.00       81.00       14.00       20.00       71.00        4.00       93.00       47.00       73.00
       75.00       37.00       63.00       35.00       84.00       67.00       53.00       15.00       35.00       73.00
       35.00       35.00       40.00       68.00       44.00       90.00        0.00       95.00       78.00       62.00
       30.00       12.00        7.00       65.00       37.00       68.00       85.00        0.00       58.00       45.00
       10.00        3.00       32.00       18.00       51.00        9.00       52.00       72.00       12.00       72.00
       21.00       67.00        7.00       16.00        4.00       48.00       75.00       82.00       68.00       37.00
       50.00       37.00       35.00       48.00       67.00       30.00       87.00       27.00       71.00       11.00
       16.00       95.00       59.00       72.00       99.00       53.00       72.00       50.00       28.00       67.00
       15.00       12.00       47.00       61.00       76.00       16.00       66.00       65.00       73.00        8.00
       45.00        8.00       37.00       10.00       88.00       54.00       29.00       97.00       71.00       10.00
       38.00       81.00        5.00       70.00        5.00       39.00        7.00       58.00       83.00       57.00
       21.00       98.00       14.00       82.00       24.00        8.00       89.00       92.00        7.00       18.00
       22.00       42.00        5.00       35.00       59.00       31.00       28.00       20.00       95.00        5.00
       17.00       55.00       67.00       94.00       11.00       88.00       56.00       44.00       24.00       20.00
       17.00       84.00       50.00       48.00       13.00       60.00       45.00       80.00       13.00        5.00
       67.00       95.00        3.00       37.00       57.00       11.00        9.00        6.00        7.00       79.00
       17.00       19.00       37.00       16.00       63.00       38.00       80.00       61.00       17.00        3.00
       52.00       91.00       78.00       38.00       47.00       48.00       60.00       51.00       92.00       64.00
       41.00       20.00       50.00       81.00       99.00       26.00       49.00       98.00       53.00       95.00
       86.00        3.00       92.00       38.00       30.00       65.00       55.00        6.00       20.00       93.00
       95.00       15.00       30.00       91.00       43.00       82.00       53.00       67.00       53.00       94.00
       31.00       66.00       88.00        6.00       18.00       48.00       88.00       22.00       61.00       24.00
       31.00       13.00       36.00        9.00       69.00       86.00       81.00       91.00       95.00       95.00
        1.00       78.00       92.00       58.00       33.00        7.00       66.00       32.00       21.00       16.00
       41.00       53.00       15.00        8.00       93.00       38.00       97.00       64.00       47.00       17.00
       11.00       83.00       58.00       30.00       41.00       57.00       44.00       21.00       61.00       99.00
       58.00        7.00       51.00        6.00       11.00       89.00       72.00       92.00       71.00       62.00
       16.00       52.00       18.00       26.00       82.00       29.00       18.00       97.00       70.00       88.00
       54.00       83.00       54.00       40.00       19.00       69.00       96.00       46.00       62.00       28.00
       25.00       13.00       45.00       48.00       63.00       55.00       53.00       44.00       95.00       68.00
       57.00       96.00       11.00       71.00       27.00       37.00       57.00       87.00       49.00       65.00
       85.00       71.00       83.00       72.00       79.00       23.00       75.00       10.00        6.00       19.00
       14.00       23.00       17.00       74.00       76.00       31.00       86.00       98.00       15.00       40.00
       82.00       24.00       95.00       18.00       92.00       11.00       62.00       41.00       51.00       55.00
       96.00       31.00       49.00       57.00        6.00       15.00       12.00       30.00       61.00       87.00
       87.00       63.00       44.00       50.00       64.00       38.00       99.00       70.00       35.00        0.00
       95.00       75.00       54.00       14.00       32.00       62.00       57.00       55.00       62.00       25.00
       59.00       25.00       90.00       89.00       29.00       79.00       95.00       25.00       14.00       25.00
       82.00       87.00       65.00        3.00       40.00       84.00       81.00       81.00       81.00       87.00
       82.00       16.00       89.00       22.00       64.00       62.00       87.00       20.00       11.00       25.00
       17.00        3.00       64.00        4.00       88.00       37.00       54.00       68.00       20.00       91.00
       83.00       39.00       20.00       54.00       79.00        9.00       41.00       31.00       69.00       94.00
       17.00        7.00       62.00       97.00       91.00       40.00        3.00       57.00       50.00       36.00
       75.00       86.00       64.00       18.00       34.00       18.00       69.00       78.00       15.00       41.00
       50.00       84.00       53.00       71.00       29.00       85.00       77.00       94.00       34.00       24.00
       14.00       86.00       23.00       61.00       70.00       82.00       93.00       62.00       99.00       57.00
       90.00       11.00       77.00       48.00       89.00       45.00       24.00       11.00       36.00       18.00
       63.00       12.00       51.00       54.00       92.00       86.00       37.00       33.00       20.00       11.00
       53.00       27.00       87.00       84.00       37.00       82.00       62.00        5.00       87.00        4.00
       12.00       87.00       44.00       99.00       57.00       59.00       27.00       88.00       73.00       42.00
       16.00       71.00        8.00       84.00       89.00       32.00        7.00       18.00       44.00        5.00
       79.00       55.00       83.00       34.00       47.00       32.00       23.00       11.00       57.00       91.00
       62.00       60.00       41.00       37.00       25.00       11.00       67.00       12.00       60.00       80.00
        8.00       87.00       58.00       53.00       25.00       55.00       26.00       26.00       38.00       67.00
       24.00       62.00       34.00       65.00       55.00       68.00       38.00       90.00       68.00       92.00
       32.00       58.00        6.00        6.00       21.00       67.00       20.00        9.00       69.00       41.00
       19.00       85.00       40.00       42.00       36.00       86.00       46.00       11.00       26.00       27.00
       62.00        0.00       26.00       22.00       80.00       23.00       50.00       82.00       89.00       36.00
       81.00       74.00       26.00       16.00        5.00       94.00       22.00        2.00       88.00       13.00
       37.00       22.00       85.00       94.00       69.00       18.00       46.00       95.00       66.00       35.00
       48.00        3.00       94.00       51.00       71.00       54.00       18.00       49.00       96.00       58.00
       18.00       64.00       96.00        9.00       39.00       65.00       44.00       60.00       50.00       35.00
       62.00       96.00       53.00       75.00       85.00       31.00       76.00       43.00        8.00       13.00
       41.00        0.00       53.00        3.00       82.00       22.00       54.00       86.00       64.00        9.00
       72.00       10.00       25.00       88.00       70.00       58.00       33.00        2.00        6.00       16.00
       47.00       27.00       48.00       87.00       14.00       60.00       95.00       48.00       33.00       63.00
       67.00       73.00       87.00       70.00       96.00       54.00       11.00       83.00       42.00       97.00
       44.00       10.00        2.00       79.00       98.00       36.00       82.00       81.00       29.00       10.00
       72.00       56.00       91.00        6.00       27.00       68.00       24.00       80.00       42.00       27.00
       94.00       42.00       88.00       17.00       82.00        3.00       34.00       66.00        1.00       68.00
       78.00       23.00       93.00        1.00       61.00       36.00       12.00       56.00       37.00       48.00
       10.00       70.00       24.00       53.00       96.00       65.00       51.00       76.00        2.00       81.00
       98.00       79.00        3.00       59.00       62.00       90.00       64.00       48.00       21.00       26.00
       11.00       82.00       76.00       53.00       60.00       74.00       72.00       83.00       25.00       10.00
       63.00       29.00       21.00       52.00       38.00       59.00       12.00       67.00       48.00        5.00
       75.00       49.00       85.00       45.00       85.00       12.00        4.00       40.00       32.00       48.00
       11.00        2.00       33.00       95.00       25.00       32.00        2.00       61.00        6.00       52.00
       84.00       81.00        8.00        3.00       65.00       18.00       93.00        6.00       24.00       41.00
       18.00        1.00       81.00       15.00       73.00       97.00       56.00       16.00       50.00       23.00
       47.00       35.00       53.00       40.00       95.00       45.00       86.00       60.00       88.00       39.00
       82.00        3.00       19.00       66.00       48.00       51.00        8.00       24.00       64.00        7.00
       55.00       83.00       33.00       65.00       71.00       51.00       81.00       35.00       14.00        2.00
       61.00       98.00       29.00       37.00       99.00       67.00       63.00       36.00       96.00       90.00
       99.00       26.00       68.00       26.00       49.00       80.00       79.00       59.00       78.00       17.00
       24.00       52.00       63.00       56.00       42.00       54.00        5.00       69.00       77.00       89.00
       44.00       18.00       21.00       28.00       61.00       71.00       95.00       90.00       36.00       40.00
       63.00       32.00       26.00       81.00       80.00       42.00       76.00       57.00       24.00       19.00
       62.00       36.00       46.00       15.00       40.00       91.00       65.00       79.00       54.00       27.00
       76.00       20.00       19.00       33.00       38.00       82.00       87.00       48.00       88.00       94.00
       52.00       96.00       68.00       47.00       71.00        7.00       84.00        0.00       91.00       46.00
       25.00       25.00        8.00       13.00        0.00       44.00       16.00       87.00       95.00        5.00
        1.00       23.00       41.00       16.00       96.00       28.00       44.00       32.00        9.00       71.00
       23.00       47.00       84.00       12.00       68.00       55.00       47.00       49.00       93.00       80.00
       68.00       13.00       51.00       79.00       26.00       71.00       55.00       72.00       58.00        6.00
        1.00       53.00       39.00       98.00       87.00       98.00       17.00        4.00       92.00       57.00
       93.00       34.00       44.00       93.00       39.00       60.00       92.00       27.00       77.00       93.00
       68.00       92.00       69.00       43.00       93.00       86.00       86.00       27.00       80.00        8.00
       66.00       83.00       22.00       97.00       74.00       34.00       72.00       15.00       12.00       79.00
       60.00       39.00       65.00       25.00       92.00       57.00       62.00       81.00       43.00       92.00
       98.00       67.00       19.00       73.00       40.00       38.00       66.00       55.00       19.00       88.00
       40.00       42.00       77.00       17.00       74.00       69.00       19.00       56.00        8.00       44.00
       96.00       88.00       50.00       64.00       11.00       23.00        8.00       45.00       33.00       83.00
       95.00       32.00       53.00       44.00        6.00       94.00       15.00       15.00        7.00        1.00
       18.00       56.00       99.00       45.00       66.00       73.00       43.00       51.00        2.00       31.00
       50.00       96.00       70.00       83.00       86.00       26.00       80.00       99.00       29.00       41.00
       70.00       42.00        0.00       82.00        1.00       36.00       35.00       51.00       13.00       11.00
       79.00       43.00       37.00       22.00       20.00       66.00       41.00       85.00       91.00       83.00
       60.00       69.00        7.00        7.00       21.00       33.00       17.00       20.00       79.00       17.00
       94.00        9.00       23.00       99.00       79.00       35.00        9.00       98.00       61.00       74.00
       39.00       77.00       66.00        6.00       88.00       71.00       66.00       34.00       48.00       55.00
       53.00       59.00       40.00       20.00       32.00       45.00       22.00       25.00       15.00       48.00
       79.00       32.00       38.00       94.00       81.00       65.00       28.00       37.00       55.00       28.00
       89.00       18.00       83.00       86.00       76.00       16.00       47.00       80.00       95.00       57.00
       67.00       51.00       36.00       28.00        2.00       80.00       29.00        9.00       33.00       62.00
       74.00       16.00       10.00       93.00       94.00       19.00       69.00       15.00       19.00       89.00
       29.00       67.00       71.00       73.00       23.00       23.00       41.00        9.00       51.00       18.00
       65.00       24.00       16.00        8.00       22.00       92.00       16.00       83.00       49.00       25.00
       96.00       66.00       13.00       33.00       64.00       40.00       96.00       87.00       46.00       94.00
       92.00       45.00       31.00       95.00        7.00       55.00       22.00       92.00       18.00       21.00
       96.00       47.00       34.00        4.00       48.00       28.00       66.00        9.00       63.00        8.00
       92.00       50.00       45.00       73.00       74.00       16.00       93.00        5.00       74.00       81.00
        8.00       13.00       67.00       17.00       73.00       38.00       47.00       11.00       28.00       17.00
       83.00       95.00       40.00       20.00       56.00       45.00       52.00       81.00       96.00       92.00
       35.00       75.00        7.00       71.00       94.00       40.00       23.00       84.00       10.00       12.00
       57.00       65.00       87.00       50.00       31.00       69.00       78.00       60.00       89.00       16.00
       75.00       35.00       40.00       79.00        2.00       82.00       85.00       73.00       52.00        4.00
       14.00        9.00       34.00       47.00       90.00        4.00       48.00       39.00       48.00       62.00
       90.00       79.00       73.00       80.00       52.00       51.00       49.00       21.00       78.00       72.00
       78.00       78.00       85.00        2.00       14.00       24.00       62.00       72.00       72.00       97.00
       10.00        0.00       95.00       80.00       74.00       27.00       86.00       94.00       93.00       59.00
       61.00       80.00       67.00       15.00       48.00       49.00        5.00       27.00       58.00       46.00
       17.00       24.00        9.00       32.00       63.00       92.00       54.00       88.00       60.00       19.00
       69.00        2.00       22.00       42.00       87.00       83.00       80.00       64.00       91.00       18.00
        6.00        7.00       99.00       71.00       39.00       19.00        7.00       74.00       87.00       60.00
       68.00       75.00       52.00        8.00       25.00       44.00        3.00       95.00       33.00       32.00
       98.00       45.00       24.00       56.00       21.00       68.00       14.00       48.00       87.00       45.00
       44.00       81.00       46.00        7.00       21.00       74.00       62.00       87.00       72.00       35.00
       73.00       96.00       62.00       90.00       47.00       60.00       17.00        7.00       82.00       19.00
       46.00       21.00       39.00       66.00       84.00        6.00       75.00       83.00       69.00       63.00
       43.00        2.00       39.00       18.00       59.00        1.00        8.00       32.00       55.00        3.00
       66.00       95.00       75.00       48.00       99.00       30.00       81.00       56.00       26.00       49.00
       66.00       88.00       13.00       26.00        6.00       87.00       95.00       76.00       90.00       59.00
       23.00       67.00        4.00        9.00       12.00       93.00       79.00       46.00       68.00       95.00
       96.00       45.00        8.00       93.00       41.00        0.00        8.00       88.00       40.00       17.00
       39.00       22.00        4.00       44.00       76.00       24.00       83.00        7.00        1.00       74.00
        5.00       38.00       17.00       56.00       40.00       80.00       52.00        1.00       22.00       18.00
       29.00       13.00       25.00       82.00       17.00       51.00       53.00       98.00       94.00       11.00
       25.00        5.00       93.00       12.00       33.00       46.00        2.00       93.00       17.00       18.00
       45.00       83.00       97.00       26.00       67.00       80.00       29.00       75.00       95.00       66.00
       95.00       10.00       45.00       45.00       43.00       78.00        9.00       69.00       32.00       59.00
       34.00        2.00       44.00       22.00       74.00       31.00       74.00       71.00       80.00       19.00
       13.00        2.00       67.00       70.00       79.00       97.00       63.00       44.00       61.00       92.00
       25.00       42.00       85.00       32.00       92.00       53.00       11.00       85.00        0.00       26.00
       32.00       67.00       80.00       18.00       18.00       15.00       14.00       24.00       36.00       12.00
       23.00       91.00       38.00       35.00        7.00       79.00       99.00       93.00       67.00        6.00
       39.00       74.00       75.00       12.00       70.00       11.00       69.00        4.00       54.00       51.00
        3.00       83.00       46.00       70.00       55.00       72.00       80.00       72.00       97.00       65.00
       13.00       80.00       68.00        4.00       22.00       85.00        4.00       34.00       41.00       23.00
       16.00       82.00       74.00        5.00       26.00       89.00       12.00       91.00        0.00       69.00
       54.00       14.00       30.00       79.00       99.00       86.00       57.00       28.00       72.00       24.00
       52.00       55.00       85.00        2.00       76.00       56.00       52.00       10.00       92.00       40.00
       25.00       63.00       18.00       40.00       89.00       11.00        7.00       16.00       59.00       33.00
       32.00       24.00       56.00        5.00       92.00       32.00       56.00        0.00       59.00        8.00
       48.00       43.00       58.00       27.00       17.00       25.00       28.00       51.00       80.00       63.00
        8.00       80.00        8.00       55.00       57.00        3.00       19.00       62.00       98.00       65.00
       43.00       16.00       35.00       51.00       65.00       47.00       97.00       41.00       16.00       64.00
        3.00       89.00       71.00       44.00       43.00       45.00       62.00        9.00       32.00       97.00
       16.00       88.00       84.00       18.00       81.00       11.00       90.00       49.00        8.00       68.00
       24.00       40.00       86.00       37.00        2.00       35.00       48.00       55.00       54.00       85.00
       13.00       96.00        9.00        0.00       18.00       84.00       82.00        0.00       58.00       35.00
       19.00        7.00       31.00       21.00       51.00       98.00       73.00        7.00       46.00       12.00
       13.00       83.00       60.00       71.00       93.00        8.00       50.00       66.00       33.00       36.00
       68.00       21.00       18.00       83.00       69.00       28.00       75.00       62.00        0.00       13.00
       27.00       99.00       42.00       99.00       60.00       91.00       41.00       41.00       47.00       88.00
       28.00       79.00        0.00        0.00       31.00       20.00       56.00       59.00       20.00       40.00
        7.00       90.00       43.00       88.00       39.00       77.00       47.00       11.00       39.00       20.00
       68.00       36.00       81.00       14.00       78.00       94.00       95.00       18.00       81.00       51.00
        3.00       66.00       14.00       93.00       47.00       59.00        7.00       78.00       52.00       37.00
       75.00       55.00       20.00        9.00       83.00        2.00       19.00       99.00       81.00       44.00
       19.00       40.00       10.00       51.00       13.00       13.00       27.00       21.00       92.00       15.00
       98.00       10.00       78.00       20.00       53.00       49.00       43.00       38.00        9.00       67.00
       45.00        8.00        3.00       16.00       83.00       77.00       87.00       62.00       35.00       38.00
       84.00       77.00       34.00       50.00       93.00       67.00        7.00       42.00       15.00       10.00
       67.00       88.00       18.00       80.00       43.00       97.00       69.00        0.00       87.00       60.00
        5.00       37.00       84.00       53.00       14.00       33.00       66.00       69.00       57.00       43.00
        3.00       46.00       41.00       13.00       14.00       15.00       36.00       26.00       29.00       68.00
       87.00       98.00       95.00       33.00       65.00        2.00        5.00        9.00       60.00       52.00
       91.00       88.00       14.00       68.00        5.00       71.00       44.00       18.00        2.00       54.00
       89.00        2.00       74.00       48.00       10.00       11.00        0.00       48.00        5.00       97.00
       32.00       73.00       16.00       26.00       15.00       39.00       60.00       98.00        9.00       38.00
       95.00       66.00       75.00       29.00        1.00       70.00       29.00       78.00       48.00       91.00
       83.00       93.00       81.00       76.00       34.00       31.00       25.00       85.00       44.00        0.00
       15.00       81.00       57.00       56.00       95.00       40.00       25.00       89.00       25.00       69.00
       34.00       30.00       18.00       57.00       72.00       31.00       78.00       83.00       63.00        8.00
        9.00       74.00       65.00       38.00       27.00       80.00        5.00       53.00       90.00        3.00
        9.00       65.00       30.00        7.00       27.00       35.00       42.00       90.00       84.00       56.00
       78.00       96.00       95.00        2.00       48.00       97.00       27.00       84.00       10.00       77.00
        2.00       11.00       31.00       95.00       60.00       34.00       20.00        9.00       47.00       36.00
       85.00       86.00       69.00       80.00       60.00       33.00       56.00       44.00       98.00       31.00
       13.00        7.00       38.00       38.00       44.00       35.00       74.00        9.00       92.00       21.00
        7.00       50.00       23.00       54.00       41.00       87.00       46.00       19.00       53.00       40.00
       53.00       72.00       61.00       13.00        9.00       24.00       66.00       50.00       39.00       34.00
       28.00       24.00       93.00       98.00       19.00       36.00       68.00       79.00       61.00       74.00
       33.00       18.00       29.00       31.00       92.00       23.00       92.00       87.00       60.00       20.00
       15.00       26.00       54.00       18.00       46.00       16.00       24.00       18.00       58.00       76.00
       60.00       73.00       21.00       32.00       67.00       81.00       38.00       10.00       91.00       50.00
       47.00       27.00       28.00       91.00       82.00       78.00       60.00       20.00       57.00       36.00
       98.00       61.00       96.00        3.00       16.00        0.00       39.00       81.00       22.00       25.00
       91.00       58.00       88.00       48.00       87.00       24.00       38.00       98.00        6.00       59.00
       71.00       31.00       42.00       55.00       62.00       99.00       24.00       81.00       64.00       64.00
       35.00       82.00       20.00       53.00       82.00       85.00       42.00       10.00       12.00       49.00
       20.00       51.00       71.00       75.00       78.00       61.00       61.00       76.00       69.00       83.00
       34.00       63.00        5.00       75.00       32.00        4.00       34.00       45.00       59.00       55.00
       28.00       91.00       49.00       74.00       46.00        4.00       59.00       66.00       70.00        7.00
       12.00       18.00       47.00       43.00       52.00       35.00       70.00       31.00        3.00       64.00
       87.00       64.00       34.00       79.00       23.00       98.00       75.00       71.00       53.00       71.00
       41.00       50.00       59.00       55.00       42.00       70.00       55.00       11.00       11.00       19.00
       73.00       19.00       58.00       37.00       42.00       91.00       37.00       75.00       92.00       98.00
       93.00       73.00       76.00       60.00       12.00       48.00       92.00       87.00        1.00        9.00
       40.00       65.00       70.00       42.00       53.00       27.00       83.00       30.00       89.00       65.00
       20.00       98.00       62.00       38.00       43.00       13.00       56.00       27.00       76.00       62.00
       56.00       14.00       37.00       91.00       85.00       82.00       75.00       86.00       15.00       93.00
       16.00       28.00       24.00       53.00       96.00       38.00       90.00       96.00       65.00       19.00
       52.00       47.00       67.00       35.00       82.00       27.00       35.00        5.00       49.00       25.00
       13.00       13.00       14.00       12.00       26.00       27.00       14.00       25.00       12.00       17.00
       11.00       27.00       24.00       11.00       19.00       22.00       20.00       25.00       19.00       14.00
       17.00       16.00       23.00       19.00       14.00       13.00       10.00       13.00       23.00       18.00
       13.00       15.00       13.00       17.00       18.00       19.00       16.00       11.00       29.00       20.00
       26.00       16.00       20.00       21.00       21.00       21.00       22.00       15.00       21.00       18.00
       18.00       20.00       16.00       22.00       24.00       17.00       27.00       10.00       29.00       25.00
       20.00       19.00       26.00       23.00       24.00       27.00       27.00       23.00       14.00       13.00
       16.00       11.00       21.00       16.00       11.00       28.00       28.00       26.00       22.00       25.00
       24.00       27.00       25.00       29.00       15.00       18.00       24.00       24.00       29.00       25.00
     9442.00    11053.00     4677.00    10153.00     2005.00     9494.00     2416.00     4698.00     5566.00     3889.00
     5807.00    11381.00     8010.00    11689.00    10136.00     3240.00     8318.00     4728.00    10393.00     2056.00
     3719.00    11116.00     5096.00     4863.00     7731.00     2474.00     5090.00     3444.00     2524.00     7599.00
      151.00       41.00      150.00       99.00       88.00       79.00       25.00       62.00      190.00       70.00
      147.00       38.00      110.00       78.00       40.00       37.00       28.00       83.00       51.00       62.00
       32.00      157.00       24.00      106.00      166.00      113.00       22.00      186.00      144.00       60.00
