   90   30
       46.00       76.00       83.00       21.00       64.00       45.00       52.00       70.00       87.00       88.00
       35.00        7.00       99.00       82.00       72.00       77.00       36.00       15.00       21.00        6.00
       23.00       56.00       80.00       54.00       27.00       75.00       58.00        9.00       21.00       87.00
       38.00       41.00       89.00       35.00       96.00       44.00       11.00       26.00       49.00       70.00
       14.00       96.00       62.00       91.00       65.00       54.00       28.00       70.00       68.00       45.00
        4.00       23.00       62.00       34.00       67.00       89.00       47.00       76.00       24.00       62.00
       90.00       52.00       88.00       33.00       72.00       79.00        4.00       55.00       91.00        9.00
       92.00       29.00       32.00       97.00       30.00       69.00       53.00       89.00        5.00        1.00
       72.00       58.00        5.00        0.00       38.00        0.00       16.00       69.00       20.00       64.00
       62.00       13.00       61.00       74.00        4.00       66.00       62.00       63.00       64.00       82.00
       10.00       45.00       66.00       71.00       56.00       76.00        0.00       69.00        8.00       89.00
       37.00       64.00       96.00        4.00       78.00        7.00       25.00       39.00       97.00       97.00
       17.00       94.00        8.00        6.00       23.00       60.00       81.00       87.00       38.00       85.00
       79.00       82.00       57.00        4.00       81.00       26.00       61.00       10.00       33.00        1.00
       11.00       22.00       31.00        7.00        0.00       77.00       27.00       38.00       80.00       55.00
        6.00       77.00       67.00       14.00       95.00       64.00       99.00       89.00       91.00       95.00
       90.00       84.00        2.00       43.00       10.00       73.00       67.00       25.00       82.00       67.00
       86.00       53.00       78.00       22.00       70.00       35.00       53.00       13.00        2.00       23.00
       49.00       70.00       61.00       20.00       62.00       65.00       57.00       92.00       49.00        3.00
       76.00       46.00       18.00       43.00       33.00       82.00       31.00       58.00       80.00        7.00
       18.00        9.00       16.00       93.00       64.00       94.00        9.00        4.00       37.00       91.00
        5.00       18.00       63.00       21.00        5.00       43.00       56.00       78.00       23.00       72.00
       70.00       14.00       53.00       52.00       33.00       85.00       23.00       45.00       70.00       80.00
       99.00       15.00       25.00       90.00       79.00       69.00       56.00        5.00       74.00       27.00
       43.00       30.00       83.00        9.00       38.00       63.00        3.00       63.00       60.00       78.00
       24.00       67.00       93.00        0.00       11.00       75.00       59.00       78.00       67.00        9.00
       60.00       77.00       26.00       96.00       23.00       55.00       28.00        9.00       80.00       93.00
       69.00       71.00       74.00       94.00       33.00       13.00       78.00       69.00       43.00        8.00
       49.00       82.00       86.00       20.00       87.00        6.00       15.00       37.00       27.00       29.00
       13.00       80.00       24.00        5.00       86.00        1.00       91.00       42.00       14.00       20.00
       97.00       62.00       69.00       59.00       44.00       85.00        2.00       76.00       69.00       29.00
       39.00        4.00       60.00        0.00       37.00       52.00       54.00       46.00        0.00       10.00
       83.00       89.00       55.00       94.00       66.00       38.00       29.00       88.00       70.00       80.00
       88.00       89.00        3.00       83.00       21.00       67.00       78.00       53.00       81.00       73.00
       88.00       49.00       25.00       88.00       87.00       31.00        0.00       65.00       36.00       99.00
       78.00       25.00       81.00       51.00       35.00       16.00       79.00       66.00       27.00       18.00
       63.00       93.00       99.00       83.00       32.00       94.00       48.00       25.00       10.00       84.00
       14.00       10.00       94.00       52.00       61.00       97.00       88.00       69.00       99.00       41.00
        6.00       12.00       32.00       65.00       88.00       50.00       46.00       42.00       43.00       97.00
       75.00       57.00       30.00       94.00       94.00       47.00       51.00        2.00       47.00       21.00
       89.00       11.00       91.00       21.00       34.00       82.00       30.00       74.00       80.00        0.00
       55.00       40.00       78.00       99.00       20.00       68.00       81.00       64.00       28.00       95.00
       20.00       54.00       94.00       76.00       96.00       90.00       19.00        8.00       65.00       79.00
       84.00       95.00       71.00        7.00       51.00       71.00       40.00       94.00       37.00       69.00
       44.00        2.00       88.00        5.00       98.00       41.00       71.00       27.00       47.00       12.00
       67.00       32.00       62.00       82.00       25.00       50.00       45.00       80.00       18.00       72.00
       15.00       65.00        4.00       42.00       24.00       88.00       82.00       55.00       30.00       66.00
       13.00       32.00       19.00       44.00       17.00       55.00       50.00       88.00       91.00       90.00
       86.00       55.00        2.00       35.00        5.00       37.00       36.00       59.00       24.00       55.00
       34.00       23.00       78.00       67.00       21.00       12.00       29.00       11.00       20.00       97.00
       10.00       90.00        9.00       23.00        5.00       88.00       58.00       90.00       54.00       55.00
       56.00       59.00        7.00       98.00       16.00       19.00       71.00       97.00       15.00       88.00
       37.00       98.00        7.00       28.00       65.00       60.00       25.00       10.00       75.00       76.00
       48.00       50.00       67.00       76.00        2.00        4.00       65.00       89.00       26.00       91.00
       65.00       24.00       18.00       92.00       32.00       86.00       45.00       28.00       68.00       56.00
       76.00       27.00       52.00       85.00       77.00       31.00       25.00       85.00       79.00       96.00
       64.00       25.00        1.00       98.00       80.00       50.00       93.00       40.00       21.00       93.00
       35.00       17.00       74.00       47.00        1.00       99.00       91.00        9.00       70.00       34.00
       90.00       23.00       55.00       69.00       98.00       82.00       82.00       55.00       42.00       50.00
       19.00       82.00        8.00       43.00       58.00       54.00        9.00       58.00        4.00        4.00
       57.00       39.00       98.00        7.00        8.00       39.00        3.00       48.00       28.00       95.00
       20.00       41.00       16.00       27.00       13.00       14.00       64.00       49.00       58.00        7.00
       37.00       32.00       54.00       39.00       30.00       56.00       50.00       61.00        3.00       60.00
       82.00       71.00       18.00       57.00       25.00       81.00       30.00       87.00       95.00       60.00
       96.00       18.00       76.00       82.00       14.00       12.00       32.00       65.00       99.00       39.00
       40.00       68.00       65.00       74.00       67.00       90.00       63.00       33.00       55.00       92.00
       95.00       35.00       97.00       24.00        9.00       71.00       24.00       36.00       41.00       41.00
       22.00       10.00       60.00       92.00       65.00       18.00       34.00       42.00       19.00       31.00
       15.00       95.00       61.00        3.00       20.00       86.00       15.00       13.00       54.00       85.00
       99.00       47.00        6.00       80.00       43.00       46.00       96.00       95.00        3.00       53.00
       74.00       21.00        2.00       28.00       95.00       75.00       62.00       42.00       15.00       95.00
        6.00       23.00       84.00       55.00       53.00       55.00       27.00       45.00       28.00       40.00
       58.00       65.00       58.00       60.00       41.00        6.00       36.00       29.00        8.00       37.00
       68.00       87.00        0.00       12.00       26.00        2.00       88.00       66.00       91.00       75.00
       80.00       69.00       44.00       61.00       38.00       45.00       46.00       47.00       53.00       97.00
        8.00       59.00       42.00       67.00       54.00       93.00       92.00       45.00       17.00       68.00
       32.00       96.00       23.00       78.00       28.00       68.00       60.00       69.00       36.00        5.00
       25.00       70.00       39.00       76.00       13.00       66.00       72.00       87.00       68.00       81.00
       96.00       53.00       34.00       13.00       84.00       30.00       60.00       35.00       36.00       44.00
       51.00       61.00       17.00       65.00       72.00       42.00       98.00        9.00       42.00       24.00
       47.00       77.00       86.00        6.00       88.00       48.00       11.00       65.00       40.00       94.00
       46.00       40.00       92.00       92.00       54.00       98.00       72.00       33.00       96.00        8.00
       37.00       67.00       23.00       14.00       75.00       27.00       14.00       77.00       91.00       23.00
       84.00       18.00       40.00        8.00       42.00       95.00        7.00       32.00       63.00       90.00
       58.00       71.00        6.00       86.00       14.00       60.00       92.00       67.00        6.00       98.00
       31.00       63.00       45.00       96.00       46.00       36.00       76.00       58.00       51.00       59.00
       21.00       64.00       72.00       53.00       46.00       64.00       13.00       77.00       65.00       96.00
       17.00       77.00        3.00       14.00       71.00       60.00       68.00       71.00       46.00       24.00
       98.00       89.00       81.00       80.00       95.00       30.00       52.00       39.00       52.00       27.00
       79.00       45.00       39.00       55.00       63.00       89.00        6.00       57.00       63.00       22.00
       15.00       20.00       44.00       68.00       12.00       14.00       64.00       83.00       99.00        5.00
       87.00       32.00       67.00       12.00       13.00       70.00        8.00       85.00        0.00       44.00
       96.00       93.00       95.00       72.00       31.00       85.00       91.00       38.00       72.00       38.00
        8.00       31.00       96.00        5.00       37.00        7.00       83.00       51.00        6.00       57.00
       85.00       10.00       57.00        6.00       48.00       16.00       40.00       71.00       91.00       95.00
       71.00       72.00       63.00       11.00       94.00       54.00       20.00       11.00       61.00       69.00
        6.00        2.00       11.00       32.00       34.00       68.00       15.00       46.00       77.00        1.00
       15.00       63.00       44.00        2.00       74.00       15.00       83.00       91.00       26.00       53.00
       39.00       10.00       69.00       51.00       67.00       24.00       70.00       88.00       64.00       55.00
       52.00        5.00       83.00       86.00       84.00       85.00       39.00       43.00       19.00       40.00
       13.00       27.00        9.00       59.00       25.00       62.00       30.00       87.00       26.00       69.00
       80.00       15.00       29.00       97.00       23.00       14.00       84.00       70.00       15.00       49.00
       58.00        8.00       17.00       22.00       88.00       68.00       88.00       79.00        9.00       80.00
       13.00       48.00       73.00       90.00        4.00       88.00       17.00       39.00       88.00       99.00
       44.00       26.00       62.00       86.00       28.00       42.00       83.00       99.00       50.00       77.00
       17.00       91.00       31.00       30.00       81.00       53.00       16.00       70.00       30.00       32.00
       28.00       49.00       85.00       34.00        0.00       39.00       14.00       68.00       43.00       51.00
       86.00       86.00       12.00       79.00       81.00       24.00       86.00       47.00       24.00       46.00
       65.00       68.00       67.00       50.00       52.00       43.00       44.00       85.00       73.00       54.00
       67.00       94.00       63.00       36.00       47.00       69.00       95.00       16.00       53.00        0.00
       61.00       81.00       35.00       38.00       17.00       87.00       92.00       18.00       40.00       32.00
       44.00        3.00       86.00       56.00       51.00       39.00       20.00       42.00       78.00       59.00
       79.00       27.00        6.00       40.00       70.00       42.00       35.00       26.00       24.00       56.00
       32.00       61.00       68.00       79.00       20.00       99.00       58.00       52.00        0.00       85.00
       14.00       31.00       66.00       20.00       33.00       46.00       55.00       53.00       76.00       85.00
       31.00       71.00       61.00       35.00       99.00       81.00       90.00       89.00        5.00       83.00
       12.00       87.00       60.00       11.00       94.00       65.00       99.00       66.00       44.00       17.00
       58.00       73.00       15.00        0.00       34.00       53.00       86.00       38.00       63.00       65.00
       93.00        0.00       22.00       72.00       59.00       69.00       50.00       51.00       50.00       13.00
       41.00       24.00       44.00       27.00       46.00       89.00        7.00       22.00        3.00       93.00
       95.00       68.00       68.00       59.00       39.00        8.00       17.00       64.00       87.00       20.00
       57.00       28.00       80.00       79.00       44.00       68.00       23.00       61.00        9.00       20.00
       62.00       69.00       47.00       37.00       68.00       87.00       96.00       12.00        9.00        4.00
       37.00       88.00       41.00       34.00       79.00       50.00       67.00       45.00        6.00       17.00
       39.00       75.00       18.00       76.00       84.00       85.00       63.00       18.00       15.00       84.00
       76.00       83.00       25.00       28.00       52.00       13.00       92.00       72.00       16.00       79.00
       39.00       31.00       79.00       13.00       25.00       84.00       90.00       82.00       66.00       15.00
       18.00       83.00        4.00       78.00       25.00       22.00       88.00       45.00       19.00       38.00
        7.00       55.00       97.00       66.00       25.00       80.00        9.00       52.00       84.00       76.00
        8.00       67.00       73.00       89.00       82.00       86.00       99.00       32.00       49.00       22.00
       87.00       40.00       91.00       35.00        8.00       95.00       56.00       57.00        7.00       55.00
       27.00       97.00       82.00       33.00       69.00       27.00       30.00       29.00       92.00       54.00
       73.00       87.00       76.00       34.00       20.00       32.00       70.00       78.00       27.00       31.00
       49.00       66.00       69.00       61.00       88.00       54.00       35.00       86.00       87.00       55.00
       98.00       77.00       73.00       19.00       35.00       18.00       37.00       50.00       99.00        1.00
        1.00       26.00       52.00       86.00       18.00       15.00       29.00       82.00       41.00       16.00
       84.00       78.00       36.00       38.00       38.00       34.00       93.00       23.00       31.00        2.00
       94.00       65.00       49.00       42.00       17.00       84.00       71.00       53.00       94.00       52.00
       73.00       34.00       58.00       80.00       71.00       44.00       34.00       29.00       81.00       26.00
       69.00       82.00       55.00       13.00        0.00       95.00        3.00       32.00       17.00       31.00
        4.00       85.00       48.00       22.00       85.00       46.00       93.00       25.00        5.00       23.00
       80.00       76.00       82.00       86.00       10.00       31.00       43.00       27.00       22.00       71.00
       96.00       21.00       98.00       11.00       38.00       16.00       84.00       22.00       61.00       48.00
       91.00       71.00       22.00       72.00       21.00       34.00       69.00       53.00        8.00       30.00
       66.00       56.00       86.00       99.00       38.00       33.00       25.00        1.00       42.00       90.00
       76.00       17.00       27.00       89.00       48.00       93.00       39.00       11.00       75.00       33.00
       94.00       89.00       73.00       42.00       14.00       90.00       83.00       94.00       98.00       95.00
       43.00       43.00       90.00       21.00       50.00       25.00       43.00       66.00       96.00       14.00
        2.00       83.00       92.00       23.00       65.00       21.00       10.00       76.00       77.00       64.00
       12.00       72.00       70.00       81.00       41.00       46.00       69.00       58.00        3.00       71.00
        6.00       71.00       52.00       60.00       27.00       29.00       59.00       87.00       82.00       94.00
       39.00        1.00       18.00       46.00       61.00       25.00       38.00       73.00       51.00       57.00
       81.00       82.00       79.00       14.00       44.00       67.00       98.00       91.00       38.00       90.00
       48.00       16.00       61.00       46.00       62.00       35.00       37.00       35.00       47.00       50.00
       29.00       43.00       95.00       98.00       47.00       13.00       75.00       37.00        6.00       70.00
        9.00       93.00       92.00       16.00       13.00       63.00       56.00        6.00       71.00       89.00
       34.00       88.00       82.00       59.00       70.00       53.00       76.00       75.00       90.00       35.00
       99.00        8.00       40.00       57.00       26.00       42.00        6.00        8.00       23.00       54.00
       69.00        3.00       99.00       92.00       61.00       57.00       95.00       51.00       31.00       76.00
        9.00       57.00       29.00       50.00       69.00       10.00       74.00       93.00       65.00       40.00
       68.00       66.00       47.00       83.00       60.00       97.00       18.00       79.00       73.00       50.00
       93.00       51.00       61.00       31.00        4.00       19.00       50.00       39.00       56.00       42.00
       82.00       71.00       86.00       15.00       56.00       65.00       71.00       58.00       49.00       32.00
       80.00       48.00       65.00       10.00       70.00       29.00       20.00       40.00       82.00       57.00
       87.00       48.00       72.00       82.00       51.00       80.00       86.00       92.00       33.00       40.00
       77.00       29.00        7.00        3.00       99.00       92.00       11.00       12.00       50.00       71.00
       10.00        5.00       41.00       70.00       82.00       88.00       98.00       28.00       34.00       82.00
       51.00       29.00       49.00        3.00       43.00       81.00       47.00       44.00       78.00       85.00
       92.00       78.00       85.00       34.00       89.00       99.00       67.00       16.00       48.00       65.00
       63.00       99.00        4.00       14.00       42.00       32.00       36.00       66.00        8.00       93.00
        5.00       35.00       82.00       55.00       20.00       11.00       90.00       60.00       90.00       81.00
       84.00       26.00       24.00       13.00       57.00        9.00       99.00        6.00       33.00       25.00
       85.00       90.00       68.00       69.00       18.00       28.00       52.00       14.00       51.00       51.00
       27.00       65.00       20.00       28.00       55.00       97.00       21.00       57.00       96.00       14.00
       58.00       21.00       87.00       98.00       35.00       50.00       18.00       37.00       92.00       87.00
       66.00       57.00       99.00       43.00       22.00       90.00       72.00       82.00       13.00       51.00
       64.00       91.00       27.00       17.00       54.00        8.00       73.00       22.00       35.00       20.00
       39.00       16.00       65.00       57.00       38.00       38.00       40.00       32.00       41.00       29.00
        9.00       22.00       56.00       59.00       28.00       74.00       78.00       50.00       23.00       81.00
       39.00       33.00       22.00       78.00       32.00       49.00       66.00       39.00       65.00        3.00
        7.00       70.00       99.00       17.00       61.00       51.00       64.00       39.00       68.00       48.00
       49.00       26.00       79.00        9.00       15.00       79.00       72.00       24.00       88.00       16.00
       64.00       94.00       19.00        5.00       83.00       45.00       13.00       94.00        1.00        1.00
       80.00       18.00       40.00       70.00       52.00       50.00       32.00       33.00       67.00       47.00
       58.00       27.00       11.00       99.00       15.00       62.00       82.00       73.00       90.00       29.00
        6.00       35.00       24.00       59.00       15.00       66.00       18.00       69.00       89.00       11.00
       91.00       93.00       92.00       46.00        1.00       76.00       73.00       27.00        0.00       98.00
       18.00       65.00       60.00       41.00       46.00       48.00       17.00       13.00       18.00       99.00
        4.00       13.00       79.00       34.00       67.00       81.00       63.00       70.00        5.00       67.00
       29.00       91.00       53.00       30.00       99.00       76.00       17.00       34.00       38.00       40.00
       22.00       11.00       66.00       48.00       34.00        4.00       22.00        4.00       69.00       10.00
        5.00       21.00       96.00       96.00       55.00       19.00       94.00       32.00       70.00       25.00
       36.00        0.00       48.00       54.00       91.00       45.00       23.00       97.00       74.00       84.00
       17.00       60.00       92.00        1.00       31.00        7.00       51.00       72.00       54.00       28.00
       44.00       21.00       53.00        7.00        9.00       86.00       83.00       77.00       42.00       51.00
       19.00       96.00       13.00       69.00       12.00       51.00       95.00       88.00        6.00        7.00
       22.00       57.00       82.00       38.00       39.00       66.00        7.00        9.00       94.00       43.00
        6.00        8.00       98.00       28.00       92.00       30.00       47.00       89.00        5.00       73.00
       84.00       45.00       66.00       99.00       49.00       19.00       33.00       60.00       39.00       25.00
       17.00        4.00       69.00       78.00        1.00        4.00       29.00       72.00       61.00       72.00
       57.00       59.00       91.00       64.00       75.00       31.00       77.00       68.00       75.00       97.00
       66.00       54.00       27.00       87.00       40.00        8.00       68.00       36.00       74.00       91.00
       84.00       40.00       48.00       95.00       87.00       62.00       42.00       70.00       64.00       51.00
       34.00       74.00       44.00        1.00       69.00       45.00        5.00       50.00       85.00        4.00
       18.00       99.00        8.00       43.00       16.00       18.00       44.00       50.00        5.00       51.00
       45.00       83.00       79.00       35.00       12.00       88.00        7.00       16.00       72.00       25.00
       81.00        1.00       40.00       42.00       71.00       96.00       50.00       30.00        1.00       17.00
       18.00       25.00       65.00       73.00       70.00       46.00       32.00       45.00       53.00        6.00
        5.00       32.00        4.00        4.00       56.00       29.00       48.00       99.00       20.00       43.00
       54.00       38.00       53.00       90.00       67.00       62.00       62.00        9.00       92.00       28.00
       65.00       87.00        0.00       22.00       62.00       90.00       91.00       49.00       91.00       45.00
       17.00       15.00       26.00       95.00       58.00       53.00       33.00       57.00       17.00       47.00
       81.00       34.00       52.00       61.00       90.00       52.00       76.00       73.00       57.00       50.00
        0.00       75.00       85.00       27.00       80.00       92.00       18.00       16.00        9.00       14.00
       45.00       58.00       58.00       67.00       35.00       94.00       63.00       57.00       17.00       72.00
        5.00       56.00        3.00       73.00       27.00       20.00       36.00       86.00        2.00       68.00
        2.00       71.00       31.00       41.00       33.00       24.00       30.00       37.00        2.00        4.00
       58.00       86.00       82.00       96.00       73.00        8.00       10.00       26.00       23.00       74.00
       97.00       43.00       19.00       54.00       61.00       38.00       38.00       26.00       74.00       61.00
       53.00       97.00       58.00       66.00       86.00       23.00       68.00       83.00       45.00       62.00
       46.00        4.00       74.00       89.00       26.00       34.00       32.00       40.00       41.00       32.00
       89.00       93.00       51.00       59.00       92.00       74.00       92.00       98.00       44.00       67.00
       19.00       13.00        9.00       61.00       93.00       70.00       17.00       47.00       35.00       23.00
       43.00       77.00       41.00       55.00       88.00       25.00       38.00       16.00       78.00       17.00
       29.00       94.00       63.00       28.00       41.00       24.00       78.00       54.00       91.00       14.00
        1.00       11.00       24.00       44.00       26.00       19.00       89.00       61.00       25.00       72.00
       65.00       83.00       66.00       99.00       39.00       90.00       31.00       79.00       13.00       54.00
       27.00       50.00       85.00       35.00       94.00       28.00       17.00       59.00       57.00       37.00
       19.00       40.00       65.00        6.00       80.00       24.00       33.00       84.00       38.00       60.00
       57.00       82.00       73.00       18.00       79.00       46.00       53.00       33.00       32.00       13.00
       84.00       26.00       70.00        4.00       31.00       23.00       80.00       69.00       13.00        2.00
       30.00       71.00       92.00       21.00       89.00       80.00       11.00       89.00       31.00       22.00
       43.00       29.00       11.00       95.00       64.00        0.00       72.00       44.00       58.00        2.00
       19.00       69.00       18.00       76.00       69.00       98.00        0.00       65.00       66.00       57.00
       49.00       11.00       24.00        6.00       91.00       94.00       25.00       39.00       77.00       44.00
       94.00       56.00       17.00       72.00       31.00       57.00       25.00       19.00       57.00       22.00
       89.00        4.00       19.00       69.00       19.00       19.00       62.00        7.00       38.00       12.00
       48.00       27.00       32.00       58.00       87.00        1.00       56.00       91.00       23.00       71.00
       76.00       60.00       73.00       63.00       85.00       37.00       12.00       43.00       31.00       83.00
       69.00       14.00       42.00       41.00       56.00       15.00       26.00       32.00       60.00       59.00
       98.00       58.00       67.00       45.00       54.00       34.00       91.00       16.00       90.00       33.00
       32.00       43.00       39.00       74.00       88.00       72.00       82.00       12.00       96.00       58.00
       43.00       13.00       68.00       59.00       75.00        7.00       52.00       89.00       16.00       65.00
       45.00       39.00       48.00       36.00       16.00        7.00       95.00       46.00       33.00       17.00
       54.00       35.00       99.00        0.00       36.00       94.00       36.00       72.00       56.00       30.00
       74.00       37.00        6.00       53.00       36.00        0.00        5.00       87.00       30.00       51.00
        0.00       30.00       75.00       84.00       64.00       26.00       35.00       36.00       17.00       19.00
       32.00       75.00       73.00        2.00       71.00       69.00       72.00       91.00       84.00        1.00
       64.00       62.00       83.00       46.00       54.00       60.00       79.00       85.00       12.00       58.00
       10.00       44.00       26.00       10.00       81.00       87.00       34.00       45.00       11.00       88.00
       72.00       95.00       30.00       66.00       30.00       35.00       91.00       55.00       86.00        6.00
       77.00       56.00       74.00       24.00       13.00       78.00        3.00       10.00       27.00       67.00
       35.00       91.00        9.00       86.00       76.00       52.00       67.00       97.00       56.00       56.00
       81.00       47.00       96.00       32.00       94.00       69.00       72.00       24.00        1.00       44.00
       56.00       45.00       29.00       87.00       65.00       76.00       98.00       58.00       60.00       95.00
       33.00        3.00       75.00       47.00       44.00       79.00       71.00       73.00       11.00       15.00
       42.00       63.00       31.00       27.00       10.00        8.00       14.00       70.00        4.00       51.00
       44.00        1.00       93.00       84.00       30.00       97.00       29.00       15.00       24.00       39.00
       13.00       26.00       72.00       56.00       94.00       80.00       31.00        2.00       66.00       55.00
       62.00       99.00       12.00       11.00       94.00       71.00       24.00       16.00        2.00       57.00
       94.00       94.00       57.00       71.00       46.00       63.00       42.00       48.00       65.00       85.00
       23.00        5.00       38.00       29.00       46.00       92.00       15.00       38.00       84.00       15.00
       52.00       49.00       47.00       60.00       96.00       90.00       52.00       52.00       30.00       66.00
       95.00       26.00       70.00       17.00       79.00       77.00        0.00       92.00        1.00       52.00
       87.00       70.00       75.00       69.00       99.00       48.00       77.00       84.00       21.00       59.00
       13.00       57.00       56.00       72.00       62.00       65.00       39.00       28.00       35.00       74.00
       10.00       86.00       53.00       74.00       21.00       83.00       47.00       25.00       74.00       45.00
       17.00       79.00       18.00       95.00       12.00       73.00       42.00       46.00       11.00        6.00
       57.00       73.00       31.00       47.00       42.00        8.00       79.00       35.00       94.00       99.00
       23.00       70.00       28.00       22.00       59.00        6.00       97.00       42.00       95.00       98.00
       23.00       19.00       14.00       19.00       15.00       17.00       18.00       19.00       19.00       16.00
       20.00       20.00       28.00       20.00       22.00       22.00       21.00       21.00       17.00       22.00
       19.00       11.00       10.00       20.00       26.00       27.00       12.00       23.00       20.00       20.00
       19.00       13.00       22.00       12.00       10.00       22.00       15.00       15.00       20.00       22.00
       23.00       15.00       28.00       27.00       16.00       12.00       15.00       18.00       20.00       28.00
       22.00       18.00       18.00       24.00       18.00       26.00       29.00       18.00       21.00       16.00
       19.00       21.00       16.00       21.00       23.00       13.00       13.00       19.00       26.00       12.00
       21.00       17.00       21.00       27.00       28.00       17.00       14.00       26.00       11.00       12.00
       13.00       29.00       26.00       17.00       14.00       23.00       22.00       10.00       23.00       24.00
    17060.00    23824.00     9612.00     8793.00    12220.00     4428.00    26833.00    22103.00    23918.00    18701.00
    13140.00    11901.00    20608.00    23072.00    11974.00    16471.00    14465.00     4699.00    10652.00    26019.00
     3447.00    19181.00    15127.00    26158.00     8842.00    24711.00     2273.00    10614.00     9804.00    26456.00
      239.00      178.00      235.00      233.00      180.00      224.00      170.00       23.00      103.00      191.00
      156.00       37.00      167.00       38.00      110.00      106.00      287.00       25.00       77.00      134.00
      230.00      214.00      281.00       80.00       65.00       78.00       72.00      209.00      261.00      266.00
