   20   10
       51.00       47.00       94.00       76.00       60.00       24.00       18.00        6.00       96.00       20.00
       39.00        5.00        1.00        8.00       33.00       70.00        2.00       86.00       55.00       81.00
       65.00       62.00       12.00       10.00       16.00       50.00       27.00       38.00       84.00       97.00
       93.00        9.00       82.00       64.00       65.00        1.00       29.00       16.00       39.00       95.00
       90.00        5.00       12.00       72.00       65.00       48.00       25.00       65.00       77.00       25.00
       42.00       46.00       36.00       63.00        2.00       31.00       61.00       69.00       56.00       33.00
        8.00       42.00       70.00       83.00       25.00       59.00       67.00       12.00       41.00       28.00
       30.00       68.00       45.00       53.00       83.00       94.00       21.00       42.00       42.00       97.00
       56.00       67.00       81.00        4.00       17.00       58.00       69.00       56.00       70.00       68.00
       74.00       93.00        0.00       65.00       20.00       51.00       34.00       35.00       75.00       51.00
       94.00       83.00       80.00       60.00       26.00       90.00       53.00       55.00       74.00       51.00
       42.00       14.00        7.00       98.00       84.00       26.00        9.00       90.00       27.00       84.00
        3.00       31.00       92.00        7.00       47.00       28.00       99.00        2.00       44.00       11.00
       86.00       64.00       46.00       93.00       75.00       85.00       37.00        8.00       94.00       99.00
       43.00       83.00       29.00       94.00       85.00       19.00       87.00       84.00       78.00       95.00
       85.00       95.00       54.00       10.00       95.00       20.00       49.00       31.00       12.00       53.00
       79.00       24.00       22.00        3.00       17.00       64.00        3.00       37.00       15.00       67.00
       52.00       20.00       57.00       83.00       58.00       45.00       32.00       52.00       47.00       58.00
       49.00       98.00       55.00       47.00       56.00       21.00       41.00       29.00       13.00       17.00
       11.00       53.00       48.00       27.00       29.00       23.00       87.00       94.00       45.00       90.00
       17.00       24.00       23.00       37.00       12.00       29.00       21.00        2.00       18.00        9.00
       22.00       21.00       12.00       16.00       24.00       35.00       23.00        5.00       33.00       22.00
      206.00      132.00      335.00      219.00      340.00      206.00      340.00      298.00      233.00      322.00
       36.00       47.00       66.00       56.00       72.00       39.00       58.00       41.00       62.00       56.00
