30  150
600  700
600  700
600  700
600  700
600  700
600  700
600  700
600  700
600  700
600  700
600  700
600  700
600  700
600  700
600  700
600  700
600  700
600  700
600  700
600  700
600  700
600  700
600  700
600  700
600  700
600  700
600  700
600  700
600  700
600  700
   14.   25.   24.   28.   11.   24.   28.   17.   12.   13.
   18.   12.   23.   21.   26.   28.   25.   23.   28.   28.
   20.   12.   18.   18.   24.   12.   12.   13.   20.   24.
   15.   18.   30.   23.   24.   28.   17.   27.   26.   19.
   11.   20.   20.   19.   20.   25.   29.   16.   13.   12.
   12.   29.   18.   15.   29.   27.   14.   13.   14.   17.
   22.   19.   22.   19.   17.   18.   22.   19.   13.   23.
   30.   24.   18.   27.   26.   26.   17.   10.   20.   23.
   23.   23.   26.   18.   17.   18.   17.   24.   13.   16.
   23.   27.   16.   13.   22.   10.   28.   18.   20.   17.
   15.   16.   27.   12.   23.   11.   19.   18.   13.   25.
   23.   10.   26.   21.   16.   18.   16.   20.   24.   27.
   15.   19.   17.   11.   11.   14.   21.   27.   18.   27.
   16.   14.   17.   29.   22.   17.   19.   23.   29.   18.
   11.   19.   22.   25.   27.   13.   12.   23.   27.   22.
  349.   71.  218.  166.  183.  252.   81.  221.   79.  232.
   69.  197.  187.  517.   62.  227.  221.  104.  108.  140.
   87.   24.   59.   46.   76.  359.   69.  279.  165.  122.
   58.   89.  168.   73.  595.  456.  433.  259.   52.  197.
   22.  289.  281.   66.  370.  312.   58.  377.   44.  236.
   43.  113.  255.  249.  306.  509.  145.   30.   30.  443.
   44.  248.  671.   47.   76.   76.  157.   39.   42.   89.
  248.  339.  109.   82.  365.  283.  101.  556.   77.  160.
  443.   49.  313.  168.   50.  157.   80.   49.  613.   84.
  105.  273.   49.   35.   52.   77.  145.   39.   58.  107.
  126.   45.  277.   57.   98.   66.   41.   46.  151.  245.
  315.   65.  135.   80.   81.   40.  316.  336.  347.  278.
  185.  142.   69.  415.  157.   28.  151.  122.   36.   60.
   72.   32.  304.   69.  162.  332.   40.  114.  551.  146.
   24.  207.  554.  239.  412.   42.   69.  246.  122.  243.
  479. 1087.  214. 1118.  178. 1613.  260. 1013.   34. 2081.
  187.  279.  266.  982.  311.  778. 1375. 1589.  974. 1640.
  448.  433.  161.  446.  216.  885.  913. 1263.  943.  368.
  408. 1227.  123.  910. 1264.  892. 1459.  792.  222. 1185.
 1542.  960.  839.   42. 1107. 1414.  101.  662. 1031.  693.
  269.  101. 1209. 1582.  369.  820. 1287.  183.  630. 1408.
 1976. 1299. 1336.  878. 1697. 1307.  668. 1889.   98.  285.
  311.  438. 1374. 1300. 1004.  611.  306. 1138.   41.  694.
  683. 1411.  456. 2008.  508. 1833. 1131.  671. 1271.  647.
  993.  895.  863.  955.  889.  394. 1017.   37.  547.   65.
   87.  849. 1543. 1184.  841.  942.  582. 1086.  475.  714.
 1443.   20. 1243. 1676. 1305.  113. 1354.  910. 1449. 1286.
 1568.  115.  989.  792.  148.  192. 1066.  315.  758.  123.
 2002.  496. 1148.  122.  178. 1164.  396.  828.  948. 1944.
 1720.  373.  922. 1284. 1086.  701. 1273. 1509. 1159. 1335.
  268.  285.  154.   83.  121.  731.   56.  472.   40.  902.
  113.  127.  120.  445.   56.  145.  227.  415.  314.  648.
   43.   59.   97.   42.  124.  282.   25.  613.  391.  205.
  140.  390.  126.  243.  554.  378.  813.  441.   76.  131.
  448.  212.  477.   48.  636.  330.   66.  294.  243.  153.
   99.   71.  205.  719.  231.  428.  112.   63.  100.  450.
  832.  595.  637.  182.  639.  404.  310.  755.   66.  152.
  177.  261.  483.  179.  597.  201.  173.  501.   46.  318.
  360.  324.  234.  834.   38.  649.   52.   87.  574.  219.
   46.  482.   50.  193.   82.  169.   67.   36.  150.   72.
   77.   56.  383.  331.   46.  266.   63.  242.   79.  162.
  349.   28.   52.  623.  415.   63.  677.  546.  737.  613.
  659.   89.  271.  335.   97.   49.  410.  191.  111.   82.
  854.   95.  594.   91.  102.  281.   57.  293.  475.  769.
  606.  133.  478.  203.  350.  156.  390.  677.   55.  602.
  457.  680.  245.  769.  209. 1211.   75.  676.   74. 1688.
  108.  261.  242.  843.   52.  530. 1025. 1201.  588. 1230.
  159.   86.   91.   36.  121.  699.  538.  901.  595.  218.
  171.  822.  161.  516. 1072.  751. 1105.  536.   70.  848.
 1136.  708.  580.   57.  806. 1089.   61.  572.  624.  495.
  105.  117.  894. 1182.  373.  735.  926.   58.  238. 1128.
 1574.  922. 1154.  474. 1287.  898.  397. 1486.   60.  156.
  307.  428.  967.  908.  729.  475.  179.  969.   70.  414.
  620. 1008.  419. 1614.  114. 1446.  749.  261. 1086.  328.
  624.  610.  468.  547.  486.  195.  666.   36.  225.   97.
  129.  450. 1193.  776.  476.  551.  173.  677.  292.  504.
 1116.   63.  873. 1267.  897.   56.  988.  653. 1076.  917.
 1162.  153.  591.  672.  179.   44.  690.  195.  350.   75.
 1600.  155.  814.   85.  191.  889.   60.  474.  835. 1551.
 1315.  302.  822.  950.  862.  322.  865. 1112.  787.  953.
  469.  467.  267.  634.  231. 1000.   97.  513.   94. 1498.
   84.  278.  260.  815.   67.  478.  881. 1017.  392. 1017.
  154.   27.   71.   58.   93.  660.  391.  717.  428.  166.
  101.  610.  179.  315. 1018.  726.  924.  423.   54.  720.
  934.  640.  463.   66.  661.  961.   58.  567.  412.  463.
   64.  140.  779.  972.  391.  728.  773.   36.   69. 1029.
 1374.  728. 1103.  265. 1078.  685.  286. 1285.   48.  116.
  325.  443.  754.  725.  600.  463.  136.  927.   89.  298.
  621.  810.  430. 1422.   82. 1262.  583.   48. 1035.  199.
  480.  480.  298.  335.  299.  130.  536.   38.  115.  114.
  151.  275. 1045.  563.  352.  352.   43.  464.  282.  469.
  985.   84.  715. 1057.  684.   44.  799.  536.  883.  728.
  950.  175.  385.  656.  201.   29.  500.  155.  138.   64.
 1401.   56.  649.   74.  212.  800.   39.  310.  817. 1361.
 1112.  311.  808.  820.  800.  151.  652.  904.  630.  755.
  570.  109.  369.  517.  333.   48.  196.   76.  183.  915.
   39.  382.  364.  858.  157.  515.  668.  601.   63.  262.
  255.   83.   37.  161.   49.  691.  328.   97.   51.   63.
   31.   76.  254.   71. 1002.  778.  232.  132.   83.  587.
  395.  634.  142.  107.  197.  779.   82.  649.   85.  519.
   25.  239.  663.   46.  495.  804.  558.   38.   84.  908.
  729.   72. 1088.   95.  386.  122.   64.  646.   27.   49.
  430.  547.   92.  429.  204.  542.   48.  938.  177.   65.
  709.  381.  531.  844.  186.  772.  399.  153. 1023.   32.
  393.  133.  253.   96.  233.   24.  459.   50.   50.  181.
  245.  235.  781.   88.  342.   35.  145.  131.  371.  523.
  791.  179.  511.  374.  102.   40.  123.  186.  148.  101.
   78.  274.   59.  720.  303.   61.   43.   70.  123.   56.
  752.   61.  131.   58.  316.  734.  116.   46.  875.  806.
  501.  412.  872.  661.  788.   50.   92.   54.  461.   68.
  100. 1241.   60. 1126.   40. 1776.  439. 1221.  140. 2118.
  331.  133.  197.  715.  500.  722. 1361. 1633. 1158. 1770.
  550.  626.  301.  607.  378.  705.  974. 1463. 1147.  555.
  621. 1385.   60. 1087. 1039.  647. 1664. 1003.  433. 1167.
 1631.  862. 1051.   53. 1320. 1362.  244.  380. 1187.  588.
  472.  274. 1160. 1749.   63.  495. 1297.  381.  808. 1290.
 2045. 1491. 1089. 1042. 1805. 1451.  881. 1964.  192.  467.
  125.   48. 1525. 1363. 1217.  456.  482.  891.  223.  908.
  342. 1497.  164. 2051.  648. 1864. 1184.  825. 1032.  856.
 1040. 1108.  960. 1109. 1000.  600. 1040.   59.  754.   41.
   77.  953. 1518. 1334.  900. 1122.  740. 1229.  458.  627.
 1391.  233. 1270. 1786. 1453.  255. 1552. 1120. 1644. 1483.
 1722.  105. 1160.  526.   68.  403. 1258.  485.  915.  246.
 2069.  695. 1357.  217.  154. 1064.  586. 1030.  648. 1986.
 1804.  263.  604. 1255.  930.  889. 1421. 1681. 1196. 1523.
  366.  110.  221.  213.  186.  467.   78.  301.   76.  738.
   76.  205.  193.  578.   59.  257.  334.  290.  155.  371.
   87.   25.   65.   44.   84.  412.   78.  404.  230.  139.
   72.  171.  165.  103.  692.  506.  590.  312.   53.  269.
  180.  343.  340.   64.  463.  445.   58.  408.   78.  266.
   51.  111.  342.  458.  315.  551.  228.   33.   35.  577.
  611.  376.  775.   63.  364.  166.  196.  524.   46.  100.
  255.  353.  235.  107.  442.  307.  116.  638.   74.  200.
  474.   46.  328.  661.   47.  516.  102.   48.  712.  112.
  122.  337.   48.   55.   49.   96.  174.   38.   72.  104.
  125.   43.  447.  120.  105.  109.   39.   72.  162.  273.
  457.   63.  190.  347.  178.   43.  457.  403.  506.  401.
  393.  142.  110.  459.  158.   29.  227.  136.   39.   62.
  638.   38.  406.   72.  164.  419.   38.  156.  604.  602.
  356.  217.  606.  334.  486.   58.  158.  426.  156.  378.
   89.  686.   60.  389.   31. 1185.  140.  813.   34. 1319.
  213.   27.   46.  162.  180.  102.  558.  867.  674. 1118.
  136.  258.  188.  208.  237.   33.  333. 1000.  728.  366.
  339.  815.   71.  595.  274.  116. 1207.  707.  202.  386.
  923.   92.  750.   38.  961.  522.  129.   80.  637.   31.
  253.   82.  345. 1169.   91.  176.  525.  185.  368.  415.
 1286.  997.  360.  530. 1114.  848.  568. 1216.  125.  293.
   68.   98.  928.  651.  895.   53.  316.  206.   67.  584.
  136.  798.   78. 1262.  211. 1070.  485.  349.  293.  491.
  368.  776.  368.  568.  418.  359.  342.   43.  393.   36.
   30.  373.  691.  756.  288.  629.  292.  651.   48.   64.
  549.   48.  527. 1098.  857.  141. 1076.  824. 1148. 1006.
 1116.   38.  647.   86.   24.  173.  783.  329.  417.  151.
 1305.  323.  947.  148.   44.  214.  229.  611.  200. 1198.
 1077.   38.  205.  449.   54.  452.  829. 1118.  479. 1013.
  768.  512.  508.  951.  473.  816.  364.   34.  298. 1609.
   37.  566.  547. 1168.  318.  835. 1168. 1199.  312.  971.
  488.  241.   39.  366.   52. 1016.  714.  312.   99.   49.
   69.  563.  327.  339. 1375. 1078.  484.   90.  161. 1037.
 1029.  996.  101.  143.  198. 1268.  124.  901.  470.  817.
   53.  389. 1107.  766.  667. 1064. 1053.   85.  291. 1363.
 1438.  401. 1460.  394. 1088.  675.   44. 1349.   27.   48.
  605.  732.  686.  946.  179.  804.   35. 1284.  298.   47.
  946.  956.  735. 1533.  419. 1419.  858.  406. 1393.   88.
  798.   91.  614.  449.  594.   24.  864.   63.  150.  247.
  362.  589. 1316.  567.  696.  305.  376.  559.  621.  823.
 1288.  319.  993. 1070.  655.   62.  407.  150.  516.  362.
  811.  407.  376. 1002.  445.  141.  265.   55.  398.   70.
 1465.  199.  172.   62.  475. 1146.  278.  147. 1164. 1483.
 1182.  623. 1152. 1130. 1157.  232.  628.  686.  918.  460.
 1038. 1771.  713. 1869.  690. 2269.  995. 1566.  618. 2821.
  425.  915.  936. 1642. 1022. 1519. 2126. 2332. 1619. 2333.
 1197. 1110.  396. 1169.  517. 1589. 1659. 1840. 1523.  721.
  942. 1902.  317. 1573. 1954. 1562. 2010. 1237.  795. 1935.
 2266. 1695. 1279.   38. 1588. 2163.  446. 1301. 1716. 1417.
  738.  845. 1957. 2230.  910. 1432. 2037.  665. 1311. 2144.
 2706. 1904. 2013. 1563. 2407. 1996. 1166. 2617.  214.  639.
  913.  986. 2052. 2040. 1452. 1309.  622. 1813.  707. 1203.
 1280. 2141. 1064. 2747. 1241. 2577. 1876. 1381. 1953. 1227.
 1741. 1374. 1600. 1646. 1619.  844. 1768.   45. 1161.  243.
  586. 1583. 2293. 1869. 1588. 1595. 1294. 1784. 1213. 1444.
 2192.  771. 1991. 2386. 1989.  395. 1935. 1333. 2041. 1878.
 2235.  683. 1654. 1447.  705.  769. 1685.  612. 1458.  339.
 2732. 1147. 1683.  247.  820. 1902. 1087. 1432. 1583. 2684.
 2445. 1060. 1542. 2034. 1804. 1354. 1957. 2151. 1906. 1951.
  426.   52.  266.  282.  231.  228.  109.  183.  108.  590.
   57.  257.  243.  647.   82.  324.  389.  288.   80.  108.
  132.   30.   49.   70.   65.  481.  139.  242.  130.  102.
   43.   56.  194.   53.  758.  576.  402.  225.   54.  335.
   90.  413.  245.   77.  331.  497.   61.  475.   27.  333.
   32.  148.  407.  225.  370.  619.  290.   26.   30.  632.
  411.  210.  840.   38.   63.   45.  127.  323.   36.   73.
  307.  411.   71.  177.  327.  372.   83.  706.  103.  129.
  540.  116.  388.  517.   80.  441.  171.   63.  778.   61.
  188.  236.   95.   26.   86.   57.  243.   41.   45.  129.
  162.   85.  482.   31.  165.   39.   57.   36.  220.  339.
  506.   96.  258.   42.   48.   37.  281.  299.  315.  240.
  157.  182.   44.  528.  202.   31.  115.  104.   42.   56.
  437.   28.  266.   64.  209.  485.   51.   86.  674.  475.
  169.  274.  675.  396.  555.   28.   37.  214.  225.  206.
 1030. 1542.  702. 1715.  673. 2018.  838. 1292.  530. 2629.
  147.  865.  870. 1597.  843. 1406. 1973. 2147. 1374. 2102.
 1048.  900.  115.  987.  232. 1514. 1489. 1569. 1257.  436.
  684. 1665.  377. 1337. 1891. 1511. 1733.  953.  579. 1790.
 2059. 1589.  995.  139. 1304. 2026.  243. 1264. 1488. 1324.
  478.  731. 1825. 1977.  900. 1411. 1876.  426. 1093. 2035.
 2499. 1639. 1959. 1338. 2185. 1765.  889. 2409.   39.  356.
  877.  979. 1814. 1854. 1167. 1236.  337. 1760.  587.  927.
 1262. 1940. 1034. 2553. 1064. 2392. 1700. 1179. 1896.  969.
 1575. 1091. 1416. 1422. 1427.  567. 1612.   49.  919.  291.
  547. 1396. 2142. 1637. 1425. 1353. 1097. 1562. 1105. 1345.
 2054.  651. 1825. 2164. 1756.  131. 1664. 1048. 1772. 1611.
 1990.  632. 1416. 1403.  669.  555. 1428.  328. 1247.   54.
 2527.  921. 1405.   64.  757. 1791.  889. 1176. 1552. 2492.
 2236.  990. 1518. 1891. 1717. 1120. 1723. 1897. 1738. 1689.
   42.  956.   48.  730.   23. 1480.  262. 1022.   73. 1700.
  277.   36.   76.  217.  317.  341.  934. 1232.  912. 1439.
  302.  427.  249.  382.  311.  232.  627. 1237.  939.  465.
  478. 1095.   61.  834.  535.  146. 1444.  862.  309.  748.
 1265.  422.  909.   45. 1150.  912.  186.   32.  904.  203.
  361.  151.  721. 1459.   61.  116.  887.  280.  574.  809.
 1653. 1247.  589.  776. 1452. 1143.  728. 1578.  162.  383.
   64.   57. 1222.  990. 1066.  118.  404.  389.  129.  749.
   74. 1134.   52. 1639.  401. 1448.  813.  568.  530.  671.
  677.  949.  641.  829.  689.  481.  661.   52.  567.   35.
   43.  641. 1078. 1039.  562.  871.  495.  930.  179.  250.
  940.  118.  876. 1434. 1149.  200. 1320.  982. 1401. 1248.
 1418.   55.  897.   22.   29.  280. 1020.  412.  651.  201.
 1674.  498. 1159.  186.   70.  603.  389.  819.  185. 1574.
 1429.   76.  175.  824.  450.  662. 1119. 1400.  814. 1270.
  171.  384.  102.   84.   70.  818.   67.  567.   25.  848.
  147.   66.   70.  273.   82.   66.  120.  420.  409.  723.
   47.  112.  127.   78.  161.  131.   80.  712.  484.  258.
  200.  488.   97.  336.  334.  224.  911.  523.  111.   50.
  506.   75.  561.   41.  730.   50.   83.  173.  341.   57.
  147.   58.   37.  808.  155.  284.  120.   99.  172.  186.
  829.  693.  410.  273.  696.  499.  388.  765.   86.  198.
  114.  173.  576.  267.  687.  107.  221.  298.   40.  398.
  236.  399.  147.  794.   73.  603.  146.  153.  351.  299.
   97.  570.  121.  289.  162.  229.   82.   37.  220.   52.
   46.  128.  220.  429.   79.  362.  120.  341.   32.   74.
   79.   20.  151.  683.  511.   87.  776.  631.  835.  712.
  745.   55.  368.  191.   53.   83.  507.  238.  191.  104.
  846.  159.  691.  110.   62.   85.  100.  382.  311.  731.
  640.   70.  316.   61.  166.  238.  487.  771.  138.  701.
  936.  878.  643. 1268.  610. 1214.  558.  433.  430. 1996.
   52.  736.  722. 1400.  518. 1095. 1503. 1568.  670. 1367.
  722.  466.   60.  602.   81. 1264. 1025.  692.  461.   63.
  201.  949.  405.  681. 1637. 1307.  811.   66.  295. 1355.
 1412. 1269.   40.  189.  355. 1593.  196. 1105.  831. 1059.
  141.  553. 1418. 1162.  821. 1267. 1389.  182.  567. 1668.
 1830.  796. 1719.  727. 1482. 1062.  154. 1740.   37.   80.
  768.  894. 1079. 1300.  213. 1024.   44. 1533.  441.  179.
 1136. 1327.  912. 1920.  669. 1796. 1193.  688. 1652.  319.
 1113.  175.  926.  797.  912.   88. 1173.   80.  372.  320.
  487.  900. 1659.  946.  992.  662.  640.  921.  846. 1069.
 1616.  477. 1329. 1463. 1043.  108.  782.  113.  893.  754.
 1210.  546.  737. 1221.  587.  277.  652.   61.  703.  104.
 1857.  430.  497.   77.  633. 1439.  495.  463. 1382. 1867.
 1570.  815. 1363. 1452. 1426.  524. 1015. 1083. 1249.  857.
  226. 1136.   60. 1055.   30. 1670.  330. 1113.   65. 2045.
  269.   24.   88.  758.  391.  663. 1300. 1556. 1049. 1671.
  447.  517.  240.  499.  307.  699.  887. 1355. 1039.  473.
  520. 1279.   68.  979. 1064.  674. 1555.  905.  335. 1105.
 1541.  823.  952.   40. 1217. 1314.  178.  423. 1081.  542.
  380.  170. 1109. 1642.  138.  573. 1228.  292.  699. 1268.
 1962. 1382. 1126.  935. 1711. 1348.  779. 1880.  151.  387.
   75.  192. 1421. 1279. 1117.  422.  406.  926.  132.  805.
  430. 1407.  201. 1976.  542. 1792. 1101.  718. 1064.  749.
  956. 1005.  864. 1004.  901.  506.  963.   47.  646.   34.
   33.  856. 1462. 1230.  812. 1014.  633. 1126.  374.  575.
 1344.  133. 1195. 1692. 1350.  191. 1443. 1022. 1535. 1374.
 1618.   44. 1053.  564.   22.  305. 1149.  411.  808.  190.
 1987.  587. 1250.  175.   61. 1031.  477.  921.  711. 1911.
 1717.  181.  679. 1198.  918.  780. 1317. 1574. 1117. 1414.
  300.  106.  186.  114.  152.  342.   66.  280.   60.  173.
   82.  160.  152.  444.   54.  175.  147.   53.  149.  223.
   63.   28.   70.   37.   90.  291.   39.  353.  217.  146.
   79.  142.  148.  105.  510.  388.  518.  307.   56.  132.
   51.  223.  332.   58.  435.  227.   59.  319.   77.  182.
   57.   92.  182.  340.  264.  445.   84.   37.   41.  352.
  160.  321.  584.   69.  158.  128.  196.  128.   50.  107.
  210.  294.  174.   56.  424.  232.  122.  475.   61.  200.
  385.   53.  266.  101.   37.   60.   47.   50.  527.  116.
   69.  326.   34.   59.   44.  102.  100.   37.   79.   91.
  102.   33.  189.  102.   67.  105.   38.   73.  112.  192.
  228.   46.   85.  158.  136.   46.  394.  391.  430.  350.
  272.  116.  106.  351.  127.   31.  206.  143.   45.   66.
  166.   44.  372.   76.  132.  256.   38.  154.  481.   36.
   80.  167.  485.  167.  337.   64.  122.  330.   79.  318.
  385. 1270.   88. 1239.   52. 1800.  443. 1203.   96. 2223.
  287.  232.  262.  962.  500.  858. 1489. 1732. 1165. 1817.
  598.  625.  257.  626.  333.  907. 1057. 1455. 1134.  509.
  588. 1412.   70. 1099. 1271.  880. 1650.  965.  398. 1295.
 1703. 1025. 1013.   40. 1290. 1511.  199.  623. 1214.  745.
  430.  262. 1304. 1770.  260.  764. 1412.  339.  818. 1472.
 2131. 1491. 1331. 1064. 1866. 1488.  848. 2047.  158.  421.
  232.  337. 1557. 1449. 1181.  629.  436. 1131.  188.  877.
  615. 1571.  388. 2153.  680. 1972. 1274.  851. 1271.  837.
 1131. 1075. 1022. 1138. 1055.  558. 1144.   47.  739.   34.
   36. 1012. 1654. 1367.  982. 1132.  763. 1266.  559.  775.
 1540.  212. 1375. 1846. 1487.  210. 1546. 1081. 1641. 1478.
 1752.   59. 1177.  767.   22.  368. 1258.  439.  940.  204.
 2157.  688. 1337.  182.  156. 1234.  586. 1020.  909. 2088.
 1881.  382.  873. 1390. 1125.  892. 1455. 1698. 1294. 1527.
  312.  377.  173.  268.  139.  882.   57.  528.   46. 1193.
  113.  153.  142.  554.   54.  214.  516.  701.  376.  837.
   48.   62.   96.   41.  124.  387.   24.  697.  443.  210.
  147.  506.  134.  298.  709.  475.  903.  469.   75.  354.
  681.  332.  507.   50.  686.  594.   65.  361.  328.  221.
  102.   77.  418.  864.  263.  509.  413.   62.  116.  673.
 1100.  690.  796.  233.  858.  544.  333. 1017.   65.  154.
  203.  299.  625.  416.  636.  257.  176.  637.   49.  343.
  425.  546.  275. 1121.   37.  944.  242.   97.  729.  243.
  113.  519.   68.  263.  115.  177.  174.   36.  164.   78.
   87.   75.  682.  447.   53.  330.   67.  342.  109.  226.
  618.   33.  360.  839.  552.   62.  770.  578.  840.  701.
  817.  100.  343.  421.  113.   49.  482.  194.  137.   80.
 1125.  104.  657.   89.  118.  459.   57.  335.  573. 1057.
  854.  164.  571.  453.  491.  185.  523.  810.  273.  704.
   39.  781.   48.  476.   22. 1276.  204.  906.   60. 1357.
  256.   29.   62.   46.  250.  186.  619.  930.  769. 1203.
  212.  339.  230.  289.  285.   55.  428. 1095.  820.  427.
  414.  909.   61.  689.   70.   56. 1302.  788.  263.  464.
 1000.  187.  833.   43. 1051.  564.  167.   33.  732.   89.
  316.  122.  414. 1260.   61.   76.  598.  242.  458.  409.
 1343. 1092.   94.  625. 1192.  940.  650. 1278.  153.  349.
   61.   56. 1020.  734.  981.   73.  372.   21.  105.  667.
   62.  879.   52. 1306.  295. 1116.  573.  441.   26.  577.
  462.  861.  463.  664.  514.  428.  435.   50.  477.   35.
   38.  468.  732.  850.  383.  724.  380.  746.  106.  130.
  587.   90.  607. 1177.  949.  181. 1171.  906. 1243. 1101.
 1206.   49.  742.   23.   26.  234.  878.  382.  511.  186.
 1360.  406. 1040.  177.   60.  281.  307.  703.   77. 1244.
 1147.   56.   76.  516.  149.  543.  921. 1211.  565. 1108.
  658.  665.  403.  952.  368. 1148.  255.  507.  197. 1775.
   53.  456.  437. 1078.  209.  764. 1197. 1310.  498. 1223.
  395.  138.   45.  273.   60.  936.  708.  756.  436.  108.
   40.  786.  250.  459. 1307.  986.  952.  355.   74. 1037.
 1194.  938.  398.   96.  623. 1278.   72.  798.  611.  732.
   27.  280. 1095. 1110.  558.  961. 1087.   29.  249. 1342.
 1633.  799. 1389.  467. 1310.  886.  216. 1542.   32.   71.
  496.  622.  936. 1023.  544.  706.   84. 1206.  194.  231.
  839. 1084.  626. 1698.  337. 1550.  894.  365. 1322.  145.
  797.  425.  613.  551.  607.   65.  853.   45.   40.  174.
  262.  589. 1359.  759.  667.  475.  310.  690.  525.  741.
 1302.  211. 1028. 1289.  877.   36.  848.  471.  947.  783.
 1115.  302.  538.  905.  339.   53.  571.  105.  400.   54.
 1661.   98.  644.   61.  366. 1109.  173.  323. 1067. 1640.
 1368.  516. 1052. 1137. 1094.  244.  845. 1032.  944.  841.
  837.  810.  555. 1168.  521. 1209.  451.  449.  341. 1937.
   36.  636.  620. 1291.  410.  985. 1407. 1492.  607. 1334.
  612.  356.   39.  492.   52. 1154.  924.  727.  431.   49.
  101.  901.  344.  604. 1527. 1199.  889.  183.  201. 1254.
 1351. 1160.  227.  149.  486. 1494.  135.  999.  761.  949.
   66.  453. 1315. 1162.  727. 1162. 1295.  104.  464. 1563.
 1779.  807. 1609.  642. 1439. 1011.   44. 1689.   27.   48.
  670.  797. 1041. 1215.  383.  915.   35. 1423.  347.   85.
 1033. 1256.  811. 1860.  559. 1726. 1099.  584. 1542.  218.
 1012.  271.  826.  717.  815.   26. 1071.   63.  263.  261.
  402.  801. 1566.  890.  887.  596.  533.  849.  737.  959.
 1517.  379. 1235. 1419.  996.   65.  822.  301.  931.  774.
 1194.  455.  669. 1113.  496.  182.  619.   56.  605.   72.
 1807.  320.  562.   62.  536. 1332.  385.  391. 1275. 1805.
 1516.  711. 1257. 1353. 1316.  428.  966. 1081. 1153.  862.
  692. 1029.  406. 1199.  372. 1529.  346.  867.  193. 2102.
   90.  493.  480. 1182.  330.  924. 1456. 1620.  879. 1591.
  548.  374.   73.  466.  102. 1066.  967. 1130.  807.  216.
  242. 1159.  228.  831. 1446. 1090. 1317.  622.   52. 1277.
 1535. 1108.  670.   79.  944. 1517.   59.  871.  973.  864.
  105.  312. 1319. 1492.  579. 1032. 1356.   40.  571. 1545.
 1975. 1180. 1523.  821. 1667. 1253.  502. 1886.   47.  145.
  524.  650. 1309. 1328.  836.  804.  169. 1329.  198.  531.
  896. 1414.  670. 2027.  544. 1865. 1176.  653. 1456.  505.
 1054.  729.  891.  905.  901.  225. 1096.   40.  423.  152.
  255.  870. 1623. 1126.  907.  853.  571. 1044.  642.  878.
 1544.  234. 1302. 1646. 1246.   43. 1223.  739. 1324. 1160.
 1493.  306.  911.  995.  347.   33.  953.  183.  722.   62.
 2002.  404.  997.   72.  390. 1302.  363.  703. 1155. 1966.
 1712.  580. 1132. 1378. 1251.  611. 1214. 1414. 1216. 1222.
  723.  339.  480.  806.  445.  491.  320.   34.  275. 1342.
   37.  523.  504. 1084.  275.  740.  997.  979.  188.  684.
  421.  194.   39.  305.   52.  923.  584.   26.   57.   48.
   60.  343.  317.  221. 1266.  996.  167.   76.  145.  887.
  786.  886.   77.  140.  111. 1104.  119.  837.  306.  732.
   49.  354.  962.  434.  630.  998.  881.   77.  219. 1217.
 1160.  103. 1352.  274.  810.  442.   44. 1075.   27.   48.
  566.  691.  429.  759.  124.  734.   35. 1186.  272.   46.
  888.  739.  687. 1269.  348. 1178.  697.  319. 1286.   68.
  661.   73.  489.  305.  466.   24.  729.   62.  118.  238.
  340.  466. 1131.  360.  579.  176.  301.  384.  552.  737.
 1121.  287.  825.  794.  418.   60.   32.  111.  143.   76.
  503.  380.  231.  927.  416.  124.  117.   55.  297.   69.
 1185.  156.   52.   62.  439. 1017.  231.   96. 1088. 1226.
  918.  570. 1079.  973. 1047.  162.  398.  363.  760.  158.
  507.   55.  316.  460.  281.  385.  145.  181.  139. 1006.
   51.  323.  305.  791.  111.  447.  630.  608.   67.  402.
  193.   45.   44.  107.   58.  625.  262.  270.  120.   91.
   35.   44.  219.   46.  942.  710.  457.  214.   61.  535.
  426.  569.  236.   87.  338.  740.   66.  582.   32.  451.
   26.  188.  611.  365.  436.  736.  516.   27.   43.  862.
  840.  242. 1027.   48.  497.   71.  114.  749.   32.   65.
  371.  485.  128.  389.  326.  475.   72.  874.  133.  116.
  642.  366.  468.  930.  128.  817.  343.   97.  962.   49.
  329.  229.  185.   41.  165.   46.  396.   44.   40.  149.
  198.  168.  759.   26.  274.   27.   91.   65.  305.  455.
  755.  132.  464.  477.   57.   36.  324.  294.  375.  267.
  325.  224.   35.  652.  250.   38.  108.   94.   68.   54.
  867.   33.  278.   61.  261.  677.   73.   72.  808.  879.
  579.  349.  804.  615.  725.   26.   24.  314.  406.  244.
 1024. 1329.  705. 1582.  674. 1771.  738. 1017.  507. 2444.
   42.  840.  836. 1557.  722. 1318. 1837. 1975. 1143. 1877.
  941.  737.   50.  851.   79. 1453. 1345. 1295.  996.  141.
  463. 1439.  415. 1120. 1833. 1467. 1447.  656.  445. 1663.
 1863. 1502.  695.  182. 1008. 1904.  223. 1234. 1276. 1253.
  282.  676. 1709. 1726.  898. 1389. 1733.  288.  908. 1938.
 2301. 1376. 1907. 1136. 1972. 1545.  613. 2210.   30.  114.
  861.  976. 1586. 1686.  866. 1184.   34. 1711.  540.  653.
 1246. 1753. 1016. 2367.  929. 2217. 1546. 1011. 1842.  729.
 1433.  799. 1260. 1219. 1262.  308. 1480.   71.  709.  328.
  546. 1237. 2003. 1419. 1290. 1126.  939. 1358. 1031. 1269.
 1931.  595. 1676. 1952. 1533.  114. 1390.  745. 1499. 1343.
 1750.  620. 1195. 1367.  661.  425. 1178.   56. 1063.   97.
 2328.  735. 1121.   68.  731. 1695.  741.  933. 1522. 2309.
 2036.  948. 1494. 1764. 1643.  912. 1502. 1645. 1590. 1430.
  511.   82.  313.  526.  277.  615.  141.  260.  134. 1203.
   56.  323.  305.  820.  105.  474.  728.  763.  105.  644.
  196.   39.   48.  104.   63.  656.  304.  399.  182.  104.
   42.  224.  213.   55.  989.  736.  603.  261.   57.  609.
  617.  610.  289.   83.  424.  831.   64.  596.   26.  473.
   30.  184.  682.  589.  436.  753.  612.   26.   37.  938.
 1051.  388. 1075.   42.  724.  306.  145.  960.   35.   73.
  371.  487.  369.  502.  395.  489.   83.  913.  128.  149.
  654.  522.  472. 1126.  127.  992.  421.   94. 1009.   67.
  381.  287.  213.   37.  190.   59.  449.   42.   43.  144.
  193.  192.  873.  180.  305.   58.   88.  116.  314.  477.
  850.  127.  554.  704.  301.   36.  469.  353.  538.  401.
  564.  220.   59.  673.  247.   34.  193.  104.   64.   55.
 1079.   30.  377.   63.  258.  736.   67.  105.  831. 1070.
  787.  353.  826.  697.  770.   27.  269.  524.  483.  402.
  158.  756.   80.  553.   48. 1280.  128.  840.   27. 1543.
  199.   43.   51.  397.  171.  147.  784. 1061.  718. 1242.
  132.  260.  175.  210.  223.  245.  429. 1045.  755.  353.
  334.  895.   81.  639.  621.  309. 1253.  709.  189.  590.
 1077.  301.  753.   38.  978.  790.  117.  186.  704.   45.
  241.   70.  585. 1259.  133.  332.  722.  171.  389.  750.
 1478. 1052.  701.  579. 1260.  943.  570. 1400.  114.  279.
   90.  155. 1022.  803.  903.   90.  303.  515.   56.  588.
  251.  944.  127. 1477.  220. 1289.  624.  378.  634.  501.
  483.  784.  440.  630.  488.  350.  473.   40.  399.   41.
   33.  440.  942.  838.  362.  676.  310.  730.   34.   50.
  820.   36.  699. 1242.  949.  128. 1126.  827. 1206. 1055.
 1217.   41.  701.  247.   34.  160.  827.  315.  457.  139.
 1501.  329.  976.  137.   47.  509.  227.  636.  404. 1412.
 1245.   48.  399.  678.  424.  477.  919. 1200.  630. 1073.
  585.  238.  364.  672.  329.  699.  192.  228.  172. 1364.
   47.  389.  370.  930.  150.  586.  885.  928.   70.  774.
  274.   73.   41.  165.   55.  770.  440.  393.  148.   85.
   32.  336.  241.   67. 1116.  842.  601.  226.   71.  757.
  777.  735.  254.   96.  392.  985.   72.  687.  192.  578.
   24.  234.  828.  664.  500.  848.  770.   30.   79. 1085.
 1206.  398. 1202.  121.  870.  442.  114. 1115.   30.   60.
  435.  557.  484.  665.  360.  583.   67. 1034.  166.  117.
  741.  687.  547. 1287.  201. 1157.  575.  169. 1135.   43.
  521.  251.  342.  167.  320.   41.  588.   46.   41.  168.
  235.  317. 1034.  317.  429.   22.  154.  282.  402.  583.
 1006.  172.  710.  849.  429.   37.  472.  318.  553.  401.
  662.  267.   97.  774.  298.   49.  175.   88.  144.   54.
 1234.   48.  352.   59.  315.  874.  107.   72.  935. 1232.
  943.  429.  927.  849.  896.   37.  398.  589.  636.  425.

