          30         200
         600        1195
         600        1218
         600        1014
         600        1435
         600         469
         600        1543
         600         504
         600        1508
         600        1352
         600        1365
         600         981
         600        1445
         600        1121
         600         628
         600         956
         600        1046
         600        1113
         600         688
         600         773
         600        1129
         600        1123
         600        1400
         600        1170
         600         687
         600         693
         600         826
         600        1234
         600        1114
         600         562
         600         550
          34          15          12          13          50          43
          48          32          27          35
          39          16          50          27          12          20
          39          24          35          11
          41           9          38          36          42          12
          31          48          10          33
          29          37          15          13          24          20
          35          24          51          32
          23          10          29          22          31          57
          14          34          16          45
          13          13          41          39          27          28
          43          23          31          16
          26          50          33          11          43          16
          49          29          42          54
          48          50          44          16          33          33
          30          49          41          12
          25          17          23          45          46          38
          10          40          21          44
          36          27          27          17          32          24
          20          43          26          13
          33          35          23          40          38          32
          26          38          39          13
          36          24          45          26          25          19
          36          16          25          36
          49          19          32          53          15          20
          57          41          43          29
          10          27          38          32          44          45
          33          32          16          26
          30          38          29          18          21          12
          36          48          42          32
          57          56          28          33          21          45
          15          25          12          14
          17          36          50          42          13          48
          35          44          34          14
          43          29          12          42          47          36
          40          34          38          35
          18          24          44          14          37          22
          33          14          24          50
          14          15          31          16          39          45
          22          18          52          21
         296         323         184         196         158         378
         235         178         343         152
         506         158         280         365         247         370
         396         305         314          87
         265         228         223         127         244         232
         200         171         463         263
         377         312         337         248         179         438
         277         458         159         322
         281         354         312         460         428         340
         339         185         268         249
          91         215         126         292         364         453
         312         465         351         331
         596          19         448         277         357         315
         116         210         197         446
         378         439         297         359         196         261
         264         130         280         211
         243          61         386         540         649         326
         401         171         188         475
         153         312         301         404          86         359
         209         328          45         171
         202         377         363         367         451          53
         414         127         282         508
         233         552         173         386         274         373
         217         377         148         421
         334         319         138         331         356         268
         136         235         426          69
         177         150         314         299         215         291
         384         381         136         152
         354         309         259         382         433         164
         171         343         238         423
         111          94         215          37         373         205
         138         388         412         392
         277         120         242         111         183         155
         231         448         492         241
         342         243         218         182         408         105
          67         244         569         215
         197         282         160         276         329         488
         242         191          49         194
         126         232         412         385         545         452
         389         265         202         284
         667         601         295         632         282         660
         398         476         590         404
         659         517         183          11         547         683
          55         273         662         450
         617         560         164         360         238         547
         538         485         564         258
         552         473         498         463         560         696
         258         288         426         485
         648         302         657         490         227         545
         142         459         506         306
         379         545         392         386         245         684
         601         341         756         744
         646         377         852         342         139         684
         222         380         576         867
         864         575         547         306         180         126
         276         191         315         518
         146         303         412         706         732         199
         468         285         455         643
         405         624         773         846         238         134
         454         626         355         533
         475         491         794         808         629         359
         557         451         741         141
         520         574         493         736         615         312
         541         662         282         308
         372         736         483         536         451         617
         299         504         426         395
         579         451         659         216         108         416
         159         155         477         240
         672         583         600         749         889         241
         466         410         624         890
         377         369         183         381         216         623
         315         478         178         145
          97         474         194         431         180         528
         182         560         105         445
          96         211         490         275         407         320
         402         286         791         284
         214         492         396         523         739         267
         569         155         417         412
         327         388         610         553         885         741
        1001         278         227         537
         412         445          65         264          55         647
         130         269         275         312
         598         360         311         264         426         390
         410         319         299         217
         292         187         163         157         260         394
         273         277         761          96
         436         438         535         228         309         569
         443         378         135         215
         466         519         535         504         448         453
         307         113         365         313
         130         211          88         189         370         457
         368         416         337         509
         587         103         516         430         313         378
          98         333         319         513
         578         503         421         439         184         216
         282         191         360         244
         273         162         504         571         678         315
         573          70         254         583
         351         411         466         498          74         449
         382         397         134         336
         288         199         467         384         659         134
         585         176         255         396
         356         639         245         536         492         424
         339         476         212         489
         456         342         301         503         535         254
          28         372         435         194
         274         104         520         337         253         401
         365         472         297         302
         420         313         361         447         622         106
         133         196         286         459
         148         239         186         161         441         397
          49         254         347         292
         361         236         279          89         145         305
         176         708         470         127
         257         300         355         332         434          14
         145         253         740         274
         113         140          73         336         402         488
         374         201         189          83
           4         120         528         655         478         558
         494         117         231         376
         633         548         513         545         337         538
         578         516         784         454
         464         489         117         137         528         845
          83         212         568         489
         550         640         271         442         175         652
         646         460         556         478
         464         526         484         533         596         697
         195         181         594         705
         749         274         662         394         140         515
          78         443         448         311
         433         648         428         578         211         532
         724         297         810         619
         422         486         772         185         101         665
         327         329         408         671
         961         764         467         305         250         205
         221         234         215         710
         177         345         369         818         568         165
         499         394         587         861
         518         605         589         805         351          29
         479         507         326         494
         442         473         800         779         605         380
         567         460         757          13
         327         501         643         618         638         179
         508         663         315         142
         280         775         484         442         437         756
         480         592         358         402
         631         563         752         187         201         280
          88          28         464         321
         650         801         519         604         865         359
         571         671         699         762
         446         360         194         413          98         517
         405         541          49          53
         105         589         236         453         241         595
         253         495          75         440
         247         192         399         264         425         384
         433         258         550         261
         356         594         398         594         533         173
         434         221         460         594
         468         603         581         485         851         545
         900         420         201         410
         646         164         608         650         630         299
         717         351         595         338
          18         257         428         656         214         402
         677         341         756         503
         523         582         585         611         413         554
         510         267         135         689
         113         116          40         677         519         198
         349         325         520         747
         433         235         190          89         397          97
         436         711         190         249
         451         668         701         756         389         225
         461         244         579         551
          92         453         436         329         413         416
         517         294         224         398
         608         317         165         231         488         390
         355         428         382         671
         419         460         217         557         103         356
          91         526         480         454
         391         148         495         396         593         466
         400         197         384         316
         332         679         376         456           9         518
          29         642         628         512
         186          61         478         247         269         321
         318         519         380         339
         212         418         376         126         137         688
         618         361         106         393
         439         491         365         389         489         214
         666         509         375         336
         318         532         298         439         462         482
         491         749         463         342
         604         405         458         411         467         326
         485         838         476         465
         549         458         443         496         436         411
         640          32         528         708
         615         328         203         251         104         556
         528         361         119         372
         534         744         501         222         290         314
         326         496         481         718
         498         698         159          78         600         255
         533         752         362         195
         600         483         146         304         133         533
         245         393         394         306
         473         339         223         205         425         594
         285         209         387         295
         361         297          43         268         167         445
         341         343         585         136
         461         469         465         291         412         494
         283         405         251         347
         475         411         533         624         396         508
         210         262         337         240
         229         318         187         247         330         485
         495         422         624         657
         505         175         676         360         245         499
          55         343         351         597
         519         536         545         363          89         107
         290          91         290         281
         123         125         453         564         774         177
         495          55         401         625
         321         384         629         651         116         300
         347         386         146         360
         288         312         659         603         610         198
         531         247         402         323
         401         684         370         609         408         347
         341         572         249         367
         315         584         274         355         444         410
         162         465         514         191
         317         207         523         212         110         355
         378         312         299         211
         524         364         527         612         689          43
         241         284         384         668
         261         233         109         236         344         377
          72         351         314         244
         167         286         164         240          33         309
          39         648         257         217
         104         312         334         261         578         107
         213         199         745         168
          55         227         168         366         484         393
         388         135         217         226
         132         183         403         500         625         606
         722         184         171         342
         326          70         490         352         463         108
         667         248         402         215
         185         179         357         515         128         334
         493         340         408         270
         342         489         431         457         311         388
         429         182         235         481
          62         101         120         567         294          75
         332         434         442         741
         321         362          26         245         406         120
         548         592         139         263
         425         618         409         466         430          45
         283         299         515         247
         272         326         404         324         419         176
         376         192         122         248
         471         111          62         283         386         486
         366         459         383         428
         457         426         336         297         262         459
          78         444         369         314
         234          32         252         294         437         554
         242          60         378         151
         201         585         216         363         173         371
         147         367         593         493
         157         201         352          80          99         331
         191         298         297         483
         301         184         226         110         300         525
         602         137         160         318
         175         448         218         403         418         334
         540         607         199         247
         117         504         115         232         225         424
         376         529         365         296
         480         229         422         287         357         203
         546         665         476         448
         551         271         397         495         507         363
         615         212         717         584
         463         321         129         327         213         376
         384         341         310         378
         544         678         472          90         103         431
         150         427         264         527
         473         582          21         126         442          90
         445         705         380          95
         126         395         598         299         578         239
         666         271         273         244
         599         401         700         702         356         112
         798         633         305         334
         166         530         646         324         620         165
         319         413         695         683
         378         563         426         511         286         380
         702         818         391         485
          93         799         323         544         854         381
         687         525         378         614
         315         467         546         462         741         394
         138         661         147          64
         573         405           4         649         654         193
         466         430         316         154
          83         239         457         683         678         752
         655         445         756         405
         602         529         659         102         698         785
         519         517         314          33
         293         361          91         109         497         719
         257         323         405         361
         425         742         226          82         531         475
         577         415         307         806
         401         450         203         312         286         583
         246          63         506         755
         677         170         377         517         675         514
         433         257         625         393
         195         478         164         581         697         600
         963         896         358         474
         275         259         253         123         105         525
         405         581         211         155
         395         433         541         355         701         259
         612         737         720         636
         604         281         519         512         589         305
         727         547         926         452
         639         690         353         522         630         548
         342         569         665         614
         620         540         438         329         202         754
         315         522         316         560
         500         455         360         449          54         231
          62         614         640         494
         593         290         416         639         448         613
         549         442         639         376
         274         313         150         269         417         724
         268         110         741         408
         484         701         398         413         154         477
         635         236         373         483
         351         238         360         517         407         374
          95          30         565         631
         567          88         482         311          37         281
         117         618         307         156
         477         567         439         580          14         469
         610          92         639         619
         372         330         612          34          89         494
         355         213         392         655
         657         458         327         110         251         209
          97         280          26         701
         171         345         117         735         403         133
         292         336         433         657
         342         360         567         737         362         173
         436         469         274         453
         287         551         498         750         312         390
         379         624         548         191
         267         413         570         483         466          14
         447         612         276          22
         158         652         370         291         191         775
         529         456         228         285
         552         483         523         109         266         107
         247         154         340         154
         435         517         458         571         739         344
         581         691         559         739
         477         293         267         312          53         470
         345         750         127         160
         155         558         154         370         277         467
         303         383         217         643
         316          65         343         198         293         437
         484         130         348         124
         414         508         476         304         431          56
         497         218         332         531
         487         538         357         423         859         439
         679         582         163         275
         769         276         557         686         516         433
         634         416         809         457
         255         348         243         362         283         553
         306         143         608         383
         513         720         417         590         213         676
         527         261         297         473
         309         224         246         683         572         359
         121         113         596         707
         706          18         359         176         106         174
         249         612         202         193
         590         639         626         679          87         470
         652           5         640         647
         250         362         691          77         199         421
         432         226         365         508
         636         463         304          44         336         288
         136         316          99         730
         235         385          41         707         366         257
         328         500         522         560
         328         261         480         515         342         294
         481         437         296         303
         283         764         526         571         296         412
         266         617         557         244
         236         357         490         372         443         103
         335         724         279         123
          89         501         331         242          88         771
         581         484         180         323
         472         668         575         150         346          49
         378         280         347         241
         366         664         437         451         606         397
         639         599         576         680
         435         319         319         356         167         437
         494         693         203         245
         253         422         248         492         323         476
         364         205         332         597
         490         113         262         227         141         418
         369         165         292         244
         523         542         592         347         519          72
         448         238         421         559
         573         688         353         351         647         519
         748         698         253         232
         518         267         274         366         264         451
         337         386         567         332
         357         226          71         207         251         544
         264          65         571         258
         380         427         219         306          23         506
         343         192         476         345
         253         285         361         507         366         405
         112         228         403         422
         464         244         339         321         211         274
         140         419         241         106
         260         443         282         487         150         400
         479         251         575         436
         434         254         570         170         140         479
         149         134         305         594
         488         400         283         212         107          98
          63          89         127         450
          38         144         268         586         449          68
         304         236         459         653
         294         341         427         480         207         224
         389         419         175         249
         250         401         429         485         396         297
         464         435         433         224
         199         402         378         479         388         205
         366         614         147         160
         168         374         233         263         225         430
         342         453         276         192
         387         355         387          50         164         210
         269         196         268          51
         387         400         323         482         594         137
         427         508         482         538
         323         155         103         180         143         395
         229         492         208         176
         162         354          13         332         150         378
         208         478         290         310
         210         115         207          75         323         237
         251          32         533          33
         276         323         325         350         447         239
         299          80         225         314
         315         373         380         405         567         511
         625         387          15         239
         205         227         376         288         468         132
         568         150         263         151
         442         171         519         519         141         117
         646         450         410         255
         181         376         442         292         464         176
         260         277         464         519
         281         307         332         534         183         197
         413         601         377         488
         189         519         151         484         656         248
         625         534         263         282
         351         394         427         392         529         148
          74         513         290         109
         369         338         160         458         549          45
         490         302         176          98
         201         117         253         469         490         574
         452         408         455         390
         483         288         425         204         449         543
         268         471         232         145
         127         231          91          98         446         679
         103         128         355         124
         235         667         108         214         287         336
         321         305         277         667
         235         386         230         135          62         424
         123         132         274         624
         367          37         191         252         451         583
         503          40         285         316
          98         414          61         414         526         475
         812         573         170         353
          79         239          87          47         137         476
         296         459         253         134
         268         317         555         210         560          52
         446         545         598         565
         526         226         526         302         514         168
         508         336         645         465
         563         410         188         383         454         438
         335         322         525         395
         593         464         366         152          83         526
         100         471         296         376
         465         560         206         362         247         166
         295         447         474         221
         254         160         550         339         470          29
         562         204         438         274
         312         224         430         738         190         235
         800         472         496         307
         264         579         686         473         431         272
         350         284         328         629
         167         274         246         517         230          93
         506         579         368         727
         228         536         108         330         605         248
         524         523         182         398
         365         561         416         527         463          87
         178         426         415         215
         383         429         277         402         528          69
         539         321         156          90
         306          26         190         456         553         439
         408         480         484         421
         558         420         339         228         296         414
         185         514         281         182
         226         153         155         148         439         646
         193          68         433         168
         220         580          71         327         290         408
         308         481         498         548
         211         243         312          32          43         492
         204         211         301         622
         348         137         287         236         350         516
         494          82         260         332
         154         483          99         501         515         420
         603         656         206         445
          23         348         110         111         165         462
         488         750         268         157
         442         314         479         340         578         167
         535         694         553         475
         629         331         457         534         478         272
         647         275         590         491
         715         486         260         390         378         427
         404         462         389         426
         628         512         530         171          39         481
         127         491         344         533
         541         494         126         250         315          29
         353         741         468         194
         604         345         393         521         346         680
         426         501         695         390
         531         418          52         103         381         563
         129         100         535         427
         639         460         235         439         108         550
         537         262         529         322
         385         305         478         617         520         603
         161         162         522         515
         559         217         468         351         173         316
          57         410         358         195
         361         494         370         540         141         509
         697         276         577         714
         457         363         832         136          46         557
         192         287         415         635
         678         589         394         220         148         105
          93         191         161         496
         113         284         269         591         605          47
         374         304         548         550
         329         475         756         727         235          93
         512         415         248         475
         354         501         614         691         388         398
         453         498         681         102
         365         556         591         461         601         152
         363         718         211         140
         220         518         292         458         359         584
         344         591         293         317
         484         392         497         123         125         256
         178          78         374         175
         466         553         506         625         652         273
         529         579         635         792
         503         329         131         302          94         401
         340         473          92          32
          45         439          86         416         166         522
         211         387         119         456
         174         114         364         160         437         327
         342         120         476         108
         309         393         334         367         568         216
         444          93         419         442
         343         365         510         546         751         554
         742         459         150         389
         531         149         331         475         379         383
         563         326         403         224
         241         115         153         274         164         385
         304         103         478         277
         410         542         307         401         146         323
         303         102         360         357
         202         155         248         493         355         345
         117         197         433         614
         525         175         284         309         207         131
         211         376          99          16
         380         507         407         434         187         241
         367         162         595         410
         261         209         540         150         263         397
         240          53         155         398
         568         274         190         124         226         231
         112         179         169         495
         193         229         176         543         373         213
         236         237         378         567
         229         230         414         396         246         272
         296         241         201         229
         114         527         380         553         219         262
         281         351         464         315
         113         374         341         268         347         164
         262         492          90         246
         112         354         147         143         175         508
         304         296         174         175
         265         334         429         134         289         124
         406         268         215          74
         367         408         264         379         507         218
         404         541         385         532
         299         151         210         220         212         264
         333         485         276         236
         294         300         174         325         280         309
         337         336         415         457
         320         121         106          47         225         258
         239         102         323         107
         281         539         318         216         270         260
         262         165         189         418
         359         451         279         271         632         346
         626         461         116         136
         533         559         162         411         154         732
          38         414         368         503
         784         510         554         452         442         491
         476         583         280         384
         554         156         276         287         473         429
         335         603         957         134
         679         733         709         133         487         813
         483         690         268          86
         624         787         706         796         690         584
         624         144         556         573
         297         186         212         142         615         622
         531         570         517         601
         754         343         700         614         437         526
         291         495         647         831
         647         815         656         699         363         394
         530         346         516         262
         365         351         601         694         705         497
         671         263         343         652
         530         762         726         587         267         564
         498         521         399         493
         560          13         802         501         872         252
         934         237         308         643
         662         976         467         613         685         645
         554         584         474         602
         568         678         476         602         725         189
         178         564         580         420
         503         219         679         449         353         644
         561         535         552         389
         578         327         650         724         729         236
         204          74         432         772
         289         421         333         362         509         446
         220          80         664         555
         546         371         493         223         340         358
         324         825         553         112
         292         543         628         559         801         170
         342         395         791         541
         182          82         218         497         620         692
         548         453         308         151
         223         113         693         864         667         820
         777          85         472         711
         339         556         134         189         238         655
         132         355         189         329
         822         393         446         608         420         338
         615         531         158         302
         329          19         366         123         435         286
         169         548         763         216
         631         534         576           8         275         679
         488         609         145          98
         374         608         642         816         676         689
         646          91         470         469
         170          54         125          51         664         568
         378         746         370         406
         715         217         533         536         639         522
         304         533         464         624
         344         497         680         747         378         487
         565         335         709          64
         364         288         581         613         725         441
         702         301         257         562
         310         681         432         448         215         661
         315         559         281         343
         494         146         443         353         564         225
         819         153         183         726
         641         599         277         540         492         645
         371         526         381         655
         633         372         337         612         628          54
         200         406         579         360
         328         112         549         558         439         652
         546         532         332         483
         499         197         528         528         441         325
         121          96         256         606
         130         300         327         311         485         397
         284         174         598         565
         544         228         449         142         310         300
         311         705         662         109
         444         559         417         491         546         183
         195         414         800         461
         329         125         154         423         544         563
         435         510         229          93
         186          97         710         656         616         609
         424         226         419         516
         336         211         253         258         307         331
         449         163         355         108
         405         105         236         410         154         352
         345         240         334         137
         289         401         263         235         160         284
         259          95         460         351
         271         271         324         436         176         293
         219         296         225         453
         386         284         270         369         280         235
         366         311         181         125
         212         289         235         399         329         298
         336         311         349         402
         410         129         411         245         329         280
         201         114         156         443
         445         274         232         289         154         224
         186         164         295         346
         223          87         298         441         425         235
         306         201         241         421
         129         218         341         429         163         346
         167         268          68         124
          88         395         344         418         385         145
         415         204         380         462
         154         470         208         302         316         292
         150         414          31         342
         254         249          44         243         251         435
         295         240         282          44
         179         310         344         203         247         277
         432         391          85         129
         290         282         242         249         370         217
         299         393         298         440
         236          16         233          65         359         176
         277         552         363         285
         306         157         170         192         205         217
         269         360         426         260
         378         252         125         113         319         186
         147         147         454         145
         314         297         278         191         263         301
         196         229          85         229
         209         349         316         379         379         305
         541         311         165         188
          27         336         383         157         487         364
         548         148         178         263
         610         363         568         612         314          49
         684         616         162         231
          57         364         527         270         513          61
         145         320         694         404
         459         472         598         416         177         399
         544         666         272         351
          44         634         372         592         752         540
         745         376         461         380
         238         316         300         396         619         363
          93         675          88         115
         723         366         105         677         530         181
         496         478         252         286
          83         337         461         500         571         536
         546         391         529         277
         567         421         498         212         577         681
         451         490         158         126
         253         312         150         204         448         637
         164         284         324         238
         314         604         285          51         633         280
         571         207         192         619
         510         645         101         357         232         647
         268         147         422         589
         551         164         331         395         613         350
         422         191         410         314
         200         251         207         433         659         614
         925         567         261         408
         317         127         294         188         164         391
         259         446         111         212
         244         314         462         280         586         230
         539         553         739         717
         573         204         599         350         504         146
         610         576         710         456
         696         601         334         388         464         412
         268         418         584         535
         432         518         391         310         270         571
         216         453         245         417
         347         469         418         521         159         375
         196         514         403         468
         464          39         421         401         521         253
         597         249         415         201
         197         109         324         575          83         401
         508         229         506         313
         292         476         513         335         287         305
         414          93         326         445
          32          64         136         524         279         140
         189         270         388         669
         385         262         101         163         374          48
         323         432          28         174
         306         418         444         527         245         184
         366         231         401         378
         229         252         428         320         419         205
         362         121          87         351
         493         205          53         249         372         317
         221         266         264         489
         261         265         241         386         261         272
          75         456         298         440
         181          66         329         274         378         520
         208         158         257         161
         116         664         333         468         146         350
         155         365         407         509
          54         184         369         170         190         319
         147         418         192         264
         137         294         206          37         160         616
         460         223          96         211
         270         407         299         222         361         249
         491         340         191         252
         189         446         171         239         373         406
         421         722         319         373
         318         171         293         234         298         215
         488         644         376         394
         336         340         280         427         411         310
         470         163         537         445
         543         252          50         216         156         393
         334         261         281         243
         388         510         491          81         176         342
         178         356         288         485
         392         507          93         168         530         179
         521         529         256          23
         569         302         455         519         382         475
         498         379         659         368
         337         244          83         284         337         460
         213          39         540         424
         584         595         310         437          97         467
         381         212         390         347
         326         222         254         465         350         393
          41         107         383         537
         659         135         349         336         137         216
         110         468         215         116
         417         512         430         600          55         425
         527         164         636         552
         387         346         635          66         100         485
         224         152         253         478
         621         509         288         101         176         141
          23         167          66         536
         138         195         169         683         364          78
         371         339         421         503
         353         327         643         476         230         242
         485         325         269         258
         244         441         606         625         348         363
         300         536         499         198
         176         418         511         431         505          72
         372         642         178          83
         151         404         283         283         215         562
         377         451         217         211
         369         369         529          37         173         120
         268         159         353         111
         484         481         453         484         576         255
         429         621         574         567
         406         190         189         236          86         380
         300         492         140         132
         191         378          91         430         264         344
         246         395         263         535
         247           7         226         113         264         296
         317          74         452          71
         330         530         423         302         506         108
         302         156         322         453
         409         546         374         389         800         408
         728         505          86         245
         413         418          53         199          98         631
          81         360         293         374
         637         412         480         378         459         338
         389         361         289         199
         400         104         202         144         368         334
         200         445         658         142
         561         539         502         114         280         705
         395         651         133         114
         473         588         551         771         545         600
         403           8         441         425
         141         166          86          69         601         534
         403         597         349         446
         757         205         622         499         370         413
         241         439         446         639
         564         579         523         630         246         385
         369         285         466         120
         372         187         588         652         792         363
         519         161         263         596
         373         469         439         527         150         600
         388         524         270         323
         423         136         552         394         692         180
         634         145         274         518
         562         568         294         651         470         617
         384         499         286         438
         601         542         351         452         563         138
          71         431         507         235
         385          77         479         360         333         445
         541         411         415         391
         543         283         528         523         476         176
         123         105         264         574
         152         299         257         284         591         363
         123         137         523         379
         442         306         318          92         213         304
         263         737         396          12
         273         413         445         396         650         122
         205         385         829         359
         195          48          74         511         516         600
         489         397         275          47
          93           6         583         555         685         563
         674         106         314         526
         152         551         337          77         314         526
         345         248          26         247
         533         372         646         690         422         258
         792         464          14         193
         192         213         407         180         421         194
         115         415         832         373
         452         524         549         181         189         570
         535         810         169         228
         184         629         391         831         739         469
         713         269         502         518
         177         123         271         223         759         585
         263         629         141         298
         798         239         349         721         694         368
         453         499         466         503
         246         515         505         735         455         526
         579         451         729         126
         490         380         721         395         644         481
         554         437         137         358
         363         488         257         367         305         654
         218         399         325         399
         459         329         450         263         575         248
         645         178          13         831
         469         578         139         441         433         774
         353         308         367         671
         541         292         279         642         722         203
         277         315         701         401
         282         218         411         455         482         714
         623         563         291         539
         357          42         394         355         382         437
         151         292          98         447
         152         309         445         295         579         315
         411         392         780         738
         602         200         554         230         410         195
         454         685         770         245
         645         634         394         470         753         279
         218         579         643         527
         411         248         263         478         413         717
         294         596         282         237
         323         296         521         686         384         523
         369         345         414         473
         516         347         308         374         239         598
         353         382         546         378
         470         258          81         160         276         427
         170         147         530         305
         511         382         122         292          70         477
         449         248         609         190
         379         314         487         396         434         432
         168         215         295         380
         528         293         422         494         244         413
         171         255         359         202
         358         493         234         347         226         401
         588         337         635         538
         538         190         703         194         146         480
          85         191         362         539
         627         437         462         320          44          24
         128          71         223         356
          55         171         374         712         474         101
         484         158         427         671
         284         465         456         581         134         185
         466         486         137         321
         248         327         580         492         384         210
         487         311         482         251
         362         447         465         397         507         258
         389         506         165         233
         252         515         282         420         328         406
         242         429         369         193
         381         316         498         124          83         286
         290         231         296         110
         536         491         389         579         700         128
         338         465         368         712
         368         215           8         231         213         409
         173         518         170         147
         102         384          81         272          63         393
         106         389         204         306
         152         161         295         181         393         192
         249         102         659          90
         156         313         228         391         531         257
         398          21         233         350
         218         372         511         434         696         496
         605         331         104         340
         260         417         115         100         178         549
         182         190         165         214
         476         349         453         488         361         344
         449         321         199         109
         201          97         273          14         384         206
         108         366         819         190
         392         505         581         160         163         477
         374         497          28         228
         282         567         425         666         450         408
         503         130         364         428
          33         109          56         107         407         546
         359         446         222         322
         589         136         447         497         381         420
         190         377         343         457
         349         373         482         460         230         362
         466         263         451          78
         404         171         450         423         714         340
         445         204         128         445
         258         452         311         465         141         556
         258         332         156         278
         309         260         431         288         527          83
         571          26         211         589
         462         603         150         402         331         518
         223         420         286         611
         401         359         239         376         600         187
         113         315         511         163
         228          38         419         464         419         530
         582         458         206         326
         491         172         405         366         497         202
          26         175         166         508
          24         194         265         169         468         338
         172         267         477         445
         502         116         327          68         277         164
         287         586         582         118
         428         448         411         350         598         157
          93         331         689         384
         224         195          79         329         402         612
         286         388         157         100
         132         162         388         676         427         445
         421         184         294         382
         208         331         426         385         490         140
         556         215         340         308
         387         239         494         796         291         158
         834         614         425         386
         205         483         545         370         639         239
         390         359         583         508
         305         322         421         428         221         261
         537         728         382         661
         192         487         257         518         639         396
         747         650         362         366
         399         410         484         436         596         180
         113         683         230          60
         595         368         133         514         641          69
         618         427         244          53
         225         128         302         444         513         640
         586         572         640         395
         641         534         435          77         412         600
         290         538         339          85
         225         290          59          17         473         655
         185         181         509         275
         277         642          64         198         388         458
         429         380         314         875
         368         418         249         153         131         600
         200          79         379         758
         477          97         294         405         566         480
         617         134         468         363
         187         404          50         475         579         576
         773         809         220         540
         156         408         147          59          11         511
         397         514         326          29
         385         387         500         323         771         165
         619         639         696         792
         788         239         572         522         635         290
         525         404         738         557
         570         604         296         444         382         528
         316         607         409         544
         675         633         484         271         112         585
         193         519         320         511
         561         451         239         423         137         176
         164         582         440         309
         692         188         649         548         486         405
         664         344         636         310
         123         256         275         534         283         488
         435         242         585         422
         529         580         508         462         272         577
         487         173         180         509
         137          87         117         711         446         281
         170         191         548         591
         651         133         221          84         260         113
         310         569         176         152
         399         559         425         747         205         324
         471         148         713         610
         128         399         509         161         251         450
         367         151         198         475
         624         320         173         125         343         368
         277         369         207         733
         346         346          80         617         182         316
         137         444         431         491
         346         226         496         427         494         385
         353         277         423         325
         246         669         379         638         120         519
         133         476         551         430
         129         163         590         348         378         177
         382         485         278         273
          84         460         299         145          30         780
         607         288          45         377
         374         592         352         269         499         125
         430         376         269         207
         367         526         347         430         580         506
         468         822         542         423
         493         262         303         383         314         367
         603         899         412         416
         340         390         294         508         347         420
         448         131         507         596
         448         200         208         234          31         488
         400         266         231         209
         589         708         592         271         284         191
         284         413         407         549
         561         561         241         161         729         270
         743         499         234         191
         177         305         263          79         305         289
         290          91         130         126
         487         250         504         637         255         150
         646         364         137          91
          99         248         327         121         436          95
          67         237         613         412
         419         351         475         203          41         315
         467         510         130         335
         156         471         326         600         619         452
         573         216         327         330
         137         238         175         296         417         391
         197         508         192         262
         647         192         231         472         503         215
         362         252         261         359
         261         363         352         450         345         472
         364         337         545         188
         405         199         575         273         621         510
         465         297          24         260
         133         337         262         264         281         693
         102         311         231         176
         270         447         345         172         410         125
         432         135         136         484
         313         498          30         278         314         444
         171         283         263         524
         475         207         150         436         503         229
         227         214         515         245
         153         149         222         447         479         413
         730         599         204         396
         272         129         261         202         299         259
         110         386          60         300
         109         260         318         150         486         197
         256         396         533         496
         459          54         391         188         348          36
         363         469         700         231
         395         371         272         381         565         212
         133         368         605         305
         355         298         210         254         301         472
         162         363         113         267
         254         323         373         464         296         400
         300         423         424         291
         314         149         330         224         366         206
         466         125         405          70
         320          61         388         476          69         203
         577         259         321         140
         175         388         321         278         340         231
         212         118         447         427
         186         207         296         353         133         230
         245         384         287         410
         298         350         139         309         373         220
         422         345         119         178
         241         332         327         368         411         225
         193         295         372         303
         310         239         299         412         427         149
         275         167          74         225
         317         201         174         392         238         290
         275         289         393         293
         334         250         336         268         428         335
         221         376         168         286
          33         182         270         285         237         513
         113         141         195           8
          49         450         210         253         364         225
         376         280         421         497
         206         281         165         201         137         432
          42         294         153         353
         253         135          72         174         363         359
         295         140         283         135
          70         315         222         316         358         342
         467         464          16         251
         143         305         101         162         252         312
         289         428         204         315
         225         155         330         160         428          98
         364         598         532         483
         357         133         312         303         349         175
         449         341         584         350
         508         363         113         249         265         317
         186         224         394         233
         322         473         315         106         153         410
          54         271         139         297
         295         358         161         292         401         204
         338         436         286         120
         645         296         725         773         708         292
         695         537         719         479
          97         427         561         613         388         537
         726         464         773         490
         522         865         580         752         451         547
         623         308          23         803
         191         184         146         775         593         293
         369         345         572         825
         586         274         329          98         357         185
         535         802         308         336
         714         725         650         896         323         300
         488         265         773         525
          83         610         560         301         564         492
         598         370         273         445
         652         394         188         351         449         468
         379         591         394         647
         507         550         245         539          26         473
         154         573         550         619
         430         222         550         473         486         655
         437         344         597         385
         353         768         444         510         105         648
          87         664         833         652
         256          67         634         312         299         377
         414         629         499         405
         311         446         418         235         180         695
         627         433         170         469
         499         802         358         372         713         339
         755         429         437         497
         385         631         314         440         403         512
         806         945         540         487
         731         532         576         414         469         513
         658         886         534         461
         644         657         544         565         569         469
         764          61         574         743
         689         387         371         384         169         708
         612         422          31         398
         665         735         698         291         387         406
         405         629         591         646
         576         886         220         139         576         316
         634         789         413         230
