16 50
58268.0 17500.0
58268.0 17500.0
58268.0 17500.0
58268.0 17500.0
58268.0 17500.0
58268.0 17500.0
58268.0 17500.0
58268.0 17500.0
58268.0 17500.0
58268.0 17500.0
58268.0 0.0
58268.0 17500.0
58268.0 17500.0
58268.0 17500.0
58268.0 17500.0
58268.0 17500.0
146.0 87.0 672.0 1337.0 31.0 559.0 2370.0 1089.0 33.0 32.0 5495.0 904.0 1466.0 143.0 615.0 564.0 226.0 3016.0 253.0 195.0 38.0 807.0 551.0 304.0 814.0 337.0 4368.0 577.0 482.0 495.0 231.0 322.0 685.0 12912.0 325.0 366.0 3671.0 2213.0 705.0 328.0 1681.0 1117.0 275.0 500.0 2241.0 733.0 222.0 49.0 1464.0 222.0 
6739.72500 3204.86250 4914.00000 32372.11250 1715.46250 6421.51250 81972.37500 33391.46250 2020.83750 1459.60000 141015.43750 17684.50000 38207.62500 1953.73750 17181.56250 25640.85000 7031.42500 78453.70000 9452.71250 8597.06250 1581.27500 23170.98750 12087.56250 4883.00000 24063.87500 4124.03750 281463.00000 11056.76250 8585.62500 12480.18750 3727.76250 4673.02500 13451.68750 372672.60000 9745.93750 12055.12500 97602.71250 60774.51250 54470.06250 7146.30000 38011.61250 39723.31250 16111.56250 16981.25000 168663.26250 57109.86250 15576.07500 2542.48750 34056.30000 7095.67500 
10355.05000 5457.07500 26409.60000 29982.22500 2152.17500 23701.60000 28499.25000 26544.37500 2480.77500 1995.20000 205925.12500 32069.40000 42477.35000 5044.32500 36054.37500 35602.50000 10492.05000 92515.80000 12441.27500 14113.12500 2030.15000 48702.45000 19877.32500 12851.60000 39682.50000 12148.85000 406770.00000 22113.52500 22449.15000 25455.37500 11116.87500 13346.90000 35106.25000 229188.00000 18070.00000 18181.05000 73603.55000 63568.42500 65177.25000 8618.20000 70728.07500 52917.87500 20714.37500 32575.00000 210766.05000 66703.00000 18481.50000 3928.57500 34221.00000 11999.10000 
7650.40000 3845.40000 19622.40000 21024.32500 1577.90000 16197.02500 43134.00000 6370.65000 1869.45000 1402.40000 104130.25000 15322.80000 15319.70000 4089.80000 25399.50000 25154.40000 6305.40000 36644.40000 7754.45000 10500.75000 1326.20000 36072.90000 9670.05000 10822.40000 24603.15000 8180.67500 325852.80000 11424.60000 14122.60000 22151.25000 8229.37500 7880.95000 25927.25000 203364.00000 12049.37500 11400.90000 59561.97500 27330.55000 52117.12500 6428.80000 39587.55000 32225.45000 15620.00000 23312.50000 169251.52500 53124.17500 14368.95000 3020.85000 24448.80000 7886.55000 
5219.50000 2396.85000 13876.80000 29681.40000 1061.75000 10383.42500 65767.50000 16770.60000 1324.95000 869.60000 12638.50000 8429.80000 15832.80000 3428.42500 16297.50000 15763.80000 2542.50000 27445.60000 3542.00000 7254.00000 693.50000 26166.97500 3801.90000 8930.00000 11050.05000 5611.05000 253234.80000 5582.47500 7458.95000 19069.87500 5826.97500 4330.90000 17347.62500 322800.00000 7198.75000 5307.00000 83331.70000 30982.00000 40378.87500 7822.80000 15801.40000 13627.40000 11041.25000 16250.00000 131938.87500 40919.72500 10672.65000 2205.00000 31329.60000 4190.25000 
5776.12500 2628.48750 9147.60000 21275.01250 1250.46250 7483.61250 58805.62500 13571.66250 1525.83750 1050.80000 46089.31250 1231.70000 11526.42500 2289.78750 15828.56250 18421.65000 3918.27500 23562.50000 5082.13750 7875.56250 924.82500 23493.78750 2252.21250 6798.20000 13644.67500 2952.96250 264755.40000 2430.61250 6609.42500 15598.68750 4628.66250 2861.77500 15249.81250 261306.60000 7592.81250 7379.47500 65940.33750 20497.91250 44494.31250 5211.10000 16494.81250 20427.13750 12598.43750 16268.75000 144628.53750 45381.86250 12024.07500 2361.18750 21905.10000 4847.92500 
6641.17500 3220.08750 14977.20000 20071.71250 1363.61250 12332.93750 48555.37500 8861.73750 1646.28750 1181.20000 66146.06250 9073.90000 5185.97500 3530.31250 21148.31250 21255.75000 4743.17500 23034.70000 6005.58750 9152.81250 1063.52500 30494.51250 5847.48750 9435.40000 18976.37500 5851.16250 294457.80000 7436.08750 10790.77500 19892.81250 6632.58750 5655.12500 21192.18750 229995.00000 9802.81250 8870.92500 56946.38750 15076.06250 47243.81250 5621.10000 27925.61250 24504.18750 13719.06250 19856.25000 153760.61250 48057.31250 12834.37500 2682.13750 20807.10000 6351.97500 
4374.52500 1838.96250 21848.40000 64292.98750 1524.03750 15840.66250 138615.37500 51550.53750 1817.06250 1133.20000 198300.81250 32781.30000 62653.17500 5553.76250 7310.81250 18478.05000 6856.27500 126332.70000 10274.96250 5467.31250 1628.77500 14919.41250 19650.03750 11943.40000 20197.37500 11613.86250 211356.60000 19279.01250 11525.82500 23976.56250 6476.66250 9623.77500 16808.18750 681269.40000 5780.93750 10865.62500 185247.83750 97731.61250 47631.56250 15256.10000 49862.66250 41119.56250 12502.18750 9331.25000 134768.13750 52583.58750 14205.22500 1756.03750 69009.30000 4903.42500 
3847.10000 2266.35000 35330.40000 80186.57500 955.57500 27251.25000 155294.25000 57907.57500 1211.92500 546.40000 220212.12500 41335.40000 71210.95000 8308.30000 21709.50000 8135.70000 7119.00000 141375.00000 10214.87500 6371.62500 1619.75000 33813.30000 23844.52500 18148.80000 24684.55000 17111.17500 210756.00000 25460.12500 20448.85000 34080.75000 11884.95000 14610.75000 32845.75000 810550.80000 10692.50000 10202.25000 222003.72500 114578.07500 34351.12500 19762.00000 62659.27500 40854.27500 7885.62500 20750.00000 109304.77500 39050.57500 10134.30000 1983.27500 86632.20000 6421.35000 
6429.47500 3117.86250 15111.60000 25921.08750 1318.66250 12444.73750 53176.87500 10985.28750 1593.48750 1134.80000 58178.31250 9254.70000 11563.07500 3558.91250 20779.31250 20437.95000 4415.47500 11423.10000 5638.73750 8870.06250 1008.42500 30655.91250 6260.73750 9496.20000 17796.07500 5918.56250 289434.60000 7551.48750 10887.17500 19991.81250 6678.78750 5719.52500 21329.18750 258078.60000 9607.81250 8340.22500 73007.01250 24757.93750 46820.81250 7047.90000 26917.01250 22884.53750 13320.31250 19556.25000 150511.16250 46994.46250 12512.47500 2611.08750 27212.10000 6030.07500 
5396.52500 2582.81250 23679.60000 69206.46250 1789.08750 17769.21250 147325.12500 57376.68750 2099.21250 1406.80000 241573.93750 37595.10000 70496.27500 5947.01250 12569.06250 23300.25000 8788.57500 144881.10000 12438.11250 6729.93750 1953.67500 11166.86250 22873.38750 11616.60000 27157.07500 12852.33750 239639.40000 22351.53750 14092.47500 23444.43750 6101.28750 11338.42500 15695.06250 728398.20000 8559.68750 13994.92500 198738.76250 109515.83750 53659.31250 16305.70000 61965.86250 50669.91250 14853.43750 9543.75000 149278.61250 58814.08750 16103.32500 2073.31250 74352.90000 6801.52500 
5219.50000 2296.80000 9828.00000 23096.67500 1133.05000 7029.42500 56998.50000 12741.30000 1395.90000 928.80000 25277.00000 2463.40000 10371.95000 2434.57500 14621.62500 16271.40000 3062.30000 22846.20000 4123.90000 7312.50000 780.90000 22333.72500 0.00000 7106.00000 10541.30000 3268.90000 248102.40000 1601.17500 5916.55000 16099.87500 4440.97500 2398.90000 14693.25000 261790.80000 6353.75000 5984.10000 65986.22500 20525.57500 42775.87500 5658.00000 10086.00000 16196.50000 11550.00000 14550.00000 136084.72500 42605.62500 11183.25000 2174.37500 23899.80000 4001.55000 
4182.90000 1779.15000 19303.20000 48700.22500 1015.25000 13919.10000 102384.00000 33595.65000 1275.45000 768.80000 97536.25000 19775.00000 38482.50000 4897.75000 11931.00000 12619.50000 2712.00000 74042.80000 5635.57500 5869.50000 931.95000 20982.00000 10703.17500 10898.40000 5270.65000 9073.72500 222222.00000 11698.67500 8953.15000 22275.00000 6843.37500 6931.05000 19385.50000 512606.40000 4891.25000 4154.10000 137295.40000 63513.10000 39250.87500 11939.20000 22567.42500 20636.57500 10071.87500 13087.50000 124879.72500 40553.22500 10561.65000 1857.10000 51935.40000 2614.05000 
7391.25000 5115.60000 57472.80000 135170.70000 2005.70000 45474.65000 259515.00000 105796.35000 1940.40000 1950.40000 461992.12500 79235.60000 135275.15000 13134.55000 39913.50000 35094.90000 17458.50000 274079.00000 21789.62500 9506.25000 3066.60000 56025.97500 46945.20000 28226.40000 59259.20000 29479.07500 124051.20000 49650.85000 37089.90000 50490.00000 18722.55000 26701.85000 53121.75000 1361570.40000 21336.25000 26946.75000 378755.42500 209073.17500 40960.50000 32644.20000 133135.20000 91957.02500 13193.12500 32087.50000 89976.15000 45922.45000 14940.60000 2006.55000 147937.20000 14979.45000 
5038.82500 2189.13750 11180.40000 40527.81250 1379.88750 6966.53750 96429.37500 32220.78750 1663.61250 1145.20000 106122.18750 16712.70000 36631.67500 3283.63750 11169.93750 19253.55000 5031.32500 75211.50000 8073.86250 6695.81250 1298.17500 17380.76250 10145.28750 7117.40000 14845.32500 5623.68750 238875.00000 9022.83750 2958.27500 16118.43750 3693.11250 3900.22500 10951.43750 451435.80000 5951.56250 8459.17500 119995.81250 58395.53750 48318.93750 9417.70000 23134.76250 31401.66250 13052.18750 12481.25000 142499.58750 49175.13750 13172.92500 2064.73750 42986.70000 4503.82500 
10349.57500 5399.43750 22957.20000 60515.96250 2512.93750 20326.63750 131920.12500 60071.96250 2869.76250 2314.80000 288418.81250 41956.90000 77569.72500 4634.98750 32479.68750 39867.75000 13093.87500 159433.30000 16239.43750 13554.93750 2600.62500 40178.51250 26881.91250 7725.40000 44597.02500 13172.48750 392519.40000 26549.21250 20575.37500 8049.93750 8596.08750 13310.67500 27888.06250 644793.00000 17830.31250 21470.47500 174969.03750 114439.76250 73399.31250 13583.30000 81255.33750 69686.83750 23103.43750 27518.75000 224408.13750 75966.28750 21287.02500 3788.31250 64873.50000 12617.92500 
6051.70000 2838.37500 15489.60000 52911.77500 1823.57500 10956.40000 118381.50000 46527.52500 2135.92500 1500.80000 185456.25000 28589.00000 55891.25000 4204.20000 14375.62500 24957.00000 8294.20000 114834.20000 11726.55000 7707.37500 1846.80000 15978.60000 17728.42500 7911.60000 26495.70000 8745.15000 261534.00000 16963.80000 9917.15000 17411.62500 3285.97500 7961.45000 7346.62500 575875.20000 9514.37500 13697.55000 155375.07500 87468.82500 55712.62500 12308.20000 47404.20000 47528.35000 15654.37500 12525.00000 160511.62500 61003.92500 16755.45000 2318.92500 56510.40000 7448.10000 
