50 100 200
17
18
13
17
11
12
14
14
17
20
16
11
11
12
17
13
10
20
13
10
14
20
17
12
16
15
12
10
15
16
18
13
12
17
17
11
18
20
19
12
20
16
18
12
13
11
14
13
12
19
14
12
14
18
19
14
15
16
13
15
15
16
16
20
15
13
14
18
14
15
20
14
16
17
13
17
12
18
19
11
16
10
14
13
11
17
16
20
14
11
15
18
16
20
12
10
12
13
10
17
13
14
19
18
19
10
11
17
15
18
18
18
14
11
12
18
10
16
17
15
14
10
10
11
16
17
12
19
16
14
12
18
14
20
20
15
18
20
12
20
18
18
18
20
10
17
19
12
14
13
18
16
20
16
11
16
12
11
10
12
14
20
10
11
15
11
17
18
10
17
14
15
18
13
19
12
17
20
13
18
12
10
17
12
10
14
15
12
13
13
15
10
10
18
13
18
11
12
11
14
1442 25110
1040 27721
1295 24466
1194 25722
1411 20701
1006 23828
1093 26488
890 25782
1308 25327
1143 20954
1075 26249
1224 23260
1088 24447
1479 24102
1083 25832
1314 24501
1037 26960
934 29469
1231 22301
1129 25733
1088 21986
1377 20332
1478 20576
978 27680
889 20817
1401 20043
1241 26367
1132 20886
903 24028
1210 21821
1168 21435
1374 24087
929 21478
1128 20677
1339 29442
1450 27377
1161 23461
1412 24202
954 29194
1463 24108
1456 20565
1018 29162
1292 20986
890 29908
972 28844
1445 27887
987 22858
945 25082
1172 21736
1173 29739
43 38 36 38 45 36 41 40 41 43 41 43 45 42 40 42 43 39 38 35 43 42 41 42 42 41 45 41 36 38 44 45 37 39 45 39 39 44 37 38 39 41 42 41 42 38 42 41 38 41 38 35 35 45 43 38 42 42 41 36 35 39 37 43 41 38 44 37 37 40 38 35 36 43 40 40 37 45 43 45 40 39 43 44 35 40 39 43 40 45 43 37 35 45 41 38 42 45 35 45 
36 38 41 42 39 35 44 39 41 35 40 41 44 36 38 38 43 41 40 37 39 38 41 37 43 39 36 40 44 39 42 38 45 42 35 38 36 44 39 44 42 39 42 36 41 44 45 43 35 35 41 43 43 43 37 44 38 37 36 35 40 37 43 40 37 38 38 41 35 41 43 35 44 45 36 39 39 44 36 41 44 36 39 40 44 42 37 43 44 40 43 38 39 43 37 36 36 43 37 35 
44 36 36 37 44 42 43 37 38 41 43 39 36 41 35 45 41 40 37 37 41 44 38 37 44 38 42 37 42 35 44 44 42 44 38 38 41 41 43 41 40 37 44 36 41 41 44 38 43 37 40 45 42 35 43 42 38 35 37 39 36 38 39 40 35 35 42 38 38 37 41 38 45 39 38 36 45 40 35 38 38 36 45 43 42 45 43 44 35 38 43 40 41 36 36 41 42 35 36 37 
37 43 44 38 41 42 36 35 39 40 40 40 38 41 44 35 36 36 38 38 44 37 36 41 36 43 45 36 42 36 42 36 35 45 44 37 38 41 43 45 37 38 42 39 35 42 44 43 42 36 43 37 42 41 40 41 36 43 38 41 39 42 40 36 45 38 43 38 42 41 36 44 45 44 36 40 43 41 39 45 41 42 36 40 36 41 35 41 41 39 43 44 44 39 42 40 38 40 43 35 
38 40 44 45 37 43 40 42 36 37 41 41 36 37 40 45 43 45 35 42 44 41 39 37 40 35 39 39 41 42 39 35 39 40 42 42 36 35 45 45 41 39 36 42 36 42 40 37 37 35 42 39 38 39 43 40 41 35 40 37 40 44 40 37 42 40 43 42 42 38 44 39 35 41 44 38 40 44 35 43 43 38 43 38 44 39 36 35 37 40 38 35 40 41 40 44 44 44 36 35 
41 38 39 38 45 45 35 41 42 36 44 43 39 42 45 42 41 39 39 41 39 43 39 43 35 40 39 43 35 39 44 36 40 39 39 41 44 45 39 41 39 42 39 40 37 45 44 36 39 40 43 38 45 36 39 40 39 37 40 42 42 40 43 41 39 44 35 37 43 36 45 42 45 42 44 37 45 36 44 45 35 36 43 38 45 40 35 37 36 45 44 35 39 37 37 37 45 44 43 45 
42 40 42 40 38 37 41 42 35 35 41 45 41 42 38 40 36 41 36 37 38 44 43 43 38 35 45 43 39 35 41 41 41 37 36 38 44 37 39 35 44 36 36 37 40 44 43 42 45 44 38 36 42 35 37 37 45 43 38 42 40 38 36 44 38 45 36 41 45 44 41 39 41 45 37 36 38 42 37 43 42 38 41 38 37 41 39 43 41 35 37 43 42 41 42 35 42 38 37 42 
45 41 37 39 45 43 36 35 36 37 38 45 38 38 41 35 39 36 38 44 36 43 38 44 38 44 38 42 39 37 44 40 40 45 45 36 40 39 44 40 36 39 35 39 38 43 37 43 39 41 43 38 35 35 45 37 43 37 44 42 42 36 40 38 40 41 41 40 38 39 45 45 36 37 41 42 37 35 37 36 40 45 43 44 41 38 44 43 43 40 44 36 38 35 39 44 42 37 40 36 
45 37 39 38 44 42 39 45 43 41 44 36 44 35 36 36 42 40 38 39 45 38 35 39 44 35 42 44 35 44 43 40 45 41 45 40 36 43 41 40 38 43 45 35 42 35 41 45 45 42 36 39 42 42 42 43 43 39 44 44 37 40 35 37 36 43 43 39 41 36 42 43 44 37 35 38 41 35 41 44 42 38 41 35 43 38 38 43 36 45 39 39 37 43 41 35 42 37 38 36 
42 35 36 45 45 38 37 45 35 35 36 40 44 38 38 36 37 41 45 36 36 35 37 35 42 36 41 44 38 45 35 42 36 37 37 38 36 45 35 37 43 44 41 37 42 45 42 39 39 39 43 40 40 37 41 36 44 35 45 37 37 37 40 35 38 45 35 42 38 44 41 36 40 45 42 38 39 39 35 42 36 40 45 35 39 41 35 45 41 44 36 45 35 36 43 38 40 42 41 38 
42 45 45 37 38 38 44 40 43 45 45 42 43 45 45 35 42 37 35 44 41 43 35 45 45 43 43 40 41 37 44 42 39 38 37 39 42 42 42 38 35 45 43 40 35 41 35 38 37 36 42 36 44 35 36 44 42 44 44 44 39 45 35 41 41 39 44 38 42 44 38 39 41 45 43 40 41 39 38 37 41 37 38 45 43 41 37 45 38 38 44 38 43 42 39 44 45 37 38 41 
43 38 39 38 36 38 45 45 43 35 39 41 39 41 44 39 41 44 35 44 44 45 38 39 41 41 38 41 40 38 37 43 37 42 39 38 35 44 35 44 40 43 43 44 37 36 36 39 39 41 43 44 39 35 42 45 43 38 43 42 44 41 44 36 44 35 40 38 39 37 37 42 37 36 40 35 41 41 40 35 45 38 40 45 43 36 37 42 43 45 38 42 43 41 35 36 44 44 45 42 
42 41 43 43 41 44 37 35 37 42 39 42 40 39 37 37 38 41 35 44 40 41 43 43 44 45 41 37 43 45 36 40 38 37 37 39 43 39 37 38 43 43 40 37 43 36 45 38 44 40 43 45 44 36 37 38 40 45 38 40 42 40 40 36 44 42 36 38 45 44 44 38 36 41 44 44 45 36 45 40 43 39 44 44 40 37 39 38 45 38 40 39 43 42 39 41 44 35 39 39 
41 40 45 44 40 35 43 44 38 35 36 38 42 41 37 35 38 36 36 44 42 44 43 45 43 37 35 37 40 35 38 35 39 42 40 39 43 44 40 36 44 37 35 43 45 35 35 41 41 42 39 43 45 39 45 35 43 42 40 45 35 39 45 43 44 43 38 41 43 43 35 38 45 35 37 42 39 38 44 40 40 42 35 37 43 45 40 43 37 35 45 40 44 43 42 40 40 42 39 35 
44 45 44 38 44 38 37 40 45 44 37 39 43 41 41 39 43 38 35 36 41 43 44 45 35 45 35 35 37 42 42 44 44 39 35 44 36 40 40 44 45 45 42 41 39 35 39 45 35 35 44 39 45 45 38 45 39 43 37 43 41 45 38 42 45 44 45 43 36 44 39 37 36 44 45 45 36 35 39 39 35 43 40 45 39 40 36 38 38 35 38 40 43 39 38 42 37 45 39 45 
35 39 38 41 35 44 37 39 42 40 39 41 41 40 37 43 39 38 39 35 40 40 36 43 44 41 43 38 45 44 44 44 37 36 36 37 42 36 38 44 44 41 45 45 39 36 37 36 42 36 43 45 44 37 36 37 36 40 38 37 43 36 38 41 43 45 35 35 35 40 43 40 35 45 36 40 44 35 35 35 41 38 35 45 35 38 45 42 35 36 42 40 39 42 37 37 39 38 43 40 
45 40 39 39 35 35 42 45 43 41 42 45 35 36 37 43 36 36 38 39 36 37 36 36 38 41 41 35 35 42 40 37 36 36 37 42 36 44 42 44 39 43 37 45 38 37 42 44 37 45 39 35 40 40 38 35 45 43 42 43 41 44 36 42 37 35 36 35 38 35 37 43 39 44 43 42 44 39 41 39 43 39 40 36 45 42 36 44 35 36 45 37 43 38 40 44 44 35 36 43 
38 39 44 44 40 43 44 36 40 43 43 41 44 40 39 35 38 42 43 42 35 37 35 42 43 44 44 45 42 41 41 37 39 42 45 43 41 41 42 45 36 40 43 40 35 38 43 40 36 40 44 37 43 42 36 39 42 38 36 36 37 36 38 45 37 41 35 42 39 41 44 40 41 35 35 36 42 41 42 36 43 41 40 41 41 44 40 43 45 36 45 39 40 39 40 37 39 35 44 37 
36 36 42 38 42 38 39 45 45 43 36 36 37 37 42 41 38 36 36 44 39 42 40 36 45 35 45 35 35 43 36 36 41 44 41 37 35 42 42 39 42 43 41 35 40 44 39 35 35 37 39 39 44 45 35 45 37 45 38 44 45 43 42 38 37 39 43 38 41 37 38 45 45 37 37 39 45 37 42 39 41 36 44 36 38 36 42 38 45 39 37 45 44 42 38 42 36 39 39 42 
44 45 39 43 38 35 45 41 36 41 35 36 42 45 45 37 40 40 39 42 43 45 40 39 37 43 37 40 44 45 43 38 39 41 41 43 38 45 42 41 45 35 40 44 41 40 38 39 45 36 41 41 42 45 35 35 44 41 37 36 45 39 44 37 42 42 45 38 45 43 35 38 36 42 44 35 39 35 41 35 42 41 38 40 40 40 44 37 38 35 38 43 43 39 44 39 41 40 45 35 
42 44 43 44 43 36 40 42 40 45 45 44 44 43 42 37 40 36 41 40 41 39 44 42 45 45 45 44 38 38 44 38 37 35 45 39 42 37 37 44 38 42 43 41 39 39 44 37 39 43 40 45 41 36 41 45 42 38 36 39 38 39 44 44 45 36 43 36 35 39 40 36 42 45 41 35 42 38 37 35 35 42 45 45 35 39 41 36 38 43 45 43 45 42 43 44 40 35 38 44 
41 45 37 41 37 44 45 43 39 37 36 42 40 38 40 39 41 41 43 44 36 40 39 40 36 38 43 45 40 41 39 37 41 45 36 37 38 39 44 39 35 38 39 37 43 36 35 39 36 41 45 38 39 37 37 44 42 42 39 43 41 42 44 44 43 41 45 43 37 38 42 38 44 45 37 40 42 40 42 45 44 36 41 42 44 35 38 40 36 45 38 42 36 44 39 42 44 44 38 44 
39 38 44 40 40 38 42 39 41 35 43 36 38 35 40 40 45 44 45 44 36 40 38 43 35 43 35 44 36 45 45 44 35 37 38 44 45 36 41 40 41 40 41 35 43 37 42 45 40 40 39 35 39 45 40 36 37 38 40 43 42 42 40 40 44 40 43 37 38 37 45 43 41 40 44 39 42 36 37 35 40 43 44 39 37 40 35 38 36 41 44 44 42 37 38 41 42 45 42 35 
38 44 43 44 44 35 38 40 44 37 39 45 40 41 35 39 35 45 38 35 35 40 44 36 45 41 41 36 35 35 36 35 38 38 35 44 37 45 45 37 36 40 35 38 43 36 43 39 42 39 36 39 42 44 39 41 41 45 38 45 45 43 45 41 43 36 38 39 36 45 43 43 43 40 43 38 41 44 38 40 43 35 38 36 40 38 43 37 40 41 44 41 35 35 42 39 45 36 42 42 
38 41 41 41 37 42 42 37 42 40 36 38 38 38 35 36 42 43 44 42 43 43 40 42 44 38 45 44 44 43 43 42 36 39 43 44 39 36 45 42 36 44 38 43 42 37 42 43 37 42 35 43 40 40 45 41 36 41 35 45 38 40 44 40 42 43 44 41 39 35 37 45 40 38 42 36 37 37 38 40 43 43 38 35 42 35 41 43 36 45 44 39 39 39 42 36 35 42 36 40 
35 45 43 43 35 43 45 45 37 39 42 40 42 40 40 36 44 35 42 36 42 41 40 36 35 39 37 35 36 35 44 40 38 43 39 35 39 40 42 42 40 36 36 38 37 35 36 39 37 35 36 41 40 44 35 39 38 45 40 40 38 41 43 40 39 44 45 41 40 37 35 35 36 36 36 37 39 37 37 35 38 36 40 37 38 37 41 45 39 43 35 38 44 38 43 36 44 40 39 36 
39 36 38 44 36 45 36 42 36 45 40 42 36 39 38 41 36 45 43 39 36 37 44 38 36 38 35 35 39 44 36 43 41 36 44 45 36 35 38 42 45 40 45 42 45 36 43 40 42 42 39 45 44 37 36 38 38 44 41 37 44 42 37 42 43 37 45 42 36 41 35 40 45 38 39 44 40 37 35 37 40 36 44 44 41 35 43 43 39 37 42 45 45 41 43 37 41 41 35 38 
35 38 38 41 44 45 37 36 43 36 36 42 41 42 42 40 37 42 44 36 43 41 37 36 35 36 44 45 35 45 36 44 40 37 37 42 36 38 37 44 42 40 42 44 44 44 45 37 36 40 43 43 39 45 40 37 40 42 35 41 43 45 36 40 35 38 37 39 37 42 39 36 43 41 35 45 40 42 40 43 38 44 42 43 38 45 41 39 35 44 38 36 40 35 41 44 43 35 37 44 
45 38 43 44 36 43 43 41 39 43 45 45 42 42 40 40 43 44 43 44 39 41 37 41 43 41 41 38 40 36 45 38 38 42 45 41 38 43 40 35 41 35 35 39 36 45 42 42 44 36 40 38 39 36 42 37 40 36 41 35 39 38 44 37 44 38 44 39 40 39 43 38 45 45 35 45 45 44 37 44 44 35 43 42 40 38 40 43 36 37 44 40 35 37 37 35 44 38 38 41 
37 40 37 44 41 42 36 36 44 38 43 42 37 37 43 38 38 36 38 37 35 40 43 35 36 38 42 37 38 45 39 37 42 43 40 40 40 39 44 41 44 42 41 37 44 38 42 40 35 36 35 37 41 35 45 37 42 42 38 43 42 39 36 35 37 36 41 39 39 35 39 38 37 40 38 36 36 35 39 41 41 41 35 36 39 45 42 38 37 35 35 43 35 36 36 43 36 45 40 39 
39 39 44 35 39 41 44 37 36 42 45 36 38 35 45 38 39 45 35 37 45 39 42 35 35 39 41 44 35 36 44 43 39 43 43 36 36 36 35 40 40 42 37 41 44 41 44 36 37 43 35 44 43 41 39 42 38 43 44 44 37 39 41 42 43 38 41 35 43 42 44 45 43 43 43 38 41 44 35 40 38 36 42 37 45 38 36 40 43 45 39 37 43 35 45 44 36 45 35 38 
40 35 40 41 41 44 38 42 42 35 36 38 39 45 38 39 45 42 36 44 44 44 41 45 44 41 35 40 38 36 41 36 36 40 36 38 44 40 44 35 41 39 36 35 38 35 35 42 38 40 43 43 41 41 36 41 43 39 36 42 37 42 41 38 42 43 45 37 37 39 35 42 38 44 35 41 43 44 45 39 45 37 42 37 35 35 35 37 36 37 39 36 43 40 41 45 42 37 37 45 
42 38 45 45 39 44 41 45 38 39 43 43 40 39 40 43 37 43 35 35 36 41 36 42 42 44 36 42 45 44 38 45 39 45 37 45 44 40 44 35 37 39 38 37 36 45 42 43 41 38 42 44 43 41 43 42 45 42 41 44 42 43 43 45 38 44 45 44 38 45 36 35 41 39 43 38 39 40 45 39 40 37 36 45 42 44 36 36 42 42 45 39 38 39 43 35 44 35 37 41 
44 38 40 44 38 45 42 44 37 45 43 45 38 39 39 40 36 37 35 39 39 38 40 40 39 44 44 43 44 43 43 38 40 44 45 36 35 42 42 40 45 45 35 42 45 45 42 37 36 44 38 42 40 38 41 45 35 40 44 41 37 38 38 41 40 36 45 37 40 40 38 39 39 39 38 40 44 40 40 42 39 42 35 44 42 36 39 44 43 41 44 45 42 42 37 36 38 40 40 44 
37 41 37 37 44 39 35 45 41 44 38 44 42 38 40 41 39 40 40 40 42 41 41 38 43 39 45 35 43 45 40 35 37 37 35 44 42 39 43 41 43 37 37 37 37 37 41 40 38 37 39 39 36 45 43 36 45 39 45 38 40 36 39 40 43 40 38 41 42 39 39 38 43 36 36 41 39 37 41 40 44 43 44 45 35 36 35 42 38 38 38 40 38 38 39 41 37 42 43 36 
35 45 45 36 39 41 38 40 42 35 45 35 44 42 35 39 40 44 38 41 39 42 41 41 39 36 43 38 43 40 44 41 35 40 36 43 37 38 37 42 41 40 44 44 45 35 41 37 37 35 44 42 35 43 35 41 40 41 38 36 39 42 42 35 35 44 40 41 36 42 39 42 37 39 45 39 43 45 42 40 44 40 44 36 38 38 36 42 41 37 43 43 44 39 42 43 45 41 45 36 
37 41 44 41 37 39 36 45 39 42 44 40 36 40 40 35 44 40 42 43 45 36 43 38 40 37 43 44 45 35 35 45 45 45 39 37 43 39 37 44 43 45 42 38 41 42 43 39 35 42 37 36 35 36 41 45 39 44 44 40 38 35 38 42 44 36 42 41 45 40 40 42 45 45 38 39 38 40 40 45 40 45 44 45 37 35 42 44 43 40 41 45 35 36 42 43 39 44 40 45 
44 43 40 38 41 35 35 44 43 41 36 35 39 39 44 39 41 45 40 41 45 45 37 39 40 42 44 44 44 35 43 35 44 37 43 35 40 40 41 41 44 44 35 45 39 36 37 42 41 35 38 35 43 38 42 40 40 37 38 45 40 35 36 35 35 36 44 38 36 41 43 42 36 45 41 36 35 40 39 40 40 45 35 37 36 45 38 39 40 37 42 44 45 40 38 44 40 37 40 42 
39 36 43 35 43 42 44 44 44 42 43 39 43 39 36 43 39 38 45 38 43 41 41 40 35 43 37 38 43 40 38 43 37 37 42 45 44 40 41 45 45 45 40 39 35 44 40 42 37 35 36 42 44 38 45 42 43 44 35 38 45 36 35 35 38 39 39 36 45 35 42 41 43 42 41 44 37 40 35 45 44 44 35 44 42 41 44 41 39 41 43 43 37 38 43 40 39 37 45 38 
41 43 45 40 40 45 35 37 37 42 43 35 43 43 42 44 40 36 36 40 41 42 36 36 39 39 43 36 35 39 45 44 44 41 40 45 45 37 43 39 36 43 35 39 45 38 37 37 36 40 39 43 35 37 43 35 39 41 43 35 35 35 44 39 45 42 39 35 45 38 44 41 35 40 44 41 45 40 44 43 42 42 42 37 36 35 41 44 39 43 44 42 36 41 41 36 44 44 42 45 
36 36 36 43 45 37 38 37 43 45 35 41 38 45 37 38 40 38 45 37 36 45 40 40 40 39 45 40 38 41 45 36 36 45 40 39 43 42 43 38 40 42 39 36 41 40 36 43 41 39 39 44 35 43 36 37 35 42 39 39 44 43 41 42 39 39 40 43 44 43 39 35 42 39 39 42 40 39 38 38 44 42 40 44 40 42 36 40 36 45 44 36 35 38 43 40 45 36 35 41 
41 36 40 44 42 39 37 39 38 39 36 41 41 35 45 45 42 38 44 37 42 42 41 43 43 35 38 42 38 44 41 38 37 35 41 39 35 44 39 37 40 44 45 35 37 43 38 38 43 37 42 37 36 36 38 38 42 41 44 37 37 38 44 39 45 44 42 40 37 42 44 36 39 35 41 36 37 35 37 38 45 35 45 38 37 41 45 41 41 41 39 36 37 44 36 39 39 41 40 36 
45 39 40 40 45 37 35 42 38 39 42 35 38 38 41 35 36 37 39 35 39 45 44 37 38 41 39 37 37 42 42 36 38 35 38 39 42 39 35 45 43 40 42 36 45 43 37 41 43 41 41 39 44 35 43 39 45 42 38 42 39 38 36 44 37 40 43 45 35 41 40 35 43 37 36 36 45 37 42 45 35 36 41 40 43 38 41 45 39 38 40 40 35 37 38 38 39 41 36 45 
44 44 45 41 37 40 41 39 39 39 36 44 44 45 38 43 38 38 35 35 44 41 40 39 41 42 36 38 43 36 42 42 36 36 37 45 35 44 43 45 42 36 39 36 41 43 41 43 44 38 38 44 38 35 44 42 35 41 44 42 38 42 38 38 39 35 36 43 37 37 41 42 45 44 37 45 43 38 45 39 36 44 42 42 41 40 41 43 43 36 44 36 36 41 36 44 39 42 41 45 
42 35 41 39 43 40 39 41 40 43 39 40 40 41 41 40 43 36 42 38 36 38 37 38 45 42 40 41 44 36 40 44 39 37 35 40 44 40 43 43 35 43 38 42 40 37 42 44 44 41 35 45 42 43 40 38 38 36 38 37 35 37 43 40 39 41 42 36 43 40 35 35 35 36 45 35 38 44 44 43 37 39 41 38 42 45 45 37 43 36 38 38 44 44 44 36 36 37 41 37 
35 40 41 36 44 40 38 37 41 38 35 41 39 42 39 40 40 44 39 41 44 40 42 35 39 39 37 36 37 36 43 43 39 42 35 42 36 36 39 44 35 42 35 38 39 40 42 42 44 42 37 39 42 37 42 35 42 40 41 35 41 35 41 38 38 38 37 39 44 42 44 41 36 45 37 41 44 38 36 45 45 39 35 40 42 43 44 35 36 36 37 40 36 40 36 38 36 42 41 38 
38 42 45 40 38 37 45 39 45 41 41 35 40 40 43 43 43 42 39 40 41 43 41 39 40 41 39 40 42 38 41 35 39 35 36 43 37 35 36 43 36 39 39 45 44 43 45 42 35 37 39 42 41 38 42 35 37 44 36 44 42 42 37 37 45 38 35 42 38 37 45 36 39 41 36 35 44 36 41 35 41 35 38 44 43 38 42 43 41 38 36 42 36 45 45 40 38 37 40 43 
39 39 36 43 44 35 45 39 36 39 40 37 45 35 41 44 39 41 45 42 43 40 42 36 36 41 36 43 42 36 45 42 36 43 40 44 42 37 43 36 41 37 39 44 45 45 39 37 38 36 43 35 39 40 38 41 41 40 43 41 35 42 36 38 35 38 41 44 37 44 36 44 44 43 36 40 36 39 39 35 40 45 44 43 45 44 38 39 44 45 36 36 35 44 37 42 35 38 44 37 
37 38 41 41 40 43 37 40 35 45 39 35 37 40 45 42 38 45 36 44 44 43 37 42 35 40 45 42 37 40 40 40 41 42 43 41 45 42 44 37 38 38 40 43 36 42 36 44 41 39 43 41 45 39 42 42 39 42 37 44 36 35 41 43 35 41 44 43 45 36 43 43 40 37 38 41 35 40 42 42 40 36 41 35 35 41 39 41 42 43 35 41 36 39 44 42 35 45 42 45 
40 37 35 37 45 37 43 45 42 42 35 44 37 39 38 41 38 45 44 44 38 39 40 41 43 35 39 39 39 37 40 39 45 39 44 39 37 39 44 41 38 42 39 39 37 40 42 44 40 44 37 43 39 35 43 37 35 38 40 41 40 37 35 43 37 44 42 40 38 40 42 41 41 45 39 37 38 37 41 44 35 43 40 44 42 43 39 41 38 44 40 44 36 35 41 37 42 36 39 40 
632 8369
463 10539
536 10490
481 8809
477 9505
589 9433
690 8686
672 10086
723 8614
647 10489
490 8432
552 11209
515 10884
587 11878
652 10529
498 9204
658 8487
451 8423
556 11465
541 9139
659 11302
510 9786
519 9266
580 11434
444 9667
491 9347
590 11435
452 9073
588 10371
559 10194
520 9349
581 11937
674 8290
738 10229
727 10685
528 8041
567 10438
451 11687
475 8850
626 8529
678 9382
444 9767
514 8122
691 11358
474 9072
645 11350
656 9886
740 9141
625 11216
473 9341
559 11552
538 10588
605 9983
482 11856
591 10256
609 9395
541 8185
494 11787
455 8794
562 10648
482 8329
694 11032
645 9958
471 11822
665 9028
681 9240
585 8724
483 11960
641 8410
666 11043
506 9505
676 9466
734 10152
668 9196
495 9689
631 9347
689 11578
524 8772
444 9841
499 10001
486 9865
600 11692
584 11481
454 8712
641 10216
667 11154
699 8020
500 8896
726 11647
467 10427
678 11702
681 9904
658 10734
525 11578
598 11230
637 9193
642 11099
671 11783
726 9740
732 11466
880 933 994 927 979 875 917 888 870 976 855 847 865 842 826 889 817 969 950 819 873 993 993 891 966 825 973 925 947 969 937 879 936 892 824 844 847 938 890 858 861 871 910 943 944 872 874 924 965 986 920 896 928 989 899 866 973 846 879 833 995 928 891 982 886 915 849 831 955 928 867 851 864 888 910 849 820 986 966 827 940 806 916 841 840 812 925 854 892 959 813 973 829 917 926 851 978 912 957 906 856 942 955 995 831 907 860 914 851 897 890 854 965 812 905 848 876 964 881 837 879 817 970 959 898 926 869 983 920 888 896 810 888 832 907 924 989 841 939 812 824 871 924 938 862 991 903 807 851 839 881 816 809 871 872 999 987 874 816 930 889 817 914 917 939 905 807 896 869 885 876 810 959 822 928 825 928 840 885 856 931 912 821 970 933 983 953 991 887 876 843 927 815 848 992 981 863 935 987 846 
912 866 880 957 996 876 1000 964 965 862 814 928 948 921 814 889 843 987 848 842 971 988 884 989 821 818 847 818 965 938 974 939 987 893 976 981 825 925 832 988 955 825 966 898 948 861 888 987 831 891 896 888 968 978 835 808 913 819 1000 807 855 886 808 940 800 864 862 892 886 872 846 891 1000 819 937 866 859 966 906 885 816 844 836 884 816 869 967 990 996 893 857 936 941 820 801 911 945 832 912 943 858 861 818 824 803 861 987 988 968 991 809 866 963 853 915 819 968 961 872 976 964 888 963 996 847 995 925 990 987 932 800 957 909 910 978 842 961 830 941 887 903 815 953 972 882 986 845 832 850 857 952 814 880 951 889 830 836 828 972 851 956 811 856 811 836 904 960 859 974 874 930 997 933 985 975 843 859 983 849 908 991 971 859 881 956 976 812 869 892 805 849 916 885 807 953 830 817 999 888 963 
875 879 913 885 950 809 847 890 952 932 923 941 808 880 995 892 945 897 877 975 820 817 930 990 928 802 908 906 950 819 970 966 962 958 909 829 850 925 850 958 921 981 942 809 811 800 904 854 850 942 916 985 937 875 864 861 819 984 878 866 934 877 874 892 913 856 823 856 920 847 856 817 828 890 938 926 819 824 901 984 804 887 921 959 840 912 822 848 832 870 853 838 947 871 842 810 975 862 887 930 958 935 871 814 946 974 965 811 897 914 909 993 907 863 800 971 909 908 927 896 906 835 860 836 956 947 815 808 943 863 831 823 813 911 911 893 807 942 999 937 859 952 937 963 958 802 906 939 830 939 923 885 897 839 948 820 852 837 887 862 914 837 900 903 997 869 905 934 917 977 937 903 885 874 958 864 856 977 860 916 916 944 803 897 839 941 804 932 874 968 850 884 871 904 802 984 893 889 958 952 
996 819 967 835 904 924 895 899 971 807 972 947 931 847 824 969 884 820 926 842 946 912 931 852 992 917 801 818 896 908 897 883 801 926 986 872 901 891 887 809 892 897 941 976 832 856 910 935 945 977 982 936 982 972 964 848 849 878 824 866 964 885 984 810 993 954 863 923 812 953 852 817 821 811 981 964 944 952 898 940 903 931 919 890 946 946 981 998 940 865 911 998 989 943 816 922 897 935 844 830 900 881 876 857 996 959 912 859 947 801 823 805 975 871 996 990 974 807 931 888 980 929 908 971 870 812 848 880 899 820 957 879 978 889 892 824 828 994 978 985 963 949 875 835 997 869 913 917 825 882 804 904 875 858 878 996 816 944 897 937 997 937 942 923 925 913 880 965 809 861 972 976 908 949 863 894 981 968 936 939 963 824 883 912 944 887 884 882 864 876 831 883 837 812 992 812 892 891 845 957 
839 960 983 903 920 802 918 962 943 809 820 903 855 869 913 929 934 843 966 967 867 981 878 957 816 958 916 962 849 806 942 865 846 910 843 825 956 902 904 872 817 948 862 878 970 820 918 996 908 964 895 904 998 951 851 862 821 941 839 869 810 849 971 975 970 954 961 938 946 890 979 869 857 875 854 959 810 833 879 815 853 859 818 914 965 953 952 984 994 881 900 971 995 914 950 999 936 893 987 804 827 977 956 818 800 806 975 908 856 937 838 947 867 935 812 920 801 903 862 898 913 904 842 800 895 990 967 991 811 847 814 856 947 876 916 908 809 859 866 976 1000 937 855 885 987 815 952 849 825 912 864 987 841 851 865 937 816 969 900 948 993 819 952 981 948 844 811 819 816 855 835 973 844 980 840 890 986 891 825 931 849 947 837 919 995 985 895 962 870 858 862 992 844 803 927 821 912 917 988 975 
951 898 1000 830 822 918 969 908 961 821 817 876 801 851 909 989 877 963 928 915 841 862 800 865 881 839 864 988 935 975 923 942 931 898 867 983 818 969 877 845 934 974 939 985 815 992 849 817 844 942 802 923 881 819 906 944 895 975 988 809 990 866 834 927 919 862 982 880 926 994 900 928 836 926 825 863 944 918 830 875 852 891 911 907 815 875 853 820 806 889 813 908 838 827 863 977 932 872 849 835 854 974 824 993 938 819 921 916 862 970 929 855 901 873 896 961 974 905 863 873 984 887 853 819 952 901 921 834 983 968 890 893 959 990 937 876 852 912 818 931 896 813 972 972 872 946 820 904 817 994 973 850 934 842 808 859 925 885 902 929 970 986 861 880 993 973 955 846 891 875 946 976 817 968 860 916 965 870 964 828 860 958 961 857 928 820 847 869 929 928 963 982 854 954 991 891 911 926 837 980 
821 973 841 861 832 983 826 949 827 822 892 802 988 993 828 901 818 836 1000 913 848 906 838 927 999 840 860 994 938 840 906 887 800 815 850 844 875 838 829 838 887 804 851 999 970 834 920 819 810 954 817 867 942 894 826 919 872 862 825 804 814 985 991 849 819 919 946 920 964 995 866 984 865 989 969 810 849 866 978 949 951 910 908 881 859 802 806 852 901 923 963 933 905 955 870 943 827 852 866 866 942 881 913 829 864 859 866 907 964 902 838 868 989 898 860 876 845 862 826 920 836 829 956 803 899 992 843 942 850 805 915 912 874 830 891 839 911 994 961 949 828 881 872 806 955 808 889 890 820 924 802 895 998 879 806 866 877 838 990 914 880 947 830 967 894 929 924 997 863 825 988 838 819 829 943 966 878 852 952 835 822 957 897 908 931 900 892 863 918 819 836 964 845 800 966 961 928 958 962 908 
940 836 986 821 878 947 831 993 860 979 943 909 974 822 811 957 963 871 804 801 943 919 868 905 979 844 828 998 862 960 919 990 946 961 933 808 804 803 802 932 977 911 937 801 833 989 863 922 861 855 958 928 896 801 839 815 840 882 894 863 887 805 950 858 891 842 924 932 976 840 916 905 814 806 895 843 820 902 806 958 916 956 807 982 815 967 855 982 869 929 916 815 961 943 890 964 993 829 887 852 996 824 920 852 962 832 1000 852 994 978 851 811 883 926 977 967 804 804 870 884 837 893 930 845 998 908 836 997 971 825 849 955 892 813 985 885 825 871 829 893 850 847 920 806 843 807 881 911 902 876 877 830 865 977 873 833 918 948 909 820 824 890 978 940 965 932 856 874 949 860 912 805 975 1000 949 892 931 967 947 868 872 986 812 908 894 961 912 957 965 922 922 921 917 959 844 886 993 869 992 924 
841 929 867 877 886 977 952 815 850 858 892 995 909 866 822 960 865 988 859 973 847 873 871 891 827 840 906 894 919 863 982 851 825 910 865 891 889 902 844 803 950 995 805 934 989 804 860 979 828 856 884 896 859 911 917 874 820 944 803 998 972 987 957 869 924 870 841 947 955 885 837 909 833 840 834 930 911 893 880 876 821 918 993 840 941 937 993 929 1000 918 842 911 976 928 946 901 971 984 805 913 929 908 809 972 892 856 828 943 818 957 928 921 1000 919 979 977 862 864 955 813 874 977 856 813 955 835 977 848 929 851 969 822 977 903 858 945 904 828 894 825 987 863 940 813 930 924 848 820 915 989 859 819 903 988 932 826 910 946 894 984 981 922 843 909 875 940 930 903 952 904 885 871 846 970 951 885 834 858 828 872 888 914 817 906 975 843 974 926 985 889 938 926 947 947 993 953 806 840 958 821 
901 871 981 955 958 891 975 894 839 896 911 874 802 909 975 853 858 901 910 899 985 981 858 995 926 976 952 969 864 828 919 894 943 980 988 883 813 964 986 825 902 813 861 882 959 878 838 907 803 961 950 973 972 882 946 927 961 936 884 871 853 900 966 943 997 901 862 893 916 873 808 951 890 953 800 984 831 845 842 820 906 910 827 981 826 921 958 885 940 868 952 995 972 812 904 844 845 836 919 968 910 810 843 963 912 870 885 858 843 891 969 900 896 923 933 943 984 822 970 980 909 843 963 983 893 954 875 857 856 943 921 946 856 846 914 928 883 971 830 851 872 968 814 830 999 853 882 938 853 861 885 946 991 841 885 810 878 854 979 954 871 911 887 933 909 865 857 936 984 965 938 845 901 866 821 902 942 907 988 979 857 892 950 967 889 878 806 913 990 978 973 907 993 823 916 945 839 814 857 818 
837 948 893 902 867 947 904 802 991 920 904 948 804 990 936 935 938 982 922 994 869 832 985 1000 930 940 981 820 960 877 964 963 843 843 827 808 973 978 930 937 855 838 869 942 914 924 957 929 929 813 843 878 992 914 929 967 802 852 836 869 879 897 977 855 837 885 876 861 888 906 969 997 886 976 919 937 947 948 884 847 940 838 813 854 967 846 840 907 910 867 925 922 826 802 969 890 884 880 833 994 815 1000 813 890 930 827 990 876 889 930 866 879 824 997 845 850 940 946 816 994 911 987 874 994 989 935 847 859 983 1000 899 801 883 977 838 872 956 939 821 887 902 960 882 814 877 827 856 900 801 898 847 945 848 974 949 888 800 957 931 897 1000 824 900 880 953 800 968 957 817 893 948 995 899 851 892 970 915 931 969 851 923 933 965 906 941 896 967 841 951 852 983 988 972 836 814 858 909 941 880 938 
955 990 805 806 999 995 918 817 849 975 874 871 888 993 920 960 864 933 841 885 967 997 980 962 906 990 836 815 844 996 992 886 955 837 901 973 957 859 860 915 975 898 922 952 932 992 824 866 985 896 861 811 877 830 972 910 835 817 920 801 961 970 963 812 801 833 951 862 870 963 818 829 966 808 817 883 887 902 897 913 815 927 964 808 822 884 983 911 999 831 833 855 811 901 803 881 958 959 820 845 812 985 980 847 811 866 958 967 824 991 916 867 982 887 924 829 908 803 934 973 975 802 999 982 870 811 891 876 978 816 853 985 981 1000 990 972 827 970 820 957 898 941 955 856 841 977 830 912 809 900 947 868 885 937 949 985 821 900 823 903 966 891 978 832 936 885 961 978 965 848 943 864 897 847 870 991 992 892 895 812 914 816 993 930 816 855 883 891 875 936 874 893 985 952 802 810 838 835 985 840 
829 993 906 934 801 819 899 933 801 875 946 932 809 933 878 999 803 989 979 953 868 861 974 899 971 874 945 880 801 843 921 892 944 844 970 849 848 948 991 855 803 803 809 975 847 874 938 933 853 904 988 870 815 878 849 997 904 830 942 953 804 816 953 863 844 876 979 864 980 826 827 977 886 953 864 906 923 873 992 821 883 906 822 974 921 975 915 906 878 853 949 826 867 933 935 975 800 883 980 842 974 972 926 916 999 926 982 987 1000 899 934 867 931 848 935 851 833 926 930 844 953 909 869 992 916 940 918 922 986 839 853 972 895 970 868 993 876 825 939 823 962 927 952 910 992 951 886 923 801 956 934 922 893 811 933 948 800 852 960 982 982 939 977 934 848 915 835 885 943 803 866 931 962 933 913 951 804 834 878 843 991 903 953 846 964 836 845 890 977 963 899 871 800 889 948 984 896 860 888 918 
955 913 810 997 878 850 857 847 904 977 923 929 844 917 999 985 930 980 816 995 998 927 943 977 879 985 999 999 803 968 945 990 808 981 995 860 982 822 919 993 935 863 995 836 878 995 898 917 974 812 984 945 810 847 849 894 805 816 965 865 826 898 813 943 855 803 878 845 987 863 819 865 919 864 881 883 881 826 991 902 808 857 965 918 813 998 831 995 981 971 953 979 864 941 862 848 978 928 878 979 942 956 981 920 955 986 987 992 858 873 886 946 999 857 916 913 955 958 816 966 918 984 815 836 847 890 852 963 952 864 815 881 863 859 801 851 888 920 880 803 916 807 960 839 808 814 842 843 984 956 874 953 883 984 820 903 972 836 834 856 817 949 915 843 800 800 837 949 915 882 924 909 815 974 880 842 949 979 922 867 920 944 816 949 996 802 973 979 958 899 949 947 921 914 949 854 910 846 962 812 
890 806 851 946 997 954 850 904 825 892 931 904 988 928 956 898 812 813 886 949 815 809 857 956 837 950 850 909 890 909 843 894 815 972 955 907 823 843 837 817 813 941 889 974 868 813 961 833 911 846 983 809 958 870 890 825 892 936 879 805 803 831 911 996 962 934 948 906 828 809 874 985 947 850 807 918 891 855 832 962 961 803 963 986 841 938 941 879 922 944 948 864 878 949 926 916 913 977 866 849 808 858 964 804 968 807 987 851 965 809 827 850 826 843 879 969 868 988 971 986 874 967 859 971 971 972 929 869 847 923 975 874 914 903 817 805 894 900 878 812 928 921 889 842 890 876 849 838 972 918 841 847 805 919 824 891 880 851 894 953 935 869 919 878 963 888 802 851 978 981 846 876 991 811 998 838 830 828 964 828 947 899 992 968 918 992 946 932 827 879 944 913 910 871 885 863 891 816 882 819 
956 838 877 985 962 852 924 841 942 951 883 859 883 868 887 924 855 854 983 811 848 912 962 915 800 840 890 981 969 817 882 993 868 872 993 905 856 868 980 872 862 991 947 885 865 870 854 954 932 863 893 814 822 977 850 926 839 820 978 818 887 901 918 867 879 945 924 891 844 885 915 805 835 985 804 833 958 970 832 848 909 879 894 822 968 885 982 968 851 885 887 819 835 961 927 965 972 887 943 974 876 990 992 918 987 882 866 862 908 852 915 888 980 874 865 933 808 970 870 831 850 879 951 896 915 983 818 898 881 833 864 952 845 889 882 852 859 947 819 986 961 999 931 852 818 862 982 896 972 845 856 1000 820 896 864 961 993 931 953 949 975 989 934 890 917 896 920 986 850 869 988 866 990 1000 841 971 869 932 817 934 918 976 898 987 847 953 941 918 998 888 879 907 867 821 819 895 810 872 966 802 
874 818 876 853 913 924 921 950 836 829 989 827 826 811 942 806 856 945 995 975 843 857 851 819 957 807 820 848 983 962 823 817 826 953 842 954 950 857 970 831 827 994 840 825 881 980 930 934 996 831 846 800 994 901 836 978 829 826 999 815 917 893 913 918 806 968 985 913 931 877 932 946 919 874 986 954 856 936 850 948 947 817 928 834 921 940 802 972 832 844 890 913 962 800 907 902 967 858 898 978 976 937 971 818 907 896 828 825 960 969 823 846 910 845 958 815 984 901 871 915 879 914 869 863 956 874 1000 985 975 854 926 831 852 995 908 898 984 873 855 859 826 861 972 827 822 869 985 806 848 910 884 815 811 801 923 956 816 877 888 836 873 805 935 963 927 802 862 888 912 997 808 977 968 938 830 909 894 971 929 936 882 856 995 820 851 980 907 995 881 801 952 810 930 995 924 835 855 967 807 896 
841 972 872 955 870 884 968 854 897 909 925 852 869 889 917 925 878 961 914 818 918 977 974 972 984 968 812 998 914 919 896 955 979 954 990 888 915 968 908 822 895 904 883 817 894 962 858 888 896 963 957 976 926 871 931 895 987 909 824 861 862 923 983 988 910 907 984 990 859 838 972 819 827 843 855 845 948 905 972 980 859 810 827 887 870 916 883 892 824 834 872 922 828 927 900 900 852 901 971 888 953 966 804 947 804 874 999 908 850 906 999 847 978 971 836 984 1000 938 969 833 902 828 982 803 828 907 848 926 823 851 933 850 952 980 891 857 983 813 979 882 965 954 859 874 845 845 820 990 887 833 913 898 877 818 990 928 969 935 909 985 831 863 869 871 879 871 836 960 936 930 879 981 936 973 951 990 948 955 989 911 962 854 981 801 801 1000 970 907 932 899 933 800 903 832 808 815 854 842 920 971 
971 919 993 873 921 832 847 878 1000 980 898 979 960 948 945 896 978 949 822 807 935 980 810 943 936 809 845 842 802 846 927 951 960 951 941 818 920 986 970 990 857 870 962 847 852 827 877 982 937 981 862 838 831 859 836 953 968 872 842 938 954 978 891 874 948 936 956 948 965 933 890 835 805 819 815 888 979 807 968 844 837 846 980 918 936 815 928 952 917 935 983 936 901 877 964 928 995 972 832 935 810 985 861 840 958 884 981 948 930 821 940 820 870 911 822 857 963 903 826 832 861 927 901 950 971 912 970 853 949 933 825 912 904 857 867 993 966 851 888 864 958 827 940 944 807 921 895 830 887 946 950 971 967 854 923 958 809 836 833 815 973 840 889 1000 884 927 990 931 855 895 858 825 952 831 827 850 970 872 971 801 999 837 908 978 896 911 937 964 965 838 888 938 935 961 836 955 963 820 888 939 
881 940 912 973 1000 980 946 933 910 822 843 859 873 853 806 948 812 961 970 858 930 848 805 872 995 939 882 959 955 930 861 831 961 820 989 900 933 942 815 857 847 857 910 974 939 839 815 992 900 884 904 901 930 942 820 802 880 959 969 978 940 870 867 806 816 803 910 975 906 889 952 892 919 935 831 843 811 851 875 992 832 980 978 874 978 926 937 833 817 979 976 920 836 877 988 973 842 903 925 946 970 952 940 954 867 814 893 832 868 949 865 847 920 944 817 943 925 945 965 959 856 962 861 849 876 997 832 989 969 841 865 889 855 815 874 823 809 985 996 946 928 992 800 989 858 996 827 987 960 958 845 912 845 985 832 949 862 852 829 899 986 886 836 819 914 871 932 961 923 952 868 971 983 822 993 825 844 995 954 907 817 926 875 996 810 807 962 957 966 936 995 979 940 893 908 898 941 941 889 861 
969 901 840 984 856 949 999 956 968 991 917 992 952 821 874 856 891 811 975 894 925 834 886 805 909 925 852 833 961 855 974 889 897 827 946 878 923 917 906 943 929 810 936 846 916 997 855 961 852 945 852 953 949 853 808 853 946 930 933 959 887 835 842 988 899 843 820 888 998 839 884 978 899 891 922 890 945 910 923 886 869 882 909 852 848 956 860 975 918 830 855 912 971 864 914 868 941 988 939 907 909 889 931 947 985 899 930 813 834 901 979 990 893 845 867 840 988 973 942 812 868 860 975 868 925 951 983 980 841 983 995 806 947 907 925 887 806 818 807 942 953 985 900 991 904 868 980 916 930 817 954 987 871 879 843 925 865 983 963 967 815 970 957 904 813 938 892 866 898 839 958 971 948 885 903 851 865 840 946 866 905 828 965 999 914 984 896 817 805 847 874 961 970 957 852 956 821 819 969 846 
944 841 976 900 977 954 945 885 933 918 895 970 804 832 826 969 895 932 859 873 889 841 929 916 997 989 800 842 831 804 888 997 828 948 825 822 843 868 825 878 915 954 834 938 816 931 959 947 978 995 967 917 931 870 873 911 948 897 971 936 979 992 912 910 848 827 888 854 846 879 855 927 989 961 949 884 951 867 885 813 876 875 815 903 846 937 984 845 905 811 919 994 872 997 936 968 943 838 948 870 816 972 877 901 995 936 814 820 910 857 892 897 974 859 973 887 920 863 999 910 949 1000 906 810 879 859 842 970 895 985 922 970 831 858 845 941 883 969 899 870 943 835 913 926 836 908 873 873 920 967 819 827 937 940 881 876 919 945 822 888 881 809 906 813 945 963 850 805 837 950 830 852 914 967 859 852 949 843 816 875 885 893 820 864 816 829 898 920 910 834 857 993 867 902 817 800 918 989 968 868 
915 936 803 914 988 840 889 910 904 982 912 916 816 948 889 919 843 915 939 827 983 904 947 921 840 854 991 809 889 891 927 808 818 938 915 917 815 880 882 979 904 942 988 925 917 839 925 946 998 806 847 946 993 969 947 853 935 953 906 895 953 865 909 830 862 902 996 838 806 839 929 910 980 896 931 806 816 884 817 919 969 818 910 974 876 842 807 982 926 819 866 968 973 881 936 952 830 891 886 941 937 853 990 803 950 943 814 820 831 833 947 992 892 917 999 937 998 932 980 828 969 949 833 940 857 941 901 838 971 845 923 801 952 872 941 863 894 833 812 970 864 910 963 896 916 892 815 820 910 920 984 983 933 926 906 848 807 920 923 920 961 872 927 992 937 838 987 819 969 998 803 863 965 947 933 817 970 972 938 865 901 899 869 985 814 829 946 922 826 999 836 939 950 994 988 986 822 931 918 899 
893 983 913 833 933 961 986 855 877 887 997 988 925 949 865 935 846 935 861 873 849 945 989 806 805 956 855 929 887 902 916 972 801 940 880 925 837 869 941 943 943 830 820 924 838 854 866 918 892 818 884 935 868 922 800 828 968 829 814 826 822 871 802 889 871 929 927 854 807 960 952 932 991 926 925 893 918 976 830 975 832 820 864 908 959 840 933 909 800 824 805 919 829 873 875 880 909 822 883 963 997 960 963 892 867 856 853 831 861 919 872 996 911 888 835 844 902 923 938 901 984 947 916 804 847 884 933 992 998 989 834 965 867 887 891 922 909 951 889 806 844 826 901 878 809 800 953 924 935 884 818 830 912 917 961 869 855 993 935 820 888 982 988 802 946 851 981 812 982 999 891 934 927 826 841 800 941 876 846 891 917 846 978 808 820 800 912 859 994 848 935 881 816 823 873 805 934 940 898 976 
835 870 866 910 915 815 818 933 924 833 972 889 974 931 929 828 801 817 891 970 863 918 962 818 821 947 899 840 959 982 977 919 865 887 828 861 813 955 816 851 894 938 812 952 916 842 818 802 868 838 935 903 823 975 998 912 992 997 800 948 876 931 818 833 873 804 802 812 910 998 837 810 849 821 905 853 995 932 896 881 924 859 885 893 938 932 966 866 894 943 895 823 856 999 808 984 886 893 947 862 863 944 943 808 867 987 819 859 906 914 970 993 952 904 960 809 857 965 889 866 934 845 915 826 867 818 809 970 930 836 923 911 977 964 998 801 913 988 848 863 853 899 857 860 932 905 862 908 852 894 821 937 897 866 918 907 827 888 985 980 862 945 932 911 974 822 936 977 805 889 815 922 941 817 1000 820 856 940 860 902 841 920 871 932 911 807 997 848 889 942 876 853 855 943 929 826 966 973 989 874 
962 979 842 924 865 841 972 840 936 807 805 955 806 950 917 944 877 820 827 993 869 801 977 846 929 998 908 880 816 899 835 900 898 859 800 966 853 907 982 942 936 807 997 976 805 810 875 930 846 996 927 868 846 991 889 962 964 830 857 846 942 861 801 887 882 895 867 961 978 941 837 949 887 900 864 896 906 969 987 952 962 874 824 969 964 856 923 895 869 970 805 931 824 906 820 839 956 877 814 909 804 932 991 918 936 824 838 907 804 806 895 988 808 851 808 848 940 896 953 852 817 984 943 887 876 880 807 973 996 939 994 976 808 963 835 810 845 877 966 857 907 903 800 948 868 884 963 993 963 820 923 931 928 899 844 898 828 827 970 971 863 891 938 957 992 818 911 960 838 877 945 806 890 821 817 951 979 892 924 914 844 953 964 823 942 914 991 869 840 844 811 845 989 813 986 993 852 930 878 819 
843 842 862 955 866 816 975 929 867 961 884 927 964 981 956 845 928 988 849 852 974 996 900 942 910 945 812 933 995 890 941 860 819 895 915 931 850 859 930 841 811 818 876 997 868 944 890 876 942 865 855 821 818 899 955 833 875 970 983 852 915 953 857 936 936 876 927 819 911 956 932 914 826 951 944 972 989 859 951 940 1000 856 991 995 976 893 854 814 884 820 996 958 976 930 889 807 949 849 827 944 900 986 938 969 968 878 812 875 883 883 894 860 890 953 898 915 969 965 953 992 910 847 956 802 897 852 837 837 929 999 940 868 850 995 988 812 859 943 937 929 987 898 896 802 828 940 968 982 835 936 995 802 986 859 826 939 980 964 934 955 832 884 932 965 854 979 856 862 952 800 950 843 931 898 889 886 814 891 814 844 840 999 941 923 989 896 810 834 823 800 859 994 891 990 896 951 983 841 967 872 
924 991 960 824 812 826 920 881 857 899 839 990 870 827 951 985 874 971 863 970 846 839 858 824 931 835 883 877 966 902 982 907 961 988 931 858 897 994 978 849 977 995 808 820 804 890 947 1000 885 921 985 888 804 950 899 988 893 812 916 965 807 915 937 976 824 982 917 826 815 872 908 829 911 819 937 806 999 895 870 871 986 860 823 816 914 884 908 992 983 841 906 837 957 919 925 974 928 821 953 919 946 807 954 929 838 966 985 946 892 845 864 972 990 808 854 966 805 816 917 808 928 999 899 860 864 986 868 830 904 945 882 922 803 827 951 952 881 892 904 928 923 828 825 864 830 909 830 812 914 873 994 900 995 859 992 848 830 973 974 944 857 911 992 852 840 954 881 913 902 814 875 935 949 857 997 972 801 806 879 889 861 939 900 894 903 902 846 921 830 912 870 993 858 820 870 879 961 860 942 987 
885 972 804 987 965 839 976 993 946 829 864 858 942 824 835 843 895 935 801 875 952 892 893 818 909 970 880 884 878 824 999 951 908 924 834 860 969 892 900 831 951 914 874 932 892 998 918 814 839 969 845 850 891 852 803 984 922 932 920 930 845 961 996 976 838 941 930 807 843 980 943 850 899 890 853 954 904 936 908 914 866 824 951 942 835 877 896 930 960 904 848 901 998 880 918 881 958 836 895 831 856 984 873 854 995 966 887 911 978 903 920 916 877 986 935 850 975 891 893 900 908 983 948 925 890 899 970 990 859 938 848 871 983 984 931 980 943 868 945 863 993 929 983 904 842 885 857 834 868 920 871 921 910 855 904 828 859 952 932 859 825 941 911 888 847 958 842 917 883 892 820 875 825 967 849 930 961 942 950 844 871 848 849 984 822 872 815 858 997 976 983 991 846 841 894 826 923 910 904 983 
925 967 963 990 804 819 971 825 997 827 920 984 866 967 996 835 878 873 803 802 920 962 947 971 839 966 951 868 942 991 918 858 981 945 803 954 921 868 985 824 802 892 854 997 987 888 872 857 891 968 872 979 895 964 880 980 963 995 804 896 909 947 843 806 1000 884 821 888 899 904 858 923 878 881 970 914 956 952 964 830 915 814 848 901 824 991 964 890 891 996 858 863 929 813 978 959 817 885 809 975 959 937 944 886 915 816 888 852 801 888 927 970 985 903 883 972 957 873 820 881 957 988 859 961 955 837 995 822 913 871 956 851 956 974 863 912 968 984 827 907 996 935 919 999 813 901 920 847 982 863 859 982 931 843 860 950 883 963 887 887 900 841 924 937 804 985 966 948 841 949 908 973 965 890 919 990 884 914 876 917 827 960 964 923 976 874 961 915 998 922 925 888 869 936 858 822 886 971 953 959 
932 801 976 985 876 889 955 999 825 803 968 860 830 976 950 1000 874 856 985 940 835 991 968 921 829 907 878 803 990 1000 900 871 938 921 908 861 871 959 936 919 960 969 884 819 941 851 882 958 928 865 998 910 966 908 941 867 963 890 844 992 860 907 826 870 882 979 990 968 841 958 812 821 894 851 966 884 874 857 902 911 940 887 829 865 929 959 954 864 984 856 850 859 804 821 840 810 971 993 941 952 812 918 949 848 915 925 988 874 820 859 840 933 884 930 876 876 838 880 824 863 883 879 921 806 1000 854 951 809 987 882 888 825 867 869 821 882 928 869 907 974 905 865 808 844 895 896 865 829 846 927 847 916 987 961 967 986 872 856 871 921 927 940 875 921 911 928 870 964 968 962 848 962 971 882 979 943 914 902 904 853 917 900 973 914 973 847 836 805 870 807 833 975 924 944 826 1000 958 813 980 916 
889 967 847 914 924 858 939 848 812 983 814 861 906 848 820 982 943 803 882 935 821 915 911 956 978 893 880 933 870 816 898 909 961 822 984 811 902 906 969 926 956 987 950 875 825 918 824 853 861 967 907 861 879 981 983 919 876 968 874 908 918 937 974 896 877 893 808 826 944 833 963 807 841 946 898 841 856 878 960 947 870 997 905 885 968 890 849 936 817 828 818 809 888 935 916 898 911 818 947 856 940 809 866 983 804 814 947 947 810 953 800 828 891 893 989 852 842 845 879 807 968 927 819 846 985 866 904 896 879 843 883 818 869 873 980 811 879 850 939 856 864 907 818 1000 973 937 948 977 969 917 974 887 878 849 883 965 973 854 969 884 886 876 865 834 888 864 892 814 928 948 826 951 891 828 935 825 929 810 802 845 918 856 991 934 843 941 811 909 880 969 814 996 944 989 886 988 842 983 824 924 
939 977 818 919 862 802 889 901 999 914 942 905 911 863 935 862 938 901 830 885 865 828 835 981 899 872 980 947 822 873 961 826 937 994 926 914 943 952 936 924 890 914 825 866 875 946 977 995 861 816 993 842 821 972 808 840 805 950 854 966 845 957 856 966 878 878 875 942 993 913 950 836 886 829 982 807 815 930 835 941 812 843 868 981 903 802 969 926 879 983 973 810 896 848 943 909 965 898 800 915 858 855 920 968 985 915 828 894 970 925 961 962 841 999 842 911 891 949 999 809 811 892 845 853 817 974 987 985 875 911 952 837 960 828 998 870 979 947 813 878 921 820 836 933 997 851 993 825 926 976 826 922 871 809 826 855 955 931 929 921 996 821 878 829 880 805 924 940 879 866 949 835 920 957 900 990 973 878 805 930 988 896 996 924 876 934 923 922 984 971 1000 832 889 922 839 990 820 940 981 901 
880 886 924 810 934 925 953 966 886 802 875 843 890 844 809 978 962 974 936 934 814 892 832 962 924 874 820 823 910 831 933 994 888 956 875 964 932 901 876 853 926 994 850 984 982 821 909 986 849 955 878 914 994 841 946 921 813 988 969 860 854 832 953 857 928 895 924 810 825 835 898 865 870 943 948 878 934 867 822 815 908 884 818 879 990 906 826 983 998 952 890 957 821 891 942 969 856 807 992 843 902 906 984 819 973 906 951 984 964 828 855 836 945 865 984 913 915 899 973 820 969 835 801 911 838 876 839 977 838 845 882 837 852 841 963 846 929 933 845 990 808 902 836 810 987 805 864 956 965 940 932 899 993 868 807 851 930 987 886 916 952 954 936 838 837 864 851 973 997 993 882 982 913 879 881 978 950 871 986 990 990 902 814 971 913 933 893 828 813 811 968 860 981 851 889 929 829 861 834 971 
974 853 873 862 990 920 893 985 896 868 979 908 939 928 889 990 825 993 916 902 950 994 884 811 827 856 834 911 853 832 874 942 963 890 834 916 885 867 849 979 833 834 915 974 996 883 960 805 924 985 933 913 949 905 978 839 917 824 982 807 925 939 955 863 904 969 960 927 809 909 887 954 903 804 894 950 926 956 890 990 963 912 806 924 808 987 846 877 998 843 859 864 881 949 933 835 979 995 941 844 977 878 850 876 882 826 826 807 990 996 985 933 914 906 952 876 867 816 880 878 835 983 871 802 805 930 931 940 926 822 867 830 958 953 857 916 865 964 858 895 989 947 906 835 989 807 826 886 976 801 931 900 839 994 895 877 858 926 874 832 841 966 952 819 920 978 904 817 857 936 897 911 943 957 810 995 829 890 912 961 986 984 926 904 995 855 921 975 810 851 944 899 963 954 963 864 863 826 943 825 
910 853 922 945 859 884 996 867 834 814 972 919 867 895 936 993 823 864 938 971 842 878 980 812 929 980 942 886 892 822 830 820 860 819 966 805 939 915 982 947 821 948 937 995 943 813 978 833 871 805 880 892 802 825 978 923 887 987 863 902 913 902 997 828 970 954 968 947 972 911 902 867 846 908 815 911 931 860 888 913 939 987 841 886 877 888 893 978 902 844 819 909 989 846 944 826 801 964 801 812 836 814 933 881 802 863 981 923 865 912 967 937 858 881 818 911 896 966 833 980 846 848 941 982 898 876 911 933 932 1000 909 865 801 828 846 854 935 939 881 992 888 949 830 810 978 978 948 820 922 812 969 965 884 935 957 907 833 812 928 880 985 980 913 949 966 889 997 926 858 902 915 912 811 963 841 914 862 866 978 945 938 818 932 928 993 943 935 988 836 976 872 894 925 991 829 948 875 959 985 815 
927 837 851 883 864 972 810 820 894 893 991 815 973 919 827 846 901 987 933 857 989 863 917 832 881 978 872 820 974 994 829 858 996 889 813 878 865 836 991 896 938 917 871 981 882 911 866 941 959 972 946 911 985 864 930 875 894 928 926 912 818 918 954 807 830 997 883 979 899 944 935 815 823 819 963 913 984 944 887 993 930 895 973 900 939 858 959 838 800 933 847 826 927 838 960 851 857 987 847 853 892 923 989 941 876 851 960 969 991 854 823 942 829 863 805 824 844 835 988 897 950 966 847 915 881 808 904 948 936 812 968 852 870 918 824 820 802 941 956 824 875 997 990 822 811 842 884 899 938 834 802 906 893 847 927 895 803 873 934 958 852 867 998 832 911 900 862 885 927 834 987 847 973 889 812 860 925 842 971 832 939 924 938 882 912 978 998 996 808 920 970 940 850 938 983 909 955 997 966 948 
912 960 891 906 932 903 975 852 893 850 971 929 871 981 833 899 964 842 823 889 957 893 981 820 936 953 927 933 896 958 872 808 816 820 996 825 882 933 911 933 919 818 876 840 934 893 823 930 946 988 877 993 896 848 827 929 825 890 985 983 929 929 926 805 971 914 917 856 874 964 817 909 926 928 981 897 980 872 831 807 841 999 817 860 856 881 882 966 998 902 981 801 994 990 967 982 972 949 811 851 948 939 941 844 958 916 900 859 812 959 930 917 888 932 820 996 991 895 806 925 855 895 933 891 850 982 930 997 804 865 991 877 919 880 985 845 987 906 970 867 904 837 945 962 981 924 832 996 954 824 981 919 923 974 851 859 973 826 808 868 915 977 950 838 842 814 853 816 975 805 901 872 970 897 907 827 955 853 996 907 940 918 961 807 856 856 865 856 991 917 809 818 819 977 917 902 808 936 811 979 
906 889 926 985 967 980 883 917 922 979 921 977 910 874 970 911 925 967 984 943 938 941 906 810 980 944 990 924 982 972 982 960 904 978 988 814 969 959 814 990 997 976 836 994 878 950 821 982 949 884 934 983 847 917 909 973 939 889 924 860 883 821 895 960 940 906 865 810 888 824 833 978 935 828 994 934 976 928 966 957 873 915 884 838 925 929 895 846 947 929 955 890 868 933 902 807 826 888 917 899 860 947 865 956 947 840 829 886 991 1000 859 847 921 861 863 802 966 849 844 979 999 938 829 924 839 974 991 968 929 872 931 861 853 878 812 936 842 976 975 844 951 955 964 901 959 844 981 996 854 996 864 1000 997 833 975 925 892 906 888 934 885 837 911 954 921 836 941 808 844 853 945 909 861 860 970 989 937 878 914 903 862 830 973 812 998 906 925 804 962 935 862 921 948 938 831 878 859 825 847 820 
823 942 827 918 958 992 930 859 997 950 896 870 997 864 929 933 921 968 931 890 869 956 886 814 930 903 903 830 919 919 907 893 892 934 843 805 892 930 999 867 912 841 924 869 870 878 817 878 957 895 891 812 876 840 1000 838 902 923 845 960 820 917 889 972 865 977 827 844 840 869 809 966 950 961 995 957 800 887 993 874 937 915 880 911 824 997 959 933 935 926 958 800 823 965 877 926 911 973 848 851 834 812 801 896 815 843 864 849 973 892 845 965 802 819 932 861 967 875 985 975 962 939 945 959 845 850 803 900 867 803 852 975 946 816 817 863 948 854 847 874 907 844 906 939 940 907 849 934 855 810 819 981 908 993 958 978 883 981 885 833 803 928 823 980 842 885 805 985 805 874 960 927 865 850 939 918 829 985 995 808 919 871 801 857 819 872 950 858 955 804 817 888 826 831 874 854 912 905 978 922 
823 810 855 933 800 909 834 887 975 818 968 816 852 923 941 972 875 911 936 847 874 847 840 825 801 863 874 812 911 931 828 816 921 988 947 804 959 814 869 983 915 844 912 894 986 959 867 872 808 895 964 963 816 997 977 981 929 922 963 874 811 849 954 913 900 898 841 896 925 981 983 968 954 884 930 916 944 824 820 979 854 920 885 901 847 841 838 820 994 923 981 960 984 912 806 874 827 982 895 881 911 967 819 848 819 903 897 842 957 853 977 878 977 953 962 978 877 865 825 826 885 876 840 880 825 887 968 867 916 948 996 801 801 857 818 971 901 963 915 868 863 986 971 985 960 836 980 944 856 921 873 929 995 906 900 968 932 886 916 880 819 831 903 911 830 810 846 841 930 938 962 955 854 1000 828 972 832 890 849 891 957 864 925 829 872 859 820 948 897 977 830 967 967 877 995 989 943 990 856 895 
973 937 991 845 920 977 874 937 982 885 808 863 963 810 979 904 956 951 956 821 900 846 942 946 914 993 986 827 942 958 981 873 992 957 930 919 880 851 819 806 956 864 929 869 867 1000 954 993 855 856 996 971 988 935 946 920 926 920 983 993 986 970 980 879 917 966 839 992 998 987 824 829 829 958 991 948 985 927 817 911 827 951 963 829 850 818 868 811 921 995 996 861 850 805 983 855 834 805 947 983 816 922 950 975 958 983 993 918 946 999 909 802 858 844 833 892 854 890 832 970 890 850 968 811 966 837 879 909 917 815 972 888 941 986 954 873 800 946 854 937 966 884 994 854 1000 926 811 883 917 982 965 871 803 887 807 850 865 821 900 907 916 930 903 931 821 952 986 894 980 928 964 902 800 984 909 940 822 897 976 886 979 959 815 875 866 831 979 872 816 958 862 852 957 805 995 852 936 963 984 959 
872 801 942 943 983 964 929 805 811 806 903 932 972 975 990 906 881 889 888 825 991 924 950 824 848 814 900 823 838 903 988 819 958 919 896 807 986 949 952 962 838 922 819 882 898 802 860 807 860 984 984 957 911 831 998 831 961 817 827 813 977 815 895 884 1000 878 815 970 958 951 877 999 938 891 922 810 818 996 968 824 921 881 814 878 897 867 977 931 898 996 991 808 826 902 999 819 854 954 816 986 850 808 844 869 864 995 808 835 819 806 825 879 897 841 908 1000 856 983 886 856 999 939 837 934 804 826 850 840 998 945 964 937 857 992 838 975 800 872 888 812 961 845 897 963 908 830 917 985 800 924 912 865 862 896 834 894 943 934 851 806 855 833 902 814 991 959 857 945 922 836 861 829 963 952 957 894 827 819 833 884 971 942 992 928 919 903 911 893 884 887 870 995 939 807 945 913 824 964 926 965 
969 917 892 907 959 817 843 975 800 875 834 965 888 891 911 816 863 825 996 898 918 873 809 835 891 818 979 812 849 843 944 975 830 968 893 982 999 890 900 847 909 924 965 878 923 916 868 934 895 952 970 873 857 967 969 820 895 895 952 803 869 965 913 977 890 876 823 843 940 860 903 955 824 920 804 952 995 824 888 895 977 960 869 815 815 960 998 925 862 975 833 887 990 976 859 860 991 898 897 873 914 902 968 813 843 866 983 897 968 813 910 822 931 822 942 934 910 966 924 953 827 951 826 950 822 911 892 965 930 865 894 966 969 850 820 892 894 906 824 854 946 803 803 839 979 952 801 847 813 927 968 800 893 996 911 820 851 881 909 847 811 808 826 839 961 860 870 853 897 984 827 833 863 957 945 803 837 863 833 962 995 995 950 959 995 906 979 945 980 995 948 961 952 980 835 878 811 932 988 942 
968 851 859 899 845 884 952 836 986 869 816 823 846 875 842 873 916 837 976 926 841 959 895 969 941 800 939 841 802 831 958 988 801 959 862 914 922 883 972 861 882 897 837 840 923 957 917 914 859 920 862 928 866 984 809 902 997 804 903 993 815 835 850 944 863 885 958 961 932 804 933 814 963 815 926 945 914 973 841 921 816 855 980 878 959 816 879 899 865 945 803 836 939 989 907 837 930 870 849 895 814 859 850 806 964 860 819 851 897 910 844 870 836 847 823 894 801 984 849 904 931 973 942 991 1000 907 895 948 884 854 834 984 908 929 984 800 881 812 994 932 833 928 924 893 836 832 890 847 836 947 981 955 998 970 977 988 879 867 947 916 889 871 830 962 826 928 985 940 875 850 845 911 959 969 890 975 921 813 996 821 983 945 960 967 906 950 892 819 928 929 969 877 837 883 930 922 905 803 829 995 
820 804 995 898 845 944 921 998 805 881 889 964 825 994 963 988 883 946 826 921 830 877 950 810 927 841 887 933 889 812 875 977 960 940 885 888 850 877 958 871 985 977 859 969 914 800 885 933 985 984 847 886 812 821 900 832 836 860 890 882 956 957 863 804 959 984 935 937 953 947 887 886 838 976 916 949 999 821 853 880 821 802 920 871 839 947 951 873 976 952 809 817 866 968 919 890 857 931 864 816 917 835 928 907 849 962 992 926 855 888 809 837 967 821 913 941 937 948 955 983 856 919 847 950 984 894 977 812 925 991 948 992 961 830 948 983 848 909 826 989 837 827 951 916 915 966 958 912 971 819 832 836 803 831 924 816 912 997 936 858 998 994 950 917 959 898 921 802 898 966 853 888 854 842 906 842 915 855 834 983 996 850 967 882 914 889 993 993 875 876 831 967 898 905 931 829 993 834 982 938 
844 859 952 918 848 905 983 887 933 976 850 812 986 972 861 863 960 943 842 1000 916 918 897 916 978 901 852 816 922 992 981 801 851 845 811 910 965 976 976 954 803 885 939 861 869 943 905 872 869 975 806 837 811 887 925 959 830 884 890 994 951 975 866 897 827 930 942 993 839 929 961 997 824 936 963 903 893 946 935 969 1000 874 828 857 917 900 970 803 981 808 816 804 989 978 924 965 878 879 887 801 845 806 829 891 817 970 932 843 984 941 852 928 816 844 814 944 974 839 869 947 863 933 902 894 964 901 921 906 955 877 922 982 918 969 876 868 924 949 960 888 855 867 904 968 988 943 895 824 913 951 832 819 806 987 860 881 966 861 884 816 948 822 934 845 986 859 863 872 915 909 826 877 855 940 852 995 801 999 863 933 871 965 984 989 840 910 916 870 954 828 920 949 916 944 877 885 820 964 814 924 
958 886 817 871 807 905 963 812 913 947 945 930 870 930 1000 927 866 919 869 979 971 916 967 896 847 881 951 882 870 833 896 933 824 917 867 876 876 956 856 971 887 939 995 835 963 906 975 890 891 837 896 915 886 963 959 843 807 992 937 934 932 885 814 810 931 958 896 874 985 960 911 903 948 813 874 833 837 982 956 882 974 895 846 932 865 944 893 882 801 890 866 843 952 925 997 842 901 859 878 935 886 900 858 893 844 858 960 819 987 839 969 818 987 849 918 936 891 993 888 941 939 807 823 971 820 856 912 894 919 988 887 822 861 958 833 823 839 844 870 991 891 877 957 999 861 989 845 940 910 911 846 890 958 878 805 996 844 818 812 985 880 897 955 850 928 874 928 980 905 999 871 924 926 953 800 811 931 810 831 848 999 972 960 961 957 894 824 972 856 984 909 851 937 905 851 915 861 924 816 990 
854 937 959 975 911 833 986 827 914 944 870 891 894 997 931 930 858 874 874 908 828 988 950 888 824 911 927 870 809 844 974 971 804 894 894 978 847 819 933 981 809 851 983 876 916 953 962 898 944 966 975 941 852 944 958 810 812 924 937 856 962 905 905 972 902 900 934 839 952 806 828 925 905 800 844 930 829 864 855 909 813 992 936 935 908 911 805 808 946 984 833 911 996 975 884 936 807 934 844 937 849 809 917 813 979 838 994 995 914 930 977 875 804 926 837 840 832 877 949 864 827 803 914 892 888 966 957 961 853 815 889 940 877 988 952 853 965 833 894 905 812 823 801 938 845 850 963 879 899 850 805 804 829 800 833 853 928 996 909 832 958 902 837 975 928 849 987 929 837 991 801 862 807 980 858 884 991 857 954 872 916 863 943 841 854 841 952 888 946 959 970 957 964 893 969 968 996 876 865 873 
923 938 848 941 994 801 800 952 993 942 838 802 868 842 815 968 984 841 953 996 810 860 990 947 961 880 800 876 845 843 936 961 910 856 854 899 962 961 883 883 992 866 891 993 926 802 907 985 842 987 804 995 947 957 941 894 924 867 831 889 976 824 801 991 889 825 901 845 880 872 826 986 970 984 888 888 969 939 956 914 995 855 808 986 806 860 911 827 802 982 867 959 896 981 815 855 824 880 825 808 860 865 821 849 953 836 929 814 844 962 910 861 833 940 988 846 827 980 983 895 858 987 892 954 836 921 908 860 800 870 985 942 958 933 872 859 831 929 974 882 989 970 975 876 979 858 931 974 924 962 943 908 827 917 902 926 915 851 856 947 837 914 899 991 914 805 998 987 949 816 941 834 906 936 969 956 956 907 971 946 839 882 835 975 877 869 952 810 992 991 826 950 898 994 984 821 857 847 892 940 
924 929 864 842 983 905 983 845 809 962 939 820 918 935 989 816 982 854 802 980 878 821 851 969 953 804 891 886 936 980 892 814 923 919 844 827 948 923 940 936 876 849 950 875 814 801 971 848 863 936 966 935 839 822 993 853 972 855 963 828 860 919 972 809 902 888 831 902 988 990 870 855 840 963 839 927 824 919 977 970 906 881 965 840 998 835 825 873 818 969 825 998 987 875 975 871 911 829 807 980 849 829 993 800 909 869 889 867 861 800 971 966 839 928 969 942 997 945 828 913 800 895 932 881 859 949 896 969 843 862 979 990 801 962 983 824 891 945 983 911 929 859 851 812 817 825 953 834 913 931 900 826 964 818 978 980 999 984 829 882 938 977 912 945 958 949 813 958 937 878 815 954 894 931 937 926 978 912 938 962 904 837 901 952 829 995 967 954 932 996 983 853 992 931 966 974 892 803 927 987 
836 823 984 913 955 845 873 952 920 940 956 946 877 928 817 966 975 903 913 977 899 906 897 950 973 849 874 851 916 872 967 829 959 923 847 907 814 937 869 999 908 996 868 865 909 852 900 810 951 997 947 976 816 980 827 954 803 969 920 938 820 892 829 858 974 913 807 850 812 967 977 817 979 895 821 985 914 945 951 864 935 971 926 975 877 811 980 953 848 898 972 839 808 878 824 850 1000 971 970 946 853 813 896 865 942 981 881 811 983 999 868 827 845 867 854 939 909 819 940 807 972 921 868 894 806 894 998 967 898 886 980 925 858 865 943 925 822 921 847 868 928 897 855 862 969 915 823 919 877 886 997 819 894 964 861 944 914 882 978 809 848 903 814 944 862 976 842 807 874 1000 883 922 987 831 910 803 912 810 880 889 946 939 839 920 873 900 929 970 875 880 942 870 873 946 927 880 832 949 971 820 
991 884 949 895 926 810 899 967 821 898 912 815 940 819 963 855 989 815 836 982 991 954 921 895 899 953 911 980 836 851 805 871 970 888 980 888 923 960 908 931 916 912 802 966 825 811 869 833 931 896 933 919 864 886 905 903 976 931 982 826 994 906 956 969 984 981 876 868 802 898 822 859 800 992 828 936 862 923 916 878 957 838 941 966 946 956 859 858 998 815 869 966 956 924 881 991 864 832 870 902 981 998 911 816 802 853 966 891 993 931 864 871 965 822 892 818 979 839 936 958 986 961 807 929 897 850 870 863 828 854 907 995 966 955 800 945 901 894 918 886 939 862 877 843 949 845 834 846 838 856 946 998 928 853 892 827 834 812 859 965 946 855 904 830 855 954 942 908 819 995 943 927 904 963 996 852 981 918 846 988 871 907 858 984 822 902 827 812 887 929 836 899 963 937 957 999 817 885 852 836 
993 903 934 978 826 974 898 946 879 846 857 984 889 813 823 981 937 851 805 878 910 927 807 870 916 940 892 879 865 928 951 846 838 812 926 869 919 802 948 860 847 830 890 883 835 943 862 872 906 898 942 941 952 947 808 833 853 972 980 927 867 830 916 875 962 970 937 946 911 993 884 882 952 825 933 907 986 900 875 873 953 938 838 999 972 899 839 975 988 818 841 983 918 863 944 980 805 804 920 992 875 857 936 993 965 809 928 979 854 889 833 941 803 973 962 890 801 916 911 927 977 977 968 828 882 837 846 948 966 928 876 819 939 831 840 921 820 953 851 896 928 826 825 939 804 816 812 922 957 826 802 850 953 859 901 889 884 979 900 867 852 919 922 866 927 971 973 879 820 899 917 880 947 899 950 860 858 894 963 991 829 889 871 810 844 823 968 861 919 979 826 805 800 812 922 897 909 971 885 851 
945 869 959 968 881 963 837 915 928 893 952 823 847 827 953 878 811 832 999 939 985 887 901 971 943 929 864 818 881 932 916 931 980 871 856 889 863 969 904 972 872 905 995 912 951 972 936 833 914 914 918 866 854 870 996 930 881 937 951 864 890 993 915 930 993 931 940 838 909 932 940 861 932 889 818 801 974 985 967 992 935 950 981 827 852 959 831 1000 804 986 967 997 917 852 995 988 941 807 903 896 870 817 802 896 998 901 822 886 876 941 851 898 961 831 927 888 982 923 841 939 875 827 989 865 820 823 984 849 977 827 833 907 852 828 958 931 943 921 839 877 872 912 975 934 918 849 954 934 910 990 994 858 819 989 811 929 898 837 805 914 828 992 914 989 937 879 819 997 821 960 919 817 849 987 908 912 841 818 814 980 804 922 872 836 900 815 983 803 967 805 815 816 986 864 913 836 970 990 830 870 
899 876 902 943 944 874 832 985 870 842 934 935 927 830 834 851 904 807 988 1000 914 869 908 891 831 911 908 803 902 988 805 992 981 988 885 813 980 802 998 998 813 893 836 804 820 974 989 866 896 873 845 905 928 843 972 950 926 984 849 952 983 915 932 845 943 936 819 993 874 928 891 932 915 836 935 928 842 973 847 918 899 804 934 917 935 993 895 940 811 807 884 990 840 857 863 883 998 967 986 925 802 951 804 817 976 807 981 921 824 875 972 905 864 947 916 937 837 920 843 809 915 973 926 919 877 807 902 874 954 898 923 811 967 823 963 920 923 885 931 966 817 858 977 832 856 917 946 873 956 941 931 998 968 872 906 988 934 980 819 860 966 853 985 949 978 897 945 885 840 917 910 822 815 971 843 863 871 891 911 912 977 914 922 865 871 946 990 818 913 927 932 987 824 994 848 903 861 878 980 944 
970 809 973 833 854 820 835 963 872 833 827 965 805 896 854 871 833 831 900 921 884 886 885 970 962 1000 819 851 950 974 829 891 811 904 911 956 968 820 999 946 876 958 923 924 804 843 920 937 863 847 867 964 951 958 970 855 868 968 897 859 841 857 877 981 813 914 973 904 900 870 832 830 984 888 845 824 974 891 944 912 859 816 846 922 993 864 958 932 836 843 905 826 872 870 909 811 809 978 844 963 951 965 801 994 930 935 968 941 878 951 830 885 857 981 869 838 866 862 905 858 826 889 984 920 916 899 899 909 853 898 992 945 883 894 823 870 897 878 873 826 975 890 926 948 956 854 1000 826 929 933 882 950 834 860 830 895 808 828 947 846 900 835 995 995 946 876 821 942 850 939 923 976 826 877 884 804 814 813 914 810 969 865 967 907 904 817 842 961 807 915 954 891 946 874 946 908 906 823 879 808 
873 839 862 907 880 927 905 965 938 889 942 900 948 829 962 942 953 826 825 885 988 967 823 862 975 821 979 961 811 882 942 930 990 956 817 937 934 855 834 931 804 864 999 805 885 831 949 800 832 834 891 896 955 911 944 817 854 845 857 926 870 983 936 837 865 993 961 926 952 989 876 812 870 988 833 952 936 894 931 924 984 980 914 848 801 904 960 806 848 818 809 991 829 882 942 980 825 840 926 912 928 870 818 838 813 977 905 955 823 841 999 946 943 929 873 843 938 932 965 843 984 962 876 861 972 962 995 886 886 845 894 934 913 956 858 825 842 981 880 988 836 904 938 991 991 865 996 907 950 803 922 872 906 879 826 802 915 994 972 925 954 994 845 865 927 835 967 812 893 921 819 866 959 849 832 820 947 937 954 976 859 915 948 921 924 945 813 963 956 877 904 801 837 841 907 902 871 990 830 976 
812 843 853 873 914 983 988 833 969 902 834 996 857 828 855 930 844 830 896 981 941 917 856 965 979 893 947 953 931 813 958 916 812 917 855 858 845 861 860 977 976 800 893 841 843 813 909 858 970 968 937 952 962 850 814 803 917 873 989 806 818 802 938 886 868 883 869 997 835 850 865 832 882 946 948 988 828 886 944 812 838 818 906 924 944 810 956 976 988 869 906 838 850 884 942 916 970 867 922 909 892 968 909 885 859 853 963 801 943 856 828 907 995 998 986 961 949 907 899 973 886 983 805 826 931 955 804 960 849 950 886 882 803 957 948 874 842 970 937 943 875 986 921 918 934 949 825 956 923 833 809 978 965 919 935 879 846 812 906 837 909 950 966 962 984 861 844 809 968 904 988 903 921 984 984 863 866 942 836 952 854 805 891 888 814 904 894 994 944 904 908 968 903 883 953 880 932 975 840 881 
863 971 990 937 834 945 896 800 839 822 800 855 896 888 865 958 862 982 988 824 879 904 907 894 951 867 865 922 806 808 885 911 933 953 902 914 932 825 856 920 923 802 856 820 860 904 812 891 840 946 859 900 958 892 971 920 970 997 857 966 867 843 864 957 816 932 829 970 991 923 860 901 937 915 913 849 822 999 820 949 807 813 826 953 882 947 986 860 872 876 876 907 993 858 962 985 977 827 924 945 860 833 931 917 979 809 980 975 890 936 806 903 813 912 979 984 825 855 915 807 871 929 913 887 856 882 836 909 850 915 984 862 886 900 888 947 984 917 996 862 962 939 885 939 972 825 817 864 940 822 830 900 856 907 925 895 808 810 844 958 809 924 873 987 975 808 946 879 848 823 893 958 914 809 854 989 976 982 855 903 892 809 913 824 913 820 974 821 992 838 922 875 816 968 805 857 943 864 899 874 
888 994 989 938 823 871 822 920 897 927 980 874 969 800 836 914 954 821 827 910 892 934 826 830 919 824 805 984 903 904 889 963 932 804 877 875 818 855 861 816 987 914 906 900 974 878 996 801 870 832 913 824 948 878 870 913 838 809 880 823 886 965 941 834 889 938 820 803 926 974 975 906 805 899 981 939 847 977 996 818 973 854 922 975 881 816 803 841 855 882 887 834 920 948 832 919 875 934 854 975 882 998 927 903 908 902 988 931 836 934 805 830 928 934 961 980 922 926 895 959 844 831 894 923 842 888 906 856 840 987 894 828 924 938 818 881 814 924 903 952 913 931 806 933 941 866 892 876 843 953 910 817 803 802 801 862 841 870 925 952 998 973 966 927 864 911 945 841 904 905 991 915 877 866 900 812 856 827 917 998 960 949 915 853 845 900 987 916 992 872 934 965 1000 994 989 911 813 988 891 892 
843 864 839 991 951 874 988 913 908 869 890 919 970 887 870 935 901 808 816 817 878 811 874 987 947 866 824 890 988 854 864 916 805 947 897 867 904 873 865 953 855 990 845 910 868 938 826 894 812 859 816 838 858 901 836 931 844 808 906 992 806 972 863 802 922 841 809 997 881 977 948 938 964 982 894 981 971 916 985 959 865 951 928 894 952 865 865 823 909 893 986 854 834 826 811 965 969 809 956 911 981 859 855 820 959 933 975 955 982 924 905 897 961 993 851 923 981 899 981 828 932 902 956 910 827 964 851 918 924 878 807 974 981 903 826 976 937 887 801 916 834 805 931 808 818 951 886 929 880 870 848 871 996 951 917 995 863 929 902 905 863 900 832 800 804 833 992 856 910 940 947 967 824 905 901 992 829 977 844 804 962 818 960 896 931 920 813 865 962 890 896 943 827 898 863 918 837 822 984 833 
892 878 853 934 956 828 960 832 891 872 880 905 927 922 937 865 971 817 934 959 893 854 992 908 819 975 895 895 848 808 921 828 919 959 981 813 976 935 986 957 823 921 915 822 888 977 859 993 952 831 823 996 819 918 829 830 802 876 968 898 852 860 883 997 857 900 872 829 981 991 872 823 805 825 975 946 937 952 937 881 881 903 966 972 974 817 827 903 806 898 971 896 824 902 876 943 870 810 866 847 831 906 992 818 919 817 910 871 941 971 968 939 906 969 986 930 843 950 919 977 913 976 843 818 904 958 898 957 994 948 824 845 989 904 895 886 872 985 826 856 899 950 991 849 963 873 917 945 856 948 901 916 916 964 985 918 836 882 911 878 913 805 974 941 916 895 987 868 945 982 895 836 809 865 902 820 967 963 953 814 902 871 883 904 825 917 986 894 803 941 803 887 936 879 850 912 996 942 945 804 
807 987 956 802 870 921 821 918 948 817 986 878 872 878 898 881 923 984 875 969 906 828 987 991 899 948 981 873 811 842 992 995 821 911 935 917 937 876 975 851 850 968 829 947 945 837 833 958 932 959 918 901 811 969 813 917 964 885 999 872 806 830 994 997 975 878 954 833 892 958 888 819 906 831 992 912 964 891 985 940 954 983 804 892 874 861 928 978 883 816 946 831 853 809 992 966 953 903 910 938 812 967 889 859 947 935 921 948 886 859 851 931 863 966 805 881 834 872 854 997 865 909 975 864 966 810 991 833 984 866 878 817 830 870 829 904 949 829 964 848 867 972 882 852 911 808 894 905 814 829 824 908 971 813 947 944 918 929 946 809 867 820 903 894 898 944 958 866 939 803 836 836 822 845 834 894 871 988 815 808 932 804 935 850 842 990 996 878 861 988 845 941 967 1000 967 872 926 854 815 992 
882 887 907 832 852 927 983 837 899 988 967 818 857 827 932 854 862 995 877 855 832 806 920 825 837 941 926 850 921 877 963 898 854 979 904 863 875 982 863 959 961 918 873 939 928 812 830 936 853 903 820 963 994 958 909 952 821 884 821 997 997 835 880 889 842 926 932 906 929 870 965 966 905 999 877 853 927 841 970 804 995 969 883 817 867 866 980 936 918 934 821 875 850 887 930 850 847 889 943 951 863 980 975 832 805 840 967 983 989 912 822 999 941 854 906 954 852 881 934 874 923 964 967 936 934 990 982 903 929 903 821 922 888 838 843 905 956 967 869 996 817 852 919 989 983 826 862 941 910 812 893 802 885 988 818 832 987 997 885 936 941 968 969 811 818 980 808 890 940 900 875 852 859 958 869 947 954 992 850 879 971 860 861 920 943 822 827 941 846 936 930 983 916 853 848 896 950 890 976 853 
948 960 952 919 860 941 800 946 995 824 803 868 969 944 961 941 866 975 819 843 866 885 848 878 938 929 921 952 964 867 976 864 980 912 986 813 853 844 890 866 806 845 825 812 815 830 996 921 934 940 862 855 912 999 915 824 940 810 884 943 911 894 974 850 838 907 831 977 903 853 876 941 800 811 816 942 850 812 893 951 993 986 821 825 911 906 817 938 969 956 941 875 920 820 963 932 924 938 945 891 993 901 946 835 996 922 962 907 899 924 947 891 812 806 919 873 840 913 889 833 854 922 956 862 811 895 864 843 916 825 951 847 929 996 891 952 977 894 886 840 982 910 976 960 858 934 812 943 904 881 897 969 867 914 883 969 965 946 845 917 852 963 974 871 913 850 865 937 996 910 963 822 959 959 853 868 858 832 971 934 909 832 880 983 908 917 892 987 917 823 958 900 989 928 931 892 832 843 812 867 
988 925 949 839 831 882 956 882 975 841 844 848 933 838 842 904 910 998 970 971 852 849 801 861 971 910 849 887 813 897 901 924 865 940 895 837 868 949 986 938 884 856 964 966 856 980 918 847 861 958 979 891 842 907 930 868 841 931 994 821 828 903 958 910 968 936 963 977 983 914 856 895 990 905 937 974 996 908 967 812 924 812 887 804 861 914 942 828 975 808 830 867 863 892 916 925 824 822 935 941 964 842 899 904 956 919 987 858 947 930 802 822 937 956 996 856 923 988 945 981 837 973 988 984 971 937 838 916 868 986 995 871 859 991 892 850 915 934 872 819 978 819 974 889 922 884 884 870 958 869 942 950 933 877 949 878 920 872 857 871 891 856 986 854 933 849 937 946 942 871 931 841 861 888 840 860 998 838 981 854 816 984 881 814 917 824 850 949 858 922 892 998 959 909 886 993 887 954 841 992 
889 845 852 899 828 900 834 858 915 896 983 918 874 941 819 831 821 812 993 960 846 973 839 971 910 928 814 882 835 976 965 845 914 880 993 925 810 905 826 976 935 911 906 823 862 887 945 955 844 893 993 903 832 866 848 865 937 895 992 957 938 881 956 849 916 846 950 978 837 959 999 918 995 928 858 966 898 975 989 946 859 856 894 853 940 989 992 869 841 808 875 878 986 861 968 903 950 998 989 933 846 904 882 905 986 890 873 873 843 835 914 826 810 814 902 857 850 828 906 922 826 932 979 944 865 875 971 867 821 876 820 945 895 984 934 990 871 818 911 867 857 947 961 917 971 889 827 909 952 895 935 989 826 950 889 905 982 995 896 966 909 943 959 900 927 930 986 879 982 918 980 846 937 819 908 810 865 862 812 831 907 810 966 965 936 913 882 803 802 943 826 877 936 986 941 948 813 993 842 1000 
856 910 947 848 940 896 896 870 863 933 974 908 930 803 866 958 961 914 873 958 847 845 973 954 852 879 915 838 879 897 967 903 817 984 861 828 843 856 970 868 907 931 801 845 873 973 813 920 925 998 896 835 806 861 993 861 893 839 873 947 814 989 932 918 864 860 874 876 854 927 974 842 1000 833 921 865 950 821 850 827 829 809 916 945 807 869 958 829 954 863 833 843 854 858 902 810 948 880 820 995 949 827 831 999 883 882 961 881 816 944 929 868 943 840 864 927 928 903 872 1000 830 944 827 850 817 966 989 819 979 881 995 838 913 987 909 975 913 976 962 805 815 949 897 821 968 861 811 876 923 895 838 878 929 849 836 813 944 988 861 827 973 853 947 909 943 944 923 936 976 961 815 890 835 949 957 913 852 855 980 801 846 833 882 822 875 967 849 966 979 917 997 980 836 929 941 892 938 878 816 879 
806 990 809 919 996 932 817 910 987 882 961 910 961 997 844 814 822 996 942 876 822 907 850 957 983 865 898 960 974 831 902 931 821 801 889 918 937 810 809 924 901 961 904 886 903 936 998 889 840 976 934 946 822 921 884 969 924 996 800 889 823 896 923 938 856 976 918 941 877 875 934 946 991 906 811 976 810 990 845 861 974 972 832 892 865 925 873 885 879 880 975 912 919 983 899 909 813 871 876 825 863 812 913 803 814 822 809 870 902 957 850 892 997 931 889 856 946 971 920 847 834 847 983 835 886 882 984 899 853 886 850 873 908 966 856 889 832 809 862 848 857 951 861 958 924 976 807 947 800 935 869 931 909 810 820 832 864 970 911 911 978 937 892 832 870 865 864 838 893 812 884 806 898 989 807 894 952 917 910 975 925 836 906 923 819 823 815 970 858 832 836 977 855 850 900 827 876 974 956 907 
951 928 967 971 944 835 973 897 888 882 809 803 911 899 898 972 918 803 877 866 946 863 991 816 934 815 937 968 819 867 986 800 919 921 800 958 958 914 974 891 932 960 927 875 814 822 917 963 951 840 827 968 937 867 933 875 808 853 833 960 820 804 855 985 986 806 909 970 869 871 927 865 865 999 854 831 867 867 884 877 972 962 958 968 923 963 947 930 849 829 808 941 919 948 961 897 863 967 925 926 863 914 849 879 902 866 814 971 868 989 998 837 852 804 807 930 900 847 858 922 1000 830 861 985 865 931 920 805 978 866 959 866 898 908 909 839 873 965 976 982 829 878 1000 942 839 974 836 875 896 840 977 945 963 962 855 988 949 860 860 982 823 862 903 907 951 812 949 876 882 950 843 854 887 951 847 882 998 956 947 832 806 937 995 812 999 816 830 899 986 963 864 831 813 818 807 819 952 814 1000 947 
862 955 873 915 952 880 802 872 906 815 880 924 960 930 864 996 870 837 808 958 813 957 961 896 930 933 934 886 813 881 832 933 998 835 900 897 959 982 800 827 819 913 872 937 800 981 850 890 889 935 974 828 898 979 941 865 938 800 921 844 928 980 950 965 882 903 897 912 977 978 897 813 981 830 884 809 988 808 990 990 969 880 955 901 867 985 810 800 835 828 809 854 821 880 886 990 971 854 921 807 824 963 810 912 846 962 866 837 804 981 845 886 848 960 995 987 848 897 896 837 998 803 936 990 882 809 897 960 969 931 970 889 943 983 977 958 894 954 832 834 812 823 957 988 963 855 845 973 897 939 914 828 919 821 960 828 879 885 813 832 976 943 973 983 829 814 996 808 993 802 985 876 841 901 932 982 950 980 937 859 977 995 855 932 850 951 955 917 953 994 866 907 919 890 880 976 920 995 800 983 
943 907 892 854 859 889 913 837 808 848 820 842 895 907 859 903 808 854 992 973 804 978 831 966 801 851 908 939 915 841 907 869 811 935 949 925 960 974 827 921 811 959 904 807 948 818 818 873 890 871 875 879 815 856 907 993 915 968 868 985 800 905 878 834 837 936 994 929 883 939 857 887 974 889 998 854 987 825 961 891 892 939 972 823 993 800 919 838 877 952 877 809 825 960 990 922 892 930 914 805 892 912 811 886 998 849 889 830 941 803 968 891 922 911 891 816 866 904 902 948 963 830 809 811 933 918 943 881 844 886 843 897 830 806 868 991 882 854 905 824 919 898 845 869 800 951 894 884 908 851 978 901 883 838 819 825 914 919 888 890 960 937 869 917 958 938 847 960 877 976 868 935 874 929 827 975 853 957 860 864 822 892 999 991 991 962 900 927 898 906 1000 995 934 893 831 946 995 940 891 889 
855 907 970 872 955 989 909 952 946 975 826 976 889 873 985 908 987 907 814 988 928 921 988 884 909 894 823 920 850 839 827 907 806 988 919 992 953 944 981 889 856 982 990 894 894 970 812 863 927 995 998 990 900 873 896 864 900 836 916 947 812 916 872 834 905 984 987 891 838 949 995 984 918 850 960 949 861 882 927 919 935 988 865 868 809 906 837 931 975 817 964 909 897 949 972 854 992 926 910 999 888 887 836 816 924 846 856 935 953 991 960 923 898 890 965 965 826 814 810 912 864 838 888 836 837 800 808 926 938 913 847 879 921 861 957 877 978 881 886 942 875 888 928 805 877 827 867 959 868 941 804 817 879 955 839 803 854 859 806 809 989 869 999 845 932 849 998 921 820 985 854 871 995 946 873 987 823 803 969 912 976 936 950 846 990 812 956 832 982 915 884 881 837 895 815 806 971 972 968 857 
977 903 899 835 919 996 875 833 869 956 814 815 921 913 825 881 974 970 887 984 901 953 977 974 924 983 912 997 963 860 813 947 914 895 872 885 836 802 858 941 826 880 820 977 882 860 858 952 922 971 832 820 800 970 818 965 908 981 983 809 955 948 967 886 838 874 858 897 865 827 816 951 998 965 961 836 968 920 866 896 975 917 804 872 984 884 945 832 939 988 941 956 972 969 892 803 880 892 827 949 890 899 835 828 923 855 915 893 861 854 884 831 850 988 855 803 889 887 838 907 989 854 921 980 829 937 960 964 943 912 865 891 968 815 946 884 869 905 959 977 977 915 812 981 863 844 935 820 826 961 867 941 857 875 961 890 932 817 933 945 871 918 879 998 884 905 953 959 996 882 966 973 960 938 915 946 849 950 960 942 909 867 940 906 979 931 995 979 954 915 977 807 936 949 820 894 925 897 803 989 
824 981 977 961 859 940 938 852 949 809 838 974 996 988 805 945 910 812 845 938 973 861 864 814 980 958 923 821 884 807 848 894 914 873 820 820 832 899 988 928 838 804 969 957 998 976 899 855 824 989 989 865 923 911 923 917 928 883 810 914 933 967 901 833 935 820 894 921 804 844 800 824 842 806 940 888 974 954 844 845 942 983 956 891 983 974 919 893 972 972 996 884 929 888 952 882 851 869 941 889 849 828 967 966 865 879 937 846 923 839 863 838 813 943 860 879 950 822 894 802 889 913 895 810 805 848 970 986 965 973 1000 827 819 973 873 867 835 989 932 897 815 968 832 942 822 913 929 916 947 906 853 872 811 986 848 841 861 914 892 976 876 899 867 991 819 842 867 854 936 951 862 901 822 982 857 926 815 976 847 823 901 822 895 954 874 882 879 934 993 949 845 881 857 821 871 837 961 942 983 979 
920 948 843 849 866 865 993 887 966 822 906 867 904 933 960 903 807 922 912 956 834 936 951 861 822 884 867 836 952 945 911 804 874 987 853 815 920 903 869 814 836 958 928 884 812 824 830 844 901 975 996 997 870 918 948 983 975 888 922 969 817 932 820 971 821 838 853 976 910 986 898 946 986 980 857 841 991 945 928 806 999 991 895 828 967 944 883 975 830 902 999 949 807 850 966 954 878 855 939 852 867 812 904 980 803 979 817 941 872 918 801 922 817 889 846 887 880 926 909 996 931 883 818 880 891 977 834 903 813 843 898 855 837 894 875 851 998 876 980 955 845 817 969 836 829 997 934 904 806 850 883 950 865 930 852 957 946 882 889 920 938 874 919 886 856 833 845 844 865 942 850 802 937 982 988 902 838 951 965 815 965 869 990 852 992 900 935 987 857 843 848 867 809 878 993 981 877 950 891 882 
845 874 811 831 884 958 951 883 852 902 824 905 826 839 851 924 951 893 835 900 875 897 847 956 938 902 966 944 967 868 819 808 871 877 935 987 973 852 961 970 966 964 940 838 905 929 984 885 872 859 919 814 895 905 985 985 849 961 928 822 947 941 806 921 988 950 898 915 866 974 880 850 820 889 983 923 930 920 974 888 816 998 948 872 901 962 861 894 931 962 878 866 881 886 931 804 928 895 952 887 924 924 999 862 832 912 910 829 892 871 931 970 839 943 877 845 875 958 806 958 847 941 997 928 883 899 967 918 842 810 928 862 836 978 865 967 983 924 853 989 971 826 810 837 925 995 942 841 927 899 985 931 880 978 951 949 894 975 997 827 1000 802 899 842 910 906 876 804 958 827 914 967 811 850 871 841 853 801 862 954 989 921 803 996 884 813 900 993 840 805 813 863 944 829 865 859 996 966 989 947 
941 880 858 875 854 802 988 857 874 977 953 999 975 993 811 870 822 918 908 873 994 950 983 825 917 846 942 826 966 871 842 854 809 800 833 827 899 914 864 990 878 944 919 882 805 880 901 913 981 866 995 999 838 971 876 958 822 943 954 890 871 975 946 854 957 821 863 872 933 881 827 985 815 826 966 952 940 923 860 815 913 939 955 801 842 917 882 982 986 957 914 899 983 826 855 813 919 995 857 884 970 886 987 863 925 951 834 875 810 970 843 891 800 957 947 940 841 910 838 990 975 983 845 805 823 968 853 801 967 831 803 888 959 917 974 846 891 914 868 885 996 993 825 877 990 939 870 921 900 859 829 828 801 956 900 904 870 878 916 927 802 889 982 846 871 825 877 878 963 925 982 961 867 924 987 846 801 970 826 953 925 816 958 907 900 946 899 934 908 816 884 869 949 842 894 893 971 994 912 830 
967 878 915 842 854 988 852 885 946 838 918 929 1000 830 867 912 832 826 933 863 939 932 806 897 982 989 947 940 928 992 809 909 902 847 890 995 881 808 979 834 864 934 947 919 866 936 864 860 905 996 979 812 868 979 987 929 860 881 869 859 842 823 874 915 993 965 853 967 824 823 964 858 966 817 843 899 966 906 898 911 828 889 975 835 886 1000 971 862 831 827 946 987 899 979 897 844 838 959 919 813 859 865 861 921 830 819 924 857 939 997 867 949 967 872 810 806 902 999 954 866 954 959 859 839 916 842 877 948 992 926 869 994 963 864 992 979 921 928 870 825 807 990 963 823 862 804 925 851 972 817 858 847 884 864 892 895 953 931 862 885 808 940 823 945 875 861 934 857 811 810 972 990 958 980 999 997 926 944 865 916 933 849 957 930 935 866 905 945 904 906 975 966 997 874 870 866 869 862 800 942 
924 852 957 895 979 879 914 932 846 997 827 819 919 986 855 885 846 832 986 873 864 824 958 877 987 887 850 905 924 981 828 904 992 969 961 922 902 859 952 965 926 900 855 992 864 867 802 820 819 800 944 834 950 803 927 870 826 992 835 949 814 936 966 843 877 897 996 865 945 849 940 883 804 942 990 926 910 911 980 817 997 937 933 848 898 886 960 842 822 839 871 971 842 859 804 814 901 964 999 924 919 804 986 904 820 866 802 991 928 993 993 912 842 885 902 808 942 869 915 967 905 977 966 949 854 880 841 873 935 918 918 899 929 879 801 872 865 839 983 976 844 812 939 994 811 831 975 802 949 991 841 963 924 981 936 898 864 824 954 875 844 862 867 893 924 834 889 905 896 852 933 858 834 899 999 948 809 834 968 897 814 927 929 936 933 905 827 936 949 925 866 966 990 873 883 885 851 804 848 861 
832 813 924 883 816 942 987 882 935 835 896 902 900 953 962 918 984 862 849 917 923 878 957 820 803 969 808 913 852 902 840 961 932 822 909 966 973 844 963 887 968 801 890 807 835 883 811 951 983 982 864 939 811 929 848 882 904 927 811 885 936 957 821 959 847 929 942 890 998 943 814 932 902 975 881 831 807 907 843 871 881 939 977 823 822 918 916 883 997 876 943 976 838 995 897 920 834 842 939 980 829 912 992 989 962 871 897 890 904 827 928 968 897 934 805 966 993 871 921 966 930 982 806 872 842 808 971 819 931 972 962 994 914 906 919 986 929 938 968 846 952 819 869 998 920 852 990 869 939 861 918 955 896 887 999 864 872 871 839 957 971 947 834 987 909 997 835 923 818 806 998 943 820 879 901 977 865 850 966 843 904 945 994 869 810 808 955 829 986 833 954 805 995 925 847 990 804 975 832 880 
909 935 863 852 831 978 915 894 806 829 830 932 946 817 802 892 816 906 812 988 838 864 980 858 990 868 983 861 985 928 962 821 883 947 984 959 994 924 870 862 934 806 996 991 807 931 987 957 910 874 907 963 926 857 982 967 937 815 953 1000 917 847 980 909 825 814 861 929 963 876 995 809 947 856 931 800 889 850 963 872 876 986 919 820 985 914 961 841 975 888 945 847 953 827 821 954 898 991 825 889 960 900 982 934 933 934 857 953 946 864 891 892 865 816 939 975 881 820 953 999 847 870 988 904 935 891 810 920 913 847 988 869 879 952 863 832 850 822 938 955 800 880 836 962 810 881 840 917 869 957 984 813 902 966 814 966 941 875 904 908 927 948 993 860 961 856 873 958 1000 851 830 933 868 808 981 962 998 827 881 894 918 859 881 851 818 952 984 853 859 915 817 994 844 942 890 883 952 981 954 904 
958 951 965 981 966 811 940 976 972 889 911 803 997 962 976 840 904 947 853 889 947 993 829 939 908 886 847 948 998 923 900 856 943 883 878 830 962 965 911 896 936 847 970 893 835 920 846 871 962 997 814 964 935 817 930 812 846 884 972 842 1000 928 815 883 896 916 966 851 862 856 879 960 854 977 960 840 958 912 848 816 914 960 938 886 963 828 973 916 950 855 812 840 933 814 956 987 830 983 954 801 816 980 957 931 896 878 805 894 993 994 856 907 997 884 993 903 949 899 990 995 920 998 985 901 859 822 998 857 849 907 980 843 803 912 986 847 985 989 923 894 861 952 863 926 826 977 988 821 895 920 902 811 866 805 905 968 807 913 976 815 969 833 886 976 984 823 832 916 1000 975 954 959 910 835 983 811 848 825 918 950 815 913 816 886 833 833 937 891 890 897 973 873 932 870 989 927 994 853 858 978 
833 899 936 943 828 971 915 952 833 855 899 984 855 974 993 800 976 806 827 872 992 981 892 828 810 875 958 837 879 837 950 861 849 859 920 967 909 845 955 918 975 969 943 837 947 862 854 969 816 863 930 831 925 818 887 966 838 936 831 850 911 944 974 874 824 942 909 915 995 965 877 898 954 934 881 847 953 985 914 900 807 999 873 823 968 901 980 989 813 821 935 886 983 848 867 903 885 809 841 878 803 826 895 954 972 865 962 887 951 909 946 860 904 826 931 907 969 870 934 984 903 936 821 977 837 841 807 816 918 828 952 1000 819 856 907 852 851 981 897 964 948 909 940 864 968 916 866 897 940 917 822 931 873 956 827 922 966 876 859 863 963 889 945 974 985 998 933 808 890 996 805 978 969 907 929 988 929 882 806 975 962 1000 985 865 978 807 800 825 920 838 969 894 905 906 871 879 876 893 986 855 
988 838 954 872 998 976 1000 972 988 937 823 904 857 928 864 883 970 801 924 825 909 971 805 905 998 808 927 859 884 999 849 921 810 960 911 917 935 878 812 912 966 957 989 956 983 804 814 815 830 898 987 916 847 844 906 999 888 830 956 984 978 822 930 812 886 959 948 886 969 993 916 875 844 919 802 911 903 853 929 957 894 880 968 991 841 910 980 811 955 929 856 887 900 879 832 841 852 955 923 827 858 897 953 897 888 836 800 858 989 824 845 882 887 878 913 854 831 983 985 840 985 975 846 855 911 848 852 869 954 984 868 855 898 887 913 983 884 939 810 964 817 952 918 962 912 904 876 824 993 880 851 805 932 953 837 880 817 810 859 848 873 828 995 892 843 919 887 807 846 999 966 876 886 958 859 891 861 996 841 945 904 863 892 834 929 942 871 835 860 800 978 961 817 900 911 1000 907 856 835 998 
836 886 989 878 937 894 916 922 825 995 986 906 869 847 942 910 917 868 933 931 982 971 944 810 987 997 804 930 932 979 978 956 933 895 988 908 921 832 826 964 820 971 985 888 977 967 887 954 936 848 829 954 974 921 940 964 870 879 826 835 953 892 893 804 801 974 953 851 822 960 915 983 801 850 984 841 890 829 984 908 958 896 980 943 983 923 841 816 894 895 801 984 928 839 946 934 941 839 858 993 852 948 952 806 849 919 947 815 813 902 991 997 946 851 973 881 990 998 857 873 947 850 983 812 871 953 920 805 816 882 902 913 924 875 806 946 845 818 809 999 879 935 902 946 866 970 824 976 946 984 888 970 997 957 986 804 848 868 990 910 890 896 856 821 972 842 862 979 987 941 937 872 815 926 824 878 927 960 855 980 915 967 940 836 943 812 808 828 909 994 962 962 939 977 858 814 832 879 930 849 
843 900 981 933 912 915 901 859 803 967 861 818 903 874 981 836 921 928 913 916 825 894 839 871 981 943 993 932 809 843 885 873 918 942 991 879 926 817 940 993 931 909 931 886 979 829 870 985 1000 815 855 874 900 860 980 843 938 990 938 990 843 847 936 848 878 900 980 909 809 960 923 917 831 809 865 819 805 839 824 900 903 940 847 872 920 927 858 897 844 979 895 979 848 884 861 959 985 828 840 935 965 938 988 824 864 933 938 910 851 968 957 905 994 998 800 950 918 942 909 938 923 823 820 819 905 989 885 948 990 893 838 950 977 806 828 999 819 986 912 901 969 939 962 858 998 937 937 947 915 981 890 981 994 956 991 955 985 893 966 822 913 942 846 850 876 808 851 925 861 835 968 887 976 914 815 914 906 803 947 886 821 962 876 972 905 802 920 935 833 923 903 987 945 923 896 964 867 913 993 808 
814 882 986 928 978 966 919 875 925 895 930 940 963 982 977 841 804 958 939 895 824 981 958 935 923 914 925 923 910 944 953 927 936 847 827 875 849 957 996 807 899 856 923 967 924 814 872 896 815 805 840 955 896 951 882 856 988 801 934 897 932 925 801 819 875 991 997 862 998 870 845 988 972 977 923 934 807 879 920 827 838 930 839 858 837 897 897 845 999 982 965 978 824 966 968 943 963 817 851 832 980 984 976 986 933 933 841 906 914 903 923 980 939 856 890 994 805 851 864 829 980 889 891 946 830 893 977 853 902 901 866 900 928 927 812 817 845 866 933 950 937 812 901 973 919 873 936 999 993 822 934 919 821 862 936 931 813 929 994 989 972 986 899 852 808 930 846 955 836 883 808 823 930 964 905 812 893 954 845 901 983 810 947 800 886 874 911 813 978 948 810 821 887 985 856 971 981 925 979 990 
993 1000 912 833 987 894 921 996 893 870 839 822 981 971 854 999 851 918 865 861 998 872 965 850 886 920 976 989 996 913 939 954 879 823 911 995 822 841 896 953 966 882 981 809 813 857 897 807 967 823 817 996 963 991 843 978 840 893 847 805 852 934 821 943 958 927 989 840 831 897 828 934 828 821 984 941 923 874 925 852 843 889 811 911 871 874 808 877 853 950 927 924 934 825 875 909 990 864 981 924 819 989 976 862 975 950 927 959 882 960 915 901 905 911 994 815 843 944 974 847 846 960 989 969 823 829 975 950 816 843 839 986 916 844 936 920 987 974 850 876 974 980 824 840 934 989 848 820 924 957 809 812 902 886 862 923 899 811 917 856 990 889 964 920 945 886 941 827 874 924 948 907 947 850 979 916 992 992 865 967 903 999 897 861 949 825 935 861 870 834 873 999 885 974 852 876 954 972 802 856 
969 933 974 955 933 976 992 905 829 946 826 885 918 830 999 810 946 984 878 833 897 932 974 860 822 870 835 917 915 823 820 844 936 957 909 888 835 892 927 872 847 983 942 801 816 925 872 832 958 989 946 887 848 821 843 912 870 835 913 997 931 939 851 970 802 847 960 891 936 858 839 988 926 990 832 883 864 995 958 809 948 915 840 825 845 847 913 834 911 964 985 994 953 935 839 915 876 903 850 946 953 971 931 929 833 915 936 976 836 846 814 946 949 872 877 879 849 906 967 944 842 925 871 804 874 832 951 856 850 856 979 800 900 919 884 829 836 850 832 968 914 834 930 863 982 840 823 803 990 857 967 932 819 1000 916 823 809 921 802 932 901 978 954 964 896 926 809 977 829 970 801 898 909 829 978 965 804 986 915 889 949 1000 833 982 821 809 908 879 954 930 983 897 997 902 884 981 897 996 958 866 
967 913 861 859 828 985 880 936 954 957 988 985 992 930 956 839 802 849 849 917 961 882 849 920 988 820 805 891 914 897 874 839 902 960 968 814 818 953 886 873 905 952 848 904 835 953 891 832 893 931 982 853 962 969 982 910 809 961 802 800 822 993 969 915 947 863 884 949 821 963 849 960 897 817 894 837 875 936 866 803 948 989 836 890 838 807 890 872 874 859 888 989 915 972 896 843 922 930 868 928 917 814 926 806 885 926 975 999 958 913 978 803 899 932 875 914 827 879 916 833 985 933 914 961 994 998 982 910 979 986 841 800 803 951 814 909 876 932 953 890 826 868 965 936 834 920 855 948 950 950 834 808 870 963 908 800 847 916 960 835 816 916 908 904 886 869 964 820 909 980 888 955 845 935 942 824 806 897 870 822 823 999 901 833 847 941 963 801 824 903 990 926 862 804 919 997 862 807 912 903 
837 931 955 857 848 828 833 918 893 995 820 800 966 881 986 996 978 985 884 899 988 892 834 869 989 882 879 994 847 997 911 970 925 820 819 886 985 987 835 940 913 929 953 977 902 917 835 842 881 834 803 997 821 939 859 965 977 804 968 873 885 805 930 904 863 887 921 946 991 987 967 861 952 860 932 971 806 865 891 854 925 806 981 863 867 990 892 959 930 996 955 892 824 974 973 820 973 926 883 825 991 812 922 831 808 956 896 846 900 867 945 961 986 977 936 971 848 967 808 903 808 832 910 925 898 925 808 984 851 949 999 900 981 881 957 963 833 913 903 951 850 967 887 984 971 866 883 939 882 893 974 882 834 820 947 939 896 954 962 869 952 993 948 865 831 808 973 827 983 994 884 910 879 801 889 977 909 832 815 810 917 853 963 871 923 888 834 945 841 882 884 889 816 820 981 825 946 861 862 869 
925 867 901 914 892 857 897 850 845 864 841 887 909 963 822 862 817 982 805 804 922 890 973 868 823 811 961 837 930 812 915 830 817 854 905 935 846 843 990 888 868 974 931 864 905 996 932 910 882 953 956 858 977 918 890 880 928 993 867 936 871 814 872 845 851 923 836 857 846 992 846 965 885 833 961 940 939 951 904 940 883 920 823 989 842 948 958 927 842 993 947 902 922 950 844 988 952 997 954 980 960 900 997 929 901 815 970 821 814 934 940 825 800 890 844 821 815 833 984 822 924 901 879 833 853 813 985 971 937 883 808 840 929 836 910 842 870 844 932 888 931 935 868 889 805 907 871 945 927 946 853 840 987 811 840 828 953 839 834 878 1000 940 950 805 962 940 827 988 974 983 815 980 876 991 991 944 967 956 810 933 899 973 825 977 852 821 997 910 812 968 998 813 832 953 831 949 826 824 967 889 
859 824 887 986 846 877 828 957 913 892 968 867 819 994 829 912 814 965 852 808 954 977 862 923 837 913 879 867 807 959 993 923 843 816 800 997 901 977 915 966 845 954 819 894 847 895 971 963 821 976 908 853 906 897 833 921 948 905 953 866 837 920 822 931 902 860 829 831 998 949 804 902 900 978 944 937 967 859 904 851 870 910 854 971 950 966 834 888 822 815 808 898 812 815 880 804 948 896 923 984 993 808 995 981 894 901 971 804 875 858 864 942 821 901 997 986 983 831 865 908 948 935 960 962 943 926 979 933 920 901 947 987 863 861 917 912 955 962 935 840 913 910 937 894 925 985 928 902 995 862 899 873 916 987 831 876 945 833 806 806 976 922 878 902 880 871 851 891 988 914 892 928 910 971 912 906 954 801 804 887 891 924 813 915 950 911 893 992 868 895 840 986 885 820 833 822 911 971 998 973 
878 854 833 979 987 969 880 977 956 849 1000 986 922 972 847 935 841 852 904 804 875 919 960 854 901 933 986 979 872 906 973 810 900 889 925 899 820 926 859 953 884 980 855 934 878 920 825 979 944 821 865 983 902 890 821 959 879 809 988 868 823 838 994 907 951 824 822 871 909 961 968 859 924 915 990 977 903 844 873 800 989 973 855 954 996 879 920 962 975 951 915 866 832 932 969 969 836 920 811 972 868 933 976 864 935 878 852 874 948 892 842 871 904 814 975 986 948 801 935 802 854 857 825 907 832 860 808 880 921 826 930 856 978 845 930 842 861 838 941 898 865 865 944 999 835 912 872 836 839 856 927 997 882 822 865 827 924 892 897 866 836 932 944 978 947 970 974 871 956 950 801 934 877 903 835 937 842 956 887 990 892 949 873 934 975 878 837 960 850 878 957 959 901 914 914 948 845 963 837 988 
882 829 994 920 841 865 949 846 916 805 869 893 895 846 934 985 803 909 966 878 923 849 921 981 936 936 809 954 959 889 900 816 874 914 816 944 979 898 837 845 823 846 879 901 811 846 948 976 804 976 913 916 968 984 911 848 912 968 855 839 869 872 974 949 801 831 942 883 820 872 918 857 925 814 860 969 805 888 869 809 855 834 812 944 943 939 926 814 963 822 893 805 953 943 869 962 857 985 934 918 832 864 992 890 906 983 959 990 928 921 839 826 843 881 836 994 885 801 819 982 842 989 876 918 854 960 825 856 891 893 880 983 865 831 987 951 844 912 828 821 926 840 849 878 843 936 958 908 900 878 838 931 861 896 805 912 883 883 906 936 949 902 879 824 962 926 979 911 888 859 842 845 953 894 969 857 904 829 851 992 996 893 865 977 998 813 810 992 994 885 859 899 890 934 814 959 946 874 839 873 
822 934 932 903 996 880 815 982 858 938 895 866 854 864 906 883 903 990 853 1000 867 952 945 935 804 904 834 943 914 847 869 849 896 916 832 999 845 945 909 969 860 908 894 948 860 825 845 993 956 895 937 944 805 994 922 948 905 944 966 831 983 922 872 910 878 982 851 928 979 890 898 878 852 987 989 898 956 871 946 839 966 808 832 996 988 953 847 877 903 826 869 930 885 982 985 861 960 895 856 975 950 807 920 961 941 897 902 913 976 849 914 846 915 877 934 913 943 937 851 807 977 851 818 987 956 897 842 890 831 911 854 809 925 907 864 895 806 926 885 952 937 834 820 944 880 983 946 874 929 826 893 977 982 811 931 874 878 989 1000 952 821 944 985 845 987 879 880 853 802 875 946 996 818 864 845 920 899 999 947 874 944 829 840 920 964 950 873 882 873 915 848 835 917 938 914 811 894 970 844 819 
967 991 966 897 853 814 969 839 987 838 915 857 911 979 858 921 845 968 824 961 931 846 986 927 899 904 832 866 850 973 941 957 842 929 938 939 850 918 806 919 832 832 987 939 942 971 939 824 922 881 909 980 931 947 841 994 848 842 906 982 819 814 966 856 923 928 985 861 964 869 918 930 917 887 888 984 985 815 977 917 802 933 828 933 800 960 982 807 801 905 829 899 942 936 878 915 831 874 838 937 821 827 960 811 891 973 959 805 953 959 908 826 809 900 818 846 891 950 869 823 855 812 887 809 826 916 864 818 807 994 943 808 942 968 810 979 900 831 990 924 951 928 901 935 846 982 997 825 954 877 828 923 870 857 894 996 839 885 866 974 875 837 861 910 914 930 932 939 928 968 906 957 822 966 894 860 891 966 872 916 809 924 948 967 975 871 826 826 835 999 959 962 821 899 897 850 963 911 988 946 
947 874 896 814 860 985 816 930 810 937 905 903 814 848 816 848 951 876 993 851 808 999 809 888 859 882 814 955 862 852 896 975 858 837 962 806 966 800 916 899 970 828 828 812 827 861 937 925 868 818 870 963 895 890 938 979 875 939 846 834 809 801 824 1000 867 981 888 840 944 827 809 850 909 859 861 804 822 802 997 967 978 851 860 996 851 847 919 964 995 955 960 990 823 905 932 994 984 819 800 968 877 808 919 906 857 876 836 870 918 929 937 874 959 852 805 921 906 903 937 895 999 967 946 814 907 990 970 994 979 972 825 857 900 923 919 914 857 918 927 976 969 837 841 944 946 871 984 848 815 988 837 936 870 991 945 825 908 949 808 837 933 969 847 963 902 970 948 943 872 980 819 943 929 886 805 895 970 969 952 824 941 855 852 962 926 916 934 846 953 925 814 973 922 843 983 885 878 912 883 948 
