25 50
58268 58268 58268 58268 58268 58268 58268 58268 58268 58268 58268 58268 58268 58268 58268 58268 58268 58268 58268 58268 58268 58268 58268 58268 58268 
7500.000000 7500.000000 7500.000000 7500.000000 7500.000000 7500.000000 7500.000000 7500.000000 7500.000000 7500.000000 0.000000 7500.000000 7500.000000 7500.000000 7500.000000 7500.000000 7500.000000 7500.000000 7500.000000 7500.000000 7500.000000 7500.000000 7500.000000 7500.000000 7500.000000 
146 87 672 1337 31 559 2370 1089 33 32 5495 904 1466 143 615 564 226 3016 253 195 38 807 551 304 814 337 4368 577 482 495 231 322 685 12912 325 366 3671 2213 705 328 1681 1117 275 500 2241 733 222 49 1464 222 
6739.725000 10355.050000 7650.400000 5219.500000 5776.125000 6641.175000 4374.525000 3847.100000 6429.475000 5396.525000 5219.500000 4182.900000 7391.250000 5038.825000 10349.575000 6051.700000 9568.475000 9064.775000 7159.475000 4781.500000 6033.450000 6661.250000 8845.775000 11656.275000 8663.275000 
3204.862500 5457.075000 3845.400000 2396.850000 2628.487500 3220.087500 1838.962500 2266.350000 3117.862500 2582.812500 2296.800000 1779.150000 5115.600000 2189.137500 5399.437500 2838.375000 4940.512500 4642.537500 3507.187500 2035.800000 2890.575000 3943.275000 5984.512500 6919.762500 4385.887500 
4914.000000 26409.600000 19622.400000 13876.800000 9147.600000 14977.200000 21848.400000 35330.400000 15111.600000 23679.600000 9828.000000 19303.200000 57472.800000 11180.400000 22957.200000 15489.600000 21294.000000 18992.400000 16657.200000 12297.600000 23856.000000 48568.800000 66066.000000 66973.200000 16203.600000 
32372.112500 29982.225000 21024.325000 29681.400000 21275.012500 20071.712500 64292.987500 80186.575000 25921.087500 69206.462500 23096.675000 48700.225000 135170.700000 40527.812500 60515.962500 52911.775000 19804.312500 15191.662500 17163.737500 34762.000000 49569.275000 105288.750000 142841.737500 137025.787500 12183.412500 
1715.462500 2152.175000 1577.900000 1061.750000 1250.462500 1363.612500 1524.037500 955.575000 1318.662500 1789.087500 1133.050000 1015.250000 2005.700000 1379.887500 2512.937500 1823.575000 2008.412500 1901.462500 1497.687500 1108.250000 908.300000 1169.475000 2040.187500 1600.762500 1836.362500 
6421.512500 23701.600000 16197.025000 10383.425000 7483.612500 12332.937500 15840.662500 27251.250000 12444.737500 17769.212500 7029.425000 13919.100000 45474.650000 6966.537500 20326.637500 10956.400000 19446.212500 17517.662500 13730.437500 8371.025000 18684.575000 38375.350000 52622.862500 53852.662500 15197.812500 
81972.375000 28499.250000 43134.000000 65767.500000 58805.625000 48555.375000 138615.375000 155294.250000 53176.875000 147325.125000 56998.500000 102384.000000 259515.000000 96429.375000 131920.125000 118381.500000 37594.125000 40319.625000 50569.875000 78328.500000 100962.000000 199791.000000 266358.375000 256048.875000 46244.625000 
33391.462500 26544.375000 6370.650000 16770.600000 13571.662500 8861.737500 51550.537500 57907.575000 10985.287500 57376.687500 12741.300000 33595.650000 105796.350000 32220.787500 60071.962500 46527.525000 21820.837500 21085.762500 12128.737500 22542.300000 32942.250000 78353.550000 108940.837500 104203.687500 20704.612500 
2020.837500 2480.775000 1869.450000 1324.950000 1525.837500 1646.287500 1817.062500 1211.925000 1593.487500 2099.212500 1395.900000 1275.450000 1940.400000 1663.612500 2869.762500 2135.925000 2327.737500 2218.837500 1789.012500 1374.450000 1156.650000 1050.225000 1977.112500 1509.337500 2144.587500 
1459.600000 1995.200000 1402.400000 869.600000 1050.800000 1181.200000 1133.200000 546.400000 1134.800000 1406.800000 928.800000 768.800000 1950.400000 1145.200000 2314.800000 1500.800000 1846.800000 1736.400000 1318.800000 832.800000 916.000000 1087.200000 1986.000000 2088.400000 1668.400000 
141015.437500 205925.125000 104130.250000 12638.500000 46089.312500 66146.062500 198300.812500 220212.125000 58178.312500 241573.937500 25277.000000 97536.250000 461992.125000 106122.187500 288418.812500 185456.250000 180442.062500 161484.312500 89774.562500 55499.500000 94239.250000 323380.750000 477721.562500 453818.312500 149807.437500 
17684.500000 32069.400000 15322.800000 8429.800000 1231.700000 9073.900000 32781.300000 41335.400000 9254.700000 37595.100000 2463.400000 19775.000000 79235.600000 16712.700000 41956.900000 28589.000000 26227.300000 23131.100000 11333.900000 10350.800000 21854.200000 59166.800000 84557.900000 81009.700000 19673.300000 
38207.625000 42477.350000 15319.700000 15832.800000 11526.425000 5185.975000 62653.175000 71210.950000 11563.075000 70496.275000 10371.950000 38482.500000 135275.150000 36631.675000 77569.725000 55891.250000 35788.725000 30731.025000 11599.725000 23565.950000 37602.900000 98735.100000 139911.375000 133534.275000 27615.775000 
1953.737500 5044.325000 4089.800000 3428.425000 2289.787500 3530.312500 5553.762500 8308.300000 3558.912500 5947.012500 2434.575000 4897.750000 13134.550000 3283.637500 4634.987500 4204.200000 3955.737500 3465.962500 3423.062500 3406.975000 5551.975000 11125.400000 14963.162500 15041.812500 2868.937500 
17181.562500 36054.375000 25399.500000 16297.500000 15828.562500 21148.312500 7310.812500 21709.500000 20779.312500 12569.062500 14621.625000 11931.000000 39913.500000 11169.937500 32479.687500 14375.625000 31372.687500 29250.937500 22701.187500 12776.625000 19787.625000 33563.625000 48346.687500 54681.187500 26698.687500 
25640.850000 35602.500000 25154.400000 15763.800000 18421.650000 21255.750000 18478.050000 8135.700000 20437.950000 23300.250000 16271.400000 12619.500000 35094.900000 19253.550000 39867.750000 24957.000000 32986.950000 31041.150000 23680.950000 14579.400000 16581.600000 19881.000000 36497.850000 38302.650000 29842.650000 
7031.425000 10492.050000 6305.400000 2542.500000 3918.275000 4743.175000 6856.275000 7119.000000 4415.475000 8788.575000 3062.300000 2712.000000 17458.500000 5031.325000 13093.875000 8294.200000 9443.975000 8664.275000 5714.975000 2599.000000 3101.850000 11362.150000 17709.925000 17551.725000 8184.025000 
78453.700000 92515.800000 36644.400000 27445.600000 23562.500000 23034.700000 126332.700000 141375.000000 11423.100000 144881.100000 22846.200000 74042.800000 274079.000000 75211.500000 159433.300000 114834.200000 79433.900000 75663.900000 36305.100000 45918.600000 72233.200000 198000.400000 282712.300000 269592.700000 69254.900000 
9452.712500 12441.275000 7754.450000 3542.000000 5082.137500 6005.587500 10274.962500 10214.875000 5638.737500 12438.112500 4123.900000 5635.575000 21789.625000 8073.862500 16239.437500 11726.550000 11267.987500 10401.462500 7099.812500 5350.950000 2795.650000 14964.950000 22071.087500 18497.462500 9863.837500 
8597.062500 14113.125000 10500.750000 7254.000000 7875.562500 9152.812500 5467.312500 6371.625000 8870.062500 6729.937500 7312.500000 5869.500000 9506.250000 6695.812500 13554.937500 7707.375000 13238.062500 12428.812500 9845.062500 6547.125000 8360.625000 10130.250000 12180.187500 16314.187500 11614.687500 
1581.275000 2030.150000 1326.200000 693.500000 924.825000 1063.525000 1628.775000 1619.750000 1008.425000 1953.675000 780.900000 931.950000 3066.600000 1298.175000 2600.625000 1846.800000 1853.925000 1722.825000 1227.875000 889.200000 505.400000 2041.550000 3108.875000 2532.225000 1643.025000 
23170.987500 48702.450000 36072.900000 26166.975000 23493.787500 30494.512500 14919.412500 33813.300000 30655.912500 11166.862500 22333.725000 20982.000000 56025.975000 17380.762500 40178.512500 15978.600000 42538.987500 39775.012500 32512.012500 21002.175000 31291.425000 49368.225000 67091.962500 77038.237500 36405.787500 
12087.562500 19877.325000 9670.050000 3801.900000 2252.212500 5847.487500 19650.037500 23844.525000 6260.737500 22873.387500 0.000000 10703.175000 46945.200000 10145.287500 26881.912500 17728.425000 16757.287500 14856.337500 7665.787500 4959.000000 11984.250000 34713.000000 50189.212500 48040.312500 13492.612500 
4883.000000 12851.600000 10822.400000 8930.000000 6798.200000 9435.400000 11943.400000 18148.800000 9496.200000 11616.600000 7106.000000 10898.400000 28226.400000 7117.400000 7725.400000 7911.600000 10537.400000 9496.200000 9405.000000 7881.200000 13444.400000 24198.400000 31946.600000 32615.400000 8227.000000 
24063.875000 39682.500000 24603.150000 11050.050000 13644.675000 18976.375000 20197.375000 24684.550000 17796.075000 27157.075000 10541.300000 5270.650000 59259.200000 14845.325000 44597.025000 26495.700000 35297.075000 32488.775000 21866.075000 8099.300000 15669.500000 41636.100000 64804.575000 63420.775000 30250.275000 
4124.037500 12148.850000 8180.675000 5611.050000 2952.962500 5851.162500 11613.862500 17111.175000 5918.562500 12852.337500 3268.900000 9073.725000 29479.075000 5623.687500 13172.487500 8745.150000 9583.437500 8420.787500 6693.662500 5560.500000 10615.500000 23935.425000 33148.162500 32667.937500 7022.237500 
281463.000000 406770.000000 325852.800000 253234.800000 264755.400000 294457.800000 211356.600000 210756.000000 289434.600000 239639.400000 248102.400000 222222.000000 124051.200000 238875.000000 392519.400000 261534.000000 380835.000000 365874.600000 308872.200000 234998.400000 267212.400000 177231.600000 183947.400000 276549.000000 352989.000000 
11056.762500 22113.525000 11424.600000 5582.475000 2430.612500 7436.087500 19279.012500 25460.125000 7551.487500 22351.537500 1601.175000 11698.675000 49650.850000 9022.837500 26549.212500 16963.800000 18384.662500 16408.437500 8878.587500 5683.450000 14150.925000 36827.025000 53033.512500 52629.612500 14201.412500 
8585.625000 22449.150000 14122.600000 7458.950000 6609.425000 10790.775000 11525.825000 20448.850000 10887.175000 14092.475000 5916.550000 8953.150000 37089.900000 2958.275000 20575.375000 9917.150000 18779.925000 17129.075000 11995.775000 5121.250000 14086.450000 30040.650000 42325.625000 43386.025000 15128.775000 
12480.187500 25455.375000 22151.250000 19069.875000 15598.687500 19892.812500 23976.562500 34080.750000 19991.812500 23444.437500 16099.875000 22275.000000 50490.000000 16118.437500 8049.937500 17411.625000 21687.187500 19991.812500 19843.312500 17362.125000 26420.625000 43931.250000 56547.562500 57636.562500 17925.187500 
3727.762500 11116.875000 8229.375000 5826.975000 4628.662500 6632.587500 6476.662500 11884.950000 6678.787500 6101.287500 4440.975000 6843.375000 18722.550000 3693.112500 8596.087500 3285.975000 9358.387500 8567.212500 7210.087500 4435.200000 8731.800000 16331.700000 21757.312500 23235.712500 7608.562500 
4673.025000 13346.900000 7880.950000 4330.900000 2861.775000 5655.125000 9623.775000 14610.750000 5719.525000 11338.425000 2398.900000 6931.050000 26701.850000 3900.225000 13310.675000 7961.450000 10895.675000 9784.775000 6460.125000 3574.200000 9112.600000 21992.600000 30199.575000 29780.975000 8448.475000 
13451.687500 35106.250000 25927.250000 17347.625000 15249.812500 21192.187500 16808.187500 32845.750000 21329.187500 15695.062500 14693.250000 19385.500000 53121.750000 10951.437500 27888.062500 7346.625000 30148.562500 27802.437500 22904.687500 14025.375000 26766.375000 46032.000000 62514.812500 69570.312500 24685.687500 
372672.600000 229188.000000 203364.000000 322800.000000 261306.600000 229995.000000 681269.400000 810550.800000 258078.600000 728398.200000 261790.800000 512606.400000 1361570.400000 451435.800000 644793.000000 575875.200000 130895.400000 145421.400000 201588.600000 377998.800000 514543.200000 1052973.600000 1415639.400000 1359472.200000 178024.200000 
9745.937500 18070.000000 12049.375000 7198.750000 7592.812500 9802.812500 5780.937500 10692.500000 9607.812500 8559.687500 6353.750000 4891.250000 21336.250000 5951.562500 17830.312500 9514.375000 16229.687500 15116.562500 10875.312500 5378.750000 9051.250000 16956.875000 24582.187500 28075.937500 14222.812500 
12055.125000 18181.050000 11400.900000 5307.000000 7379.475000 8870.925000 10865.625000 10202.250000 8340.225000 13994.925000 5984.100000 4154.100000 26946.750000 8459.175000 21470.475000 13697.550000 16483.725000 15221.025000 10444.725000 4886.100000 5837.700000 17073.900000 27353.925000 27097.725000 14443.275000 
97602.712500 73603.550000 59561.975000 83331.700000 65940.337500 56946.387500 185247.837500 222003.725000 73007.012500 198738.762500 65986.225000 137295.400000 378755.425000 119995.812500 174969.037500 155375.075000 45566.287500 32993.112500 48961.962500 99025.225000 137846.050000 290926.750000 394035.962500 378067.112500 42170.612500 
60774.512500 63568.425000 27330.550000 30982.000000 20497.912500 15076.062500 97731.612500 114578.075000 24757.937500 109515.837500 20525.575000 63513.100000 209073.175000 58395.537500 114439.762500 87468.825000 46721.962500 39142.437500 10262.787500 40442.575000 63900.375000 156127.150000 218284.787500 208713.562500 34439.812500 
54470.062500 65177.250000 52117.125000 40378.875000 44494.312500 47243.812500 47631.562500 34351.125000 46820.812500 53659.312500 42775.875000 39250.875000 40960.500000 48318.937500 73399.312500 55712.625000 61907.812500 59475.562500 50292.937500 40660.875000 36889.125000 30385.500000 34060.312500 23696.812500 59070.187500 
7146.300000 8618.200000 6428.800000 7822.800000 5211.100000 5621.100000 15256.100000 19762.000000 7047.900000 16305.700000 5658.000000 11939.200000 32644.200000 9417.700000 13583.300000 12308.200000 6121.300000 4997.900000 4907.700000 8519.800000 12693.600000 26231.800000 35444.500000 34157.100000 3636.700000 
38011.612500 70728.075000 39587.550000 15801.400000 16494.812500 27925.612500 49862.662500 62659.275000 26917.012500 61965.862500 10086.000000 22567.425000 133135.200000 23134.762500 81255.337500 47404.200000 61209.412500 55409.962500 33472.912500 5043.000000 36309.600000 95817.000000 143032.087500 141855.387500 50787.212500 
39723.312500 52917.875000 32225.450000 13627.400000 20427.137500 24504.187500 41119.562500 40854.275000 22884.537500 50669.912500 16196.500000 20636.575000 91957.025000 31401.662500 69686.837500 47528.350000 47737.787500 43884.137500 29335.212500 19379.950000 8098.250000 61825.950000 93199.687500 81191.937500 41538.437500 
16111.562500 20714.375000 15620.000000 11041.250000 12598.437500 13719.062500 12502.187500 7885.625000 13320.312500 14853.437500 11550.000000 10071.875000 13193.125000 13052.187500 23103.437500 15654.375000 19439.062500 18490.312500 14901.562500 10725.000000 11440.000000 5775.000000 13994.062500 15320.937500 17905.937500 
16981.250000 32575.000000 23312.500000 16250.000000 16268.750000 19856.250000 9331.250000 20750.000000 19556.250000 9543.750000 14550.000000 13087.500000 32087.500000 12481.250000 27518.750000 12525.000000 28893.750000 27181.250000 21506.250000 13050.000000 19475.000000 30675.000000 38943.750000 47856.250000 25093.750000 
168663.262500 210766.050000 169251.525000 131938.875000 144628.537500 153760.612500 134768.137500 109304.775000 150511.162500 149278.612500 136084.725000 124879.725000 89976.150000 142499.587500 224408.137500 160511.625000 200373.412500 192641.962500 163396.912500 129361.725000 135188.325000 93057.525000 68042.362500 115551.562500 187935.862500 
57109.862500 66703.000000 53124.175000 40919.725000 45381.862500 48057.312500 52583.587500 39050.575000 46994.462500 58814.087500 42605.625000 40553.225000 45922.450000 49175.137500 75966.287500 61003.925000 63303.712500 60774.862500 51227.537500 42752.225000 37291.375000 34927.450000 38748.212500 21302.812500 59235.562500 
15576.075000 18481.500000 14368.950000 10672.650000 12024.075000 12834.375000 14205.225000 10134.300000 12512.475000 16103.325000 11183.250000 10561.650000 14940.600000 13172.925000 21287.025000 16755.450000 17451.975000 16686.075000 13794.525000 11227.650000 9573.750000 9046.500000 12767.775000 8172.375000 16219.875000 
2542.487500 3928.575000 3020.850000 2205.000000 2361.187500 2682.137500 1756.037500 1983.275000 2611.087500 2073.312500 2174.375000 1857.100000 2006.550000 2064.737500 3788.312500 2318.925000 3664.587500 3495.537500 2856.087500 2072.700000 2483.075000 2603.125000 2678.462500 3717.262500 3300.762500 
34056.300000 34221.000000 24448.800000 31329.600000 21905.100000 20807.100000 69009.300000 86632.200000 27212.100000 74352.900000 23899.800000 51935.400000 147937.200000 42986.700000 64873.500000 56510.400000 23076.300000 18025.500000 17622.900000 36673.200000 53106.600000 114118.800000 155275.500000 148907.100000 11949.900000 
7095.675000 11999.100000 7886.550000 4190.250000 4847.925000 6351.975000 4903.425000 6421.350000 6030.075000 6801.525000 4001.550000 2614.050000 14979.450000 4503.825000 12617.925000 7448.100000 10753.125000 9987.225000 7090.125000 3335.550000 5450.100000 10694.850000 17196.675000 18323.325000 9376.725000 