50 50
15000 15000 15000 15000 15000 15000 15000 15000 15000 15000 15000 15000 15000 15000 15000 15000 15000 15000 15000 15000 15000 15000 15000 15000 15000 15000 15000 15000 15000 15000 15000 15000 15000 15000 15000 15000 15000 15000 15000 15000 15000 15000 15000 15000 15000 15000 15000 15000 15000 15000 
7500.000000 7500.000000 7500.000000 7500.000000 7500.000000 7500.000000 7500.000000 7500.000000 7500.000000 7500.000000 7500.000000 7500.000000 7500.000000 7500.000000 7500.000000 7500.000000 7500.000000 7500.000000 7500.000000 7500.000000 7500.000000 7500.000000 0.000000 7500.000000 7500.000000 7500.000000 7500.000000 7500.000000 7500.000000 7500.000000 7500.000000 7500.000000 7500.000000 7500.000000 7500.000000 7500.000000 7500.000000 7500.000000 7500.000000 7500.000000 7500.000000 7500.000000 7500.000000 7500.000000 7500.000000 7500.000000 7500.000000 7500.000000 7500.000000 7500.000000 
146 87 672 1337 31 559 2370 1089 33 32 5495 904 1466 143 615 564 226 3016 253 195 38 807 551 304 814 337 4368 577 482 495 231 322 685 12912 325 366 3671 2213 705 328 1681 1117 275 500 2241 733 222 49 1464 222 
2609.750000 3292.300000 6739.725000 8933.375000 6803.600000 5984.175000 10355.050000 7650.400000 8084.750000 4246.775000 5219.500000 5776.125000 6641.175000 7816.475000 4374.525000 3847.100000 5033.350000 6429.475000 6719.650000 3660.950000 7358.400000 5396.525000 5219.500000 8345.725000 4182.900000 6387.500000 7391.250000 5542.525000 5038.825000 10349.575000 6400.275000 5558.950000 6051.700000 9568.475000 3792.350000 4898.300000 9064.775000 7159.475000 11178.125000 8697.950000 4781.500000 6033.450000 6661.250000 5299.800000 8845.775000 11656.275000 9977.275000 5301.625000 8663.275000 3947.475000 
2368.575000 1148.400000 3204.862500 4509.862500 4028.100000 2752.462500 5457.075000 3845.400000 4791.525000 2504.512500 2396.850000 2628.487500 3220.087500 3859.537500 1838.962500 2266.350000 2285.925000 3117.862500 3299.475000 2596.950000 3680.100000 2582.812500 2296.800000 4205.362500 1779.150000 2994.975000 5115.600000 2491.462500 2189.137500 5399.437500 3046.087500 2499.075000 2838.375000 4940.512500 1446.375000 2351.175000 4642.537500 3507.187500 6634.837500 4369.575000 2035.800000 2890.575000 3943.275000 2607.825000 5984.512500 6919.762500 5919.262500 3574.612500 4385.887500 1538.812500 
38119.200000 28711.200000 4914.000000 17161.200000 44553.600000 7030.800000 26409.600000 19622.400000 50450.400000 35490.000000 13876.800000 9147.600000 14977.200000 9987.600000 21848.400000 35330.400000 20546.400000 15111.600000 25670.400000 37312.800000 29954.400000 23679.600000 9828.000000 13734.000000 19303.200000 6568.800000 57472.800000 8895.600000 11180.400000 22957.200000 12390.000000 7341.600000 15489.600000 21294.000000 21806.400000 22713.600000 18992.400000 16657.200000 67393.200000 15523.200000 12297.600000 23856.000000 48568.800000 27686.400000 66066.000000 66973.200000 59161.200000 44864.400000 16203.600000 22621.200000 
94158.225000 75406.800000 32372.112500 11548.337500 94124.800000 35112.962500 29982.225000 21024.325000 105322.175000 79267.387500 29681.400000 21275.012500 20071.712500 28595.087500 64292.987500 80186.575000 47630.625000 25921.087500 53179.175000 95094.125000 61702.550000 69206.462500 23096.675000 42165.637500 48700.225000 24701.075000 135170.700000 25118.887500 40527.812500 60515.962500 47246.237500 30416.750000 52911.775000 19804.312500 61669.125000 53847.675000 15191.662500 17163.737500 141838.987500 16712.500000 34762.000000 49569.275000 105288.750000 76944.350000 142841.737500 137025.787500 121516.587500 110118.662500 12183.412500 58878.137500 
1432.200000 1277.975000 1715.462500 1883.637500 566.525000 1580.612500 2152.175000 1577.900000 838.550000 876.137500 1061.750000 1250.462500 1363.612500 1923.937500 1524.037500 955.575000 1016.800000 1318.662500 949.375000 1655.400000 814.525000 1789.087500 1133.050000 2087.462500 1015.250000 1583.325000 2005.700000 1269.837500 1379.887500 2512.937500 1815.437500 1381.825000 1823.575000 2008.412500 1383.375000 947.825000 1901.462500 1497.687500 1685.237500 1925.875000 1108.250000 908.300000 1169.475000 1798.775000 2040.187500 1600.762500 1240.387500 2003.762500 1836.362500 1237.287500 
29389.425000 21549.450000 6421.512500 15994.387500 35203.025000 3514.712500 23701.600000 16197.025000 40108.250000 27663.512500 10383.425000 7483.612500 12332.937500 10627.987500 15840.662500 27251.250000 15232.750000 12444.737500 20193.875000 28704.650000 23757.500000 17769.212500 7029.425000 12654.362500 13919.100000 6260.800000 45474.650000 6253.812500 6966.537500 20326.637500 9090.737500 4947.150000 10956.400000 19446.212500 15805.725000 17035.525000 17517.662500 13730.437500 54202.037500 15093.000000 8371.025000 18684.575000 38375.350000 21102.250000 52622.862500 53852.662500 47354.287500 34986.412500 15197.812500 16483.512500 
181956.750000 151443.000000 81972.375000 45118.875000 179349.750000 86890.125000 28499.250000 43134.000000 199791.000000 153664.875000 65767.500000 58805.625000 48555.375000 75277.125000 138615.375000 155294.250000 97584.750000 53176.875000 107361.000000 187467.000000 122469.750000 147325.125000 56998.500000 99391.875000 102384.000000 68433.750000 259515.000000 65619.375000 96429.375000 131920.125000 108338.625000 78565.500000 118381.500000 37594.125000 126439.500000 108605.250000 40319.625000 50569.875000 262507.125000 54213.750000 78328.500000 100962.000000 199791.000000 160389.750000 266358.375000 256048.875000 228497.625000 214099.875000 46244.625000 120958.875000 
70158.825000 56137.950000 33391.462500 20160.112500 68960.925000 32030.212500 26544.375000 6370.650000 78353.550000 57158.887500 16770.600000 13571.662500 8861.737500 34044.862500 51550.537500 57907.575000 31390.425000 10985.287500 35882.550000 72690.750000 42824.925000 57376.687500 12741.300000 45125.437500 33595.650000 25346.475000 105796.350000 16702.537500 32220.787500 60071.962500 42892.987500 24339.150000 46527.525000 21820.837500 44649.000000 36454.275000 21085.762500 12128.737500 107171.212500 24366.375000 22542.300000 32942.250000 78353.550000 60248.925000 108940.837500 104203.687500 91544.062500 84928.387500 20704.612500 42130.687500 
1719.300000 1555.125000 2020.837500 2186.662500 797.775000 1877.287500 2480.775000 1869.450000 697.950000 1127.362500 1324.950000 1525.837500 1646.287500 2242.762500 1817.062500 1211.925000 1359.600000 1593.487500 1205.325000 1956.900000 1061.775000 2099.212500 1395.900000 2416.837500 1275.450000 1880.175000 1940.400000 1538.212500 1663.612500 2869.762500 2127.262500 1665.675000 2135.925000 2327.737500 1668.150000 1203.675000 2218.837500 1789.012500 1599.262500 2239.875000 1374.450000 1156.650000 1050.225000 2109.525000 1977.112500 1509.337500 1125.712500 2149.537500 2144.587500 1511.812500 
1038.400000 879.200000 1459.600000 1709.200000 1024.800000 1320.400000 1995.200000 1402.400000 1305.600000 464.400000 869.600000 1050.800000 1181.200000 1674.800000 1133.200000 546.400000 738.400000 1134.800000 1066.400000 1268.800000 1206.400000 1406.800000 928.800000 1875.600000 768.800000 1323.200000 1950.400000 999.600000 1145.200000 2314.800000 1562.800000 1115.200000 1500.800000 1846.800000 988.800000 667.200000 1736.400000 1318.800000 1983.600000 1748.000000 832.800000 916.000000 1087.200000 1416.800000 1986.000000 2088.400000 1720.400000 1628.400000 1668.400000 837.200000 
282030.875000 211282.750000 141015.437500 156813.562500 275986.375000 123980.937500 205925.125000 104130.250000 324205.000000 216434.312500 12638.500000 46089.312500 66146.062500 165880.312500 198300.812500 220212.125000 86408.875000 58178.312500 109075.750000 294806.750000 144106.375000 241573.937500 25277.000000 212999.937500 97536.250000 105504.000000 461992.125000 48149.937500 106122.187500 288418.812500 178793.562500 81738.125000 185456.250000 180442.062500 162789.375000 111960.625000 161484.312500 89774.562500 468792.187500 165811.625000 55499.500000 94239.250000 323380.750000 245901.250000 477721.562500 453818.312500 389938.937500 356556.812500 149807.437500 140603.312500 
50691.800000 38013.200000 17684.500000 20961.500000 51754.000000 16554.500000 32069.400000 15322.800000 59686.600000 41572.700000 8429.800000 1231.700000 9073.900000 20938.900000 32781.300000 41335.400000 20566.000000 9254.700000 24295.000000 52228.600000 30058.000000 37595.100000 2463.400000 29549.500000 19775.000000 11074.000000 79235.600000 3830.700000 16712.700000 41956.900000 25571.900000 10170.000000 28589.000000 26227.300000 28724.600000 24385.400000 23131.100000 11333.900000 83247.100000 20927.600000 10350.800000 21854.200000 59166.800000 41335.400000 84557.900000 81009.700000 70500.700000 62387.300000 19673.300000 26656.700000 
87703.450000 68425.550000 38207.625000 29484.925000 86090.850000 36375.125000 42477.350000 15319.700000 98955.000000 70203.075000 15832.800000 11526.425000 5185.975000 43485.225000 62653.175000 71210.950000 35513.850000 11563.075000 41561.100000 91111.900000 50906.850000 70496.275000 10371.950000 57448.875000 38482.500000 27377.550000 135275.150000 15741.175000 36631.675000 77569.725000 50998.475000 26021.500000 55891.250000 35788.725000 53362.400000 42330.750000 30731.025000 11599.725000 137529.125000 32581.850000 23565.950000 37602.900000 98735.100000 74362.850000 139911.375000 133534.275000 116492.025000 107586.075000 27615.775000 49972.275000 
8994.700000 7014.150000 1953.737500 3076.287500 10270.975000 2400.612500 5044.325000 4089.800000 11525.800000 8342.262500 3428.425000 2289.787500 3530.312500 1217.287500 5553.762500 8308.300000 5162.300000 3558.912500 5938.075000 8844.550000 6878.300000 5947.012500 2434.575000 2672.312500 4897.750000 1741.025000 13134.550000 2275.487500 3283.637500 4634.987500 3544.612500 2352.350000 4204.200000 3955.737500 5544.825000 5623.475000 3465.962500 3423.062500 15131.187500 2520.375000 3406.975000 5551.975000 11125.400000 6799.650000 14963.162500 15041.812500 13379.437500 10451.512500 2868.937500 5718.212500 
22109.250000 13806.750000 17181.562500 27575.062500 34163.250000 13983.562500 36054.375000 25399.500000 39559.875000 23393.062500 16297.500000 15828.562500 21148.312500 21809.437500 7310.812500 21709.500000 15513.375000 20779.312500 22678.125000 21463.500000 25368.750000 12569.062500 14621.625000 24038.812500 11931.000000 16866.375000 39913.500000 14091.187500 11169.937500 32479.687500 15843.937500 13360.875000 14375.625000 31372.687500 9640.125000 15974.625000 29250.937500 22701.187500 52897.687500 26598.750000 12776.625000 19787.625000 33563.625000 13114.875000 48346.687500 54681.187500 47531.812500 28374.562500 26698.687500 11815.687500 
16807.200000 14001.300000 25640.850000 30561.750000 19556.700000 22905.450000 35602.500000 25154.400000 24505.800000 9679.650000 15763.800000 18421.650000 21255.750000 29433.750000 18478.050000 8135.700000 13451.400000 20437.950000 19232.400000 20868.000000 21699.900000 23300.250000 16271.400000 32126.850000 12619.500000 23236.800000 35094.900000 17533.350000 19253.550000 39867.750000 26303.550000 19556.700000 24957.000000 32986.950000 15933.000000 12196.500000 31041.150000 23680.950000 36455.550000 30709.800000 14579.400000 16581.600000 19881.000000 23476.500000 36497.850000 38302.650000 31816.650000 27205.950000 29842.650000 13261.050000 
10299.950000 7390.200000 7031.425000 8472.175000 10011.800000 6048.325000 10492.050000 6305.400000 12559.950000 6963.625000 2542.500000 3918.275000 4743.175000 8551.275000 6856.275000 7119.000000 1531.150000 4415.475000 4164.050000 10825.400000 5152.800000 8788.575000 3062.300000 9992.025000 2712.000000 6068.100000 17458.500000 3782.675000 5031.325000 13093.875000 7754.625000 4593.450000 8294.200000 9443.975000 5401.400000 2666.800000 8664.275000 5714.975000 17692.975000 8842.250000 2599.000000 3101.850000 11362.150000 8989.150000 17709.925000 17551.725000 14924.475000 13365.075000 8184.025000 4483.275000 
175305.000000 136474.000000 78453.700000 73100.300000 171987.400000 74683.700000 92515.800000 36644.400000 198000.400000 139301.500000 27445.600000 23562.500000 23034.700000 89311.300000 126332.700000 141375.000000 67935.400000 11423.100000 80376.400000 182317.200000 99603.400000 144881.100000 22846.200000 118038.700000 74042.800000 56173.000000 274079.000000 32233.500000 75211.500000 159433.300000 104768.300000 53383.200000 114834.200000 79433.900000 107218.800000 81959.800000 75663.900000 36305.100000 280374.900000 79396.200000 45918.600000 72233.200000 198000.400000 150423.000000 282712.300000 269592.700000 234531.700000 216209.500000 69254.900000 97680.700000 
14104.750000 10872.675000 9452.712500 10186.412500 10309.750000 8668.412500 12441.275000 7754.450000 12529.825000 10040.937500 3542.000000 5082.137500 6005.587500 10597.537500 10274.962500 10214.875000 4313.650000 5638.737500 2061.950000 14718.275000 4237.750000 12438.112500 4123.900000 12767.012500 5635.575000 7817.700000 21789.625000 5177.012500 8073.862500 16239.437500 11122.512500 6723.475000 11726.550000 11267.987500 8646.275000 5230.775000 10401.462500 7099.812500 19186.887500 10594.375000 5350.950000 2795.650000 14964.950000 12662.650000 22071.087500 18497.462500 15556.337500 17561.362500 9863.837500 7618.462500 
4719.000000 4738.500000 8597.062500 11897.437500 10320.375000 7583.062500 14113.125000 10500.750000 12031.500000 6905.437500 7254.000000 7875.562500 9152.812500 10064.437500 5467.312500 6371.625000 7005.375000 8870.062500 9277.125000 3656.250000 10130.250000 6729.937500 7312.500000 10878.562500 5869.500000 8497.125000 9506.250000 7622.062500 6695.812500 13554.937500 8172.937500 7390.500000 7707.375000 13238.062500 5406.375000 7151.625000 12428.812500 9845.062500 15675.562500 11583.000000 6547.125000 8360.625000 10130.250000 5845.125000 12180.187500 16314.187500 14559.187500 5847.562500 11614.687500 5613.562500 
2204.000000 1718.550000 1581.275000 1691.475000 1302.450000 1463.475000 2030.150000 1326.200000 1635.900000 1593.625000 693.500000 924.825000 1063.525000 1760.825000 1628.775000 1619.750000 733.400000 1008.425000 555.750000 2296.150000 390.450000 1953.675000 780.900000 2079.075000 931.950000 1335.700000 3066.600000 939.075000 1298.175000 2600.625000 1756.075000 1171.350000 1846.800000 1853.925000 1384.150000 871.150000 1722.825000 1227.875000 2673.775000 1752.750000 889.200000 505.400000 2041.550000 1987.400000 3108.875000 2532.225000 2090.475000 2723.175000 1643.025000 1229.775000 
33087.000000 23443.350000 23170.987500 37575.937500 50155.050000 19559.662500 48702.450000 36072.900000 57236.475000 36022.462500 26166.975000 23493.787500 30494.512500 29263.837500 14919.412500 33813.300000 25682.775000 30655.912500 35084.325000 31815.975000 38614.950000 11166.862500 22333.725000 29102.437500 20982.000000 23524.050000 56025.975000 21214.012500 17380.762500 40178.512500 17905.312500 20255.700000 15978.600000 42538.987500 17975.925000 26288.025000 39775.012500 32512.012500 74738.287500 35911.500000 21002.175000 31291.425000 49368.225000 15978.600000 67091.962500 77038.237500 67697.212500 40884.637500 36405.787500 20830.687500 
29547.375000 21819.600000 12087.562500 14277.787500 30208.575000 10393.237500 19877.325000 9670.050000 34960.950000 23989.162500 3801.900000 2252.212500 5847.487500 14071.162500 19650.037500 23844.525000 11199.075000 6260.737500 13471.950000 30993.750000 16984.575000 22873.387500 0.000000 19319.437500 10703.175000 8017.050000 46945.200000 2293.537500 10145.287500 26881.912500 15889.462500 6157.425000 17728.425000 16757.287500 16158.075000 13513.275000 14856.337500 7665.787500 50147.887500 14257.125000 4959.000000 11984.250000 34713.000000 24051.150000 50189.212500 48040.312500 41634.937500 36675.937500 13492.612500 14897.662500 
19258.400000 15154.400000 4883.000000 8660.200000 22473.200000 5240.200000 12851.600000 10822.400000 25140.800000 18677.000000 8930.000000 6798.200000 9435.400000 4715.800000 11943.400000 18148.800000 11947.200000 9496.200000 14265.200000 19106.400000 16203.200000 11616.600000 7106.000000 3553.000000 10898.400000 5631.600000 28226.400000 6684.200000 7117.400000 7725.400000 6509.400000 5973.600000 7911.600000 10537.400000 11924.400000 12593.200000 9496.200000 9405.000000 33421.000000 7486.000000 7881.200000 13444.400000 24198.400000 13429.200000 31946.600000 32615.400000 29081.400000 22522.600000 8227.000000 12293.000000 
32600.700000 22120.450000 24063.875000 31410.225000 36263.700000 20115.975000 39682.500000 24603.150000 43406.550000 26098.875000 11050.050000 13644.675000 18976.375000 29538.025000 20197.375000 24684.550000 10012.200000 17796.075000 19495.300000 34493.250000 23056.550000 27157.075000 10541.300000 33424.875000 5270.650000 20594.200000 59259.200000 12362.625000 14845.325000 44597.025000 26668.675000 15282.850000 26495.700000 35297.075000 14936.900000 10622.700000 32488.775000 21866.075000 64743.525000 31379.700000 8099.300000 15669.500000 41636.100000 27879.500000 64804.575000 63420.775000 53958.025000 43640.575000 30250.275000 11650.375000 
19133.175000 14415.175000 4124.037500 7502.462500 21736.500000 4258.837500 12148.850000 8180.675000 24693.675000 17191.212500 5611.050000 2952.962500 5851.162500 5337.237500 11613.862500 17111.175000 9697.175000 5918.562500 11525.400000 19369.075000 13673.775000 12852.337500 3268.900000 8547.162500 9073.725000 1634.450000 29479.075000 2801.312500 5623.687500 13172.487500 7620.412500 3075.125000 8745.150000 9583.437500 10952.500000 10784.000000 8420.787500 6693.662500 33190.287500 6967.475000 5560.500000 10615.500000 23935.425000 14794.300000 33148.162500 32667.937500 28750.312500 23156.112500 7022.237500 11361.112500 
175156.800000 190444.800000 281463.000000 355282.200000 238383.600000 258749.400000 406770.000000 325852.800000 225170.400000 205569.000000 253234.800000 264755.400000 294457.800000 314332.200000 211356.600000 210756.000000 242970.000000 289434.600000 287742.000000 170788.800000 273327.600000 239639.400000 248102.400000 332568.600000 222222.000000 279224.400000 124051.200000 257875.800000 238875.000000 392519.400000 271962.600000 254436.000000 261534.000000 380835.000000 205405.200000 233251.200000 365874.600000 308872.200000 262243.800000 348348.000000 234998.400000 267212.400000 177231.600000 219819.600000 183947.400000 276549.000000 279934.200000 151733.400000 352989.000000 210046.200000 
31417.650000 23339.650000 11056.762500 15023.637500 33379.450000 9282.487500 22113.525000 11424.600000 38298.375000 25597.162500 5582.475000 2430.612500 7436.087500 13292.637500 19279.012500 25460.125000 12766.125000 7551.487500 15708.825000 32571.650000 19387.200000 22351.537500 1601.175000 18629.887500 11698.675000 6794.175000 49650.850000 800.587500 9022.837500 26549.212500 15038.062500 4846.800000 16963.800000 18384.662500 18146.650000 14626.950000 16408.437500 8878.587500 52990.237500 15002.000000 5683.450000 14150.925000 36827.025000 24738.875000 53033.512500 52629.612500 45921.987500 39055.687500 14201.412500 16091.087500 
22292.500000 15532.450000 8585.625000 15815.625000 27305.300000 6079.225000 22449.150000 14122.600000 31534.850000 21286.325000 7458.950000 6609.425000 10790.775000 12212.675000 11525.825000 20448.850000 11037.800000 10887.175000 16351.850000 22629.900000 18460.600000 14092.475000 5916.550000 13959.925000 8953.150000 7422.800000 37089.900000 5247.775000 2958.275000 20575.375000 9380.925000 4675.400000 9917.150000 18779.925000 10579.900000 12122.300000 17129.075000 11995.775000 44699.475000 15038.400000 5121.250000 14086.450000 30040.650000 16086.750000 42325.625000 43386.025000 37782.775000 28046.375000 15128.775000 11164.325000 
35887.500000 29205.000000 12480.187500 18630.562500 41122.125000 13061.812500 25455.375000 22151.250000 45465.750000 34940.812500 19069.875000 15598.687500 19892.812500 12207.937500 23976.562500 34080.750000 23982.750000 19991.812500 27757.125000 35640.000000 30912.750000 23444.437500 16099.875000 10314.562500 22275.000000 13699.125000 50490.000000 15413.062500 16118.437500 8049.937500 15128.437500 14256.000000 17411.625000 21687.187500 23945.625000 25034.625000 19991.812500 19843.312500 58502.812500 16718.625000 17362.125000 26420.625000 43931.250000 26395.875000 56547.562500 57636.562500 51882.187500 41202.562500 17925.187500 24545.812500 
12035.100000 8916.600000 3727.762500 7937.737500 15528.975000 2988.562500 11116.875000 8229.375000 17556.000000 12413.362500 5826.975000 4628.662500 6632.587500 5471.812500 6476.662500 11884.950000 7270.725000 6678.787500 9817.500000 11792.550000 10828.125000 6101.287500 4440.975000 5425.612500 6843.375000 4123.350000 18722.550000 4120.462500 3693.112500 8596.087500 2220.487500 3580.500000 3285.975000 9358.387500 7288.050000 8021.475000 8567.212500 7210.087500 23593.762500 7374.675000 4435.200000 8731.800000 16331.700000 7478.625000 21757.312500 23235.712500 20550.337500 14388.412500 7608.562500 8162.962500 
16816.450000 12300.400000 4673.025000 8907.325000 19038.250000 3674.825000 13346.900000 7880.950000 21863.800000 14695.275000 4330.900000 2861.775000 5655.125000 6838.475000 9623.775000 14610.750000 7526.750000 5719.525000 9982.000000 17041.850000 12034.750000 11338.425000 2398.900000 8891.225000 6931.050000 3300.500000 26701.850000 1952.125000 3900.225000 13310.675000 6886.775000 1199.450000 7961.450000 10895.675000 8991.850000 8573.250000 9784.775000 6460.125000 29982.225000 8388.100000 3574.200000 9112.600000 21992.600000 12670.700000 30199.575000 29780.975000 26037.725000 20660.325000 8448.475000 9382.275000 
33291.000000 24043.500000 13451.687500 25678.937500 45466.875000 10386.312500 35106.250000 25927.250000 51477.750000 34720.937500 17347.625000 15249.812500 21192.187500 18623.437500 16808.187500 32845.750000 22433.750000 21329.187500 29985.875000 32571.750000 32982.750000 15695.062500 14693.250000 18486.437500 19385.500000 13751.375000 53121.750000 13742.812500 10951.437500 27888.062500 8982.062500 12141.625000 7346.625000 30148.562500 19402.625000 23889.375000 27802.437500 22904.687500 67566.687500 24266.125000 14025.375000 26766.375000 46032.000000 19779.375000 62514.812500 69570.312500 61607.187500 40269.437500 24685.687500 21808.687500 
946126.800000 772783.200000 372672.600000 171891.000000 941607.600000 399465.000000 229188.000000 203364.000000 1052973.600000 801673.800000 322800.000000 261306.600000 229995.000000 336196.200000 681269.400000 810550.800000 496143.600000 258078.600000 549405.600000 987768.000000 631719.600000 728398.200000 261790.800000 467575.800000 512606.400000 298912.800000 1361570.400000 298428.600000 451435.800000 644793.000000 516318.600000 354111.600000 575875.200000 130895.400000 640112.400000 556184.400000 145421.400000 201588.600000 1394657.400000 221440.800000 377998.800000 514543.200000 1052973.600000 803126.400000 1415639.400000 1359472.200000 1209370.200000 1121245.800000 178024.200000 610899.000000 
11074.375000 6516.250000 9745.937500 14620.937500 17265.625000 8055.937500 18070.000000 12049.375000 20125.625000 11582.187500 7198.750000 7592.812500 9802.812500 12191.562500 5780.937500 10692.500000 6792.500000 9607.812500 10578.750000 11927.500000 12000.625000 8559.687500 6353.750000 13369.687500 4891.250000 8961.875000 21336.250000 7495.312500 5951.562500 17830.312500 10200.937500 7109.375000 9514.375000 16229.687500 3176.875000 7028.125000 15116.562500 10875.312500 27174.062500 14096.875000 5378.750000 9051.250000 16956.875000 8848.125000 24582.187500 28075.937500 24330.312500 15579.687500 14222.812500 4326.562500 
15829.500000 11730.300000 12055.125000 14909.925000 14887.050000 10463.025000 18181.050000 11400.900000 18098.700000 9950.625000 5307.000000 7379.475000 8870.925000 14516.475000 10865.625000 10202.250000 3806.400000 8340.225000 7557.900000 17293.500000 9159.150000 13994.925000 5984.100000 16447.125000 4154.100000 10495.050000 26946.750000 6793.875000 8459.175000 21470.475000 13235.475000 8116.050000 13697.550000 16483.725000 8500.350000 2992.050000 15221.025000 10444.725000 27326.475000 15353.700000 4886.100000 5837.700000 17073.900000 14319.750000 27353.925000 27097.725000 22842.975000 21406.425000 14443.275000 7022.625000 
260549.225000 211357.825000 97602.712500 40426.887500 259264.375000 105128.262500 73603.550000 59561.975000 291477.400000 219479.912500 83331.700000 65940.337500 56946.387500 87232.137500 185247.837500 222003.725000 132614.875000 73007.012500 147849.525000 269818.500000 171160.375000 198738.762500 65986.225000 124584.562500 137295.400000 76540.350000 378755.425000 76494.462500 119995.812500 174969.037500 138442.587500 92233.875000 155375.075000 45566.287500 173638.300000 149685.025000 32993.112500 48961.962500 388070.587500 54606.125000 99025.225000 137846.050000 290926.750000 219984.675000 394035.962500 378067.112500 335391.737500 310337.162500 42170.612500 165240.887500 
137814.575000 108160.375000 60774.512500 37261.387500 137095.350000 58008.262500 63568.425000 27330.550000 156514.425000 113056.637500 30982.000000 20497.912500 15076.062500 61549.062500 97731.612500 114578.075000 60691.525000 24757.937500 69875.475000 142959.800000 83983.350000 109515.837500 20525.575000 84066.337500 63513.100000 44425.975000 209073.175000 26860.287500 58395.537500 114439.762500 80082.937500 42378.950000 87468.825000 46721.962500 85421.800000 70981.975000 39142.437500 10262.787500 214743.987500 41936.350000 40442.575000 63900.375000 156127.150000 117123.025000 218284.787500 208713.562500 182987.437500 167828.387500 34439.812500 80359.562500 
45190.500000 41683.125000 54470.062500 59493.187500 29821.500000 51403.312500 65177.250000 52117.125000 27688.875000 32544.562500 40378.875000 44494.312500 47243.812500 59211.187500 47631.562500 34351.125000 38581.125000 46820.812500 37823.250000 48504.000000 35461.500000 53659.312500 42775.875000 64357.687500 39250.875000 51465.000000 40960.500000 44335.687500 48318.937500 73399.312500 57395.812500 46882.500000 55712.625000 61907.812500 44450.250000 37012.500000 59475.562500 50292.937500 21387.937500 60630.000000 40660.875000 36889.125000 30385.500000 54285.000000 34060.312500 23696.812500 24243.187500 45428.437500 59070.187500 41092.687500 
22574.600000 17974.400000 7146.300000 4104.100000 23542.200000 8089.300000 8618.200000 6428.800000 26371.200000 19848.100000 7822.800000 5211.100000 5621.100000 5744.100000 15256.100000 19762.000000 12226.200000 7047.900000 13579.200000 22804.200000 15670.200000 16305.700000 5658.000000 9081.500000 11939.200000 5543.200000 32644.200000 6154.100000 9417.700000 13583.300000 10795.300000 6937.200000 12308.200000 6121.300000 14604.200000 13612.000000 4997.900000 4907.700000 35329.700000 2829.000000 8519.800000 12693.600000 26231.800000 18261.400000 35444.500000 34157.100000 30344.100000 26490.100000 3636.700000 14436.100000 
80057.625000 56481.600000 38011.612500 53182.637500 85773.025000 30699.262500 70728.075000 39587.550000 100523.800000 63100.537500 15801.400000 16494.812500 27925.612500 49316.337500 49862.662500 62659.275000 25677.275000 26917.012500 44210.300000 82915.325000 51564.675000 61965.862500 10086.000000 58183.612500 22567.425000 30846.350000 133135.200000 13847.237500 23134.762500 81255.337500 43390.812500 19877.825000 47404.200000 61209.412500 39209.325000 31140.525000 55409.962500 33472.912500 142906.012500 53119.600000 5043.000000 36309.600000 95817.000000 63289.650000 143032.087500 141855.387500 122313.762500 103360.487500 50787.212500 35364.037500 
58028.150000 43758.475000 39723.312500 42962.612500 45043.025000 36260.612500 52917.875000 32225.450000 54677.150000 40086.337500 13627.400000 20427.137500 24504.187500 44777.737500 41119.562500 40854.275000 14800.250000 22884.537500 13348.150000 60736.875000 18235.025000 50669.912500 16196.500000 54356.012500 20636.575000 32504.700000 91957.025000 20846.012500 31401.662500 69686.837500 44861.512500 27673.675000 47528.350000 47737.787500 33928.875000 18849.375000 43884.137500 29335.212500 84235.762500 44763.775000 19379.950000 8098.250000 61825.950000 51661.250000 93199.687500 81191.937500 68206.812500 73289.162500 41538.437500 29391.062500 
11687.500000 10319.375000 16111.562500 18256.562500 9625.000000 14832.812500 20714.375000 15620.000000 8793.125000 7559.062500 11041.250000 12598.437500 13719.062500 17960.937500 12502.187500 7885.625000 9913.750000 13320.312500 12732.500000 13667.500000 11825.000000 14853.437500 11550.000000 19329.062500 10071.875000 15090.625000 13193.125000 12158.437500 13052.187500 23103.437500 16310.937500 14031.875000 15654.375000 19439.062500 11261.250000 9301.875000 18490.312500 14901.562500 14420.312500 18590.000000 10725.000000 11440.000000 5775.000000 15097.500000 13994.062500 15320.937500 12357.812500 14935.937500 17905.937500 9951.562500 
19812.500000 14312.500000 16981.250000 25818.750000 30875.000000 14743.750000 32575.000000 23312.500000 35262.500000 22118.750000 16250.000000 16268.750000 19856.250000 20756.250000 9331.250000 20750.000000 16000.000000 19556.250000 21825.000000 17087.500000 24012.500000 9543.750000 14550.000000 20656.250000 13087.500000 17100.000000 32087.500000 14856.250000 12481.250000 27518.750000 13718.750000 14262.500000 12525.000000 28893.750000 11225.000000 16375.000000 27181.250000 21506.250000 46393.750000 24875.000000 13050.000000 19475.000000 30675.000000 7275.000000 38943.750000 47856.250000 42043.750000 22706.250000 25093.750000 12993.750000 
107792.100000 115691.625000 168663.262500 190737.112500 120397.725000 157010.062500 210766.050000 169251.525000 113618.700000 103562.212500 131938.875000 144628.537500 153760.612500 185526.787500 134768.137500 109304.775000 122750.775000 150511.162500 145721.025000 113954.850000 138325.725000 149278.612500 136084.725000 193650.412500 124879.725000 163256.850000 89976.150000 141042.937500 142499.587500 224408.137500 164573.437500 150483.150000 160511.625000 200373.412500 123367.050000 117764.550000 192641.962500 163396.912500 108212.287500 193454.325000 129361.725000 135188.325000 93057.525000 139110.075000 68042.362500 115551.562500 117288.337500 104178.487500 187935.862500 125748.112500 
50320.450000 46673.775000 57109.862500 60151.812500 29943.050000 53921.312500 66703.000000 53124.175000 27725.725000 37172.262500 40919.725000 45381.862500 48057.312500 62039.287500 52583.587500 39050.575000 40589.875000 46994.462500 38262.600000 53765.550000 35074.050000 58814.087500 42605.625000 65905.862500 40553.225000 53307.425000 45922.450000 46572.987500 49175.137500 75966.287500 59473.787500 49220.950000 61003.925000 63303.712500 49184.300000 38958.950000 60774.862500 51227.537500 25572.537500 61352.100000 42752.225000 37291.375000 34927.450000 59519.600000 38748.212500 21302.812500 24143.187500 50567.837500 59235.562500 45803.337500 
13547.550000 12443.100000 15576.075000 16502.925000 7348.200000 14610.375000 18481.500000 14368.950000 6676.650000 9565.425000 10672.650000 12024.075000 12834.375000 17069.025000 14205.225000 10134.300000 10572.750000 12512.475000 9867.900000 15145.950000 8902.200000 16103.325000 11183.250000 18240.075000 10561.650000 14424.450000 14940.600000 12384.825000 13172.925000 21287.025000 16292.025000 13186.800000 16755.450000 17451.975000 13197.900000 10078.800000 16686.075000 13794.525000 8777.325000 16860.900000 11227.650000 9573.750000 9046.500000 16305.900000 12767.775000 8172.375000 5591.625000 17640.675000 16219.875000 12151.725000 
1568.000000 1572.900000 2542.487500 3371.812500 2975.525000 2287.687500 3928.575000 3020.850000 3140.900000 2117.412500 2205.000000 2361.187500 2682.137500 2911.212500 1756.037500 1983.275000 2142.525000 2611.087500 2713.375000 1300.950000 2927.750000 2073.312500 2174.375000 3115.787500 1857.100000 2517.375000 2006.550000 2297.487500 2064.737500 3788.312500 2435.912500 2239.300000 2318.925000 3664.587500 1740.725000 2179.275000 3495.537500 2856.087500 3556.787500 3292.800000 2072.700000 2483.075000 2603.125000 1850.975000 2678.462500 3717.262500 4040.662500 1087.187500 3300.762500 1792.787500 
101089.200000 81178.800000 34056.300000 14036.100000 101528.400000 37057.500000 34221.000000 24448.800000 114155.400000 85625.700000 31329.600000 21905.100000 20807.100000 29883.900000 69009.300000 86632.200000 50983.800000 27212.100000 57059.400000 102699.600000 66392.400000 74352.900000 23899.800000 44780.100000 51935.400000 25656.600000 147937.200000 26114.100000 42986.700000 64873.500000 50343.300000 31915.200000 56510.400000 23076.300000 66429.000000 57791.400000 18025.500000 17622.900000 155129.100000 16909.200000 36673.200000 53106.600000 114118.800000 82825.800000 155275.500000 148907.100000 131888.100000 119151.300000 11949.900000 63080.100000 
7969.800000 4856.250000 7095.675000 9693.075000 10916.850000 5941.275000 11999.100000 7886.550000 12864.900000 7029.075000 4190.250000 4847.925000 6351.975000 8766.225000 4903.425000 6421.350000 3907.200000 6030.075000 6493.500000 8552.550000 7464.750000 6801.525000 4001.550000 9570.975000 2614.050000 6560.100000 14979.450000 4498.275000 4503.825000 12617.925000 7978.125000 5294.700000 7448.100000 10753.125000 3124.650000 4073.700000 9987.225000 7090.125000 17673.975000 9684.750000 3335.550000 5450.100000 10694.850000 6998.550000 17196.675000 18323.325000 15742.575000 11047.275000 9376.725000 2000.775000 