60    200
111      1106
223      1636
387      2172
376      2132
283      1705
322      1970
220      1522
54      815
288      1921
77      947
337      2050
355      1963
270      1774
410      2074
31      665
166      1459
80      1041
137      1243
33      698
49      790
168      1419
72      964
262      1646
64      924
361      1939
49      770
358      2025
98      1052
400      2117
80      954
397      2255
181      1490
402      2286
223      1676
355      1905
200      1606
350      1920
205      1543
262      1708
192      1550
283      1725
57      776
179      1445
137      1261
345      1937
402      2146
309      1923
51      834
407      2222
163      1470
316      1963
111      1161
309      1787
124      1217
215      1550
374      2066
111      1134
316      1848
290      1761
314      1826
23   34   33   20   8   34   6   18   9   22   26   9   29   32   12   29   19   24   12   15   32   24   13   7   17   6   11   8   9   34   26   33   7   7   6   30   28   10   19   16   17   25   29   20   27   17   22   8   30   12   25   21   16   24   15   13   11   15   35   13   8   6   14   7   23   30   8   32   5   30   31   32   19   20   24   16   30   15   11   5   29   32   16   23   29   11   16   8   17   29   5   21   8   5   20   9   20   20   15   20   30   16   32   12   35   25   35   28   16   33   22   21   20   18   6   35   9   26   30   24   34   34   5   5   7   17   33   21   25   22   27   26   11   33   23   15   9   23   20   32   33   35   18   21   27   29   8   14   23   31   19   27   17   14   23   8   5   11   20   19   27   18   14   32   18   5   22   6   32   33   27   14   5   32   7   22   32   33   8   24   16   8   18   8   5   16   15   20   10   7   28   33   35   20   34   23   30   30   25   33   
53   116   299   69   37   221   23   51   59   154   150   61   119   294   42   111   145   186   18   117   164   117   102   26   130   18   10   60   39   289   48   46   53   44   24   252   164   56   53   34   44   148   276   80   217   138   113   14   13   88   103   146   91   52   75   132   74   10   100   88   33   47   109   31   203   97   59   199   5   203   21   205   133   114   100   133   144   71   1   43   137   211   46   209   267   31   27   33   115   46   28   86   69   34   109   77   51   50   101   209   266   70   119   76   236   83   240   92   42   215   231   46   192   98   34   289   35   146   229   239   262   265   5   51   33   17   297   120   201   158   49   176   67   74   118   54   26   219   172   70   237   324   23   194   67   105   49   118   162   203   61   116   62   40   149   6   27   58   61   47   282   156   45   94   11   34   128   18   217   355   173   114   33   188   63   101   45   204   32   190   29   41   157   26   22   127   112   134   53   19   167   208   262   92   219   170   171   300   218   118   
112   120   152   147   73   149   30   66   89   226   107   74   131   229   19   246   100   141   76   136   159   180   77   48   154   32   66   50   78   321   91   159   28   16   6   261   113   6   48   69   87   194   284   52   269   148   192   52   164   76   113   235   133   149   101   125   114   86   266   121   66   29   73   14   162   232   66   265   30   329   138   209   180   30   78   97   168   118   58   44   20   151   43   185   273   63   99   15   32   184   46   146   45   54   121   78   69   108   103   196   147   117   259   107   347   51   209   79   60   118   220   116   194   152   55   222   23   118   249   247   274   185   29   49   60   92   222   16   105   174   172   184   47   130   123   110   63   196   87   116   274   340   79   153   173   50   10   84   210   141   36   26   130   31   244   35   32   100   46   50   266   80   110   215   104   28   113   14   160   354   282   116   40   252   68   190   140   106   10   232   72   5   98   57   24   59   113   182   11   19   273   103   227   114   359   99   253   303   204   205   
196   200   365   55   22   246   26   160   4   18   174   27   147   262   100   101   149   175   58   51   166   46   97   17   54   23   69   51   22   142   166   251   64   64   51   149   191   95   156   84   75   60   161   137   73   76   25   37   192   74   127   58   20   96   44   90   13   94   139   16   20   52   113   53   178   102   30   64   26   74   206   150   27   178   152   128   127   23   67   26   253   224   136   160   158   41   72   60   172   139   5   51   72   10   85   47   170   84   70   146   310   33   96   14   18   186   208   184   139   266   156   89   117   16   4   266   62   158   125   140   156   269   26   33   12   121   277   201   242   89   120   115   75   275   110   38   29   164   211   262   113   182   103   170   100   225   77   116   46   220   152   244   44   109   52   50   19   15   168   142   195   189   50   105   106   30   124   51   222   223   50   70   14   70   34   44   243   263   65   67   84   72   170   22   24   162   74   27   87   58   34   272   219   80   72   196   32   183   154   105   
55   100   282   71   39   205   21   48   59   154   138   59   107   280   37   119   136   175   22   114   151   114   97   26   127   16   16   57   41   281   35   49   49   41   21   243   151   51   46   27   39   144   267   70   214   134   114   16   28   83   93   150   89   53   72   128   75   18   110   87   34   44   102   28   193   103   57   194   7   209   13   194   132   104   88   125   134   70   6   42   123   196   41   200   258   29   30   29   107   53   28   83   65   35   103   74   46   46   96   202   251   69   125   75   236   70   225   78   40   199   223   43   186   97   34   274   30   134   221   233   252   249   6   49   33   23   282   110   189   152   54   167   61   69   109   55   27   210   162   63   229   314   15   185   68   91   45   111   159   188   52   104   63   34   153   2   26   59   53   38   273   147   49   94   19   31   119   16   202   345   178   110   32   183   62   104   44   187   28   186   23   37   148   27   20   119   107   132   48   17   170   192   248   85   225   159   169   291   209   113   
263   239   315   133   60   207   34   202   45   109   157   22   171   164   117   233   113   123   101   23   165   113   67   40   30   37   108   34   64   27   220   349   54   60   57   44   172   99   192   119   115   86   27   151   60   23   126   67   290   48   147   156   67   177   64   32   63   145   286   46   56   41   86   56   109   229   15   107   43   215   292   113   65   178   166   89   144   79   102   6   273   183   168   79   31   71   128   66   167   244   30   114   54   33   83   13   216   135   48   56   256   84   236   45   166   218   150   217   178   236   54   149   25   86   33   178   69   144   54   24   68   201   43   10   43   176   184   207   205   49   217   78   65   359   111   96   64   76   181   339   70   22   148   104   193   258   77   82   66   183   180   275   114   132   161   72   19   68   204   177   72   161   110   218   167   22   108   63   176   63   179   26   13   114   2   145   332   241   73   49   122   75   132   52   27   143   38   69   90   72   170   249   140   97   235   163   130   40   66   190   
167   103   252   64   39   128   9   127   35   92   84   16   56   165   70   142   85   96   54   42   57   40   54   15   46   12   63   26   38   115   112   211   39   40   34   97   95   64   114   52   44   32   125   76   94   50   74   36   167   36   49   126   34   83   7   66   51   84   163   38   32   31   65   31   108   127   18   58   23   171   162   50   58   113   77   75   26   37   56   17   168   113   102   101   117   26   65   36   116   130   20   39   45   27   16   31   133   53   26   109   207   31   134   30   134   119   94   106   111   152   119   63   89   47   22   154   35   69   73   115   87   155   23   25   25   105   172   135   155   45   112   44   37   221   31   45   31   109   142   205   68   143   73   107   89   145   51   70   60   113   104   171   58   75   124   38   2   43   122   99   146   127   63   99   94   14   48   38   112   184   137   42   8   45   27   86   197   151   42   77   55   47   109   24   8   107   36   54   56   43   121   159   110   15   180   117   70   145   95   58   
174   100   130   126   65   4   19   122   68   173   15   43   76   96   56   230   24   38   80   81   63   127   22   38   93   25   80   16   68   190   120   231   14   18   25   138   14   40   103   69   75   120   163   51   178   81   153   54   205   25   64   202   93   140   62   68   91   105   258   84   58   10   19   18   64   215   36   171   33   280   186   89   125   59   53   32   88   90   71   23   109   12   93   84   152   53   100   23   64   192   38   109   19   45   57   41   128   93   45   109   97   87   234   74   262   95   62   90   108   35   125   106   110   113   44   74   24   27   134   146   139   49   32   28   49   123   89   82   63   91   173   86   3   222   53   92   57   96   68   203   156   196   91   66   158   109   29   29   138   7   86   128   111   65   208   45   16   82   107   91   149   61   103   188   122   7   32   34   21   212   235   59   23   160   39   161   212   41   30   150   74   29   46   48   11   49   53   125   31   40   223   48   77   64   304   32   181   176   97   154   
25   156   320   96   46   259   31   38   71   183   180   75   157   333   45   140   166   215   33   139   206   152   118   36   155   27   15   70   50   339   74   18   59   49   26   295   195   59   54   55   68   185   318   99   257   163   142   23   35   104   136   168   114   86   97   150   88   20   137   107   42   53   124   37   232   132   71   246   11   236   46   250   161   125   126   151   186   92   16   50   149   247   44   240   308   47   49   39   122   81   34   116   77   40   138   90   42   79   122   237   290   93   156   93   283   99   285   119   31   246   262   77   221   123   42   331   43   177   272   274   311   303   11   58   42   7   336   128   222   190   84   213   79   52   149   75   38   250   186   58   285   375   47   220   105   122   52   134   195   238   68   120   84   46   175   15   35   72   62   56   320   169   61   138   30   40   156   17   254   402   205   134   41   235   74   129   32   234   36   225   51   45   175   37   29   138   133   163   58   18   202   237   308   120   258   192   214   343   253   167   
65   115   304   59   33   220   21   60   54   142   149   58   114   290   47   96   144   183   12   111   158   106   101   23   123   16   11   59   34   276   53   63   53   46   26   242   163   59   61   32   38   138   265   82   205   132   101   10   22   86   99   135   83   40   69   128   68   11   82   82   28   47   108   32   200   81   56   184   3   187   36   196   124   118   100   131   136   63   4   42   145   209   54   204   257   27   19   34   119   30   25   76   69   31   104   74   61   43   96   204   269   63   102   70   217   89   233   95   51   217   224   38   186   89   31   285   36   143   218   231   251   263   2   49   29   24   294   126   204   151   34   168   66   91   113   46   21   214   175   86   224   311   22   191   54   112   51   117   151   201   68   126   53   45   136   8   26   52   70   53   275   158   38   77   8   33   124   21   214   344   159   110   31   174   61   90   63   206   34   179   26   44   158   22   21   130   108   124   55   22   152   211   256   86   201   171   156   290   212   105   
34   143   264   125   60   229   33   4   83   213   160   79   154   309   24   195   149   197   53   147   199   174   108   44   165   30   38   66   65   353   70   60   49   38   15   300   173   40   23   60   78   202   323   82   278   167   173   37   89   99   133   207   130   118   105   149   105   49   202   120   56   46   110   28   217   184   73   271   20   290   71   249   180   93   110   138   190   110   33   51   99   223   13   231   313   57   73   29   91   130   42   137   69   48   140   91   7   95   122   234   245   110   211   105   329   70   272   100   5   208   260   97   224   144   50   306   35   164   281   279   316   272   19   58   52   43   308   88   185   196   126   215   71   24   147   95   51   243   154   23   300   383   57   205   141   83   38   121   215   212   40   67   110   27   215   20   36   89   25   36   316   140   86   180   62   38   148   5   231   405   251   135   43   259   76   164   48   195   23   243   59   31   152   48   28   112   134   182   42   6   246   196   294   125   317   165   245   347   248   194   
201   161   56   170   83   74   32   138   89   223   72   63   138   107   65   293   35   65   103   112   136   182   34   53   129   38   99   28   88   255   159   275   2   14   29   192   74   37   120   99   110   177   209   79   235   113   203   70   254   46   118   250   130   189   97   84   117   130   331   114   76   6   24   25   80   279   52   244   42   349   233   159   168   57   95   38   157   124   89   32   119   78   106   110   200   76   131   31   48   248   49   157   12   57   103   57   147   135   77   130   28   124   304   101   343   122   131   132   124   51   150   149   141   154   57   101   36   87   194   183   205   66   41   34   65   148   93   76   8   136   226   141   28   257   106   125   76   120   24   237   226   256   122   74   215   136   25   30   189   71   103   139   149   79   260   58   27   107   124   113   178   20   133   257   153   17   83   39   82   256   297   84   34   233   52   211   253   60   36   201   104   29   19   66   23   18   81   171   33   46   287   55   135   110   381   20   250   220   133   228   
98   131   326   31   21   228   20   87   42   111   155   50   115   288   62   55   147   183   6   97   156   80   101   15   107   14   21   57   21   245   80   111   57   51   33   221   170   70   87   39   36   114   243   95   174   120   70   3   63   84   100   104   64   18   58   121   52   29   34   66   16   49   111   37   198   37   50   151   4   143   81   182   101   135   111   132   126   44   20   38   176   213   77   196   236   20   6   41   135   13   18   54   71   24   95   68   91   37   89   193   285   45   54   56   169   114   227   115   74   232   211   31   171   66   22   284   42   146   196   212   228   268   4   46   19   48   294   148   217   135   6   154   68   141   108   26   9   205   188   134   196   283   39   189   24   142   59   119   125   207   91   159   28   62   102   19   23   35   97   77   259   170   18   39   28   32   123   29   217   319   118   101   27   143   55   57   111   223   42   153   34   52   164   12   21   141   100   100   64   32   110   229   248   78   150   180   119   268   200   80   
196   191   353   55   25   233   24   158   7   25   164   23   138   249   98   107   142   165   58   46   155   39   91   17   48   22   69   48   24   129   162   250   61   61   49   136   181   92   153   82   72   50   150   132   64   69   29   38   192   69   119   67   14   95   39   85   17   94   144   11   21   49   107   51   168   105   27   50   26   87   204   136   21   172   145   121   116   21   67   24   246   211   134   151   146   39   72   58   166   140   7   47   69   12   77   43   168   81   63   138   299   30   101   9   26   180   194   177   138   254   147   87   109   13   6   251   59   149   112   131   142   255   26   31   13   121   263   195   232   79   121   104   71   273   102   38   30   155   203   258   99   168   100   161   99   218   75   110   37   208   148   238   46   106   61   50   17   18   165   138   184   182   52   104   106   28   116   51   209   211   62   64   12   57   31   48   241   252   63   58   82   70   163   22   23   156   67   20   84   57   45   260   204   73   87   187   22   171   144   99   
152   86   250   56   37   129   5   116   36   96   82   22   44   176   63   131   88   102   47   51   54   39   57   13   56   8   56   29   36   137   96   190   39   39   31   116   93   61   103   42   33   43   144   68   108   61   72   32   148   41   39   125   37   69   10   74   52   74   146   42   30   31   67   28   116   114   23   71   20   170   142   65   65   107   68   79   22   35   49   21   155   116   93   112   135   19   55   32   111   113   19   33   46   27   23   36   121   40   34   120   207   28   122   34   140   106   104   92   101   150   132   50   101   48   22   164   31   68   92   130   108   160   20   28   23   95   182   128   155   58   97   59   37   200   31   39   27   121   141   185   89   165   61   115   74   131   49   73   71   115   94   158   52   67   123   33   5   41   111   88   162   126   57   83   83   15   50   35   116   205   136   51   11   58   32   81   177   146   39   90   45   44   110   21   7   105   45   61   52   39   120   154   123   9   178   117   75   164   109   41   
113   2   198   82   48   102   9   79   57   147   59   43   31   183   34   160   79   102   46   86   61   94   57   24   96   12   48   33   49   211   47   140   30   25   16   172   66   37   60   23   31   105   199   20   175   95   115   32   118   49   26   164   75   77   48   93   76   62   168   74   41   26   60   12   125   141   40   151   18   227   98   112   112   62   18   77   65   65   39   30   84   99   57   134   189   26   56   13   74   111   29   72   41   37   55   52   79   43   58   148   169   60   159   64   222   45   124   23   69   104   165   51   138   88   34   168   9   56   154   177   171   146   18   36   36   74   182   78   120   103   99   104   28   137   49   60   35   145   110   122   164   234   39   122   90   58   31   69   128   94   48   90   74   34   166   22   15   62   64   45   201   100   68   112   70   17   55   21   105   264   189   75   23   138   46   117   124   95   19   149   29   25   95   30   7   79   69   111   29   24   176   101   147   44   243   92   146   218   141   89   
206   194   13   194   93   125   40   140   102   256   108   77   174   155   67   325   66   104   114   136   180   215   55   62   156   45   106   41   99   310   177   289   12   15   29   241   112   35   124   113   128   215   256   95   278   140   233   77   273   65   149   278   153   214   118   104   132   140   367   133   86   15   46   29   116   312   65   292   46   389   251   209   197   60   118   64   198   145   96   40   121   127   109   146   247   88   146   36   39   274   56   184   23   63   133   71   151   156   101   161   35   145   340   119   394   134   187   153   126   92   184   171   173   180   66   157   43   124   242   222   260   122   46   42   74   157   143   71   32   172   252   182   44   265   139   144   86   156   9   246   279   313   136   106   244   148   22   52   225   119   108   138   169   84   291   63   35   122   127   121   220   10   148   294   166   25   115   39   132   308   334   107   42   281   63   238   265   96   38   240   118   29   43   75   29   12   106   201   34   47   325   88   192   137   427   56   293   268   173   269   
133   78   262   42   32   147   5   103   36   97   94   29   48   203   58   109   100   121   36   63   74   40   67   8   69   3   46   36   30   165   79   161   42   40   29   144   106   59   91   30   18   59   170   66   124   77   65   24   120   51   42   118   40   46   21   86   50   60   116   47   24   35   76   28   136   90   30   88   16   160   116   95   72   108   68   91   45   31   39   25   150   135   83   134   162   9   40   31   112   85   18   24   52   25   41   45   106   22   49   140   221   24   99   38   142   97   134   83   90   162   153   30   120   47   21   192   30   82   120   152   140   183   15   33   20   79   208   126   165   79   71   84   42   175   47   29   19   142   148   162   117   197   47   133   49   121   49   83   83   132   85   148   40   60   115   27   10   38   100   77   188   133   45   55   66   19   66   31   137   236   128   64   15   76   38   69   151   157   36   106   32   43   121   15   9   110   59   69   52   35   113   164   154   24   167   128   79   192   132   16   
151   165   352   16   10   239   22   126   21   61   165   37   127   279   83   44   150   181   33   74   158   47   100   10   80   17   46   55   6   194   126   186   61   58   43   186   182   84   125   61   52   81   204   118   123   98   20   21   132   79   111   63   36   52   46   107   27   63   65   40   4   51   113   46   190   38   40   100   16   82   148   164   63   160   132   132   120   18   45   32   219   220   109   180   198   26   40   51   157   80   6   36   73   13   87   58   134   56   79   171   303   25   29   33   90   153   218   151   110   253   186   56   145   30   8   278   52   152   159   178   192   272   16   40   3   86   289   178   234   111   66   133   72   214   106   12   12   186   203   203   152   234   72   182   50   187   69   119   84   216   124   206   10   88   55   36   20   11   136   112   230   183   20   47   69   31   123   42   221   274   61   86   20   98   45   10   182   247   55   109   59   63   169   8   22   154   86   62   77   47   47   255   234   74   80   191   64   227   178   74   
176   128   278   60   35   155   13   137   28   74   105   12   79   182   78   133   99   112   55   35   83   27   63   14   37   14   65   31   34   103   126   224   45   46   39   95   118   72   126   60   50   13   121   92   75   48   60   37   175   43   68   111   21   85   7   67   42   87   157   27   29   36   76   36   120   120   16   32   24   150   175   66   42   130   96   86   51   29   59   17   190   138   112   108   113   28   66   42   130   132   16   34   51   23   31   30   144   59   32   110   230   25   124   20   105   137   116   126   120   180   119   68   87   34   18   175   42   90   69   110   87   179   24   25   21   110   192   152   175   43   114   52   46   237   50   41   30   115   158   222   57   135   81   118   89   166   58   79   43   138   117   191   53   84   109   42   6   36   135   110   148   141   59   96   98   17   65   42   136   180   118   43   6   19   25   75   211   178   48   61   62   54   122   23   12   120   39   38   64   48   101   187   129   31   157   135   47   141   100   62   
183   202   379   44   14   261   27   152   10   32   184   35   153   286   98   73   160   191   50   66   179   54   105   17   71   23   62   57   14   176   160   233   66   65   50   177   202   96   150   81   72   79   191   139   101   93   14   32   174   82   132   43   31   85   51   103   12   84   111   29   13   55   121   53   195   78   38   91   23   53   192   171   47   181   156   138   139   23   61   31   253   239   131   180   187   39   63   60   174   120   0   52   77   7   95   55   162   80   81   166   324   34   69   25   47   184   231   183   132   278   178   83   137   24   1   290   62   169   152   165   187   289   23   38   6   110   300   202   252   108   104   135   80   260   120   31   24   185   219   248   143   217   96   186   87   222   78   125   69   235   148   240   34   106   33   47   22   4   163   137   222   196   38   91   95   33   135   50   239   257   31   83   19   94   41   24   227   274   65   92   80   72   180   19   26   167   86   48   88   56   10   282   243   87   46   207   53   213   176   105   
240   192   228   138   66   129   28   179   58   144   103   27   134   79   98   247   65   61   99   44   116   121   34   41   53   34   103   14   70   87   191   320   36   44   47   41   113   78   165   104   103   96   56   117   113   30   145   66   272   20   115   187   80   172   61   20   79   137   293   64   60   25   50   43   48   237   18   132   42   258   265   71   93   135   126   47   115   87   95   6   217   109   146   20   47   66   124   51   128   237   35   116   32   41   63   10   191   124   29   37   177   88   250   59   218   178   75   175   158   159   43   139   35   101   40   85   54   94   58   56   51   113   41   9   49   164   95   162   140   45   212   52   41   321   81   99   65   24   129   301   89   72   133   48   189   209   59   45   97   112   150   226   120   111   192   65   15   78   174   151   50   114   114   218   158   11   68   54   101   86   216   15   15   130   15   161   300   166   59   93   109   59   84   54   20   102   19   95   69   62   204   173   56   81   280   105   156   62   2   181   
200   130   164   127   64   51   21   145   62   158   46   34   89   66   72   232   27   19   85   63   66   118   12   37   73   27   88   3   67   144   145   265   21   28   34   95   50   55   127   80   82   102   119   76   147   57   145   58   229   7   76   193   83   148   56   49   85   116   266   74   58   13   23   28   38   218   26   146   36   267   215   59   108   90   79   23   84   85   79   16   153   36   114   50   109   55   106   34   89   205   36   106   20   43   48   28   152   101   29   79   122   83   235   65   238   127   19   121   128   84   91   115   80   104   41   42   35   41   95   110   94   48   35   20   48   138   66   114   89   65   184   57   17   260   51   92   58   62   89   241   119   144   106   44   165   148   41   24   117   41   111   168   111   83   198   52   13   78   133   114   108   79   105   193   134   2   29   42   28   161   223   39   19   138   29   157   245   91   42   123   86   41   53   49   13   68   32   109   47   49   210   97   23   62   289   56   163   130   58   155   
223   170   130   159   77   68   30   160   77   192   69   48   130   32   81   279   17   20   103   84   114   157   8   48   97   36   103   13   82   185   175   301   17   28   37   128   73   56   143   101   107   142   143   93   185   78   181   70   267   23   111   227   109   184   80   52   102   136   321   94   71   8   12   32   24   266   37   197   43   316   252   110   138   92   103   2   132   110   93   21   165   59   126   55   134   72   130   40   85   248   44   140   8   51   80   37   170   131   52   82   87   109   286   84   294   148   76   149   142   85   97   146   94   133   51   20   43   74   135   127   137   24   42   22   59   158   19   117   68   96   224   97   26   292   87   116   72   64   70   271   167   177   129   25   206   170   41   3   151   59   126   181   139   94   235   62   21   96   149   131   113   61   127   243   159   10   62   46   53   177   267   54   26   189   36   193   280   96   47   157   107   43   29   61   20   57   52   140   49   54   256   99   67   94   345   44   212   150   75   208   
248   222   315   117   54   202   30   192   37   91   150   15   156   173   112   209   113   124   92   11   151   94   68   35   16   33   100   34   56   12   205   327   54   59   55   46   166   96   181   109   103   67   46   143   40   20   108   61   269   48   134   139   54   159   54   41   54   134   258   36   49   41   86   53   114   204   11   82   40   191   272   102   49   173   156   91   128   67   94   8   262   179   159   87   46   63   116   62   163   222   25   98   55   30   74   15   204   122   43   69   258   71   210   35   138   206   145   203   169   231   70   134   38   71   28   182   65   136   43   43   62   202   39   14   38   164   190   200   204   40   197   69   63   339   101   84   57   85   181   320   49   43   137   110   173   244   75   84   47   179   170   263   100   124   143   67   16   59   193   166   90   161   99   193   154   22   102   60   172   90   157   26   9   89   6   127   311   235   70   30   112   73   133   46   25   142   36   53   87   68   147   243   140   86   207   162   106   62   73   166   
163   117   279   49   32   158   11   128   28   75   106   17   72   193   73   118   102   118   48   44   83   18   66   10   47   11   59   33   30   123   114   205   45   45   37   112   118   70   117   52   41   26   138   87   88   58   54   32   157   47   62   107   22   70   6   74   41   78   138   30   25   36   78   35   128   104   21   44   21   144   158   78   48   126   91   90   48   23   53   20   182   142   105   119   130   22   57   40   127   115   15   23   52   22   35   36   133   48   38   121   233   17   108   23   107   128   126   117   111   180   132   56   99   31   16   186   39   90   87   125   106   185   21   28   18   101   202   147   177   56   98   64   46   220   50   33   25   126   159   205   77   156   71   126   73   156   56   82   52   141   109   181   44   78   103   37   7   33   126   102   163   142   52   78   87   18   68   39   141   199   113   51   9   32   30   66   194   177   46   73   54   52   125   18   11   120   47   43   62   44   96   185   141   27   150   137   46   158   113   43   
80   85   279   51   33   188   15   66   50   132   124   50   85   259   43   99   126   160   16   98   127   88   88   18   109   10   21   51   33   246   40   85   48   41   24   214   137   54   60   17   22   117   238   66   184   117   92   12   50   74   74   133   72   29   56   116   65   26   89   73   27   42   95   27   178   80   49   159   6   183   46   165   111   105   79   116   106   54   13   37   131   178   55   181   229   17   18   29   109   39   23   61   62   30   84   66   66   25   82   184   245   52   99   62   199   75   199   73   56   188   203   20   167   78   28   251   29   118   190   209   218   231   5   45   26   39   262   115   183   130   35   143   56   104   90   40   19   191   160   95   195   279   11   171   41   97   46   104   134   172   61   118   47   41   133   9   21   48   68   48   248   144   39   62   25   28   103   21   183   313   153   96   27   148   54   84   78   178   30   160   11   39   141   19   16   118   93   110   49   23   143   184   221   67   195   150   136   262   187   77   
146   117   298   26   24   182   12   117   26   73   121   27   81   225   70   86   118   140   36   59   104   20   78   2   63   8   48   41   22   159   102   179   50   48   36   146   135   71   109   44   32   51   170   89   108   77   40   23   130   59   70   94   26   46   22   89   38   64   98   36   17   41   89   36   152   70   30   70   16   126   135   112   57   130   96   105   69   14   43   26   182   166   97   144   162   14   40   40   132   85   12   0   59   20   53   46   122   35   55   144   253   6   73   28   105   124   159   114   101   198   157   39   121   28   14   219   40   108   120   151   145   214   16   34   13   85   234   149   192   81   69   93   54   198   67   16   15   152   170   185   112   194   59   147   45   152   58   95   69   163   104   176   25   74   89   32   12   25   118   94   193   153   36   42   70   23   85   37   167   236   98   66   14   61   37   46   170   193   45   93   45   52   139   9   14   128   64   53   63   41   81   201   177   40   129   152   51   192   141   23   
185   116   226   89   49   102   13   138   43   111   69   17   66   125   74   178   66   69   68   39   48   68   39   24   44   18   75   16   50   100   129   239   34   37   36   71   78   63   123   65   60   49   102   78   99   38   99   46   196   22   57   149   50   111   25   52   62   99   206   47   42   25   51   31   80   164   14   79   29   204   189   10   70   109   79   57   39   55   67   13   168   86   111   72   92   38   83   36   110   163   25   65   37   32   12   22   145   73   9   87   181   51   174   40   165   127   54   115   122   132   96   85   71   66   28   113   36   54   54   97   57   119   28   20   33   121   133   132   136   31   143   17   30   244   27   63   42   81   126   226   61   117   88   81   121   152   49   54   71   88   111   176   79   81   150   45   3   56   131   108   117   113   80   138   113   8   32   41   82   155   166   29   9   70   23   113   223   133   44   80   69   47   91   34   9   96   20   68   54   47   151   141   67   30   218   98   100   119   66   98   
142   164   354   14   9   243   22   121   25   70   168   41   129   286   81   33   153   186   29   80   163   55   103   11   87   17   42   56   5   208   120   174   62   58   42   196   185   83   120   59   50   90   215   117   135   104   30   17   121   82   112   66   43   46   50   112   31   57   49   46   2   52   115   45   195   25   43   113   14   88   139   172   71   159   132   135   125   24   41   34   216   225   105   187   209   26   35   51   156   69   8   40   74   14   91   61   128   54   83   178   306   29   15   38   105   150   226   149   105   255   194   52   153   38   11   286   52   155   170   187   204   278   14   42   5   80   296   176   235   118   56   140   73   203   110   12   9   194   204   193   165   248   68   187   44   183   69   121   94   219   121   202   7   85   60   34   21   14   131   108   240   184   14   42   63   32   126   40   226   287   68   91   22   110   48   15   171   248   54   120   56   62   172   7   23   154   91   71   77   45   57   256   243   77   87   193   76   239   186   76   
215   180   57   179   87   86   35   150   91   229   83   64   152   98   72   307   36   65   109   114   148   190   34   56   131   41   105   29   92   256   175   296   7   19   33   192   86   44   132   107   118   184   207   91   239   113   211   74   272   46   130   258   134   201   102   81   120   139   349   117   79   6   24   29   75   293   53   252   45   360   252   165   172   70   108   36   168   130   95   32   138   87   117   106   198   81   140   36   58   264   51   165   9   58   109   56   160   145   79   126   21   130   319   104   352   138   136   148   134   69   145   160   138   160   60   97   42   97   196   181   207   66   44   33   68   158   83   89   20   139   241   145   32   278   114   132   80   115   26   258   231   254   133   68   228   155   30   27   194   81   115   156   157   88   269   62   29   111   137   125   172   21   140   273   164   18   89   42   89   250   307   84   35   242   52   220   273   80   41   204   113   34   11   70   25   25   82   175   39   50   297   75   136   117   394   29   259   216   130   242   
243   211   302   115   54   189   28   187   39   95   141   14   147   161   108   208   106   115   90   10   140   91   63   34   15   32   98   30   56   2   198   319   51   56   53   35   155   92   176   105   99   63   42   136   46   14   108   60   263   43   126   142   53   155   50   38   56   131   255   37   49   38   81   51   106   202   8   79   39   195   264   90   52   165   148   85   119   66   92   6   252   166   155   79   39   61   113   60   157   218   26   95   52   30   67   12   199   117   37   65   246   69   208   35   143   198   132   194   164   218   66   130   35   71   28   168   62   127   32   42   48   188   39   13   38   160   178   192   194   32   193   59   59   330   93   82   56   78   173   311   40   38   132   102   169   235   72   78   48   167   165   254   99   120   145   65   15   59   187   161   85   154   98   189   151   20   93   58   160   88   160   21   8   85   5   127   303   222   67   35   108   70   126   45   23   135   30   54   83   66   149   230   126   80   211   153   105   59   64   160   
131   53   234   59   38   119   0   99   43   114   73   31   23   182   51   132   85   104   42   66   50   57   58   15   73   5   49   31   38   169   70   161   36   34   26   141   82   52   84   27   21   68   168   50   135   76   84   29   126   44   21   136   51   60   25   83   59   64   141   54   31   30   65   22   122   113   30   102   18   186   116   84   83   91   48   80   31   44   41   25   128   110   77   123   159   15   48   25   98   100   22   42   45   30   34   43   101   28   44   134   196   37   125   45   168   82   112   65   86   134   148   38   118   61   25   169   23   61   119   151   135   157   17   32   26   81   185   109   144   78   85   78   33   169   33   42   26   133   131   154   121   196   46   120   67   102   42   73   94   107   75   131   54   53   135   26   9   47   91   68   180   118   56   80   71   16   50   29   112   232   151   62   16   90   38   89   148   128   31   114   31   37   107   21   5   96   56   80   44   32   136   136   134   17   197   109   100   188   124   44   
239   196   266   123   59   156   27   181   47   117   118   18   134   122   101   223   85   87   93   24   121   101   48   36   31   31   99   22   62   41   190   315   43   50   49   1   131   84   168   102   98   73   34   124   77   7   123   62   263   30   116   162   63   159   51   26   66   132   268   49   53   32   65   46   78   215   9   98   39   223   260   69   70   149   133   66   109   74   92   1   232   135   148   51   24   61   116   54   141   222   30   101   42   35   59   2   192   117   27   48   212   75   224   45   176   185   98   181   159   186   50   130   25   83   33   127   56   106   25   40   22   150   39   9   42   160   138   176   167   26   198   43   49   322   81   88   59   52   151   302   52   36   130   77   174   218   65   62   69   136   155   237   106   114   166   64   14   67   178   153   63   134   104   197   152   15   76   55   127   78   185   4   10   99   7   140   297   192   62   62   106   64   105   48   21   118   16   72   75   64   173   199   87   75   242   128   125   49   34   163   
178   135   68   159   78   70   29   120   86   217   63   62   122   130   52   274   43   75   93   113   125   173   40   50   129   35   89   31   83   260   136   244   4   7   23   199   63   27   101   86   98   172   219   62   235   116   194   64   227   48   104   241   125   172   92   91   113   117   307   111   71   10   31   18   94   259   53   237   38   336   204   157   165   37   77   48   146   118   79   33   89   77   90   122   209   69   119   24   33   225   47   147   19   55   98   59   127   121   77   142   53   117   284   98   333   98   134   107   107   34   162   134   148   148   55   120   29   79   196   192   210   83   37   37   62   132   118   55   23   137   206   141   25   224   99   117   70   133   31   205   226   266   107   89   197   108   17   40   186   69   84   111   139   65   250   50   26   102   103   94   193   28   124   237   138   17   78   32   83   272   286   87   34   226   54   199   222   37   28   201   91   21   37   61   20   16   84   167   22   39   275   30   144   102   367   26   240   232   143   210   
61   115   301   63   35   219   22   56   56   146   148   59   115   291   45   102   144   183   15   113   160   110   101   24   125   17   10   59   36   280   50   56   53   45   25   245   162   58   57   32   40   141   269   81   209   134   105   11   18   87   100   139   86   45   71   129   71   10   90   84   30   47   108   31   201   87   57   189   4   194   29   199   127   116   99   131   138   66   2   42   141   208   51   205   260   28   22   33   117   36   26   79   69   32   105   75   57   45   98   205   267   65   108   72   224   86   235   93   47   215   226   41   188   92   32   286   35   143   222   234   254   263   3   50   30   22   294   123   202   153   40   170   66   84   114   49   23   215   173   80   228   315   22   192   59   109   50   117   155   201   65   121   56   43   141   7   26   54   66   50   277   157   41   83   8   33   125   20   214   347   164   111   32   179   62   94   56   204   33   183   26   42   157   24   22   128   109   128   54   21   157   209   257   88   208   170   161   293   213   109   
107   113   157   142   71   148   29   62   87   221   105   72   126   229   16   239   99   140   73   134   154   175   77   47   151   31   63   50   75   316   84   151   28   16   4   257   111   8   43   65   83   189   280   49   264   146   186   50   156   75   108   230   129   142   98   124   112   83   257   118   64   29   73   13   162   224   65   258   28   321   130   205   176   31   74   97   163   115   55   44   15   149   40   183   270   61   95   14   35   176   45   141   46   53   118   77   64   103   101   195   150   114   251   104   339   45   205   73   57   117   219   111   192   148   54   221   21   115   245   244   270   184   28   49   58   88   222   20   108   170   165   181   46   123   119   106   61   195   89   109   269   335   75   153   167   42   12   84   205   140   31   20   125   27   239   33   31   97   41   45   264   82   106   207   99   28   111   13   158   351   275   114   39   245   67   185   132   106   8   228   68   5   99   55   23   61   111   178   11   17   266   103   224   110   351   99   247   300   202   198   
220   177   85   173   84   75   33   155   86   216   76   58   144   70   76   298   24   47   108   103   135   179   24   54   118   39   105   23   89   229   176   301   10   22   35   168   79   49   138   106   115   169   182   92   219   100   201   73   272   37   123   248   126   196   94   70   114   139   340   109   77   4   15   30   55   285   47   232   44   345   254   145   160   79   106   22   155   123   95   28   149   73   122   86   174   78   137   38   69   259   49   157   2   56   98   49   165   141   69   108   47   123   308   97   332   143   113   150   138   71   126   156   121   151   56   67   42   87   173   160   181   42   44   29   65   160   54   101   38   123   236   127   29   286   104   127   78   95   44   265   207   225   132   50   222   162   34   15   178   69   120   167   151   91   257   63   26   106   143   128   148   37   136   263   163   15   79   44   72   221   293   73   32   223   46   211   278   83   43   187   111   38   5   67   23   37   71   163   43   52   283   82   110   109   377   29   242   190   109   231   
177   165   56   179   86   121   36   117   98   246   99   75   155   174   52   300   72   111   102   135   167   203   60   58   154   41   94   43   92   312   149   249   14   8   22   245   103   22   101   98   114   206   263   77   274   141   219   69   239   67   133   265   146   193   111   110   127   124   335   129   79   18   51   22   127   286   65   281   41   371   216   204   191   37   100   71   184   136   84   41   85   125   88   156   253   80   131   27   16   246   53   171   29   61   126   73   126   140   99   171   67   135   315   115   378   106   187   126   106   82   195   153   179   170   62   171   35   115   241   229   261   133   40   44   69   137   163   44   45   170   227   179   41   223   130   133   79   167   31   206   275   319   118   118   221   114   12   59   219   115   85   103   156   67   277   54   33   115   102   98   233   30   136   268   147   25   110   32   132   321   318   108   41   270   64   223   227   81   28   236   103   19   57   69   26   16   106   194   22   38   309   72   197   127   406   60   279   278   181   247   
140   83   120   131   67   73   22   92   77   195   50   57   87   158   34   231   58   87   74   107   98   147   48   41   121   26   70   32   71   251   92   188   15   7   14   196   51   19   71   60   73   151   220   29   219   112   167   51   176   50   74   215   109   135   77   96   101   92   252   100   60   17   43   6   111   215   50   211   30   299   152   143   149   19   42   62   117   100   61   33   50   79   65   133   210   53   94   10   35   178   41   121   29   49   83   59   95   92   72   151   103   97   238   88   298   56   131   61   82   46   171   102   150   128   48   144   14   63   187   194   202   110   29   38   53   103   150   39   66   129   163   131   22   170   80   96   57   144   63   153   210   264   77   107   156   60   13   53   170   71   53   74   116   42   221   37   22   88   72   62   205   58   103   191   107   17   67   23   88   280   253   86   31   199   53   170   168   33   15   188   65   12   64   50   15   40   81   150   10   28   242   33   149   81   324   51   210   237   148   167   
258   216   231   154   73   144   33   192   64   159   118   34   156   74   105   271   69   68   108   53   140   141   37   47   64   39   112   18   77   103   210   345   38   47   50   58   128   82   178   117   117   116   59   130   129   40   162   73   296   27   134   202   92   192   73   13   87   149   322   74   67   26   53   47   46   262   24   157   46   280   289   97   107   144   143   48   139   100   104   8   233   125   156   15   54   75   137   56   134   261   39   133   33   44   79   15   205   141   41   23   179   101   277   67   243   195   97   195   170   172   31   156   35   116   44   89   60   111   80   56   77   120   45   7   54   177   92   172   145   63   234   73   47   345   99   112   72   8   132   324   113   80   147   44   212   228   63   46   113   126   163   242   134   120   209   71   20   87   188   164   33   116   126   244   173   14   83   58   115   76   236   25   19   155   17   179   325   181   64   108   122   63   84   60   24   105   31   110   74   67   225   186   76   97   306   111   180   59   18   209   
114   94   289   26   25   182   11   93   37   99   120   38   75   240   57   80   121   148   22   77   109   52   82   8   85   5   34   45   24   200   71   134   48   44   30   178   133   63   86   27   16   81   202   76   144   95   61   15   90   66   65   108   48   17   36   102   49   44   76   53   18   41   91   31   163   59   39   112   10   147   93   134   82   118   84   109   80   32   29   31   157   169   77   161   194   4   21   34   121   51   16   29   60   24   65   55   96   13   67   163   248   27   70   44   147   99   175   91   80   191   179   11   143   51   20   233   33   109   153   178   179   220   10   39   17   63   246   133   187   103   38   115   53   154   74   19   10   170   165   143   151   234   36   158   17   125   52   99   99   164   84   148   27   58   105   21   16   34   94   72   220   148   30   23   47   25   91   29   172   273   119   80   20   102   45   57   127   183   38   125   25   46   140   8   14   123   77   80   56   32   105   191   195   48   153   150   90   225   162   31   
118   35   167   102   56   87   14   78   66   169   51   49   53   175   28   189   70   96   57   96   74   118   54   31   108   18   56   33   58   231   59   152   24   17   12   184   55   27   57   37   49   126   211   2   196   104   138   39   137   49   45   186   91   101   61   95   87   72   202   86   49   23   53   5   120   172   45   178   23   258   113   126   129   42   13   71   87   81   46   32   58   88   54   135   200   38   71   6   56   137   34   93   37   42   67   56   79   63   64   151   143   77   192   75   256   35   127   23   69   79   170   72   145   106   40   159   2   55   170   186   186   132   22   38   43   83   170   57   98   116   124   116   24   141   61   76   44   147   91   124   186   250   52   117   118   42   22   63   148   82   41   72   92   31   190   26   18   74   59   44   205   83   83   146   83   17   58   20   97   274   217   81   27   166   50   140   134   68   13   168   43   17   83   39   10   63   75   129   19   23   205   72   148   60   279   75   175   229   146   124   
70   69   255   69   41   174   16   53   58   150   114   54   82   251   32   127   119   153   27   105   123   104   85   24   116   13   26   49   42   258   15   74   43   35   18   221   125   45   42   14   29   129   246   53   200   121   111   20   55   73   71   153   83   52   62   117   74   31   122   82   35   39   89   22   173   109   51   177   9   212   34   168   124   88   66   111   110   66   16   38   104   166   40   180   236   24   33   22   94   65   28   75   58   35   87   67   51   36   83   186   225   63   130   70   228   53   194   53   45   169   206   36   171   92   33   242   22   111   199   215   226   218   9   45   33   38   252   96   167   136   61   147   51   83   90   53   27   191   145   72   207   289   5   166   66   71   39   99   147   160   43   92   63   28   155   5   22   58   49   30   251   132   52   91   34   27   99   16   173   320   178   99   29   165   57   105   63   158   23   173   12   32   132   26   16   106   95   124   40   16   168   163   217   70   227   138   157   268   188   97   
37   143   316   84   41   247   28   45   66   170   170   69   144   320   45   124   160   205   25   131   192   138   113   32   145   23   9   67   44   319   66   27   57   48   26   279   186   59   55   48   59   170   302   94   240   154   129   18   16   99   125   157   104   72   89   144   82   11   117   99   37   51   119   35   223   114   66   227   8   219   35   234   149   123   118   145   171   83   10   48   148   236   46   229   293   41   39   37   122   63   31   104   75   37   127   85   47   68   114   227   285   84   137   86   262   95   270   111   37   238   251   65   210   112   38   318   41   167   256   261   293   292   8   55   37   2   324   127   217   178   67   199   75   63   138   66   32   239   184   64   266   355   38   212   89   119   52   129   181   227   67   122   74   45   161   11   32   65   63   54   307   166   53   119   19   38   147   18   243   385   189   127   38   216   70   116   36   226   35   211   43   45   170   33   27   136   126   151   57   19   185   230   293   110   238   186   195   327   241   148   
224   166   206   130   64   101   24   165   58   144   81   27   113   70   88   236   51   44   92   47   92   114   25   38   56   30   96   8   67   102   171   296   31   39   42   55   90   69   150   93   93   91   77   101   120   36   140   62   252   10   97   185   77   159   55   31   79   127   277   65   58   21   40   37   39   225   18   129   39   255   243   54   95   119   107   37   96   83   88   9   193   83   133   26   67   60   115   45   114   221   34   108   28   41   52   15   175   112   22   52   158   83   239   58   218   158   46   153   146   132   61   127   50   98   39   64   46   73   63   75   55   89   38   13   47   152   81   145   123   45   197   42   32   296   65   94   61   35   115   276   90   95   121   43   176   185   53   37   99   86   135   204   113   100   190   59   13   76   158   136   71   102   108   203   147   7   51   49   75   114   213   20   15   124   20   155   277   139   52   99   98   52   73   50   17   90   17   96   61   57   201   146   27   69   277   88   152   86   22   165   
258   217   236   153   72   147   33   193   63   156   119   33   156   78   106   269   71   71   108   51   140   139   38   46   61   38   111   18   76   98   210   345   39   48   51   54   130   83   179   117   117   114   55   131   125   38   160   72   296   28   134   200   91   191   73   12   86   149   320   72   66   27   54   47   49   260   23   154   46   276   289   97   104   146   143   50   138   98   103   7   235   127   157   18   49   75   136   57   136   260   38   132   34   44   79   14   206   140   41   22   183   100   274   66   239   196   99   196   170   175   28   155   32   114   44   94   60   112   77   52   73   124   45   6   54   177   97   174   148   60   233   72   48   346   99   111   72   11   134   325   109   75   147   47   210   229   63   48   110   128   164   244   132   121   207   71   19   86   188   164   31   119   125   243   173   15   84   58   118   71   233   23   19   152   16   177   325   184   64   104   122   64   87   60   24   107   30   107   75   68   222   189   78   97   302   114   177   54   17   207   
250   223   314   119   55   202   30   193   38   94   150   16   157   171   112   212   113   123   93   13   152   96   68   35   18   33   101   33   57   11   206   329   53   59   55   44   166   96   182   110   104   69   43   143   43   20   110   62   271   48   135   142   56   161   55   39   55   135   261   37   50   41   86   53   113   207   11   85   40   194   274   103   52   173   157   90   129   69   95   7   263   178   160   85   43   64   117   62   163   224   26   100   54   30   74   14   205   123   43   67   257   73   213   36   142   207   145   205   169   231   67   136   36   73   29   180   65   137   43   41   61   201   40   13   38   165   189   200   204   40   199   69   63   341   101   85   58   83   181   321   51   39   138   108   175   245   75   83   49   178   171   264   102   125   145   67   17   60   194   167   88   161   100   196   156   22   102   60   171   86   160   25   9   92   5   129   313   235   70   33   113   73   133   47   25   141   35   55   87   69   150   242   139   87   211   161   109   59   71   168   
183   109   141   126   65   17   19   130   66   167   23   40   78   83   62   230   21   28   81   75   60   123   16   37   86   26   83   11   68   173   128   243   16   22   28   123   24   45   111   72   77   113   147   59   167   72   149   55   212   18   66   199   89   142   59   61   89   109   260   80   58   10   18   21   54   215   32   161   34   275   196   77   119   70   61   26   84   88   73   21   125   5   100   72   137   53   101   27   72   195   37   107   18   44   52   37   136   95   39   98   104   85   233   70   253   106   44   100   115   52   113   108   99   109   43   59   28   27   120   133   123   41   33   25   48   128   78   93   71   81   176   75   6   235   50   91   57   84   75   216   142   178   96   57   159   123   33   25   130   10   95   142   111   71   204   47   15   80   116   99   134   66   104   189   126   5   27   37   5   194   230   52   22   151   36   159   223   58   34   140   78   33   46   48   11   55   45   119   37   43   217   65   58   62   298   38   174   160   83   153   
212   193   334   75   35   213   24   168   17   44   152   13   135   216   101   143   127   145   69   26   142   49   80   21   25   24   79   41   36   83   172   274   57   59   50   99   168   92   160   88   79   36   111   131   31   48   57   45   217   58   116   93   20   115   36   68   30   107   183   6   31   45   97   50   145   139   18   29   30   124   224   111   8   168   143   107   108   35   75   17   246   191   141   124   108   45   86   58   162   166   14   59   62   18   67   31   178   91   50   112   279   40   139   7   60   185   166   180   147   238   119   99   83   31   14   219   59   136   76   99   103   229   30   25   22   135   231   193   218   55   145   80   65   292   92   53   38   127   192   276   60   122   110   139   121   222   73   98   6   190   153   242   64   110   90   55   14   33   172   145   149   172   68   131   122   24   103   53   187   167   96   48   7   42   22   76   262   238   64   27   89   69   149   30   22   148   51   6   83   60   82   247   172   69   130   173   40   131   114   113   
68   117   214   129   64   187   29   31   84   213   130   74   133   269   8   211   124   168   60   139   171   170   92   44   156   29   48   58   68   331   64   98   39   28   7   276   140   25   15   57   75   191   299   60   268   155   175   42   115   87   114   215   127   123   99   136   107   62   222   117   58   38   92   19   189   197   68   259   23   300   89   223   175   63   86   117   171   109   41   47   56   184   12   206   289   56   80   19   65   145   42   134   57   50   125   83   30   92   110   214   200   108   224   103   328   43   236   75   29   163   238   97   207   143   51   263   25   136   259   260   289   228   22   53   54   62   265   56   148   181   138   195   57   67   129   97   54   218   124   56   280   356   59   179   146   48   25   103   206   175   18   26   113   15   223   23   32   91   10   26   289   113   93   185   76   32   127   3   193   376   258   124   41   246   71   170   81   150   12   232   57   19   126   50   24   88   121   177   27   5   251   150   257   113   328   133   240   321   224   187   
92   113   308   36   25   212   18   80   44   116   142   49   101   275   55   70   139   173   7   96   142   79   96   15   106   11   21   54   25   242   66   101   53   47   30   215   156   64   78   30   28   112   239   84   175   117   75   5   56   79   88   113   65   13   55   118   56   27   54   67   20   46   104   34   189   51   49   150   4   156   68   173   102   124   98   125   115   46   17   37   160   199   69   189   230   17   2   36   126   16   19   53   67   26   89   66   82   29   85   188   270   45   68   57   176   100   214   99   68   215   206   22   168   68   24   270   37   134   191   208   221   253   4   45   21   44   280   136   204   131   9   147   63   128   99   29   11   198   177   120   192   278   29   181   22   126   54   112   126   192   80   145   33   55   112   15   22   39   87   67   253   160   25   40   25   30   114   27   203   314   129   98   26   141   54   65   99   206   38   153   25   47   155   13   19   132   96   102   59   29   120   212   235   71   164   168   122   262   193   72   
267   230   231   164   77   152   36   199   69   170   126   39   169   71   109   285   72   72   114   60   153   153   39   50   71   41   117   20   82   118   221   359   38   48   52   72   136   85   185   124   125   128   68   137   141   48   173   77   310   31   145   212   100   203   81   13   93   156   339   80   71   27   54   49   46   277   27   173   48   295   302   113   116   149   151   49   153   107   109   10   242   133   162   20   64   81   145   59   137   275   41   144   33   47   89   19   213   150   49   20   179   109   293   73   260   204   110   205   176   178   29   166   41   125   47   93   63   120   95   61   94   124   48   7   58   185   91   177   146   74   247   86   50   359   109   119   77   8   132   336   129   93   155   42   225   237   64   46   124   134   169   251   142   126   221   75   22   92   195   171   29   116   133   260   181   16   92   60   124   77   249   32   22   171   20   190   338   188   66   118   129   65   84   64   26   106   39   119   77   70   239   193   88   107   323   114   195   65   31   225   
230   183   123   167   81   79   32   165   81   202   78   51   142   33   83   291   22   30   108   89   128   167   14   51   104   39   107   16   86   197   184   312   17   28   39   138   82   58   148   107   114   153   151   99   196   84   191   73   278   28   121   237   116   194   87   55   107   142   335   99   74   8   15   34   29   279   41   211   45   329   262   124   146   95   112   9   145   116   97   23   170   71   131   60   143   77   137   42   86   259   46   149   6   53   89   40   176   139   58   85   81   116   300   89   309   155   92   158   147   91   101   154   100   141   53   34   46   84   147   134   150   34   44   23   62   164   17   119   66   105   235   108   29   302   97   122   76   69   67   280   181   188   135   26   218   177   42   5   161   70   131   186   146   98   246   65   23   101   154   137   117   58   133   257   165   12   72   48   66   183   279   59   28   203   39   202   290   103   48   166   113   44   25   65   22   55   58   149   51   56   268   104   82   102   360   46   225   157   83   222   
4   163   305   117   55   259   34   19   81   206   181   81   168   336   38   175   166   217   46   150   217   173   119   43   168   31   28   72   60   362   79   33   57   46   23   312   196   53   43   63   80   204   334   98   279   173   165   32   68   107   145   194   128   110   108   156   101   37   179   119   51   52   123   35   235   167   76   272   17   272   63   264   178   116   128   152   201   106   27   53   134   250   32   247   325   56   66   37   112   113   39   135   77   45   148   95   25   94   129   245   280   108   193   104   319   93   295   120   15   241   271   94   232   141   48   335   43   182   290   288   329   303   16   60   49   27   337   114   213   203   113   226   80   26   158   90   48   258   178   37   307   396   57   222   132   113   48   134   215   239   60   101   103   41   202   19   37   84   49   51   331   162   77   170   50   41   162   13   257   420   236   141   44   261   78   154   34   228   32   245   60   41   171   46   31   131   141   181   54   14   233   230   318   131   298   188   242   360   263   193   
204   148   105   153   76   43   27   144   78   196   52   50   116   66   69   270   7   29   97   91   104   156   15   47   104   34   96   16   80   204   155   276   10   20   31   147   54   46   125   92   99   146   165   77   197   87   180   66   247   28   99   227   110   174   80   65   104   126   307   97   69   2   2   26   47   256   41   203   40   316   229   116   143   72   86   16   126   109   86   24   136   42   112   76   156   68   122   32   68   233   44   136   7   51   79   43   152   122   56   102   67   107   277   86   299   126   82   127   128   51   118   136   110   134   51   49   36   62   150   147   155   15   39   27   58   146   53   95   46   105   211   104   19   263   82   112   69   86   54   243   179   203   117   47   196   143   32   12   158   40   108   154   134   82   235   56   21   96   130   115   139   47   123   233   147   10   58   41   42   207   267   63   28   193   41   190   254   64   39   167   97   35   22   59   18   42   59   144   39   48   256   65   83   90   344   20   214   175   95   199   
251   223   308   122   56   197   30   193   41   99   148   17   157   163   112   217   109   119   95   15   150   100   65   36   20   34   102   32   59   9   207   331   52   58   55   38   162   95   182   111   105   72   35   142   50   17   114   63   274   45   135   147   58   164   56   36   58   137   267   40   52   39   83   53   108   212   11   90   41   202   276   100   56   171   155   87   129   71   96   6   261   174   160   79   35   65   119   62   161   228   27   102   53   31   74   12   206   125   42   61   251   75   219   39   151   206   140   204   170   226   62   137   31   77   30   173   65   134   41   35   56   194   40   12   40   167   181   198   199   39   202   67   62   342   100   87   59   77   177   322   52   30   139   103   178   244   74   80   54   174   171   263   105   125   151   68   17   62   194   167   80   158   102   200   157   21   100   60   167   79   167   23   10   96   4   133   315   231   69   39   114   72   129   48   25   139   33   59   86   69   157   238   132   87   219   157   115   52   65   171   
270   235   238   165   77   159   36   202   68   169   130   38   172   78   111   287   76   77   115   59   158   154   41   51   71   42   118   22   82   115   224   364   40   50   53   71   141   87   188   126   127   129   64   140   138   48   173   77   313   33   148   212   100   205   82   10   92   158   341   79   71   28   57   50   51   279   27   173   49   294   306   116   115   153   155   53   156   108   110   10   247   139   165   24   61   82   146   60   140   277   41   145   34   47   91   19   216   152   50   16   185   110   294   73   259   208   116   210   179   185   24   168   38   125   47   100   64   124   94   57   94   131   48   6   58   187   98   181   151   74   249   88   52   363   112   120   77   12   136   341   129   88   157   47   227   242   66   49   123   140   172   255   143   128   220   76   22   92   198   174   23   120   133   262   183   17   95   61   130   70   248   31   22   172   19   190   342   195   68   117   131   67   88   65   27   110   39   119   79   71   239   200   93   109   322   119   195   60   32   227   
9   164   301   121   57   258   35   16   82   210   181   82   169   335   37   181   165   217   49   152   218   176   119   44   169   32   31   72   62   365   81   39   57   45   22   314   196   52   41   65   81   207   336   98   283   175   169   34   74   107   146   198   131   114   109   156   103   40   186   121   53   52   123   35   235   173   76   276   18   278   67   266   181   114   128   151   203   109   29   53   130   249   30   247   327   57   69   37   110   119   40   138   76   46   149   95   23   97   130   246   277   110   199   106   325   92   295   120   12   239   272   97   233   144   49   335   42   182   293   290   332   302   17   61   51   31   336   112   211   205   118   227   79   24   160   93   49   258   175   35   311   398   59   222   136   111   47   133   218   238   58   97   106   40   207   20   38   86   46   50   333   160   80   176   54   41   163   12   257   422   242   142   45   264   79   158   38   226   31   247   62   40   170   47   31   130   141   184   53   13   238   228   318   133   305   187   246   362   263   197   
142   82   120   129   67   67   21   94   76   193   45   55   84   153   35   230   55   83   74   104   93   144   46   40   118   26   71   31   70   245   93   191   15   8   14   191   46   21   73   60   72   148   215   29   215   109   165   51   177   47   71   213   107   135   75   93   100   92   251   98   60   16   41   7   107   213   48   207   30   296   154   138   146   22   40   59   113   99   61   32   55   73   67   128   205   53   94   11   37   178   40   119   28   48   80   57   97   91   69   147   102   96   236   86   294   58   125   61   84   41   167   102   147   126   48   138   14   59   182   190   197   104   29   37   52   104   145   43   64   125   163   127   20   174   76   95   57   140   63   156   205   258   78   103   155   63   15   51   166   66   55   78   114   44   219   37   22   87   75   64   200   58   102   189   108   16   63   24   82   274   251   83   30   194   52   168   171   29   16   184   65   13   62   49   14   40   78   147   12   29   239   30   142   79   322   49   206   231   144   165   
49   142   322   75   37   247   27   53   62   160   170   66   140   318   49   109   159   204   20   126   187   128   112   29   139   22   4   66   40   309   67   43   58   49   27   271   185   62   61   45   55   162   294   95   230   149   118   14   8   97   121   146   98   62   84   141   77   3   100   94   34   52   119   36   220   100   64   215   6   204   39   227   141   127   118   145   165   76   7   46   155   235   52   225   285   37   32   38   126   50   29   96   75   34   123   83   55   63   111   223   288   77   122   81   246   99   265   113   44   239   245   58   205   105   35   315   41   165   247   254   284   291   6   54   34   10   322   133   219   172   55   193   75   78   134   59   28   235   186   78   256   345   36   210   78   124   54   128   173   226   72   130   66   49   150   12   31   60   70   58   301   169   46   105   11   37   144   21   241   376   176   123   36   205   68   105   50   228   37   202   40   46   171   29   26   138   122   143   59   22   172   233   288   105   221   187   183   319   235   137   
