60    200
290      1861
264      1788
48      800
106      1085
259      1728
299      1957
198      1498
100      1134
218      1577
336      1986
198      1632
63      852
351      1956
207      1512
175      1402
178      1504
371      2014
135      1254
276      1789
365      2027
103      1135
348      1897
385      2174
310      1913
100      1114
250      1742
322      1894
247      1599
368      1956
434      2273
63      888
308      1882
51      809
302      1807
287      1761
310      1919
60      884
201      1516
138      1324
394      2112
106      1070
319      1932
299      1941
83      997
86      1006
175      1326
123      1144
66      929
198      1505
403      2234
279      1899
365      1996
207      1609
273      1755
100      1097
48      781
126      1258
40      671
322      1890
428      2287
34   9   29   9   35   5   22   24   20   17   29   8   23   15   10   26   5   35   33   32   30   13   32   30   7   17   17   34   10   23   32   25   22   11   28   15   30   18   17   26   31   22   28   12   21   8   17   27   14   35   5   27   31   31   35   35   17   19   13   15   13   34   13   26   25   13   7   21   27   28   15   13   7   15   20   9   5   35   17   18   35   17   33   12   18   5   23   18   9   23   10   31   23   20   25   20   21   32   17   33   11   29   8   14   33   25   19   20   9   30   32   27   26   28   14   30   24   33   29   17   32   13   7   28   13   30   26   31   7   21   15   7   30   31   5   16   29   18   11   14   11   33   6   12   25   23   22   11   23   7   34   31   30   32   32   27   29   8   9   14   30   32   15   30   18   31   22   31   29   25   35   30   27   9   21   18   26   21   14   13   28   26   32   22   5   33   15   23   24   33   16   13   35   21   28   12   34   10   33   32   
177   81   185   21   139   14   127   36   97   50   44   57   216   103   72   144   2   273   89   175   248   25   233   128   48   68   146   248   36   190   245   26   133   31   89   97   247   42   36   124   14   163   202   69   91   26   131   205   42   234   13   140   68   138   268   64   110   107   116   118   19   295   109   165   77   53   58   221   101   163   58   3   56   69   92   46   41   183   116   104   24   116   123   26   95   42   228   148   23   222   9   152   63   161   67   132   125   159   19   61   46   68   13   108   170   58   143   152   38   190   223   164   100   33   102   259   112   150   159   96   29   74   21   146   73   103   220   56   70   152   100   17   57   44   21   15   219   93   29   70   38   318   2   52   110   25   61   57   177   22   180   170   192   233   48   166   220   64   61   101   204   291   58   224   11   124   195   189   128   110   190   16   175   28   56   25   146   128   135   102   59   175   130   54   17   293   44   148   155   302   67   43   96   97   181   113   116   50   224   35   
285   51   170   85   176   26   177   208   57   73   166   15   101   24   92   109   36   258   190   253   144   88   72   91   42   69   111   131   38   157   301   195   68   49   114   83   66   112   135   255   237   87   69   45   81   40   106   221   138   29   24   165   198   117   362   203   78   164   55   52   101   158   72   261   225   49   20   115   113   49   96   90   27   143   107   63   23   332   8   26   231   135   173   105   80   16   128   137   42   134   71   109   224   86   113   206   46   237   122   209   44   245   47   97   78   188   22   100   50   124   85   140   89   168   95   339   145   326   50   32   214   115   57   241   27   145   288   253   39   93   21   67   163   251   14   101   283   53   57   130   42   188   42   87   79   144   210   82   61   29   139   284   85   286   205   272   215   59   7   147   48   119   70   300   140   173   111   209   223   179   147   224   134   77   208   132   46   207   81   71   172   82   213   105   53   213   72   83   41   199   49   55   319   99   176   61   308   24   94   208   
182   15   56   84   118   35   102   198   63   85   187   20   57   43   54   199   35   104   248   148   29   75   74   155   13   57   35   23   41   53   173   182   39   51   154   23   91   140   114   192   241   13   58   19   138   32   29   106   124   131   23   81   166   204   230   242   14   103   26   21   111   49   16   176   185   82   17   71   98   148   62   92   8   107   58   35   4   233   69   69   245   68   252   93   140   10   60   57   43   54   67   205   203   18   128   139   56   140   112   185   74   208   56   35   176   154   67   10   30   239   58   43   138   176   34   221   80   251   130   55   205   73   45   157   72   115   186   222   19   1   46   65   165   228   23   110   170   48   51   91   47   76   44   55   142   160   187   47   48   40   252   189   54   159   238   187   90   24   46   96   176   82   51   185   137   110   34   93   146   112   66   233   29   61   201   118   132   139   33   12   211   189   136   118   52   68   66   173   68   65   82   54   272   56   65   26   247   53   231   232   
273   70   194   64   166   12   176   157   62   45   102   34   161   57   95   39   26   294   96   250   205   70   145   38   50   64   139   193   28   190   313   147   96   35   56   97   150   61   109   230   166   128   130   57   18   34   129   240   112   107   17   171   158   24   364   114   98   160   87   86   67   234   96   251   189   12   39   172   99   35   88   61   42   128   108   63   33   308   49   44   152   143   73   84   29   29   184   158   30   187   53   16   178   127   71   198   73   231   92   162   11   200   27   113   27   154   75   133   48   58   149   163   37   112   109   342   144   289   51   49   154   111   49   230   12   126   292   200   57   128   53   51   112   193   8   65   289   63   45   120   31   264   28   81   18   91   170   81   116   12   43   269   132   297   122   259   243   68   20   144   58   205   65   302   102   164   159   224   208   170   170   153   165   66   160   102   33   198   113   92   95   46   199   65   40   272   56   39   85   266   21   43   262   102   198   90   263   8   58   130   
202   86   206   19   163   13   144   41   107   56   51   61   229   109   79   140   6   299   80   199   267   35   249   134   53   78   158   269   40   207   269   41   145   37   96   108   260   36   48   141   17   176   216   76   90   31   143   226   45   246   16   160   91   137   293   63   121   121   124   127   10   315   118   183   92   53   62   233   117   168   69   11   60   78   106   53   44   207   121   111   34   129   115   32   92   44   242   162   28   237   17   151   68   173   78   146   134   183   32   85   46   86   12   119   175   76   150   165   45   185   240   183   106   47   112   281   129   170   167   103   53   83   26   167   75   123   239   75   74   165   106   16   73   61   23   18   241   102   36   80   43   339   3   61   113   27   68   66   188   23   175   192   208   257   40   185   241   70   62   111   208   308   68   246   18   147   209   212   150   129   212   7   194   34   53   39   152   143   144   111   50   174   154   62   15   316   53   146   166   324   71   50   114   111   202   120   136   52   223   32   
245   85   215   37   172   4   167   91   94   46   47   54   215   95   91   86   14   317   13   234   260   50   223   95   56   75   161   256   35   214   304   87   134   35   65   111   232   1   76   186   80   168   195   73   51   33   147   247   75   206   15   175   121   80   340   33   120   145   117   119   24   303   117   223   138   31   56   222   112   125   81   29   57   104   113   61   42   263   100   91   65   144   46   56   55   41   233   171   27   231   32   93   116   166   66   177   118   216   57   116   25   139   8   124   125   113   129   163   49   124   219   187   72   60   118   322   144   230   130   88   91   100   37   204   54   128   275   132   72   161   91   30   79   120   17   27   276   92   39   102   37   329   12   73   74   34   114   77   171   14   106   237   191   291   29   227   258   74   49   132   158   285   70   285   54   162   202   232   184   155   208   67   195   50   96   67   113   175   140   111   10   123   182   53   24   318   54   99   144   321   50   47   182   114   214   116   198   36   160   43   
47   60   109   44   93   29   45   90   96   72   124   53   182   98   34   210   16   160   196   56   190   25   212   172   29   61   100   196   41   123   123   76   112   40   140   60   230   104   32   55   126   128   180   53   140   21   85   110   52   242   17   65   61   209   135   173   77   35   96   99   69   234   79   72   52   83   52   185   96   199   20   50   46   27   52   15   31   65   122   112   142   56   223   33   143   36   183   90   32   172   28   220   88   127   102   61   119   45   45   77   73   62   38   66   217   37   141   109   20   263   196   103   143   103   59   146   49   74   184   98   97   24   7   40   92   87   123   76   56   113   98   33   102   89   27   67   108   86   31   23   46   249   25   10   155   100   74   18   156   37   265   56   166   113   160   72   124   38   69   50   243   252   45   110   66   67   152   91   19   24   139   129   118   13   103   43   177   53   105   72   154   227   38   90   29   206   47   199   150   224   90   48   91   66   100   91   63   65   285   146   
62   49   91   72   152   43   26   166   125   113   208   58   169   110   4   272   32   89   291   47   168   65   226   235   22   90   73   192   62   83   22   155   127   66   208   53   240   157   86   96   224   124   191   61   190   39   62   40   92   281   29   76   152   283   53   274   76   27   89   97   110   210   65   55   123   114   52   165   147   248   50   90   43   54   74   18   28   95   142   137   250   18   313   70   188   36   158   50   54   144   60   291   155   117   165   43   140   65   98   174   100   151   62   41   282   117   155   95   33   332   209   100   201   186   37   72   74   136   232   120   196   20   29   54   116   148   57   174   49   106   112   54   185   187   37   115   25   108   58   38   69   211   43   31   210   169   138   19   161   54   346   64   183   12   256   64   65   22   82   26   293   243   71   34   123   119   133   66   73   64   164   224   111   39   166   100   223   44   89   59   236   279   99   146   44   155   82   248   172   180   124   76   192   90   76   80   155   84   350   244   
214   95   231   8   196   19   154   31   131   77   87   70   255   127   83   169   9   325   117   215   299   44   287   172   59   97   173   306   52   226   282   48   170   50   131   121   297   55   51   138   37   200   249   89   115   39   158   242   36   290   21   181   115   174   301   106   138   128   138   144   16   352   131   186   89   69   70   257   147   203   80   24   68   78   124   58   49   210   143   133   76   139   150   30   112   50   266   175   39   260   23   188   52   195   108   148   160   201   42   113   59   86   22   130   217   86   173   185   52   219   277   208   138   79   123   285   148   164   203   124   81   87   28   175   91   154   244   78   82   187   125   8   107   65   29   38   250   123   48   81   56   373   10   67   144   56   56   72   215   32   214   199   242   272   79   186   262   76   74   113   246   345   83   254   24   174   232   234   163   143   248   39   220   35   30   47   184   146   159   123   82   204   175   89   9   346   69   172   195   357   91   65   105   132   224   133   134   64   263   72   
93   80   171   36   168   34   80   78   137   99   152   70   233   130   44   244   18   227   224   110   256   40   282   221   44   96   135   272   59   169   158   77   160   58   181   93   295   117   35   21   129   177   241   80   168   37   121   154   32   314   25   125   106   252   152   203   115   57   125   132   70   309   108   73   26   101   67   231   149   248   53   56   61   12   97   34   42   61   157   148   164   84   256   24   166   47   233   123   46   222   33   264   59   171   140   60   163   109   54   118   87   51   45   93   273   58   181   153   40   304   266   163   184   130   87   154   103   14   238   133   122   37   10   71   114   146   131   72   72   160   130   26   142   84   35   78   133   124   50   23   65   321   27   36   194   117   46   39   207   46   310   73   231   154   180   68   179   53   86   52   297   323   76   130   66   135   200   155   76   79   217   135   178   10   80   52   224   55   136   100   174   267   109   121   23   275   74   232   200   294   117   71   53   112   159   117   25   81   338   166   
125   62   123   37   65   17   88   73   65   33   56   43   171   78   55   148   8   200   119   119   186   10   177   105   33   36   110   180   21   141   189   51   91   16   74   65   196   63   33   108   79   119   151   45   90   9   95   152   56   186   6   83   13   136   216   92   74   78   90   89   46   226   82   134   76   52   46   179   52   140   28   26   42   58   49   28   30   147   94   81   71   84   144   34   100   32   180   111   12   174   14   147   89   120   44   109   90   101   23   12   47   71   20   79   146   38   114   110   19   193   165   107   84   40   72   216   62   136   127   71   38   55   16   106   64   43   183   68   56   108   77   29   30   69   16   32   172   61   8   55   23   249   14   30   98   50   79   37   135   20   184   130   136   176   90   136   160   47   52   83   182   231   27   178   43   58   149   125   81   65   118   79   118   24   92   26   124   103   106   74   90   168   68   37   26   223   17   145   116   232   55   22   109   53   122   89   106   43   212   79   
83   64   122   36   86   24   67   69   88   59   94   51   186   95   44   187   11   186   162   87   199   11   207   150   33   54   110   200   35   138   157   51   110   32   116   66   226   85   18   69   94   131   177   53   121   17   94   134   45   229   13   78   32   183   172   137   81   55   98   100   55   242   85   97   45   71   52   190   83   181   23   36   47   36   54   22   33   96   115   104   105   71   190   25   127   36   190   104   25   181   17   194   74   131   82   80   113   73   27   44   63   44   30   75   194   14   135   116   21   238   193   112   123   75   68   178   57   87   168   91   63   38   6   70   83   73   150   50   59   118   94   27   74   61   23   50   139   80   23   35   39   261   18   19   135   76   62   28   155   31   235   87   162   145   126   97   147   44   64   64   225   254   40   141   48   66   158   112   48   43   139   98   126   12   86   24   161   74   111   77   124   207   49   70   25   224   37   180   143   239   78   40   74   65   117   94   61   57   261   113   
68   73   151   41   150   34   64   87   128   95   151   66   218   123   37   241   18   201   225   87   236   37   264   213   39   88   123   251   56   152   136   82   148   55   175   83   279   118   36   14   136   163   226   73   165   33   109   134   41   298   24   107   98   247   131   203   104   43   117   123   73   286   99   58   34   99   63   217   138   240   45   57   57   4   85   27   39   39   149   140   167   72   255   29   164   44   217   110   44   206   34   259   72   158   135   49   152   86   55   112   86   57   45   83   264   54   172   139   35   300   248   145   178   129   77   138   88   20   228   125   121   28   8   50   110   133   116   77   67   146   122   30   136   91   34   79   114   115   46   13   62   298   28   28   188   118   58   31   194   45   305   52   215   131   183   53   157   48   83   44   288   303   69   110   70   118   185   133   56   62   196   141   160   9   92   52   215   43   126   91   175   262   90   117   26   251   69   228   189   271   112   67   68   100   140   109   33   79   331   169   
51   70   144   52   165   39   51   118   137   109   181   68   216   127   27   265   24   179   261   72   230   50   270   236   37   97   114   250   63   140   102   113   153   64   200   80   284   139   57   26   174   162   230   75   184   38   101   113   58   313   28   105   126   275   87   242   103   29   115   123   89   280   94   25   66   110   64   212   153   258   50   72   56   15   89   26   38   9   157   149   207   59   290   44   181   44   210   97   51   198   45   286   101   156   156   24   160   80   74   144   96   94   54   75   288   81   178   135   37   327   253   143   199   159   70   99   90   48   245   133   157   17   16   35   120   151   83   116   65   144   127   38   165   130   37   97   81   122   54   7   69   287   35   30   208   144   86   28   196   51   337   24   221   100   220   18   139   42   88   26   307   302   76   74   93   129   180   122   59   64   202   178   157   21   119   73   233   16   121   87   207   283   99   136   32   236   80   248   197   258   125   76   113   106   130   106   77   86   356   206   
129   26   18   72   76   32   69   166   59   73   160   28   93   55   41   196   28   81   225   100   73   57   106   147   7   44   42   68   35   53   135   149   46   41   138   6   128   126   90   151   204   45   87   17   133   23   28   80   104   153   19   39   125   197   184   213   13   74   46   43   97   101   30   138   147   78   26   103   76   154   40   77   19   83   30   21   12   179   80   74   208   47   236   75   137   18   93   49   35   84   54   201   170   49   109   110   64   90   90   143   70   166   49   28   177   118   84   32   17   241   89   1   129   147   23   184   43   200   134   60   167   54   34   114   74   83   154   179   29   32   56   56   135   186   22   94   133   46   38   70   40   122   37   36   137   137   154   30   76   37   248   142   71   120   208   146   67   20   50   77   189   131   35   146   115   67   66   49   101   73   42   199   13   48   173   94   136   108   52   22   188   195   87   100   46   90   51   176   83   101   77   44   220   32   30   44   195   53   240   200   
59   67   129   39   115   29   56   80   107   78   126   58   199   108   37   216   15   183   198   73   212   26   233   183   34   71   112   220   46   139   135   69   127   44   148   71   250   104   26   40   119   144   199   62   145   25   97   125   43   262   19   85   68   218   141   175   89   41   105   109   66   258   89   70   35   86   57   200   110   211   30   48   51   19   66   21   35   57   132   122   141   65   227   27   147   40   199   101   35   189   27   230   74   141   110   59   131   65   42   81   76   47   39   75   231   33   152   123   26   272   217   123   152   105   69   150   67   53   198   108   96   27   4   47   97   103   126   64   61   128   107   29   108   77   29   67   117   97   35   19   51   272   24   18   163   100   60   25   172   39   274   57   186   126   159   68   143   44   74   50   257   274   54   116   61   87   168   113   36   42   163   123   137   7   91   39   189   52   115   81   154   236   60   96   26   230   54   206   164   247   96   54   69   80   120   99   39   69   298   145   
238   11   102   99   175   41   137   237   86   107   228   21   20   47   68   218   43   143   289   200   25   96   77   184   23   82   43   52   55   72   215   222   64   66   187   47   75   163   143   235   289   31   64   36   158   45   47   140   148   141   31   127   217   232   278   290   43   133   6   17   130   9   19   217   228   95   12   36   138   164   88   112   5   132   92   50   4   291   73   80   297   92   287   113   154   6   25   74   56   28   83   230   242   16   162   170   73   194   139   238   84   257   67   50   201   196   65   35   45   256   72   89   166   218   52   259   121   307   149   69   256   94   57   203   80   162   220   274   8   36   51   77   210   280   28   133   209   69   68   115   61   36   53   75   165   193   224   65   44   49   278   240   80   202   282   230   125   32   48   117   185   41   74   227   166   162   12   142   195   155   121   279   74   77   236   148   148   173   16   24   248   199   191   148   60   74   88   185   80   53   97   73   332   91   108   7   305   61   244   278   
111   27   24   77   112   38   52   178   88   94   191   39   110   76   29   234   32   31   265   80   91   65   150   190   4   66   34   107   49   33   92   163   79   55   175   17   166   146   96   142   227   68   124   35   162   31   20   40   107   205   24   47   147   241   142   252   35   61   56   59   109   123   33   116   150   97   34   113   111   196   46   88   25   78   49   19   15   161   105   101   240   25   279   79   163   23   101   24   46   88   61   246   177   66   139   92   95   81   101   168   86   174   57   11   226   128   111   44   24   285   132   41   165   174   5   145   54   191   178   85   192   44   35   98   93   116   121   191   31   53   78   59   166   201   29   109   97   73   50   63   55   130   43   36   173   160   160   25   105   46   297   122   115   78   242   126   23   9   64   62   234   161   52   110   127   92   77   29   96   73   94   224   46   48   182   104   175   91   55   26   219   234   96   126   48   79   68   210   118   101   100   60   227   58   14   50   195   68   290   232   
76   59   123   74   185   47   44   172   145   128   228   66   194   127   7   295   34   124   314   72   200   72   262   263   30   107   89   230   71   105   29   165   151   76   232   69   273   169   92   92   238   148   222   74   209   46   80   65   92   318   33   103   172   311   14   298   95   34   103   113   116   247   79   41   126   125   60   187   172   276   62   97   51   52   94   27   33   90   160   156   270   36   338   72   203   41   182   66   62   167   64   319   157   139   185   30   162   91   107   195   109   159   67   55   314   128   176   117   41   359   244   130   225   205   52   41   97   131   261   137   214   22   31   62   129   175   30   184   56   129   128   55   207   198   41   125   11   127   67   38   79   244   47   40   233   184   139   29   187   60   376   63   216   39   276   52   94   29   92   13   324   278   85   1   130   147   156   100   90   83   201   238   140   41   169   108   249   36   103   73   255   305   124   164   45   188   95   270   198   213   139   87   197   111   107   92   158   94   382   263   
224   37   113   78   119   26   135   185   30   60   149   6   77   7   73   134   31   189   189   193   95   71   30   89   29   44   80   70   28   114   239   169   25   38   103   53   54   109   113   213   213   48   27   22   90   29   73   168   122   39   18   115   157   133   295   189   45   129   39   30   95   108   49   214   191   53   14   96   76   75   70   80   16   118   71   47   15   271   25   22   206   102   183   91   96   11   99   103   33   101   61   130   198   53   94   169   9   178   103   170   49   208   44   70   94   154   25   64   34   162   30   87   85   146   67   281   102   274   56   14   182   91   47   191   38   102   238   216   31   54   7   61   135   217   12   91   227   24   43   106   31   142   38   66   85   131   184   61   32   27   168   228   27   223   192   224   159   44   22   120   96   92   46   242   124   121   78   149   173   135   80   203   81   64   189   111   65   168   61   47   165   120   158   88   49   155   54   113   5   146   47   40   274   62   121   46   259   29   144   191   
165   71   158   31   103   12   115   62   74   30   23   47   189   85   67   127   5   243   81   159   215   20   195   96   42   48   129   209   24   168   229   43   107   18   61   82   211   41   40   129   51   138   168   55   75   17   115   186   54   193   7   117   47   114   257   50   91   100   101   101   31   256   95   162   87   43   50   197   70   134   47   12   48   70   72   40   35   181   96   84   28   105   110   34   85   36   201   133   13   196   12   127   84   138   38   130   100   141   21   38   38   80   10   96   136   56   120   130   30   171   185   137   74   6   89   251   91   158   127   76   22   70   22   138   60   70   213   71   62   129   82   25   21   65   16   12   207   72   17   69   25   281   7   45   86   21   79   51   149   16   158   164   156   216   50   164   196   57   51   99   174   253   42   213   31   96   170   164   115   96   151   48   147   30   80   28   119   125   120   88   56   154   108   29   23   259   27   131   127   267   50   28   116   75   156   99   126   40   195   38   
167   30   63   71   72   27   97   165   31   57   140   17   84   33   56   160   27   134   194   138   76   58   66   107   17   30   60   51   25   82   183   147   13   33   108   28   93   110   93   173   194   35   52   1   106   20   49   122   107   99   15   68   124   156   234   185   19   97   41   32   90   98   37   169   159   62   20   99   55   112   48   72   16   96   38   31   12   214   54   46   190   72   198   78   113   14   95   75   29   91   52   159   175   45   87   135   31   125   88   138   56   174   43   48   129   124   57   41   20   197   49   41   97   132   44   228   62   225   90   33   158   69   37   144   54   71   193   183   30   33   34   55   118   187   15   84   176   20   34   83   29   129   35   46   103   123   160   42   51   29   201   176   29   167   186   178   111   31   36   96   142   109   29   189   111   75   68   94   126   95   20   187   38   52   172   94   97   133   55   32   165   155   108   82   45   119   42   142   47   119   56   33   232   30   73   44   213   39   190   180   
49   51   79   51   69   29   35   108   82   68   127   46   159   86   31   204   18   129   199   41   160   30   183   160   22   51   83   163   37   101   111   92   93   37   133   45   203   107   46   78   143   107   155   43   135   18   68   90   65   216   16   38   66   202   134   177   60   34   83   84   75   200   66   80   77   80   45   164   81   184   10   55   39   41   34   7   26   87   110   100   153   44   222   44   140   31   159   74   30   149   33   211   109   107   97   67   102   23   53   83   71   88   40   53   202   55   125   89   12   255   167   76   134   108   46   146   26   105   167   86   109   25   14   46   86   72   122   100   49   92   86   38   102   111   24   71   102   72   28   32   41   215   27   2   146   105   95   10   135   35   257   67   139   98   168   83   99   31   63   52   227   221   35   106   77   44   129   62   20   5   107   144   91   22   120   53   163   60   91   59   158   216   11   86   33   174   42   191   130   191   84   42   124   48   73   79   97   60   271   155   
212   84   202   26   156   9   148   60   97   47   34   56   219   100   82   118   8   298   52   206   257   37   231   112   53   72   155   255   35   204   276   55   135   32   76   105   243   21   56   155   40   168   201   72   73   29   141   228   57   223   14   159   94   111   305   35   116   127   118   120   13   302   114   194   107   43   58   224   107   147   70   13   57   86   103   54   42   223   110   99   27   131   87   40   77   42   233   161   24   229   20   125   86   165   64   155   123   189   38   87   36   103   6   117   150   85   138   159   44   160   224   178   87   39   111   292   129   189   147   93   57   87   29   176   65   115   249   93   72   158   97   22   64   81   19   12   249   94   34   86   38   327   4   63   94   15   85   67   176   18   147   204   194   264   14   197   241   70   56   117   184   292   64   255   31   144   201   212   157   133   201   28   187   39   71   46   132   152   139   108   27   152   157   50   19   309   48   126   152   315   59   44   138   106   200   116   156   44   196   12   
212   93   225   11   188   17   152   33   125   72   77   68   249   122   82   160   8   319   105   212   291   41   277   161   58   92   170   296   49   222   280   45   163   47   121   118   287   49   51   140   29   194   240   86   108   37   155   239   39   278   20   176   109   163   300   93   134   127   134   140   12   343   128   186   90   65   68   251   139   193   78   21   66   78   120   57   48   211   137   127   65   137   139   31   105   49   260   172   36   255   21   177   57   189   100   148   153   197   39   106   55   87   19   127   205   84   167   180   51   208   268   202   129   71   121   286   144   167   193   119   74   87   27   174   86   146   244   77   80   182   120   10   98   64   27   33   249   118   45   81   53   365   8   66   136   48   60   71   208   30   202   198   234   269   67   187   258   75   71   113   235   335   80   253   22   167   226   230   160   140   239   29   214   35   37   45   175   146   155   120   72   195   170   82   11   339   65   164   187   349   85   61   108   127   219   130   136   61   251   61   
192   74   173   33   120   8   132   72   74   28   1   47   192   84   75   108   8   264   54   183   223   30   195   83   45   53   137   217   24   180   253   59   110   20   48   89   210   28   53   150   58   143   169   58   60   21   123   204   62   186   8   134   72   93   285   22   98   116   103   103   27   264   100   183   106   34   50   200   77   122   58   15   49   83   83   46   36   210   92   80   28   117   83   43   71   36   207   144   14   203   19   106   97   143   36   146   99   165   34   65   30   102   4   103   121   76   117   137   35   148   188   149   62   17   97   275   107   185   117   75   46   80   27   160   54   83   234   94   64   135   81   27   33   85   14   8   230   73   22   81   25   290   7   54   73   11   92   59   150   12   132   189   160   240   30   186   214   62   47   110   160   256   48   237   38   114   176   183   139   115   162   50   158   37   87   42   108   143   124   93   34   136   132   25   24   273   32   114   125   279   44   30   141   84   172   102   153   35   175   24   
185   87   204   12   165   18   134   18   115   65   70   64   236   116   74   163   5   292   111   186   272   31   261   155   53   82   158   276   45   205   254   25   151   41   114   107   274   53   37   120   15   181   226   79   108   32   143   217   32   266   17   156   87   163   272   92   123   111   127   131   19   322   119   166   71   64   65   239   124   188   66   15   62   67   106   50   45   183   131   121   54   124   145   22   108   46   246   158   31   240   14   177   46   177   90   133   143   172   26   82   55   64   19   117   199   64   160   167   44   213   251   183   124   59   110   261   126   143   185   112   53   76   22   151   85   127   223   52   76   168   114   10   83   38   26   29   225   109   38   70   48   344   6   56   132   44   48   62   197   28   206   173   218   243   69   166   235   69   69   102   231   319   70   229   7   145   212   205   137   120   217   24   195   28   37   31   170   129   146   111   76   196   145   74   12   316   57   166   177   327   82   54   83   113   198   123   110   59   251   58   
200   63   150   49   99   9   131   110   44   7   48   34   157   59   74   87   16   240   75   183   184   40   144   35   39   35   120   170   10   160   250   95   78   11   8   76   160   46   71   171   110   113   125   43   41   17   107   193   83   126   6   121   88   63   291   64   78   119   84   81   49   216   84   194   134   21   39   169   49   77   57   37   39   94   71   45   30   230   63   49   87   111   82   59   59   28   175   131   10   173   32   73   132   115   15   154   65   164   55   87   22   136   16   93   69   98   85   113   31   122   138   124   21   54   87   280   98   215   68   46   86   83   33   169   34   65   238   133   54   108   55   39   46   128   5   36   230   47   20   89   10   246   17   56   37   50   124   58   114   4   105   201   115   235   78   199   196   56   32   114   113   205   37   240   67   102   146   168   145   117   123   101   130   46   122   63   66   151   105   79   66   105   131   16   32   237   24   90   85   239   17   17   185   66   152   85   187   19   132   78   
71   43   53   57   53   29   39   126   70   65   132   39   138   74   32   198   21   106   203   51   132   37   156   150   16   42   69   132   34   83   112   108   75   35   129   31   177   111   59   101   159   86   131   32   131   16   54   79   77   192   15   13   79   195   145   183   45   44   71   71   81   168   54   97   100   77   39   144   70   170   13   60   32   54   19   7   21   115   99   89   166   39   222   54   137   27   138   63   29   128   39   203   128   88   95   79   87   34   63   96   69   112   41   42   189   73   110   70   7   247   139   51   127   116   35   154   6   136   152   75   123   33   21   65   80   63   129   124   43   72   75   44   106   133   22   76   106   60   28   44   38   185   30   13   139   112   114   12   115   34   249   89   114   97   176   102   81   26   58   58   211   191   28   114   87   31   109   41   45   25   78   159   65   30   136   64   151   74   78   47   164   206   26   86   37   145   40   183   112   161   79   39   155   33   50   67   129   56   257   165   
318   77   228   74   212   17   205   185   85   68   136   39   175   67   108   28   32   335   125   292   231   87   168   77   58   86   156   224   42   215   354   177   118   50   93   115   164   77   131   264   201   148   151   70   38   45   147   273   129   127   24   205   199   53   410   153   117   185   96   97   79   261   108   286   222   26   43   184   134   51   108   77   48   148   133   75   37   355   57   59   192   165   94   99   25   32   200   179   42   205   66   40   205   144   105   225   93   273   113   205   21   237   36   129   62   187   83   153   60   26   175   195   72   146   125   382   176   333   77   65   195   128   58   267   20   166   326   239   62   148   63   59   152   231   15   83   327   84   60   139   45   289   35   97   52   117   196   95   132   21   38   311   160   338   155   295   277   78   21   163   51   223   84   342   123   204   177   262   247   203   211   186   195   78   182   125   53   226   124   105   122   14   242   94   45   304   76   9   104   295   42   60   306   128   231   99   308   19   23   165   
68   39   42   66   89   35   27   148   86   84   165   42   134   82   23   224   26   71   240   40   124   50   167   180   12   59   57   133   44   64   81   133   85   47   159   27   185   131   74   108   192   86   140   37   153   25   42   49   88   213   21   24   113   227   119   223   45   38   69   71   95   160   48   88   117   91   40   138   97   194   29   75   32   59   37   7   20   117   109   102   205   20   258   64   155   27   129   44   39   117   49   235   147   86   122   71   99   38   81   132   80   136   50   30   219   96   119   64   17   276   149   51   154   147   23   130   31   147   176   87   158   29   26   63   91   96   108   152   40   71   83   50   140   163   27   94   81   73   40   45   49   171   36   20   164   138   131   10   120   42   284   85   126   65   212   96   51   18   65   50   235   191   44   91   106   65   102   12   57   40   96   191   63   36   155   83   173   68   72   41   196   230   57   110   42   123   57   205   125   143   94   53   181   50   31   64   150   65   286   201   
6   58   105   54   124   36   24   120   113   93   164   57   185   108   20   243   23   137   242   30   190   43   228   206   27   77   93   204   52   111   82   109   124   53   175   60   244   129   54   52   168   133   194   59   166   30   79   84   65   270   23   69   104   248   86   221   80   9   97   103   87   234   77   39   74   99   54   184   123   228   33   68   47   27   64   14   31   40   136   128   192   40   267   46   167   38   180   77   43   168   42   258   111   129   134   35   134   37   68   122   87   96   50   58   254   72   153   108   26   301   211   107   174   142   52   104   59   78   213   112   142   6   15   2   106   118   86   115   55   116   108   41   142   129   32   89   69   100   44   15   58   243   33   16   184   132   95   13   166   46   308   19   182   74   205   41   104   33   77   31   274   259   59   68   90   92   150   80   27   34   157   171   120   22   126   67   204   27   103   70   193   257   62   118   34   194   65   226   166   215   109   62   125   79   93   90   89   76   322   191   
92   76   159   32   142   29   79   61   121   84   126   64   220   119   46   220   13   220   194   106   241   28   259   194   41   82   130   252   51   163   164   56   145   49   156   86   274   101   20   39   104   165   222   72   149   30   115   153   29   285   21   112   78   224   166   172   106   58   118   123   60   291   102   85   9   89   63   221   127   224   44   44   57   20   84   31   40   74   143   133   133   83   226   16   149   44   222   120   38   212   24   236   51   160   118   70   147   99   39   88   77   27   38   90   244   35   166   144   34   277   244   150   160   105   83   169   90   42   213   119   93   39   4   72   103   122   143   46   68   149   118   23   114   59   31   64   141   110   40   27   56   306   22   31   171   96   38   37   191   40   278   80   211   157   152   81   174   52   78   59   271   304   65   140   51   114   190   145   67   68   194   110   164   2   72   35   201   64   130   94   149   244   91   101   21   264   61   211   182   282   102   60   34   98   149   111   5   72   308   138   
101   71   144   30   109   23   81   52   98   63   91   56   202   103   50   188   8   212   156   108   221   12   227   157   38   64   122   224   39   155   175   36   124   35   121   78   244   81   5   68   77   147   194   61   123   21   107   153   34   246   14   98   41   185   187   131   93   65   107   110   49   267   94   105   32   73   56   205   97   189   34   31   51   35   69   29   36   103   123   112   95   83   187   16   127   40   207   117   27   198   13   198   56   145   87   86   124   95   20   47   64   23   28   86   203   5   146   131   27   240   213   132   128   71   79   190   76   81   178   100   55   44   5   83   86   89   161   27   64   133   102   22   77   39   25   46   154   91   27   38   42   285   16   28   140   70   46   35   170   31   236   99   181   165   117   104   168   50   67   69   234   276   49   156   37   88   174   136   66   61   163   83   146   9   71   15   169   80   121   87   118   211   74   73   21   249   43   183   156   264   82   45   50   79   138   103   47   60   267   103   
83   57   102   42   59   23   61   84   74   51   92   45   168   83   42   178   12   167   160   80   175   14   183   135   28   42   98   174   29   123   150   65   93   27   106   56   203   86   31   84   106   114   155   44   114   12   83   122   55   204   11   60   28   172   173   135   68   54   88   88   59   216   75   103   65   67   46   174   65   165   12   39   41   44   39   18   29   108   104   92   111   64   185   34   122   32   172   94   21   164   21   182   91   115   72   85   97   62   34   43   60   66   30   67   177   31   121   100   14   227   168   92   111   74   60   179   41   108   150   79   70   38   11   71   76   52   150   72   53   101   83   32   67   80   21   51   136   67   17   40   32   236   20   16   124   77   79   24   137   28   223   93   139   137   129   105   131   40   58   66   207   229   29   140   56   41   141   94   45   34   112   108   105   19   101   33   146   78   100   67   125   195   31   63   28   201   29   170   125   215   71   32   101   48   98   85   86   52   245   116   
235   27   108   88   145   33   139   211   54   82   185   6   46   18   73   168   37   173   234   201   63   84   15   130   26   61   66   44   40   98   235   195   35   51   141   50   32   134   128   228   250   30   11   26   119   36   63   160   136   74   24   122   187   175   295   235   41   134   22   11   111   66   37   220   211   71   5   67   104   110   79   95   8   127   80   49   9   286   41   46   249   100   228   102   120   4   68   93   44   72   72   172   221   31   125   173   36   189   121   203   64   234   54   63   138   175   30   49   39   199   19   86   121   180   62   278   112   295   95   38   218   95   52   201   55   130   236   246   21   41   22   69   170   248   19   111   225   43   55   112   45   100   45   71   119   160   205   64   2   37   213   239   36   220   233   232   148   40   31   122   127   49   59   242   145   140   51   148   186   147   94   239   75   71   213   130   98   174   43   37   203   149   176   116   55   124   70   140   35   109   69   55   305   74   117   30   285   42   180   231   
94   71   144   31   114   25   77   55   103   68   100   58   204   106   47   196   10   210   167   103   223   16   233   166   38   67   122   228   41   154   168   42   127   38   129   78   249   87   8   59   85   149   199   63   130   23   107   149   34   254   16   98   49   195   178   142   95   60   109   112   52   269   95   97   26   77   57   207   103   197   34   35   52   30   70   28   37   92   127   116   106   80   198   16   133   40   208   116   30   199   16   207   56   147   94   80   128   91   25   57   67   21   31   85   213   12   150   132   28   250   218   133   136   80   78   182   76   70   186   104   65   41   3   76   90   96   154   31   64   135   105   22   86   44   26   51   147   94   30   34   45   287   18   27   148   78   44   34   173   33   248   90   186   158   127   96   166   50   70   65   243   280   52   148   42   91   176   134   61   59   168   92   147   6   72   21   177   74   122   87   127   219   73   80   22   249   47   190   161   264   87   48   46   82   137   104   37   63   278   113   
100   59   132   80   204   50   57   189   155   138   247   69   196   132   11   310   38   125   336   91   204   81   271   280   31   116   89   238   77   105   30   183   159   82   249   73   281   182   104   109   260   153   231   78   221   50   82   66   102   332   36   116   193   329   25   322   100   47   105   117   125   251   80   58   144   133   61   187   187   290   72   106   52   63   104   32   34   115   167   164   295   40   359   81   214   42   182   65   67   167   72   337   173   143   201   42   171   110   119   218   116   180   73   56   331   146   183   120   46   377   254   139   240   223   54   30   109   153   275   145   236   32   36   82   136   193   21   206   56   134   134   60   227   220   44   136   18   135   74   48   85   244   51   48   247   199   155   35   193   64   396   86   227   45   298   69   96   29   96   20   338   282   93   21   143   165   157   111   109   99   216   260   148   47   184   121   262   50   103   74   274   318   144   178   48   187   104   283   207   212   148   95   222   122   115   93   182   99   399   285   
128   81   176   21   147   25   100   32   118   75   102   64   227   118   57   199   9   249   162   137   254   24   261   178   46   81   141   262   48   180   200   29   147   45   139   94   275   83   13   70   68   171   224   74   134   30   126   178   19   279   19   128   72   201   208   140   112   79   122   127   44   305   109   116   22   79   64   229   123   211   51   31   59   38   91   38   42   117   139   128   99   99   196   3   134   45   233   136   35   224   15   214   31   167   105   94   145   126   25   75   69   11   30   101   227   33   164   153   37   254   247   162   146   83   94   205   102   78   203   116   67   53   10   103   96   120   174   15   72   156   116   15   97   24   29   49   174   109   37   44   52   322   16   40   156   75   21   46   194   35   252   117   213   191   120   114   198   59   75   76   257   311   65   175   31   122   199   168   92   87   202   76   176   11   49   22   189   89   137   101   121   227   109   88   16   285   57   195   180   300   94   57   18   102   168   116   43   67   288   106   
278   83   222   52   186   5   184   130   87   49   78   48   201   83   99   42   21   328   43   260   250   65   201   72   57   77   161   244   35   216   328   124   127   38   61   113   206   32   99   220   130   161   178   72   23   37   148   260   97   172   18   188   152   37   373   75   119   163   109   111   46   289   114   251   174   16   51   209   117   90   92   48   54   123   121   67   41   303   82   75   116   154   10   74   24   37   222   176   31   223   46   47   153   158   74   198   106   241   80   151   10   180   18   127   88   143   111   160   53   73   201   191   57   92   122   350   157   274   102   77   132   113   46   232   37   140   299   176   68   157   79   42   104   167   14   49   300   87   46   118   38   317   21   84   49   66   148   85   156   12   49   270   177   313   80   257   268   76   37   146   115   263   74   311   82   178   194   246   211   175   208   116   196   62   131   91   83   197   135   109   54   80   207   63   33   316   60   61   127   314   39   49   234   119   223   110   245   25   107   92   
258   85   220   41   179   3   174   104   94   47   57   53   213   93   94   73   17   324   10   245   260   56   219   89   57   77   162   256   36   217   315   99   134   36   64   113   226   11   84   198   96   168   192   74   43   35   149   253   82   198   16   182   132   67   353   45   121   152   116   118   31   302   117   233   150   26   56   220   115   116   86   35   57   111   117   63   42   278   96   87   82   148   29   62   45   40   232   174   28   231   37   80   128   165   69   185   116   226   65   129   20   153   11   127   115   124   125   164   51   108   216   191   68   71   121   334   150   245   123   86   105   105   41   215   50   133   285   147   71   162   89   34   88   136   16   34   286   92   42   108   38   329   15   78   68   45   125   80   169   13   90   249   189   301   45   238   264   76   46   137   147   281   72   295   63   169   202   239   195   163   211   83   198   54   107   75   106   183   140   112   23   111   192   57   27   321   56   88   141   323   47   48   200   117   219   115   214   34   145   59   
116   45   74   53   1   22   73   116   43   40   96   32   131   58   47   157   17   146   157   99   132   30   129   103   22   17   80   120   18   102   162   96   56   19   86   39   152   87   58   124   135   80   108   24   98   5   66   118   78   148   8   45   60   147   199   138   43   71   68   64   68   164   58   132   107   57   34   142   28   128   20   49   30   67   16   20   21   155   77   64   130   64   173   53   109   24   139   83   16   132   32   155   126   85   58   107   62   80   53   71   52   113   31   56   138   71   90   73   6   200   114   58   87   84   50   201   31   162   109   52   96   51   23   101   60   18   169   118   43   70   58   41   68   123   15   58   152   38   14   59   21   189   24   26   100   86   114   29   98   24   196   129   89   147   138   137   117   35   45   79   167   177   5   161   76   18   109   82   77   54   55   133   69   34   129   57   112   102   81   51   128   166   52   54   35   164   19   147   85   173   54   19   159   15   77   67   143   41   207   129   
156   20   36   78   95   33   85   181   58   78   172   23   75   47   48   196   31   90   235   124   51   66   87   148   9   49   37   43   37   51   154   165   38   45   144   12   108   132   102   172   221   28   69   15   134   27   26   93   114   139   21   61   145   198   207   226   4   88   36   31   104   75   22   157   166   79   21   87   85   149   51   84   13   95   44   28   8   207   73   69   225   57   242   84   137   14   76   52   39   68   60   201   187   34   117   125   57   116   100   163   71   187   52   30   174   135   74   18   23   238   70   22   131   160   28   203   62   226   129   55   185   64   39   135   72   97   171   200   24   15   49   60   148   207   22   101   152   44   44   81   42   99   40   46   137   147   170   38   60   38   248   166   58   139   221   167   77   21   47   87   180   106   42   166   126   87   50   71   124   93   47   215   8   55   187   106   132   124   42   15   198   190   112   108   49   76   57   173   73   81   78   48   246   43   46   35   221   52   233   214   
156   17   50   89   148   43   81   209   99   109   221   38   91   76   39   249   38   36   296   123   69   82   144   209   8   80   12   98   57   3   118   195   84   65   198   25   155   164   118   176   265   61   120   40   177   40   8   58   125   208   29   80   184   261   174   287   39   85   46   52   124   96   20   146   184   106   31   90   134   206   65   104   22   98   70   31   12   206   107   106   280   43   306   95   174   20   76   18   54   62   73   264   208   54   162   114   100   124   122   207   93   212   66   8   242   160   109   34   34   300   129   59   184   205   14   168   84   235   189   90   230   61   44   135   98   146   141   232   24   47   79   68   198   242   32   127   122   82   61   81   63   93   50   52   188   185   189   40   98   52   318   162   118   107   276   158   38   7   65   76   241   138   67   139   149   127   56   71   135   106   115   259   54   61   210   127   185   117   38   17   248   243   137   147   54   37   83   220   121   61   110   72   274   77   47   38   241   73   301   267   
121   59   114   40   53   18   84   80   60   33   62   41   164   74   53   149   10   190   124   114   177   13   168   103   31   31   105   169   20   134   183   59   84   15   74   60   188   67   37   110   89   112   143   41   90   7   90   145   59   178   5   76   18   136   212   98   69   76   86   85   50   215   77   132   80   52   44   173   45   137   25   30   40   59   43   26   29   146   90   77   81   80   148   37   101   31   173   106   11   166   17   147   95   114   44   107   84   95   28   22   47   77   22   75   143   43   109   103   16   193   155   98   82   47   68   212   55   139   123   67   49   53   17   103   63   34   179   76   53   102   73   31   34   79   15   37   167   57   6   55   21   239   15   29   97   56   85   35   128   20   185   128   127   170   98   135   152   45   50   82   178   221   23   174   49   49   142   116   78   61   106   89   109   25   99   31   120   102   102   70   96   167   61   38   28   212   14   145   110   222   54   20   117   46   114   85   111   42   209   87   
189   22   68   81   107   32   109   189   47   73   169   14   60   30   59   177   32   129   225   157   48   71   50   130   17   47   50   16   35   73   191   173   21   44   133   30   74   127   110   194   226   13   37   12   121   29   43   124   121   101   21   85   156   179   247   219   17   108   27   18   104   63   27   184   182   72   14   78   83   123   61   86   8   108   55   37   7   239   55   53   226   76   226   90   125   9   71   71   38   68   63   179   198   25   112   146   38   146   105   172   65   202   51   45   148   148   52   28   28   213   33   49   118   161   44   237   80   253   104   41   191   77   44   163   60   102   200   214   22   17   33   63   149   218   19   101   185   34   45   94   39   96   41   56   121   146   182   49   34   35   223   196   27   176   218   195   110   30   38   102   150   79   44   200   130   104   46   105   148   114   52   218   38   61   194   112   109   145   41   24   192   166   135   104   50   97   58   153   48   91   68   46   266   50   78   31   244   45   202   213   
190   15   63   86   124   36   107   202   63   86   190   19   52   41   56   198   35   112   250   157   25   77   68   155   14   59   37   17   42   57   181   186   39   52   155   27   84   141   118   198   245   8   53   20   138   33   33   113   127   127   24   88   171   204   239   245   18   107   22   17   113   42   16   183   191   82   15   67   101   146   65   94   6   110   62   38   3   242   67   67   249   72   253   95   140   9   56   61   44   51   68   205   208   13   130   144   55   148   115   190   74   214   56   38   175   159   63   13   31   237   54   49   139   179   38   228   86   259   128   54   210   77   46   164   71   120   193   228   18   5   44   66   169   234   23   112   177   49   52   95   48   72   45   58   142   162   191   49   43   41   251   197   51   167   241   194   97   25   45   100   173   74   53   193   140   116   30   101   153   118   71   238   35   64   205   121   130   145   31   14   213   186   144   120   53   70   68   171   66   64   82   55   280   60   72   24   255   53   228   235   
99   54   94   45   38   21   68   92   60   42   84   40   155   74   46   164   13   164   149   90   162   17   162   116   26   31   93   155   23   118   159   72   79   20   91   51   183   81   40   101   110   102   138   37   103   6   78   124   63   180   8   55   30   155   188   125   60   63   81   80   59   199   70   117   81   60   42   163   46   147   13   39   37   54   30   20   26   130   92   79   107   66   171   40   112   29   162   92   16   154   23   165   102   105   59   96   83   71   37   42   54   82   28   64   156   45   109   92   10   210   148   81   96   69   58   192   37   130   130   68   70   45   16   86   68   32   162   85   50   91   72   34   57   91   17   49   146   55   11   49   25   221   20   20   109   74   90   27   123   25   205   110   120   145   123   120   130   39   52   73   188   211   19   152   60   28   131   93   60   43   92   110   94   25   108   39   129   90   94   62   118   179   37   53   30   191   20   157   109   202   61   24   121   36   93   79   108   46   224   112   
242   93   233   24   193   11   169   67   116   63   64   64   242   114   91   125   12   334   63   236   288   49   262   136   60   89   173   290   45   228   306   71   157   44   100   121   270   25   68   172   54   190   228   84   83   38   159   255   60   253   19   187   124   127   335   64   134   144   131   135   6   337   128   215   122   50   65   245   135   166   85   24   64   96   124   62   47   250   124   115   62   148   94   46   81   47   257   180   34   253   28   140   91   186   89   170   143   219   52   119   42   121   13   132   173   106   154   180   53   167   256   206   108   68   126   317   153   209   170   109   87   99   35   200   73   147   270   112   79   180   111   21   95   99   24   29   275   112   45   97   49   362   9   74   111   39   92   78   199   24   157   230   224   294   40   217   271   78   62   128   203   323   80   282   40   176   223   244   183   157   238   43   216   45   68   60   151   169   154   121   40   162   188   73   17   344   64   134   174   350   72   58   155   128   229   128   177   51   210   45   
254   26   122   94   167   35   150   226   66   92   203   9   36   24   77   177   40   185   251   218   65   92   30   145   29   72   69   57   46   104   248   211   49   58   156   57   23   143   139   243   269   38   27   33   129   41   68   170   144   84   27   136   206   189   311   255   49   144   18   13   119   63   38   234   227   77   1   57   121   119   88   103   8   136   92   54   10   306   45   54   271   107   244   110   127   1   62   98   50   69   78   185   235   34   140   184   48   207   132   224   69   252   59   67   152   191   32   54   45   208   39   100   134   197   67   291   126   315   107   46   238   102   57   216   59   149   247   265   19   48   28   73   189   268   22   120   237   54   62   120   52   93   49   78   131   174   219   70   11   40   226   256   55   233   252   246   158   42   33   128   134   31   68   255   156   159   49   163   203   161   115   258   88   77   226   141   108   185   41   40   219   156   195   129   58   127   79   147   46   109   77   63   326   87   130   27   305   46   188   250   
200   81   193   26   145   10   140   56   93   44   29   55   214   98   78   122   6   286   60   194   249   33   225   110   50   67   150   247   33   196   265   48   130   30   74   100   238   26   50   146   34   162   196   69   74   27   135   218   54   219   12   150   82   114   293   36   111   120   115   117   15   294   111   185   99   44   57   219   100   146   65   9   56   81   97   50   41   211   108   97   14   125   94   37   80   41   227   155   22   223   17   128   82   160   59   148   119   177   32   75   37   94   6   113   149   76   135   154   41   165   218   169   85   30   106   281   120   179   144   91   46   83   27   166   65   106   239   83   70   153   95   21   55   72   19   7   238   90   30   81   35   319   2   59   94   10   80   63   172   18   152   193   187   252   20   187   231   67   55   112   185   285   60   245   26   133   195   201   146   124   191   24   179   36   69   39   131   144   136   104   34   154   145   46   19   299   44   129   148   306   58   41   128   100   190   113   145   44   199   7   
184   63   144   44   88   10   122   98   48   5   36   37   162   64   70   100   13   233   76   170   186   33   153   52   38   33   118   173   11   157   238   81   81   8   22   74   170   45   62   156   95   115   132   44   51   14   105   185   75   142   4   112   71   79   275   57   78   110   86   83   45   221   84   181   119   28   41   173   45   93   50   30   40   86   65   41   30   212   71   57   72   106   91   52   68   29   178   127   5   175   26   90   119   117   3   144   71   151   45   68   27   119   14   90   88   83   93   113   28   137   145   121   36   40   84   267   89   196   83   52   68   77   29   155   41   56   226   115   55   109   61   35   28   111   8   29   218   50   15   81   11   249   15   50   52   42   111   54   120   7   121   186   120   223   70   185   189   55   37   107   130   213   33   227   58   91   148   159   131   105   121   88   128   41   112   52   80   141   106   78   63   120   117   4   30   236   18   102   93   239   27   14   165   62   146   87   167   25   151   67   
120   43   68   56   9   23   73   123   40   42   103   30   124   55   47   159   19   140   163   100   123   34   120   104   20   16   76   110   18   97   161   103   50   21   89   35   144   91   63   130   144   73   101   21   100   7   61   115   82   142   9   43   69   149   200   145   38   73   64   59   72   154   54   135   114   58   32   136   29   126   23   52   28   71   13   21   20   161   74   62   139   63   177   56   110   23   132   80   18   125   35   156   133   79   62   109   58   83   59   81   53   121   33   53   137   78   86   67   6   200   105   51   88   92   47   202   31   169   107   50   106   52   25   105   59   24   170   127   41   64   55   43   76   132   15   62   152   34   17   62   21   180   26   28   100   92   120   29   92   24   198   133   81   145   146   141   112   33   44   80   164   167   6   161   81   22   103   79   82   57   45   141   62   36   136   62   110   105   76   47   134   165   57   58   37   155   22   147   80   163   54   20   169   9   72   63   152   40   205   137   
295   64   194   78   184   20   187   191   64   63   142   27   138   44   98   66   32   292   149   266   186   84   118   66   49   72   132   174   35   184   322   179   88   46   91   96   115   90   129   254   211   115   107   55   52   40   124   243   130   71   22   179   189   73   380   167   95   171   75   74   87   208   89   268   218   32   31   150   114   18   98   80   37   142   115   67   30   336   30   34   201   147   126   99   51   24   164   156   39   169   66   62   209   113   99   212   64   248   113   197   29   234   39   111   42   181   52   125   53   75   127   163   67   149   108   356   155   322   42   42   195   119   56   248   10   145   303   238   50   118   40   61   147   233   11   87   300   63   55   131   39   238   37   89   50   124   198   86   95   22   83   291   117   307   171   278   242   67   7   152   11   171   73   316   127   180   143   230   228   185   171   197   160   75   191   124   24   212   102   87   139   41   219   91   48   256   69   45   68   245   36   52   304   108   199   80   300   14   43   177   
159   17   54   90   154   44   82   212   102   112   225   39   92   78   39   253   39   36   301   125   71   83   148   213   9   83   11   101   58   0   119   198   87   67   202   27   158   167   120   178   269   63   123   41   180   41   11   58   127   212   30   84   189   266   175   293   41   86   46   53   126   97   21   148   186   108   31   90   138   210   67   106   22   100   73   32   12   209   109   109   285   44   311   97   177   21   76   18   56   61   74   269   210   56   166   115   103   127   124   212   95   216   67   9   246   163   111   36   35   304   133   62   187   209   15   167   87   238   193   93   235   62   45   137   100   151   141   236   24   49   81   69   202   245   33   129   123   84   63   83   65   93   50   54   192   188   192   41   100   53   322   164   121   108   280   160   39   7   66   77   245   140   69   139   152   131   57   74   138   109   120   264   58   62   212   129   189   118   38   18   252   247   141   150   55   36   85   223   124   61   113   73   278   80   50   38   245   74   305   272   
103   29   14   73   93   36   49   166   79   85   174   36   111   71   30   221   29   51   247   73   94   58   142   175   5   57   41   102   43   44   99   150   71   49   160   13   160   136   88   134   210   66   117   30   151   27   26   50   100   192   22   32   130   225   146   232   31   57   56   57   102   126   35   113   139   90   33   116   96   184   38   81   25   74   38   16   15   153   99   94   221   27   261   74   154   23   106   34   41   94   55   230   166   66   125   90   87   69   92   150   80   160   53   19   210   115   106   44   19   270   124   30   152   158   12   151   41   180   165   78   175   42   32   92   87   100   126   176   33   51   73   55   149   186   26   100   101   65   43   60   49   137   39   31   160   147   150   22   100   42   280   116   105   84   224   122   39   13   60   62   221   160   44   114   117   74   80   19   85   62   78   207   39   45   172   95   164   89   58   28   204   222   80   114   45   91   59   199   110   110   92   53   212   47   3   51   181   63   275   214   
73   60   109   40   75   25   58   80   83   59   100   49   176   90   40   189   13   170   169   75   185   15   197   148   30   50   101   187   34   127   145   63   102   31   117   59   216   90   26   71   107   122   167   49   123   16   86   122   51   221   13   65   36   184   162   145   74   49   93   94   60   227   79   93   55   72   49   181   77   178   16   40   44   37   46   18   30   93   112   100   116   63   196   31   129   34   180   95   25   170   21   195   84   122   82   77   107   59   34   50   64   57   32   68   192   25   130   107   17   239   182   100   122   81   62   170   46   92   163   87   74   34   8   62   82   67   143   65   55   109   90   30   78   75   23   55   129   76   22   34   37   246   20   14   135   82   72   23   147   31   237   81   152   132   135   94   133   41   63   61   222   242   36   132   56   53   149   98   37   32   126   110   113   15   96   32   158   70   104   71   132   206   34   72   27   208   36   180   136   223   78   38   89   57   103   89   71   57   260   122   
128   28   55   85   150   44   62   200   109   113   221   45   117   89   27   261   37   6   301   97   102   78   174   222   10   84   31   130   59   26   82   186   99   67   205   31   185   165   110   154   257   82   145   46   185   40   24   27   117   236   30   74   177   274   135   289   50   68   60   68   122   134   35   120   168   110   38   114   140   224   60   101   29   86   70   26   17   175   120   118   276   26   315   89   182   26   102   6   55   88   70   278   195   76   166   93   115   103   117   200   97   197   66   8   260   149   126   54   33   316   157   68   193   203   11   133   78   208   207   102   224   49   40   111   106   149   111   218   32   66   91   65   197   229   34   126   90   91   61   69   66   130   49   46   199   184   176   32   120   53   333   134   141   72   275   131   10   1   72   61   262   174   68   105   144   124   82   56   116   92   130   253   70   55   200   121   201   96   54   30   249   260   125   150   52   73   84   234   139   98   117   74   254   81   44   52   218   78   323   265   
99   56   123   81   198   49   54   191   150   135   244   67   188   128   9   306   38   113   333   88   194   81   262   274   29   113   83   227   75   97   21   183   153   81   245   69   272   180   105   113   260   146   222   75   218   49   76   57   104   323   36   110   191   324   35   319   94   47   100   112   125   239   75   63   146   131   59   179   182   284   70   106   50   65   100   30   32   119   163   160   293   36   355   81   211   41   174   59   66   159   71   332   176   136   197   46   165   106   118   216   114   181   72   51   324   146   177   113   44   371   244   131   235   221   50   40   105   158   269   141   235   32   36   82   133   188   30   207   53   127   129   61   223   221   43   135   16   130   72   49   83   233   51   46   242   198   157   34   186   63   390   88   218   36   296   74   86   26   93   23   331   272   91   25   143   159   150   103   108   96   207   259   140   48   186   121   256   53   98   70   272   313   140   175   49   175   102   278   200   201   145   93   225   117   106   89   185   97   392   283   
40   63   126   60   161   41   36   138   134   112   194   65   201   123   16   271   27   147   276   54   210   56   257   239   32   95   100   232   63   120   68   131   145   65   206   71   271   148   68   53   196   150   219   71   189   39   88   87   72   305   28   94   136   282   54   258   94   17   107   115   99   257   85   13   89   113   60   197   152   258   49   80   52   30   84   22   35   38   154   147   226   44   303   54   186   42   193   81   53   180   51   292   123   143   161   14   155   68   84   157   99   117   58   64   290   95   172   122   35   333   240   129   203   171   59   75   83   82   244   130   174   8   21   28   120   151   61   140   59   132   123   45   174   154   38   105   51   118   56   17   70   261   39   29   212   155   107   23   186   53   345   19   210   67   237   18   113   35   87   16   306   284   75   44   106   125   164   101   59   61   190   198   141   28   138   84   232   8   110   78   221   285   96   142   37   208   82   251   190   231   126   77   145   101   111   98   108   87   358   223   
