60    200
132      1161
417      2205
411      2140
214      1626
414      2155
230      1615
409      2242
116      1175
252      1633
314      1832
113      1197
108      1161
417      2182
124      1204
62      857
336      1956
271      1860
276      1714
135      1181
363      2134
70      972
111      1118
59      839
157      1428
260      1705
368      1967
303      1824
276      1751
338      2036
384      2120
65      871
268      1886
295      1798
84      1033
157      1294
230      1535
200      1625
341      1903
119      1169
116      1168
143      1295
67      840
306      1870
105      1148
178      1479
368      2143
241      1701
233      1610
40      671
243      1654
344      2112
222      1641
352      1925
344      2047
344      2029
127      1269
86      952
395      2192
300      1836
271      1695
14   14   25   24   7   35   23   29   29   16   31   32   11   16   29   21   27   31   31   14   26   8   7   30   27   25   24   16   10   19   35   12   25   30   27   14   33   23   12   26   23   7   30   32   28   10   13   35   29   21   21   13   28   5   33   30   33   13   18   25   20   7   9   31   11   22   7   27   29   11   33   23   10   22   13   19   10   18   11   31   26   25   13   27   10   5   9   34   9   25   9   17   29   30   13   15   29   11   27   12   6   29   30   8   34   14   29   15   28   24   18   27   34   32   15   5   14   11   21   5   10   29   10   27   31   29   14   6   23   16   12   8   6   25   16   12   35   26   21   8   24   19   5   26   18   26   29   19   18   7   7   16   12   16   21   31   13   17   17   32   14   13   33   25   5   16   9   27   23   30   15   23   32   34   10   16   22   11   11   18   28   13   31   33   29   5   31   5   22   13   31   10   35   7   30   14   9   29   27   24   
69   37   96   99   25   295   82   207   196   55   61   58   52   55   102   36   117   38   16   103   128   36   17   80   126   87   183   73   33   77   189   35   108   226   214   68   160   147   32   106   141   16   138   175   209   35   72   145   83   124   154   70   24   23   145   189   79   81   62   82   96   57   53   37   32   57   38   56   137   55   276   103   44   85   14   103   72   89   25   137   186   203   75   195   75   30   49   184   78   135   46   84   154   191   47   81   65   59   53   51   36   36   139   7   214   45   200   55   103   109   26   76   179   193   53   6   35   66   100   10   46   139   82   214   262   85   98   46   177   53   98   34   26   74   98   19   169   105   136   53   42   69   7   214   60   162   72   143   55   53   30   59   26   71   77   77   84   125   70   211   14   79   266   149   11   45   4   101   71   94   11   115   161   177   17   107   133   79   17   136   218   37   68   233   81   28   236   41   122   32   271   42   120   58   128   46   39   162   215   151   
98   66   130   76   43   370   132   225   256   94   148   146   74   12   162   51   192   121   103   138   181   58   9   60   128   130   181   30   60   66   279   13   169   217   265   47   131   197   53   128   203   35   212   232   199   13   108   51   131   150   185   55   92   35   56   226   170   102   24   100   146   74   73   97   18   23   57   58   86   62   273   41   72   144   51   156   70   121   42   224   248   263   112   197   97   43   41   168   75   202   35   37   133   177   12   71   129   78   124   20   51   45   223   29   263   15   274   73   174   171   67   151   272   278   94   20   7   78   154   24   67   140   84   276   327   23   106   45   223   44   128   51   38   36   138   52   234   135   186   72   30   122   13   204   109   208   11   188   103   68   49   37   33   29   126   45   113   145   55   203   35   102   331   210   16   86   29   152   43   161   53   178   247   141   14   132   132   101   21   153   288   4   152   316   158   42   313   53   105   60   345   46   164   72   53   40   25   146   267   132   
77   12   133   153   10   300   99   253   206   59   39   62   59   84   128   55   90   32   62   97   145   28   33   148   180   118   228   101   26   119   175   54   110   285   228   100   233   153   49   151   120   16   70   202   265   51   60   217   125   152   174   99   72   22   202   226   70   93   89   131   94   55   56   51   56   106   34   83   203   74   338   151   35   76   21   71   92   106   18   104   181   196   59   245   77   27   68   256   96   82   67   113   217   253   74   114   97   69   67   70   32   99   104   17   250   76   186   78   105   102   52   44   150   170   45   10   61   81   54   1   52   198   99   214   267   148   121   57   185   88   94   40   31   130   93   9   199   145   134   53   85   50   18   265   50   182   127   140   20   55   18   95   32   97   88   120   87   146   108   275   45   90   280   145   20   49   16   128   123   31   24   96   141   253   40   122   176   83   42   161   206   61   19   221   22   22   225   40   169   9   264   62   177   60   193   77   59   223   226   203   
15   103   53   133   49   120   49   93   52   44   160   145   12   129   60   154   122   181   162   55   25   36   42   165   104   54   117   146   42   94   114   97   62   156   67   90   179   41   35   72   104   29   232   4   149   85   58   276   82   29   38   78   132   13   296   43   144   9   153   88   53   28   14   206   66   141   25   207   195   30   176   189   44   79   66   120   49   10   83   145   83   101   70   117   27   18   49   164   53   190   54   160   153   152   99   78   97   1   108   108   22   176   147   38   34   96   111   37   82   75   74   138   145   130   59   23   103   19   157   30   13   115   46   91   105   198   45   30   56   81   51   11   7   157   50   68   27   59   58   21   168   88   23   151   73   17   211   64   110   18   42   97   93   146   48   243   26   38   91   152   70   6   89   67   19   54   49   49   136   224   82   95   120   197   58   18   92   22   59   51   115   98   182   121   182   26   122   20   118   93   137   35   93   21   230   69   56   145   70   135   
64   130   83   100   67   225   112   25   151   91   231   215   49   125   134   174   209   237   210   106   116   62   40   154   64   99   29   137   71   70   239   99   145   47   137   65   118   124   53   72   187   46   313   120   49   85   104   246   124   47   72   50   171   31   279   70   226   43   153   88   123   52   47   250   60   134   50   228   149   19   58   166   76   148   90   182   13   67   100   246   176   187   116   18   59   36   29   85   21   265   36   149   88   61   90   43   153   39   167   104   44   192   245   51   99   88   218   50   168   157   102   209   264   246   104   32   105   20   216   41   46   68   13   182   197   186   9   8   125   70   92   35   26   143   109   93   138   78   134   50   179   145   26   56   125   100   213   130   156   40   63   80   106   139   109   256   73   42   68   47   82   49   179   159   23   96   62   113   122   289   107   175   231   126   61   54   29   57   63   34   215   97   252   241   252   43   233   37   66   118   239   26   123   40   198   59   43   74   146   66   
66   57   148   203   18   229   97   259   162   55   95   109   52   135   131   126   37   123   140   60   127   10   51   219   214   131   246   153   21   154   102   93   84   313   187   131   295   117   61   176   54   21   79   183   293   84   24   321   152   150   157   125   133   15   309   219   95   85   149   165   64   37   43   155   84   167   18   175   272   83   359   219   14   52   51   9   101   99   55   36   122   133   16   263   58   15   84   306   103   46   85   168   266   292   113   138   127   64   98   110   17   182   28   34   234   115   111   91   87   65   82   60   63   86   33   19   105   82   44   16   45   235   103   154   205   231   125   62   146   122   63   37   29   196   58   42   185   164   90   36   161   30   28   289   40   160   218   97   41   42   6   134   74   150   82   224   65   138   142   310   78   79   226   96   29   53   40   133   180   111   64   42   72   318   67   110   199   65   70   157   133   102   94   138   78   6   145   27   206   52   185   74   209   47   278   106   80   267   181   240   
46   128   132   210   58   10   105   163   43   75   219   212   38   177   136   207   141   248   238   30   87   41   63   259   191   128   180   195   56   156   119   131   98   238   37   135   286   40   69   156   92   42   262   103   227   114   56   386   168   90   63   120   205   18   396   121   205   40   205   167   71   9   19   279   100   208   25   277   289   65   255   262   50   105   95   124   76   66   107   166   40   36   68   190   5   15   78   272   75   202   84   212   246   243   139   125   172   37   168   144   19   259   163   57   119   140   73   85   128   97   121   179   149   114   79   34   144   50   174   39   35   209   69   16   11   287   80   46   20   133   20   31   23   235   41   92   129   143   41   13   234   110   37   219   98   69   296   22   136   4   47   148   123   194   93   328   21   68   146   246   109   36   35   62   34   86   71   126   209   273   117   102   130   307   88   47   159   13   92   86   54   137   237   70   226   25   58   6   188   117   43   67   204   5   325   114   85   237   28   210   
48   99   35   64   52   222   72   76   138   62   164   147   35   94   82   128   162   169   140   94   86   49   26   95   23   52   75   109   52   40   193   74   107   94   142   49   81   109   28   15   156   32   251   96   88   65   85   187   63   44   81   40   109   23   220   75   158   40   117   33   95   49   39   180   39   91   41   169   112   5   126   130   59   110   61   148   28   47   75   192   158   174   95   72   56   31   23   65   38   216   28   119   67   72   67   33   92   31   110   82   36   129   194   33   97   62   190   18   119   120   63   154   212   205   77   21   76   21   174   30   33   29   35   172   196   131   34   19   123   40   86   24   17   96   92   66   97   26   116   44   128   109   15   101   91   91   154   120   118   39   50   54   79   110   73   191   64   57   42   75   50   44   183   133   11   64   42   67   79   223   73   139   184   96   39   55   37   55   39   59   196   71   185   213   190   36   211   35   53   89   229   6   48   41   151   33   30   61   147   68   
96   36   143   120   29   364   128   257   253   86   106   114   74   41   160   5   159   73   74   129   180   48   21   106   165   135   218   55   49   98   252   19   156   266   268   76   192   192   55   150   179   29   150   238   245   22   93   131   138   164   195   81   79   32   109   246   135   106   37   123   134   70   71   40   38   63   50   5   149   74   324   92   60   124   36   125   86   125   17   184   235   250   94   236   95   39   58   225   90   153   53   65   185   228   42   98   122   81   104   36   46   53   184   23   279   46   253   82   156   153   61   113   235   248   79   15   25   86   112   15   66   180   97   267   322   85   122   54   222   69   121   50   38   84   128   33   238   152   176   68   27   98   15   248   91   213   55   179   72   67   38   69   5   51   118   32   110   157   86   254   37   105   331   196   19   76   20   154   85   96   34   153   217   207   24   138   164   100   29   169   269   27   100   294   105   35   294   50   145   32   330   58   184   71   123   61   44   196   268   177   
36   80   111   185   32   141   64   199   88   36   118   116   30   141   90   145   42   150   151   29   72   11   50   208   179   97   202   159   22   137   14   100   39   261   118   121   262   59   49   140   21   21   151   113   246   90   10   321   122   106   106   112   133   5   322   154   101   55   160   139   22   21   21   184   81   165   0   199   255   65   296   219   13   34   57   55   83   63   70   51   58   75   23   214   32   3   74   263   86   110   77   175   233   248   113   120   108   40   94   116   3   189   51   35   157   114   45   71   53   23   78   86   23   20   28   20   110   59   96   22   25   197   83   87   127   230   96   52   88   111   36   22   17   190   17   53   115   126   37   16   173   42   27   243   38   99   228   50   71   24   21   126   87   157   51   245   31   99   128   258   77   49   141   32   26   42   45   91   171   166   73   17   13   285   67   72   164   37   68   117   70   106   131   61   124   8   74   15   180   72   114   61   166   29   274   96   74   230   112   208   
4   92   63   144   43   114   37   127   45   31   137   123   5   129   50   145   91   161   148   42   10   27   42   171   123   55   144   147   32   104   72   95   35   188   75   98   200   28   34   87   77   23   202   33   179   85   42   283   81   54   58   87   122   8   298   79   117   23   151   97   30   23   7   190   68   143   17   197   209   40   214   194   32   55   58   98   59   19   76   110   63   84   55   148   24   13   56   191   64   162   60   161   175   180   101   89   86   12   91   108   15   172   113   34   73   99   82   43   55   47   68   114   105   92   44   20   102   32   135   27   5   137   58   79   101   201   62   37   57   87   42   7   5   161   33   60   32   73   38   15   163   69   22   180   55   37   209   51   93   17   34   103   88   147   32   236   18   58   99   184   68   18   95   40   20   41   44   45   142   199   74   68   82   220   58   34   113   21   59   72   92   98   157   90   156   20   97   17   135   83   120   41   104   21   238   74   60   169   74   156   
67   28   128   165   8   266   87   246   181   49   36   58   52   101   115   80   58   57   80   81   128   18   38   167   184   112   228   118   17   126   137   67   89   286   206   108   247   133   48   151   92   12   59   184   267   62   44   250   122   144   161   105   84   17   239   213   53   86   110   134   75   47   48   87   64   124   26   116   222   74   336   173   23   55   26   48   92   97   32   66   154   168   42   244   67   22   72   264   96   61   71   132   227   259   86   118   93   63   62   84   25   124   67   20   232   88   153   77   83   78   55   20   109   133   30   11   75   78   40   5   45   202   98   186   237   173   118   58   165   96   81   36   27   149   76   16   180   142   112   45   110   28   20   267   34   165   157   120   4   48   9   106   47   115   75   156   75   138   116   278   53   81   252   120   22   41   22   118   138   54   34   70   106   268   47   112   177   73   50   154   175   75   26   184   16   16   190   34   177   25   230   63   175   54   219   84   65   231   202   210   
64   27   103   125   17   277   76   219   184   46   23   32   49   74   98   50   87   11   25   92   121   27   25   115   146   90   199   92   23   96   160   48   92   247   206   84   194   136   35   119   117   10   103   171   230   46   58   189   90   128   153   84   38   19   184   193   47   80   81   100   82   52   49   44   45   85   32   77   171   61   297   132   34   65   5   80   79   88   23   102   167   184   60   212   70   26   58   214   84   104   56   104   182   216   63   95   63   58   39   64   30   73   105   7   214   63   176   60   85   89   30   43   144   163   39   4   52   69   75   5   43   162   87   198   246   122   104   50   167   70   89   32   25   105   86   5   164   114   122   48   69   47   12   233   42   158   107   130   32   50   21   78   32   89   69   108   77   127   88   235   29   77   254   131   14   36   6   99   98   68   7   92   131   213   30   106   149   74   30   140   195   52   30   207   46   22   212   37   143   22   249   49   134   55   166   61   49   188   205   173   
63   73   62   41   42   279   79   147   181   62   124   110   47   56   93   79   153   115   85   107   115   46   9   26   59   65   124   73   46   28   209   45   116   150   192   36   76   139   25   55   162   26   210   147   138   41   86   114   59   91   127   38   61   25   144   143   128   66   73   30   104   57   51   115   15   39   43   105   77   32   195   83   57   106   41   137   47   73   52   180   187   204   93   130   71   33   26   96   56   191   24   81   79   114   38   42   72   49   84   53   39   59   183   21   168   31   212   31   120   125   39   127   214   217   71   14   42   47   149   23   43   67   58   209   247   64   68   31   162   13   100   31   23   41   104   48   142   62   138   53   69   98   5   148   83   138   83   143   95   50   44   27   51   73   79   115   81   97   27   130   21   67   242   154   4   58   26   85   30   171   47   139   189   92   15   87   78   72   13   103   224   40   140   243   149   35   243   41   65   65   270   19   68   53   92   11   19   87   196   89   
29   107   44   114   53   151   61   63   81   54   173   156   21   123   71   153   145   189   166   71   50   43   39   150   79   53   90   139   49   79   150   93   84   122   85   78   150   66   34   54   128   32   251   38   118   82   71   256   79   8   39   66   133   18   281   21   160   13   147   74   73   35   24   210   60   131   33   205   173   19   140   175   52   96   69   137   37   21   85   172   112   127   83   88   36   24   41   130   44   209   46   152   125   119   92   63   102   11   117   103   28   170   173   39   27   89   144   31   102   97   76   154   178   164   70   24   99   7   171   32   22   88   36   119   132   184   31   24   76   71   64   16   11   143   68   72   51   45   81   30   163   102   22   122   85   38   202   84   120   25   47   86   93   140   61   237   40   30   78   116   68   17   114   95   18   62   50   56   123   237   85   117   151   166   55   21   68   32   56   38   146   93   195   157   196   31   156   25   96   97   168   27   80   26   211   60   49   116   91   110   
72   56   158   211   17   243   107   272   175   61   101   117   57   138   143   128   49   127   147   66   138   13   53   228   225   141   256   155   24   161   118   95   96   325   199   135   306   127   65   186   62   23   71   198   304   85   29   328   163   159   166   129   140   17   314   232   105   91   151   174   73   40   47   157   87   171   21   177   280   87   373   224   19   62   54   5   105   107   55   50   133   142   19   275   62   17   87   319   106   36   88   171   277   303   115   143   137   69   106   111   20   188   42   36   249   118   122   97   99   76   88   66   78   98   39   20   107   86   38   16   50   247   107   165   218   237   131   65   157   127   67   41   31   202   64   43   200   174   100   40   164   37   30   300   47   172   223   104   42   45   6   138   74   152   91   227   70   146   147   322   82   85   240   107   31   59   42   144   186   108   67   52   87   330   69   117   207   70   73   165   143   104   97   152   78   7   157   29   214   52   196   78   223   50   285   110   82   278   193   249   
89   3   154   168   10   330   120   278   232   74   68   91   69   86   154   55   110   54   84   108   169   33   36   165   200   141   248   101   35   131   203   54   132   308   252   107   254   173   60   173   136   22   64   232   286   51   69   227   150   170   193   107   94   26   204   253   100   105   89   150   111   61   64   59   62   115   39   82   217   84   365   156   43   95   32   78   100   122   14   126   202   216   66   267   86   31   74   280   103   83   72   113   237   275   77   124   122   79   91   70   37   111   124   24   281   81   208   91   130   122   67   67   175   194   58   14   63   91   53   5   61   220   108   236   294   158   133   62   205   98   104   47   36   142   106   20   231   168   151   59   90   64   21   286   66   206   134   156   30   61   21   104   31   97   107   121   98   161   118   300   54   101   310   166   24   64   22   153   135   10   34   114   167   274   44   136   193   93   48   177   228   64   47   247   39   25   249   44   185   4   289   70   206   66   203   86   64   244   250   219   
66   66   154   213   22   218   102   261   157   58   112   124   53   144   137   139   42   141   157   55   128   11   54   233   222   137   250   162   25   161   97   100   86   319   182   137   307   113   65   183   44   24   95   184   299   90   20   339   161   151   155   130   147   15   328   220   110   85   159   174   64   34   42   173   90   178   16   191   285   85   364   231   16   57   58   11   103   101   62   43   114   122   9   268   55   13   87   317   104   56   89   178   276   300   120   143   138   64   110   117   16   198   33   38   234   122   100   95   93   66   90   75   56   75   37   22   113   83   55   19   46   244   104   145   195   246   126   64   141   129   58   38   29   208   53   49   188   170   85   34   175   38   31   294   46   159   234   90   53   40   10   141   81   159   86   242   62   138   149   317   85   79   218   91   31   58   45   138   190   130   73   39   69   331   72   109   204   63   75   157   121   109   113   126   96   3   132   25   213   61   172   77   219   45   293   111   84   276   175   247   
88   3   148   157   13   332   117   271   232   73   66   87   68   78   150   45   115   45   73   110   166   35   33   152   191   135   240   93   35   123   207   48   132   298   252   101   240   173   57   165   141   22   78   228   276   46   72   209   142   166   190   102   84   27   187   248   98   103   80   142   112   61   64   44   57   105   40   69   203   80   354   145   44   96   29   85   96   120   9   132   205   219   70   259   86   32   71   267   100   94   68   105   225   264   71   118   116   78   87   64   38   98   131   21   276   74   213   87   129   124   61   69   181   200   59   13   56   89   63   5   60   209   105   238   295   144   129   60   205   92   105   47   36   130   108   18   226   161   153   60   78   67   19   277   67   204   119   158   35   61   23   96   25   89   105   105   98   158   111   288   49   100   309   168   22   63   19   148   124   25   29   117   171   260   40   134   185   93   44   173   232   57   47   251   45   26   253   44   176   2   292   66   197   66   188   80   60   233   249   210   
24   111   63   138   54   115   64   81   53   55   180   164   19   136   78   165   138   200   180   59   42   41   44   176   106   66   109   153   48   98   131   102   77   148   58   92   183   46   41   78   115   33   251   24   142   90   65   288   97   24   25   80   147   16   309   31   165   1   161   96   65   29   17   224   69   149   29   221   201   30   163   197   49   92   74   131   46   21   90   164   89   104   77   109   26   20   50   165   50   205   56   167   155   149   104   78   114   8   125   113   25   191   165   42   15   101   121   43   100   89   84   155   163   144   68   26   110   16   170   34   19   118   42   92   100   209   40   29   52   86   52   16   11   165   57   76   49   67   64   23   179   100   25   143   84   13   224   67   121   18   46   101   100   153   61   259   29   28   94   147   77   5   80   77   22   64   54   65   144   243   91   108   137   200   63   8   89   21   64   41   121   104   201   130   200   29   129   21   119   101   138   37   107   19   239   73   58   145   64   134   
93   150   127   109   79   293   155   78   210   121   281   267   71   132   188   197   261   283   253   135   168   78   45   178   93   144   20   141   90   82   310   106   195   18   189   65   125   171   73   113   234   58   364   186   19   90   130   253   172   90   112   48   211   41   288   131   283   70   163   121   163   66   65   289   67   149   65   254   149   38   28   169   96   190   109   219   9   103   114   305   230   238   141   36   80   47   28   96   5   310   35   151   92   55   95   44   201   62   212   108   56   221   303   63   169   94   277   75   221   204   130   256   332   311   132   40   114   43   253   49   67   96   16   236   257   202   36   3   171   81   117   51   37   158   142   111   209   123   178   67   201   180   33   2   158   154   233   169   186   54   76   87   118   144   149   281   100   73   76   48   99   76   243   210   29   124   75   164   135   334   128   220   295   125   70   86   46   80   74   65   273   105   301   309   299   53   297   47   66   137   302   38   181   54   202   70   45   79   198   55   
43   123   70   125   61   156   87   37   95   73   209   193   33   135   105   175   174   223   200   80   76   52   44   172   89   81   74   151   60   88   183   104   110   106   85   83   160   81   47   73   149   40   286   67   104   90   84   278   110   15   31   69   163   23   305   15   198   19   163   93   93   38   31   243   68   148   39   231   185   23   114   189   63   120   84   157   32   41   97   205   127   139   96   71   40   28   42   134   37   237   49   164   130   114   101   65   135   22   148   113   34   198   206   48   35   99   165   45   134   122   95   185   212   192   87   30   111   7   195   38   32   97   27   129   136   206   19   20   80   81   69   25   18   161   81   86   89   69   96   35   185   124   27   105   105   51   227   94   141   26   55   95   106   152   85   266   49   13   86   107   82   25   115   115   23   80   60   87   139   271   101   141   183   174   64   22   65   36   66   17   162   104   231   179   229   36   174   28   99   112   179   32   114   27   228   69   53   118   93   108   
34   123   90   163   59   85   84   94   43   67   206   192   27   153   105   187   151   228   211   54   61   45   52   208   134   92   122   170   55   118   140   115   92   166   31   107   216   44   53   106   117   39   270   53   161   101   68   326   127   42   14   92   176   19   345   52   191   13   181   123   73   25   18   254   81   173   31   249   232   41   177   221   54   105   86   138   52   39   100   179   80   90   80   125   20   21   59   197   54   217   65   185   183   173   118   92   143   18   149   126   25   221   178   50   42   117   116   59   119   101   102   175   174   148   78   31   125   25   182   38   27   146   45   75   73   241   47   32   33   103   46   23   16   193   57   86   81   96   62   22   205   112   31   157   96   23   256   58   134   12   50   118   112   170   78   291   27   29   112   171   92   13   48   79   27   77   63   91   169   267   105   116   148   234   74   10   108   14   76   44   110   118   227   122   222   30   117   18   140   112   116   47   145   12   271   89   67   172   38   155   
57   128   157   235   56   56   120   205   75   82   224   221   47   188   157   214   136   254   251   19   109   39   69   284   222   150   214   206   56   176   116   138   106   280   78   150   323   60   79   184   77   44   251   139   266   120   50   415   190   118   94   135   219   19   419   163   211   57   215   192   75   2   26   288   109   225   23   287   319   79   304   281   48   107   99   112   90   85   108   158   37   12   59   228   17   13   89   314   88   188   94   224   281   282   149   144   189   49   178   152   17   276   152   60   165   151   56   100   137   99   131   179   137   99   79   36   153   65   165   40   43   243   84   27   52   310   100   55   54   148   5   37   28   255   39   94   163   170   44   15   247   108   41   256   99   102   314   20   133   13   45   163   127   205   105   344   31   93   164   289   118   52   84   65   38   91   74   147   229   271   122   96   124   346   95   70   187   27   99   113   27   145   239   53   224   22   33   1   215   118   7   78   237   15   351   128   94   273   68   240   
51   93   37   53   50   237   72   92   148   61   155   137   37   85   82   117   160   157   127   98   92   48   22   78   19   51   84   100   51   30   197   67   108   103   154   43   69   116   25   15   158   30   242   107   96   59   85   168   57   55   92   36   97   24   201   91   151   46   107   20   97   51   42   166   33   78   42   155   99   11   139   117   59   108   57   146   31   53   70   189   165   182   95   83   60   31   21   61   41   211   25   110   61   75   60   31   84   35   103   75   37   113   191   30   114   54   196   17   118   121   56   148   213   208   75   20   68   27   169   29   35   26   40   181   208   114   42   21   133   31   90   25   18   82   95   62   106   29   122   46   114   107   13   108   89   102   137   126   113   42   48   45   73   101   73   173   68   67   34   82   43   49   197   138   9   62   39   68   66   212   67   139   185   85   34   63   43   59   33   69   203   64   175   220   181   36   220   37   49   84   239   2   43   44   134   25   26   58   159   66   
91   91   110   28   54   348   128   176   239   96   180   171   69   42   155   93   209   163   136   137   168   63   10   43   83   117   132   52   67   32   283   41   169   154   242   15   61   186   50   98   211   40   258   208   139   34   113   58   121   124   161   25   112   36   104   189   194   89   63   75   147   72   69   150   12   33   58   116   21   46   204   43   78   152   64   175   50   108   63   244   241   256   120   144   91   44   21   98   56   235   15   58   71   114   22   39   133   70   139   41   52   84   244   35   225   16   274   60   179   176   75   178   286   286   102   24   39   63   184   31   63   89   64   264   307   43   82   32   206   22   125   47   35   26   138   67   212   109   182   70   78   136   14   148   120   186   76   182   126   64   57   7   58   55   124   115   107   122   22   137   44   91   304   206   15   91   40   141   21   212   71   188   257   65   22   115   89   94   26   125   283   33   192   313   197   45   308   51   57   82   334   31   137   66   37   21   5   85   246   79   
35   54   66   123   26   205   30   173   123   13   52   34   26   95   42   90   59   76   66   66   67   19   30   124   123   50   169   113   12   90   97   67   42   214   150   85   182   88   20   88   84   4   134   107   200   61   41   221   54   91   111   81   53   9   228   138   30   54   109   80   43   38   30   106   50   102   20   127   177   47   255   154   22   30   23   74   68   52   46   73   117   136   48   177   49   17   53   190   74   116   55   126   167   190   76   87   28   36   18   82   20   106   79   13   149   74   124   41   29   46   26   48   97   111   19   7   71   50   91   13   22   137   73   144   182   147   83   43   119   69   66   16   13   119   56   27   94   78   80   32   105   34   13   204   21   105   145   93   49   35   21   82   56   112   25   160   51   96   85   203   37   51   185   82   12   3   20   50   107   120   33   60   81   203   38   74   125   51   37   109   143   69   74   146   82   17   154   28   131   48   189   40   91   40   189   59   50   168   148   158   
41   48   76   127   23   217   40   185   134   19   39   23   31   93   55   84   56   65   59   69   78   18   30   127   131   60   178   112   10   94   103   65   49   225   160   87   190   96   24   98   85   1   122   121   211   60   41   220   63   100   120   84   51   11   224   151   15   60   106   87   48   40   34   96   51   102   21   120   181   51   268   153   21   31   19   69   72   60   42   68   123   142   47   188   53   18   56   200   77   107   56   124   175   200   76   91   36   41   14   80   21   103   74   11   164   74   129   46   36   50   26   37   97   114   17   5   69   55   82   11   26   146   77   152   193   146   88   45   128   71   69   20   15   120   59   22   110   88   86   34   101   29   13   214   18   116   142   98   41   38   19   84   52   110   34   153   55   103   88   214   37   56   198   89   13   8   18   62   109   107   29   60   83   210   38   81   133   56   37   117   149   68   61   153   69   17   161   29   137   42   197   43   104   43   189   61   52   177   158   165   
42   95   128   204   39   115   83   206   81   51   152   150   35   157   113   168   69   184   185   15   83   19   57   236   197   116   211   176   33   152   39   113   60   273   107   133   287   54   60   157   22   28   177   121   258   100   18   355   146   112   104   122   162   9   357   160   137   56   179   159   37   14   21   218   91   186   7   228   280   71   305   242   23   57   71   67   87   70   82   81   38   50   28   223   27   1   80   285   89   128   84   192   253   264   126   130   136   43   122   128   2   219   78   44   162   127   15   82   80   47   96   115   52   19   45   26   125   62   113   28   30   216   85   66   105   259   100   54   77   125   24   27   21   214   12   66   131   143   28   12   198   62   32   253   58   100   258   34   89   20   27   140   100   174   69   279   28   100   142   274   92   50   125   30   30   59   54   111   192   197   89   39   48   310   77   72   175   33   79   118   41   120   165   30   154   10   43   11   195   86   83   68   192   25   302   108   82   249   99   223   
42   103   130   208   44   91   88   197   67   57   169   166   35   164   118   178   87   201   199   6   81   25   59   243   197   119   205   182   39   154   54   118   67   267   91   135   289   45   62   158   39   32   198   115   253   105   27   366   152   107   95   123   174   11   369   151   154   52   186   162   43   9   19   234   94   193   11   242   285   70   296   249   30   69   77   80   86   68   89   102   21   33   38   217   20   4   81   284   86   146   84   199   254   261   130   130   145   41   134   133   6   230   99   47   152   132   6   83   91   57   103   131   76   42   53   28   131   60   128   31   31   216   82   47   83   268   96   53   63   128   16   28   21   221   12   73   128   143   19   8   209   74   33   247   67   91   269   21   101   16   32   143   106   180   74   293   22   93   144   270   97   46   104   28   31   65   59   114   198   217   96   54   67   312   80   66   173   27   83   112   23   125   183   6   172   14   22   7   195   94   62   69   196   21   311   110   83   248   82   222   
54   138   146   222   63   12   120   170   60   86   239   233   45   187   154   220   159   268   258   36   102   46   67   276   203   143   185   205   62   165   141   138   114   245   41   142   301   55   77   169   105   47   281   120   235   121   64   406   185   98   67   126   222   22   416   132   227   45   216   181   84   11   25   299   106   221   30   294   304   70   261   274   56   120   104   135   79   76   114   186   55   44   75   196   12   18   82   286   77   217   88   222   258   253   147   132   191   42   186   151   23   276   181   62   131   148   89   93   146   112   132   197   170   133   88   38   153   54   187   43   41   221   70   30   10   304   84   48   29   141   23   36   26   249   51   100   149   157   54   18   249   122   40   225   110   81   314   33   147   7   52   157   131   204   107   348   29   71   154   257   118   42   39   78   37   96   76   142   221   293   127   117   151   322   94   53   166   18   98   89   66   144   257   88   245   28   72   8   197   126   45   72   223   5   341   122   90   249   33   219   
60   124   72   90   64   224   103   33   147   85   217   200   45   118   122   165   199   223   195   103   108   60   37   141   52   89   36   131   67   62   229   93   137   52   137   61   106   120   48   60   180   43   300   113   53   80   100   232   111   43   72   46   158   29   265   67   212   41   145   76   117   51   45   235   55   124   48   215   139   14   71   157   73   140   84   175   14   62   95   235   172   184   111   27   59   35   26   74   24   255   33   142   79   56   85   38   140   37   155   99   42   178   235   47   95   82   211   43   157   149   94   198   253   237   98   30   98   18   208   39   43   55   18   179   196   173   13   10   124   63   91   33   24   132   105   87   128   66   130   49   168   138   24   63   118   97   200   128   148   40   60   74   100   133   101   242   71   44   61   44   75   47   179   153   20   89   58   103   112   275   100   167   221   115   56   53   23   56   58   38   211   91   238   234   239   42   228   37   59   112   237   21   107   40   186   53   40   66   145   62   
38   93   18   75   48   204   56   83   121   51   148   129   28   96   62   123   143   155   128   85   68   43   27   99   41   35   88   112   46   48   168   74   89   113   129   56   100   94   21   10   140   28   234   77   106   66   75   196   47   39   75   48   98   20   225   68   139   35   118   31   81   44   34   170   41   93   36   165   126   10   144   136   52   94   55   136   34   36   72   171   141   159   86   86   51   27   29   88   43   201   33   123   86   93   70   43   75   25   95   83   32   125   173   30   85   65   170   9   100   103   55   138   188   182   67   19   76   20   161   28   26   49   40   156   179   135   38   23   111   44   78   18   13   101   81   61   74   9   102   39   125   97   14   117   79   78   154   108   108   35   45   59   77   113   58   188   56   55   50   96   47   37   167   115   10   54   39   48   84   209   67   123   161   117   39   49   52   49   38   60   177   72   169   191   174   32   191   32   68   84   210   11   30   37   160   37   34   81   134   84   
79   60   98   63   38   322   101   194   217   73   116   109   60   34   123   49   160   95   70   120   146   49   4   34   102   96   161   52   49   52   233   25   136   195   229   44   113   165   37   96   174   27   192   189   178   25   92   84   92   124   158   50   58   29   101   189   131   85   45   69   119   64   61   81   12   17   48   63   86   50   246   64   60   116   37   137   62   97   39   187   213   229   97   173   83   37   36   143   69   181   32   60   115   156   25   62   90   64   90   37   44   19   189   19   219   20   236   53   138   140   44   123   230   237   76   14   20   64   138   20   54   112   74   239   285   34   91   40   192   31   111   40   30   29   117   41   186   102   158   61   31   100   7   186   88   173   38   162   88   58   42   32   34   51   97   65   95   124   45   178   17   84   286   176   10   66   20   116   31   145   38   149   206   126   1   111   112   86   6   132   250   20   125   272   134   36   272   46   92   53   303   35   118   62   74   28   23   126   231   119   
65   36   94   103   24   286   77   205   189   50   52   48   50   60   96   41   108   32   7   99   123   33   18   86   127   83   183   78   30   79   178   39   101   227   209   71   164   141   31   105   133   14   132   169   210   39   68   155   79   122   150   72   20   21   156   185   68   79   67   83   90   55   51   40   34   63   36   63   143   55   276   110   41   78   10   98   72   86   25   127   178   195   71   195   73   29   50   187   78   129   48   89   157   193   51   83   59   57   45   55   34   45   130   5   208   49   191   53   95   102   23   67   168   183   48   4   39   65   95   9   44   141   81   207   254   93   97   46   171   55   95   33   25   80   93   16   162   102   130   51   50   63   7   215   54   157   81   138   50   52   28   62   29   76   72   86   81   123   72   212   16   77   259   142   11   41   2   96   76   91   7   108   151   182   20   104   133   76   20   134   209   41   61   224   74   27   227   40   124   31   262   42   117   56   137   48   40   164   209   153   
79   139   104   99   72   262   133   53   182   105   253   238   60   125   160   183   234   257   228   121   143   70   41   160   72   120   6   136   80   71   275   100   170   15   166   62   112   149   62   89   211   52   337   155   20   85   117   242   146   69   94   45   188   36   277   102   252   57   155   101   143   60   56   265   61   137   58   237   142   27   33   163   86   168   98   200   3   85   106   275   205   214   128   10   70   42   26   79   12   287   33   147   81   45   90   39   175   51   188   104   50   202   274   56   136   88   249   61   194   180   114   231   298   279   118   36   107   32   234   45   57   74   12   211   229   188   23   2   150   72   105   43   32   146   126   101   174   98   157   59   186   162   29   28   141   129   217   151   170   48   69   80   110   139   129   263   87   59   68   30   88   63   214   185   25   109   68   138   124   309   116   197   263   116   63   71   29   69   67   50   246   98   274   276   273   48   267   43   58   126   273   30   149   48   193   62   42   67   174   52   
41   53   57   101   28   227   38   165   140   25   58   36   31   81   47   77   85   68   47   78   78   26   23   95   104   43   157   99   21   73   129   57   62   198   162   72   154   102   13   74   107   8   147   115   184   53   54   187   37   89   115   69   30   14   198   138   47   57   94   61   60   44   36   91   39   81   27   109   150   42   240   131   32   52   18   90   62   56   42   102   137   156   61   165   56   22   46   165   69   132   47   111   144   170   64   75   10   39   18   71   26   80   107   8   152   60   150   33   54   69   9   62   131   142   33   5   58   48   102   13   27   117   69   163   202   119   78   40   132   54   76   19   15   95   70   26   102   67   97   38   85   50   8   190   37   113   119   108   56   40   27   67   49   97   37   136   59   96   69   183   24   54   202   103   8   18   15   50   84   122   27   82   112   173   28   77   112   57   26   107   167   58   79   174   90   22   180   32   113   47   213   33   72   44   159   46   42   146   162   140   
80   148   115   121   76   250   141   45   178   111   270   255   62   140   170   199   242   277   248   120   146   72   47   186   94   131   17   151   84   88   279   111   175   38   156   75   143   147   69   105   213   55   352   156   42   94   119   275   161   70   86   57   206   37   308   100   268   56   171   118   147   58   56   287   71   157   59   259   170   33   20   184   89   175   106   206   12   88   114   284   201   209   131   23   68   42   34   111   11   297   42   163   108   73   102   53   190   52   202   115   50   225   283   61   132   101   248   69   203   186   125   244   304   282   123   39   119   32   243   48   58   98   3   204   219   214   20   5   143   86   103   45   33   168   126   108   180   111   156   58   206   169   32   36   148   126   243   148   179   46   72   94   120   154   135   290   86   52   83   61   98   62   202   186   29   116   74   148   144   327   126   202   269   148   72   68   47   67   75   42   242   110   292   274   289   49   263   42   79   134   264   38   168   45   222   74   50   94   165   75   
84   103   95   14   58   320   122   137   218   94   195   183   63   66   146   117   212   185   155   131   154   64   18   63   52   107   96   76   69   17   275   58   163   109   217   10   13   171   48   77   208   42   279   184   97   49   112   110   114   102   139   8   125   35   153   158   203   77   89   63   141   68   64   180   23   60   57   149   34   34   155   76   78   152   71   180   35   96   75   248   228   242   121   105   84   43   8   49   43   248   4   82   28   69   41   17   134   61   145   59   51   112   248   39   192   36   263   51   176   172   80   188   284   279   103   26   58   51   197   34   59   54   49   246   282   83   63   23   188   23   118   44   32   57   132   75   190   91   171   66   107   140   17   109   122   164   115   171   136   58   60   21   72   78   119   157   99   102   11   90   52   80   275   196   15   92   46   129   43   237   81   187   253   16   32   99   58   85   34   102   270   52   211   298   215   46   293   49   24   94   314   22   120   60   80   20   8   42   223   44   
88   140   114   91   74   291   144   78   205   113   262   247   67   120   174   181   248   262   232   131   159   74   40   155   75   131   23   129   84   67   297   97   184   12   189   55   99   166   66   98   225   54   345   177   4   82   124   227   155   85   112   38   192   39   263   126   263   67   149   105   155   65   63   267   59   132   62   234   128   32   47   152   91   179   101   209   6   97   106   290   224   234   136   34   78   45   22   71   12   296   29   139   70   33   85   33   184   59   196   99   54   199   289   58   163   83   269   66   208   194   118   240   317   300   124   37   104   40   241   46   63   76   20   233   256   180   35   4   169   69   115   48   35   139   137   103   196   109   172   65   183   170   29   22   149   149   211   166   175   54   72   75   109   132   139   258   97   74   63   27   89   73   242   202   26   116   69   151   118   314   118   210   282   99   62   84   32   78   66   66   267   95   281   300   281   51   290   47   49   128   298   32   160   54   180   60   38   57   197   38   
100   37   150   126   30   374   134   265   261   90   113   123   77   41   168   11   165   81   83   132   187   50   22   113   172   143   224   54   52   102   261   19   163   274   276   79   200   198   59   158   184   30   152   248   253   22   96   134   147   170   201   83   88   33   108   255   144   110   36   130   139   72   74   47   40   68   52   7   154   77   333   94   63   130   40   128   89   130   17   191   242   256   97   243   98   40   60   233   93   155   55   64   192   236   43   101   131   84   112   35   48   61   190   25   289   48   260   86   164   159   67   119   243   256   82   17   26   89   114   16   69   188   100   274   331   90   126   56   229   73   124   52   40   89   132   36   248   160   182   71   32   102   17   255   95   221   58   185   75   69   39   72   4   50   124   32   113   162   90   262   41   108   341   203   21   80   22   162   90   98   38   159   225   215   26   143   170   104   32   174   277   29   106   303   110   36   302   52   150   34   338   60   194   73   126   65   46   203   276   182   
88   17   139   138   19   338   115   258   234   74   72   87   68   62   145   24   128   42   59   115   165   39   26   126   174   128   226   77   39   109   218   36   135   279   252   88   214   176   52   152   153   22   108   224   258   36   78   174   132   160   187   91   71   28   155   239   104   101   62   127   116   64   65   17   47   84   43   43   177   75   335   122   49   102   26   100   90   117   5   148   212   227   78   243   87   34   64   242   94   118   60   88   203   243   58   107   109   76   85   52   40   72   148   19   268   61   224   81   133   130   55   81   197   214   63   12   42   85   83   8   60   191   99   244   300   116   123   56   207   79   109   46   35   107   113   20   222   150   158   62   54   76   16   260   72   201   90   163   48   62   28   82   14   73   105   75   100   154   97   267   39   99   311   174   20   63   15   143   104   55   24   128   184   232   31   132   172   93   35   167   242   44   61   263   66   29   264   46   159   14   302   60   181   67   158   69   52   211   251   192   
49   55   116   175   20   202   68   222   134   34   71   77   39   122   94   114   6   103   113   54   95   2   44   187   180   99   216   141   9   132   72   85   54   274   162   115   255   94   46   143   48   13   98   145   257   77   19   288   116   123   133   109   105   9   284   182   60   70   136   135   42   34   34   137   73   145   13   160   240   69   317   198   4   24   40   33   88   77   52   7   104   120   21   229   50   12   73   264   91   73   74   155   231   254   101   119   92   50   68   101   14   157   14   26   193   102   97   72   51   38   62   41   43   70   14   14   94   68   60   14   33   199   90   135   181   203   107   55   126   103   57   27   21   170   46   34   141   131   74   30   143   10   23   256   18   130   194   84   39   36   9   116   68   138   55   203   52   118   122   269   64   64   196   75   23   33   33   98   155   113   53   25   45   277   57   91   170   55   59   135   120   92   80   120   72   7   130   24   179   50   170   62   165   41   249   89   70   231   157   210   
34   124   89   161   59   89   85   90   47   68   207   193   27   153   106   187   153   229   211   56   62   45   52   207   131   92   119   170   56   116   144   115   94   163   34   106   214   46   53   105   120   39   272   53   157   100   69   324   127   40   11   91   176   19   344   48   193   12   180   122   75   26   19   255   81   172   31   249   230   40   173   220   55   107   86   140   51   39   100   182   84   93   82   122   21   21   58   194   53   220   64   184   180   170   117   91   143   18   150   126   26   221   181   50   39   116   120   59   121   103   102   177   177   152   79   31   125   24   184   38   27   144   44   79   77   239   45   31   36   102   48   23   16   191   59   86   82   94   64   23   205   113   30   154   97   24   255   60   136   13   51   117   112   170   79   291   28   26   111   167   92   13   52   82   27   77   63   91   167   269   106   119   151   231   73   9   105   16   76   42   113   117   228   126   224   31   121   18   138   113   120   46   144   13   269   88   67   169   41   152   
24   99   98   178   44   83   63   159   35   43   155   146   21   148   85   164   87   184   176   23   47   25   51   210   161   88   173   167   35   130   50   108   46   226   69   117   247   17   49   124   56   28   203   71   215   96   34   328   119   78   70   106   150   8   338   111   137   35   171   131   29   14   6   216   82   170   12   223   249   55   252   224   30   60   69   90   72   44   84   105   27   50   46   181   15   7   69   239   74   156   73   182   215   221   117   110   117   26   114   122   9   204   105   41   107   117   43   64   70   47   86   123   86   62   47   24   118   45   133   29   18   178   69   48   75   238   77   44   46   109   26   18   13   194   14   67   81   109   9   4   188   71   28   212   60   57   243   26   98   12   34   124   99   165   53   268   8   72   123   226   83   29   81   13   26   53   52   81   172   211   87   58   68   268   70   46   143   17   72   89   53   113   172   44   166   17   53   10   166   90   80   55   152   17   277   94   72   209   63   189   
104   77   140   74   48   386   145   228   270   104   170   168   80   10   177   65   210   144   125   147   193   63   11   67   131   141   180   23   67   66   301   18   184   214   276   42   127   208   59   134   218   40   234   245   195   14   116   26   145   156   192   51   110   38   42   235   192   106   27   107   158   77   77   120   19   29   61   76   75   64   270   24   79   158   60   170   69   129   50   245   262   277   121   197   102   46   39   165   74   220   33   29   129   174   4   69   146   83   142   17   55   65   244   34   273   12   292   78   191   186   78   171   294   298   104   23   16   80   170   27   72   141   83   290   341   25   108   44   233   46   134   54   41   37   148   61   249   143   198   76   47   135   16   200   121   218   32   198   117   71   54   35   40   24   137   63   120   149   54   200   44   107   344   224   19   96   36   165   44   183   63   193   267   134   20   137   131   106   27   156   303   10   175   335   179   46   331   56   101   69   361   47   177   75   35   42   23   143   279   128   
85   30   126   116   25   335   109   240   229   72   80   87   65   49   137   12   137   48   49   117   159   42   20   99   153   117   208   65   41   92   223   27   135   255   246   75   185   173   47   135   159   23   134   214   235   29   82   142   118   150   179   79   58   28   129   225   107   97   49   110   117   64   64   17   37   63   45   27   149   68   310   101   52   105   25   111   82   111   15   159   213   228   84   224   87   35   56   214   87   137   52   75   178   219   46   94   99   73   81   44   41   45   160   16   255   48   228   72   133   132   47   91   207   221   66   11   30   79   100   11   58   168   92   244   297   89   114   52   203   65   110   44   33   83   114   24   211   135   158   62   32   82   12   239   75   194   64   163   59   61   33   67   12   62   101   52   99   146   82   242   29   95   305   175   16   62   12   134   82   82   22   134   190   201   22   126   155   92   25   157   246   33   77   266   85   31   268   46   140   26   304   53   161   66   130   57   43   187   246   171   
47   78   32   57   42   238   57   120   148   49   121   103   34   75   64   96   137   122   93   93   86   41   18   62   47   38   110   92   41   36   177   58   93   137   160   47   88   113   14   27   143   23   210   108   127   52   76   156   32   67   102   43   66   21   184   108   117   50   94   8   85   49   40   132   28   65   37   129   103   22   176   110   51   90   42   129   42   52   58   162   159   177   85   113   60   29   27   93   51   185   29   102   83   107   54   43   55   36   75   68   34   86   165   21   128   48   184   13   97   104   36   120   188   189   62   14   57   35   146   23   32   55   51   179   210   98   56   28   135   28   87   22   16   70   88   49   101   32   115   44   93   89   8   137   73   106   115   122   94   42   41   43   61   92   60   146   66   78   38   117   29   51   203   128   4   48   29   55   57   178   51   122   163   105   26   68   67   59   23   84   195   55   141   209   149   32   210   36   67   70   235   12   26   45   127   22   27   85   163   89   
63   126   76   91   65   228   107   33   151   87   222   205   47   119   127   167   204   228   199   105   113   61   38   143   54   93   32   131   69   63   235   94   141   47   140   60   106   123   50   64   184   44   305   118   48   81   102   233   116   46   75   46   162   30   267   71   217   43   146   79   120   52   46   239   56   126   50   218   139   16   65   158   75   143   86   178   12   65   96   240   176   188   114   22   60   36   26   74   22   259   33   142   79   53   86   38   144   39   160   99   43   181   240   48   100   82   216   45   162   153   97   202   259   242   101   31   99   20   211   40   45   57   17   183   200   175   13   9   127   64   93   34   25   134   108   89   134   70   134   50   170   141   25   58   121   101   202   131   151   41   61   74   101   133   105   245   73   45   62   41   77   49   183   157   21   92   60   108   113   280   102   171   227   114   57   55   22   58   59   39   215   92   243   240   243   43   233   37   59   114   241   22   113   41   187   54   40   65   149   60   
35   54   68   125   25   204   30   174   122   12   52   35   26   96   43   91   57   77   68   65   67   18   30   127   125   51   171   115   12   92   94   67   40   216   149   86   185   87   21   90   82   4   133   107   202   62   40   224   56   91   111   82   55   9   230   139   29   55   110   82   42   38   30   107   51   104   20   128   180   47   257   156   21   28   23   72   69   53   46   70   115   135   47   179   49   17   54   193   74   115   55   127   170   193   77   88   31   37   20   83   20   108   76   13   149   75   122   42   27   44   27   46   94   109   17   7   72   50   89   13   22   139   73   142   181   149   83   43   119   70   66   16   13   122   55   27   95   80   79   32   107   32   13   206   19   105   147   92   48   35   21   83   57   113   25   162   50   96   86   205   38   51   185   81   13   2   21   51   109   119   34   58   78   206   39   74   127   51   38   109   141   70   74   143   81   17   152   27   133   48   187   41   94   40   191   60   51   170   148   160   
45   100   34   70   53   215   70   71   132   61   166   148   33   98   80   131   160   172   144   92   81   48   28   102   29   50   74   113   52   44   189   77   104   94   135   52   89   104   28   17   153   32   252   89   89   67   83   196   64   39   76   43   112   23   227   68   159   37   121   37   93   47   38   184   42   96   40   174   119   3   124   135   59   108   62   148   28   44   77   190   153   169   94   70   54   30   24   71   38   216   30   123   73   75   70   36   93   29   111   84   36   134   192   34   89   66   185   18   117   118   64   155   209   201   76   22   79   19   174   31   32   35   34   166   189   137   32   19   118   44   84   23   16   102   89   67   91   25   113   43   132   109   16   100   91   86   160   116   119   37   49   58   81   114   72   197   62   53   47   76   53   41   175   129   12   64   43   65   84   226   75   137   180   103   41   51   38   52   41   55   191   74   187   207   191   35   206   34   57   91   223   8   50   39   158   36   32   66   141   71   
79   37   112   101   27   321   99   223   218   67   79   80   60   46   124   22   135   50   39   113   147   41   16   81   136   104   192   63   40   80   214   27   127   236   234   67   164   164   40   119   156   21   145   198   218   29   81   130   102   138   168   71   44   26   125   208   101   90   49   94   111   62   60   30   30   52   43   36   134   61   289   93   51   101   23   113   76   102   21   157   205   221   84   206   83   34   50   193   81   144   47   73   160   199   41   84   86   67   73   43   40   28   158   13   236   41   221   63   124   126   39   91   202   216   63   10   27   73   107   12   53   150   86   235   285   76   105   48   194   55   107   40   31   70   110   25   194   120   152   59   26   81   9   222   73   181   56   157   62   58   33   58   18   60   93   54   94   136   71   222   20   88   291   167   13   57   10   120   69   96   19   131   184   181   16   118   141   87   18   147   238   29   81   258   92   31   259   45   126   32   294   46   141   63   118   48   38   169   235   156   
71   29   138   175   6   272   95   257   188   54   48   71   56   106   125   85   61   67   92   82   136   18   40   178   195   121   237   123   19   134   142   70   95   298   212   114   260   137   53   161   93   15   48   193   278   65   45   262   133   151   167   111   95   18   248   223   66   90   114   145   79   48   50   95   68   132   27   122   233   78   349   180   24   60   31   43   96   102   33   68   157   170   41   254   69   22   75   278   99   51   75   137   239   271   91   124   105   67   72   87   26   134   67   23   243   93   155   83   91   83   62   29   111   135   34   13   80   81   31   6   48   214   101   190   243   184   123   60   170   103   82   38   29   158   78   20   191   152   116   46   117   31   22   277   39   173   166   123   6   50   8   112   50   120   82   164   77   143   122   291   59   85   259   124   24   46   26   127   147   53   39   71   109   282   51   117   186   76   54   160   177   79   36   187   19   15   193   35   186   26   233   67   188   55   230   89   68   243   208   219   
37   92   118   195   38   113   74   195   73   45   144   141   31   152   101   162   65   176   175   17   73   18   54   225   186   106   202   170   30   145   27   109   51   261   102   127   274   48   55   147   26   26   175   110   247   97   18   342   135   104   98   117   153   8   345   149   128   52   173   149   29   15   18   209   87   179   5   220   269   66   293   234   22   51   67   68   84   63   80   78   36   53   30   213   25   1   77   271   85   129   80   187   242   252   122   124   125   39   113   124   1   209   76   41   150   122   21   76   70   39   90   109   50   21   41   24   120   58   113   27   26   205   82   65   102   248   95   52   73   119   25   24   18   205   6   63   117   132   23   10   190   58   30   243   53   91   248   34   87   19   27   134   96   169   61   269   24   94   135   262   87   46   119   21   28   53   52   100   184   192   85   36   41   296   73   67   167   31   75   112   46   116   158   32   149   11   47   11   186   84   87   64   178   24   291   102   78   237   94   213   
86   16   157   181   3   315   117   281   222   71   67   92   67   100   152   73   94   67   97   100   164   28   40   182   209   142   254   115   31   140   186   64   124   317   244   116   270   165   61   178   121   21   38   227   295   60   61   254   154   170   190   114   104   24   232   252   95   103   104   158   103   57   61   82   69   130   36   106   235   86   372   174   37   86   35   62   102   121   24   106   189   202   56   273   81   28   79   294   105   60   77   128   250   286   87   130   125   78   92   81   33   131   104   26   278   91   192   94   122   112   71   57   154   175   52   15   75   91   34   6   59   230   109   223   281   179   135   64   197   107   97   46   35   158   98   22   227   172   142   56   109   55   23   293   59   201   157   146   20   58   15   114   41   111   103   147   93   160   127   310   61   99   298   155   26   62   26   152   149   18   41   100   149   292   51   134   199   89   55   177   212   74   45   229   28   21   231   41   194   15   271   73   213   63   225   93   69   256   241   230   
32   85   108   183   35   124   63   189   75   37   128   123   27   143   87   150   54   159   158   24   64   15   50   209   175   94   195   162   25   136   8   103   38   252   105   120   259   48   49   135   27   23   165   102   238   92   16   324   120   99   97   111   138   5   327   143   110   50   163   137   19   18   17   193   81   167   3   206   254   62   285   221   18   39   60   64   81   57   74   65   46   65   29   206   28   2   73   257   83   122   76   177   229   241   115   118   110   36   98   118   2   193   65   37   144   115   37   69   55   25   80   96   40   24   33   21   113   55   106   24   23   193   79   75   112   232   92   50   77   111   32   21   16   191   10   57   105   121   27   12   177   49   27   236   43   88   232   42   78   21   24   126   90   160   50   252   25   92   127   251   79   44   125   20   26   44   47   88   172   178   76   28   26   281   68   65   159   32   69   110   61   108   142   49   135   10   63   14   177   77   102   60   162   26   275   95   74   225   99   204   
55   130   80   117   66   189   103   8   124   85   227   211   42   134   124   180   196   238   212   94   99   59   44   170   81   94   50   148   68   83   216   104   132   77   110   77   145   104   52   76   171   45   306   97   77   90   96   270   123   32   50   62   173   28   300   44   219   32   162   95   111   45   40   254   66   146   46   237   173   22   80   183   71   138   90   173   23   56   101   231   153   164   108   45   50   33   37   115   28   256   44   160   114   91   99   56   150   32   163   111   39   202   231   51   69   96   194   50   156   143   103   203   243   223   98   32   111   13   210   41   41   87   17   156   165   203   5   14   102   79   81   31   22   158   97   92   118   77   117   43   188   138   28   79   119   78   227   113   152   33   60   91   109   149   100   269   62   24   80   81   85   38   146   140   24   91   63   105   135   287   108   162   212   156   65   38   50   47   67   16   190   104   248   213   247   41   206   33   86   118   209   30   124   33   220   67   50   101   118   91   
95   31   143   126   26   359   125   259   249   83   97   108   73   47   157   5   152   65   70   126   177   46   22   113   169   135   222   62   47   102   245   24   151   272   265   80   200   189   55   152   173   27   138   236   251   26   90   144   138   164   194   84   77   31   122   246   128   106   44   125   130   69   70   31   41   70   49   16   158   75   329   101   58   119   34   119   88   124   13   176   230   245   90   240   93   38   60   232   92   143   56   71   192   234   47   101   120   80   100   40   45   58   175   22   278   51   246   82   151   148   60   105   226   240   75   14   30   87   104   13   65   185   99   262   318   95   123   55   219   73   118   49   38   91   124   30   235   153   172   67   35   92   16   253   86   212   65   176   65   66   35   73   3   57   116   44   108   157   90   260   38   104   328   191   19   73   18   153   91   84   32   147   209   216   26   137   168   99   31   170   263   32   90   287   95   34   287   49   150   27   324   59   185   71   134   64   47   202   265   182   
72   19   118   135   15   295   89   236   199   55   33   49   55   74   115   45   95   8   38   97   136   29   27   125   160   105   212   91   26   104   174   47   105   264   221   89   208   148   42   134   124   14   93   189   245   45   62   193   107   141   165   89   52   21   182   211   63   88   79   113   91   55   54   35   48   90   34   71   180   67   315   135   37   75   13   80   85   98   17   110   179   195   63   227   75   28   62   231   89   99   60   103   196   231   65   102   81   65   54   63   33   78   111   12   234   66   187   69   99   100   40   48   155   174   44   7   52   75   69   3   48   177   93   211   262   127   112   53   180   76   94   37   28   111   93   5   184   129   132   52   69   52   14   247   49   173   108   139   30   54   21   83   28   88   80   103   84   137   95   252   35   85   272   143   17   44   9   115   105   52   12   99   143   227   32   115   160   80   34   151   207   53   26   221   39   23   225   39   153   15   263   55   154   58   171   66   52   202   219   185   
14   75   52   129   35   155   11   142   80   12   99   83   10   112   21   119   71   123   110   52   28   22   35   143   115   37   150   130   22   92   73   81   19   193   109   89   184   55   22   78   76   15   171   60   182   73   39   250   55   65   80   81   88   6   263   100   77   36   130   80   26   30   17   152   58   121   17   164   189   39   226   172   25   36   42   85   61   28   63   88   85   107   50   155   35   14   53   182   66   141   56   144   164   177   88   84   52   21   58   95   16   139   93   24   102   85   97   35   26   36   46   83   93   95   29   14   86   37   114   20   7   128   63   108   138   172   68   38   85   75   53   5   4   138   40   45   46   64   55   22   135   50   17   186   36   66   177   69   73   25   28   90   73   129   6   199   32   73   89   185   52   31   136   54   15   21   33   27   121   164   55   59   71   204   47   51   113   35   47   86   114   83   120   112   123   18   121   22   128   67   151   37   82   30   211   64   54   161   108   151   
