60    200
182      1488
122      1223
320      1942
215      1566
93      978
93      1046
192      1485
250      1800
306      1988
103      1097
204      1533
308      1827
111      1172
236      1676
225      1647
273      1855
331      1877
175      1494
157      1301
275      1900
296      1958
105      1104
122      1116
327      1968
236      1598
258      1835
236      1621
256      1713
260      1720
118      1230
260      1708
35      608
33      651
223      1624
171      1397
136      1253
269      1796
20      509
72      939
76      952
221      1677
51      809
217      1628
163      1461
322      1818
80      995
130      1181
215      1556
140      1303
155      1362
138      1338
198      1539
221      1581
269      1708
229      1517
86      957
68      857
37      696
140      1206
91      1086
25   23   32   33   31   35   14   19   13   22   26   7   18   22   21   34   24   33   11   34   17   14   13   26   11   28   7   26   10   5   15   9   11   31   29   34   20   11   12   9   29   14   11   14   34   25   8   23   10   9   9   24   26   31   29   14   5   16   9   35   13   26   13   29   24   25   8   5   30   11   5   21   32   31   22   9   32   22   16   8   23   26   17   15   31   7   16   16   13   25   17   20   13   14   19   9   18   5   12   16   17   17   14   21   10   28   15   13   21   19   32   31   28   5   5   16   13   9   26   10   24   11   22   16   28   15   32   20   35   29   30   14   14   27   26   28   11   20   14   19   30   5   8   34   27   17   11   8   28   27   12   20   25   18   22   6   32   22   16   28   29   29   26   20   10   19   24   16   23   19   23   25   9   10   9   11   19   7   21   12   29   28   11   5   5   26   26   5   14   12   17   21   16   25   9   20   13   15   8   12   
156   180   213   206   63   56   83   69   36   102   227   55   18   32   161   240   186   273   102   284   32   45   106   235   41   76   62   117   20   34   130   16   39   240   261   104   94   66   117   83   284   36   59   119   108   174   44   138   64   23   48   30   189   150   211   120   41   30   49   241   57   141   18   202   37   235   44   35   265   29   6   215   48   164   184   79   276   142   110   25   52   238   132   135   116   46   126   133   80   181   92   205   106   73   154   78   29   9   28   44   162   15   94   201   72   157   124   83   142   177   109   212   190   45   5   120   105   69   212   7   281   87   57   35   241   66   279   154   149   181   210   58   157   29   200   110   32   123   84   127   228   20   72   161   207   67   43   36   164   234   46   116   129   179   195   26   218   228   81   92   210   43   212   170   67   161   71   113   25   155   32   226   64   72   48   56   56   69   194   20   111   123   54   25   44   202   177   12   135   65   74   179   16   178   86   161   80   81   37   27   
44   55   55   41   225   286   104   103   68   124   92   40   133   171   69   123   17   257   26   92   117   64   96   102   52   178   11   74   63   31   68   62   68   171   59   147   67   17   30   40   89   71   33   37   249   165   31   37   9   60   34   182   24   201   105   46   23   118   32   148   39   74   86   47   209   69   46   1   88   57   43   61   212   101   43   16   107   121   126   44   147   55   78   33   149   15   29   58   17   105   91   59   82   73   96   26   147   46   87   107   49   125   8   82   46   165   52   91   42   62   206   146   26   8   35   3   23   62   51   79   112   37   124   114   139   81   46   28   198   170   218   81   59   174   116   139   48   122   46   102   18   16   20   95   217   92   73   48   140   82   70   54   171   59   84   40   40   86   45   113   99   250   139   65   51   45   144   36   175   82   170   44   8   36   19   27   87   18   99   94   108   83   39   19   7   63   154   26   32   22   50   123   101   120   26   85   18   65   26   62   
193   217   260   209   230   252   6   51   47   43   164   25   83   96   207   328   197   97   88   337   121   56   38   165   82   212   62   159   36   11   167   33   24   115   231   194   86   78   117   56   238   58   49   139   83   52   28   168   71   69   33   163   177   35   284   145   25   60   35   138   80   200   84   177   164   197   13   37   207   43   32   200   211   245   206   83   334   56   21   23   165   250   181   118   232   37   145   167   81   253   37   187   48   31   211   91   130   34   92   124   135   109   99   149   39   47   87   15   176   138   263   313   184   42   22   120   90   25   241   62   241   111   77   120   142   129   284   174   299   60   51   120   133   160   274   218   59   35   59   196   219   26   59   175   58   139   18   71   266   277   26   96   17   147   138   7   202   183   77   150   280   198   294   207   102   132   68   141   107   97   97   227   60   97   51   76   83   63   127   86   184   169   44   40   44   159   64   32   125   77   102   91   89   258   72   213   79   48   35   71   
91   88   114   86   279   344   108   121   84   138   62   37   158   200   101   181   50   247   5   134   147   81   92   70   73   228   11   118   76   30   88   73   78   159   4   203   88   37   24   29   35   90   42   53   282   164   35   80   27   76   39   222   41   218   153   63   19   138   38   144   61   122   108   58   248   23   49   11   48   71   51   33   267   159   66   20   146   122   127   53   188   64   105   5   207   18   51   80   35   147   97   29   75   80   126   35   177   54   108   136   18   152   33   50   43   174   39   93   79   32   265   200   58   3   42   26   13   60   83   95   69   54   151   142   116   110   55   57   263   173   218   108   34   218   157   191   65   126   52   136   40   23   7   140   215   124   81   63   191   113   80   68   183   26   58   44   65   46   62   157   147   296   180   90   69   22   170   63   207   68   200   41   15   53   31   48   113   7   74   114   158   130   48   28   7   48   153   35   14   43   78   109   126   163   9   115   34   72   34   82   
128   158   178   135   156   181   42   2   12   24   142   30   54   68   151   234   143   161   72   251   80   16   61   148   51   139   48   88   16   16   127   19   9   127   185   98   39   50   93   53   201   20   26   104   68   87   16   108   47   46   18   111   126   53   205   109   24   40   19   117   44   128   53   124   123   164   16   26   173   13   24   165   133   159   154   64   252   63   62   3   106   193   134   95   145   25   106   125   51   184   31   155   59   23   159   69   93   27   63   83   113   72   67   133   36   58   74   41   121   118   178   226   125   33   13   86   69   38   178   43   213   81   22   81   141   87   217   126   201   78   111   81   117   95   202   140   28   53   38   143   159   12   49   89   121   91   15   49   187   209   7   57   53   126   122   10   139   161   40   71   201   148   222   155   74   106   19   99   72   89   63   176   42   70   29   46   30   51   121   60   102   92   20   26   34   123   84   18   101   47   55   103   51   188   60   158   50   28   16   38   
191   209   257   260   67   34   104   103   59   139   273   67   44   58   184   274   222   325   120   326   39   70   127   281   52   91   73   157   37   42   144   30   57   294   309   155   129   82   135   99   333   61   78   137   156   215   58   171   80   27   64   33   232   200   241   136   50   52   65   303   76   174   30   252   5   277   57   43   317   49   2   248   75   201   214   92   312   180   135   39   67   275   147   160   146   58   148   150   101   204   121   237   129   98   169   89   17   2   29   49   191   26   116   238   90   204   150   104   169   210   120   237   236   53   13   145   127   84   246   10   321   99   96   37   290   76   327   182   169   230   258   65   180   66   223   135   49   157   108   138   276   29   85   219   248   79   61   39   184   267   67   151   168   209   234   35   272   266   108   137   241   8   230   193   74   194   112   133   55   189   65   264   79   82   63   71   89   80   231   16   151   166   73   30   52   247   222   18   157   84   101   216   41   197   101   179   102   108   51   44   
192   209   255   194   291   332   36   81   69   72   110   7   128   154   205   333   179   34   70   321   154   73   8   107   94   259   54   171   58   5   166   55   47   41   186   234   92   77   102   34   182   80   47   132   176   24   26   166   67   84   32   216   152   97   287   140   13   102   33   88   87   209   109   148   224   151   19   34   150   60   45   166   273   260   192   75   322   35   33   37   205   224   185   94   267   31   137   164   75   259   43   153   10   38   216   87   171   47   115   152   103   146   91   102   21   64   57   23   173   100   313   327   164   35   34   106   71   2   227   86   189   109   118   150   71   146   251   163   342   48   41   137   103   213   279   250   72   34   50   209   190   29   45   184   45   160   44   81   287   265   47   87   75   111   90   22   176   135   78   179   282   270   302   199   108   100   118   138   166   55   155   198   52   99   50   80   108   51   74   113   209   184   46   43   38   120   29   39   104   78   111   32   120   269   55   214   72   46   37   89   
105   79   128   201   204   272   162   167   103   210   240   77   159   206   51   71   124   421   85   117   110   104   162   250   48   155   41   140   86   55   25   81   104   334   215   201   147   53   74   91   245   105   82   51   343   285   68   106   52   52   75   179   170   321   59   42   50   150   73   330   69   99   88   206   209   205   81   26   259   85   44   155   213   110   96   47   95   227   197   69   137   136   18   114   137   52   65   38   79   37   165   153   150   134   12   32   140   46   76   91   142   127   78   201   98   287   137   149   78   169   160   42   176   33   43   94   96   107   107   83   226   26   182   102   295   55   181   88   138   304   357   57   129   190   31   117   68   213   115   28   189   31   65   220   344   70   110   30   63   91   112   149   269   156   209   62   213   205   111   172   65   249   9   59   13   152   214   54   208   187   209   148   59   20   55   50   135   51   218   88   149   152   85   17   29   209   281   28   99   63   93   237   115   28   75   30   82   132   57   73   
93   115   130   151   64   111   104   88   46   123   203   57   70   97   98   135   131   307   83   187   30   47   118   213   6   29   46   69   38   38   83   37   55   246   210   58   83   41   89   77   239   43   52   80   184   197   43   84   43   12   46   65   145   193   122   78   40   72   46   235   32   69   24   163   96   196   51   24   229   36   20   172   57   75   126   57   181   154   134   34   28   173   78   110   19   38   83   84   58   103   103   165   112   82   93   52   57   22   24   22   136   44   66   179   71   182   112   99   85   153   40   114   143   35   19   88   85   77   142   34   239   53   83   30   234   20   206   103   45   202   245   18   133   56   118   21   22   141   77   67   172   15   60   123   242   15   62   13   76   156   61   99   166   152   177   36   169   198   66   62   122   112   129   111   36   135   106   68   93   147   95   170   49   41   35   30   56   55   182   33   49   72   50   10   33   172   194   4   106   42   44   182   36   98   72   98   60   83   32   16   
35   72   58   41   161   212   89   73   44   96   119   40   96   127   74   115   60   243   47   124   82   38   92   129   32   122   25   19   44   28   72   45   50   169   114   75   40   9   54   49   142   43   23   52   190   150   25   22   12   42   26   132   58   161   102   57   25   87   25   143   11   41   59   67   158   113   39   9   129   36   32   106   145   61   74   33   132   108   112   31   100   103   75   60   92   16   46   65   15   98   74   101   81   59   93   35   109   35   62   75   79   89   21   110   45   138   64   80   43   90   146   127   49   19   25   36   42   58   82   58   160   41   83   81   153   57   111   53   139   149   196   57   87   117   112   89   25   106   40   87   73   6   33   39   199   63   56   35   109   108   52   42   141   91   106   32   63   124   25   55   97   188   134   80   44   72   102   39   128   91   124   95   19   35   7   9   50   32   117   69   48   24   26   12   18   87   141   15   62   2   14   127   67   107   42   87   17   52   15   37   
60   87   86   19   202   253   80   72   48   86   79   31   109   140   94   155   57   207   34   143   104   43   77   89   49   162   22   55   49   23   87   49   50   128   81   115   34   20   49   35   105   52   14   59   194   125   18   46   14   55   19   160   29   148   135   66   17   95   17   98   30   79   75   24   184   81   33   8   85   41   37   88   185   108   79   31   154   86   99   32   132   99   95   43   139   6   53   79   7   128   62   83   64   49   116   40   131   40   79   98   57   108   18   78   32   118   41   69   62   62   194   169   22   15   29   27   24   48   91   68   132   51   91   103   110   81   99   59   194   122   169   79   70   146   143   132   37   89   23   114   48   10   23   48   174   89   54   47   151   123   50   20   128   68   72   30   21   94   19   84   129   219   166   94   58   45   106   53   144   62   137   84   9   46   8   26   61   26   84   83   89   62   20   19   15   47   113   22   50   17   37   97   84   141   30   108   4   39   13   51   
101   72   122   195   210   279   161   167   103   209   234   76   161   209   45   65   118   417   82   107   113   104   160   244   50   160   39   138   86   54   20   82   104   329   207   202   145   51   70   89   237   105   81   47   345   282   67   103   51   53   74   183   164   320   53   37   49   151   72   324   68   97   90   200   214   199   81   25   251   85   45   148   218   109   89   44   84   224   196   69   141   128   14   110   141   51   60   33   77   33   164   146   148   132   7   29   144   47   79   94   137   130   75   196   97   285   134   148   74   164   167   44   170   32   44   90   93   106   99   84   218   22   183   106   290   58   172   83   145   302   355   60   124   193   25   121   68   212   113   32   182   31   63   217   342   73   110   32   67   81   111   147   269   151   204   62   207   199   110   172   58   255   3   52   15   148   214   51   210   184   211   141   57   18   54   49   136   49   213   91   149   151   84   17   28   204   278   29   94   62   92   233   117   29   72   24   80   131   57   74   
98   129   138   86   170   207   53   30   23   40   108   26   75   97   127   199   108   167   55   207   87   18   62   116   47   143   38   62   29   16   110   31   26   111   141   90   10   36   75   42   159   27   10   86   120   91   8   79   33   48   7   128   86   84   175   91   19   62   8   85   32   103   59   80   146   127   19   19   131   20   29   133   149   132   123   51   211   58   72   14   112   155   118   73   135   15   84   106   32   159   32   125   55   24   140   57   107   32   68   86   88   85   46   106   28   68   55   47   96   92   179   200   83   25   19   62   49   38   143   52   178   69   47   87   116   82   170   98   192   79   123   78   97   111   177   130   26   57   20   129   114   7   37   45   133   87   30   47   169   174   23   27   78   100   95   17   90   131   16   60   170   175   198   130   67   78   55   79   101   69   92   139   29   60   17   35   32   41   98   68   85   66   4   22   26   86   82   18   80   31   39   91   61   167   47   137   31   17   5   40   
126   156   175   136   144   167   46   9   7   32   149   32   48   62   149   229   143   173   74   249   74   14   66   155   48   129   48   84   13   18   125   16   10   139   189   89   41   50   94   55   207   15   28   104   66   96   18   107   47   42   20   102   128   63   201   108   25   36   21   128   42   124   48   128   114   169   19   26   180   9   22   167   121   153   154   64   249   71   67   1   98   194   131   97   136   26   105   123   52   179   37   158   64   28   155   68   86   25   58   77   117   66   67   139   40   69   78   45   120   122   167   219   127   34   11   87   71   41   177   39   218   80   14   75   151   82   219   125   190   89   122   76   120   85   198   132   25   60   41   138   161   11   50   88   130   86   17   47   180   207   11   61   61   130   128   11   142   166   41   64   197   137   217   153   72   110   15   97   65   95   56   178   43   68   29   45   25   52   128   56   96   88   22   25   34   128   94   16   103   46   53   111   44   183   62   155   51   33   17   34   
75   108   109   59   166   209   66   45   29   60   105   30   83   108   108   170   88   191   50   176   85   22   71   113   41   135   32   42   34   20   97   36   34   126   124   78   7   26   66   42   146   31   8   73   145   110   12   59   24   46   12   129   68   112   149   79   20   71   11   97   22   82   59   64   151   116   25   14   122   24   30   119   146   107   104   43   183   74   86   20   107   134   103   64   119   12   70   91   22   138   46   112   62   36   124   49   108   33   66   82   81   86   35   102   32   92   54   59   77   86   167   175   62   22   21   50   43   44   120   54   167   59   58   85   123   73   144   81   173   102   148   71   90   112   154   115   23   74   21   115   92   4   34   16   156   78   40   43   148   150   34   21   100   93   93   22   69   123   4   51   145   180   176   112   59   70   71   65   110   72   103   119   22   51   9   26   34   36   100   68   68   45   8   19   22   77   100   17   71   21   27   100   62   147   43   120   21   28   2   37   
178   203   241   192   205   226   15   37   37   31   161   27   70   81   194   305   185   116   85   317   108   46   45   164   73   190   59   141   28   12   158   26   15   120   222   168   75   72   112   56   232   47   44   131   60   61   25   153   65   62   29   145   166   18   265   137   25   49   31   133   71   182   74   165   147   191   12   35   202   34   29   194   186   223   195   79   315   57   33   17   147   238   170   114   208   35   136   157   74   235   32   181   52   26   198   86   116   31   82   111   132   96   92   148   38   43   85   21   163   135   238   291   171   40   18   112   86   28   227   54   238   104   59   107   144   117   270   163   271   62   68   109   131   138   256   197   51   37   54   182   206   22   57   154   76   125   9   65   245   262   17   87   10   144   136   2   188   180   68   129   261   178   276   195   95   127   49   131   91   96   81   216   56   91   46   69   69   61   128   77   163   150   38   36   42   152   69   28   121   70   90   96   76   241   70   200   72   42   31   61   
66   99   97   51   163   208   71   51   32   68   107   32   85   111   100   157   81   204   48   164   83   25   76   116   39   131   30   34   36   22   91   37   38   136   121   74   15   22   63   44   144   33   11   68   155   120   15   50   21   44   15   128   64   123   138   74   21   74   14   107   18   72   58   62   152   114   29   13   122   26   30   116   144   96   97   41   171   82   92   22   104   126   97   63   111   12   64   85   18   128   53   109   66   42   117   46   107   33   64   80   80   85   31   103   35   103   56   64   69   86   161   163   56   21   22   46   42   48   111   55   165   55   63   83   129   69   136   74   164   113   159   67   89   111   144   107   22   81   25   108   86   3   33   4   166   74   43   41   139   140   38   24   110   92   95   25   64   122   6   48   134   181   166   105   55   70   78   59   113   76   107   113   21   47   6   22   36   35   103   68   61   36   12   17   21   78   110   16   68   16   21   106   62   137   42   112   18   33   5   36   
167   192   228   209   103   98   67   56   31   83   217   49   4   6   175   265   192   238   101   303   53   42   93   224   51   109   64   125   12   29   141   7   29   216   259   119   89   69   120   79   280   34   56   127   67   150   40   146   67   34   44   60   189   119   233   128   38   10   45   220   61   156   33   199   57   231   37   36   257   26   10   217   86   185   193   82   295   124   92   20   79   246   146   134   144   44   133   144   80   202   78   205   95   63   170   83   51   13   43   63   159   37   96   194   65   132   118   69   152   172   147   240   191   45   1   122   103   61   223   17   278   94   45   55   223   82   286   162   186   156   178   73   155   57   222   137   36   104   78   145   230   21   70   161   177   85   32   45   191   249   36   111   102   175   186   19   217   223   78   100   231   70   235   182   77   158   51   121   5   145   4   231   64   79   48   61   55   69   183   35   126   132   50   29   45   195   155   16   135   68   79   163   29   200   85   176   80   72   36   35   
170   195   231   179   210   234   14   34   37   23   147   23   76   89   188   296   176   105   80   305   110   44   40   149   73   192   56   135   30   10   154   29   16   103   208   166   68   68   107   51   217   47   39   126   74   49   21   146   62   62   25   150   154   7   258   132   22   54   27   114   68   176   76   152   154   178   7   33   185   34   30   183   190   217   186   75   304   44   30   17   149   227   166   106   206   31   130   152   69   230   23   171   45   19   194   83   121   33   84   113   123   100   86   136   33   28   77   17   157   125   240   285   159   38   19   106   79   24   217   57   225   101   60   109   129   116   256   156   270   46   57   108   124   142   250   195   50   27   47   180   193   21   53   144   70   125   12   65   242   252   16   78   5   135   124   4   174   168   62   126   254   187   271   188   94   117   52   126   98   86   88   205   52   88   43   66   67   57   116   80   159   144   34   36   40   138   55   28   114   66   86   85   78   236   65   194   67   35   28   61   
159   140   198   179   366   443   135   168   118   188   95   47   207   259   148   262   111   289   26   203   195   119   109   95   103   307   25   191   102   39   117   97   105   202   77   299   140   68   39   35   54   128   70   80   366   205   54   144   55   101   61   290   114   286   221   90   25   180   59   210   97   194   145   135   315   56   66   25   92   100   64   43   357   243   112   37   208   162   154   73   253   108   142   39   293   36   87   112   72   205   134   36   91   110   166   52   228   67   142   181   36   200   72   61   60   232   62   117   133   50   354   275   137   14   56   70   46   72   139   123   2   77   209   187   146   151   123   105   360   228   268   146   5   293   215   269   96   163   85   183   125   37   21   234   255   171   107   85   263   164   109   119   236   32   81   58   154   36   105   236   215   378   236   129   93   61   231   102   269   93   261   88   40   76   56   78   165   14   89   148   240   209   76   42   17   105   198   49   34   77   126   131   171   222   18   158   70   106   56   116   
81   93   106   56   250   308   91   96   67   109   49   30   136   173   104   179   54   212   17   146   131   64   79   59   64   204   16   94   63   25   92   62   64   127   39   169   63   31   37   25   59   73   28   59   238   135   25   68   21   68   27   197   20   178   153   68   15   118   26   103   49   109   95   21   221   41   39   9   42   57   45   61   235   143   76   26   158   95   108   42   167   84   106   20   183   9   55   84   23   146   76   55   62   62   127   39   159   48   97   122   30   135   25   50   32   139   28   77   75   34   240   195   34   9   36   23   4   50   91   84   95   56   123   127   94   100   78   60   241   138   183   98   48   189   159   171   54   101   34   132   31   18   10   101   184   112   67   58   181   125   64   42   151   39   47   37   31   60   43   127   147   265   182   97   67   16   139   62   179   52   172   63   7   53   22   40   90   16   64   102   133   104   34   25   11   21   123   30   32   33   62   91   109   161   16   118   21   52   24   70   
68   83   90   39   235   292   91   92   63   106   62   32   130   166   94   162   45   219   21   134   123   59   81   72   59   190   16   81   60   25   86   59   61   134   48   153   57   25   37   30   72   68   25   54   231   138   24   56   16   64   26   186   7   175   139   63   17   113   25   108   42   95   89   15   211   53   39   7   58   53   43   65   220   127   69   25   146   97   109   40   156   80   98   25   167   8   48   77   16   134   75   60   66   61   118   36   151   46   91   114   38   127   18   61   34   138   34   78   65   44   224   180   19   9   34   17   10   51   82   79   105   51   116   120   105   92   73   52   222   140   186   91   54   177   146   156   49   102   33   122   21   16   14   87   188   103   65   54   166   115   62   38   150   48   58   36   16   71   37   115   133   252   170   90   62   26   133   54   171   59   164   61   2   48   17   34   83   18   74   96   118   90   31   23   11   31   126   27   34   27   54   97   102   148   20   109   14   51   22   65   
128   155   176   118   206   241   38   33   33   25   100   18   86   107   153   244   130   120   58   245   107   34   44   105   63   179   42   98   34   9   129   35   24   73   151   136   36   49   83   37   161   41   19   101   117   56   6   108   43   59   8   153   103   58   212   108   15   68   9   55   50   138   74   95   166   130   9   23   129   30   33   142   185   175   145   58   248   28   51   17   141   177   140   77   178   18   101   125   45   193   10   132   38   7   166   67   124   36   82   107   90   101   60   99   18   33   50   31   121   90   221   243   106   28   22   75   54   25   170   61   180   82   61   106   91   102   194   119   241   39   82   97   97   140   211   169   41   30   20   156   134   14   38   90   97   111   26   58   208   204   21   40   54   101   86   14   112   128   35   98   208   199   233   153   80   80   61   99   114   56   104   156   34   73   27   50   54   43   84   81   126   105   15   29   30   88   45   25   86   46   63   66   77   201   48   163   43   5   15   55   
59   35   67   138   196   263   140   140   86   176   189   64   143   187   11   13   77   363   64   58   104   85   138   199   41   146   28   100   74   46   19   71   89   277   159   161   113   32   53   74   189   87   63   27   302   241   54   64   33   49   59   169   119   274   4   20   41   134   58   265   50   59   81   150   201   157   68   16   200   71   42   117   197   68   55   30   47   188   171   58   127   90   15   85   116   39   34   15   54   15   137   116   126   110   25   17   135   44   74   87   109   119   51   160   80   241   108   128   37   131   157   41   122   24   39   62   71   91   58   77   182   7   154   98   241   53   121   49   133   255   306   55   103   171   19   101   55   180   89   39   130   23   49   164   298   65   95   31   62   48   94   113   231   122   165   53   151   163   84   136   8   238   43   28   17   115   183   23   188   151   187   102   41   2   39   33   110   38   176   85   113   110   66   11   20   159   235   24   72   42   67   197   103   32   57   13   58   106   44   63   
36   59   50   21   204   262   97   91   59   111   96   39   120   156   70   119   30   247   32   101   106   54   93   106   46   160   16   56   56   29   69   56   61   164   75   123   55   11   38   42   104   61   27   42   227   156   27   26   3   54   29   166   27   184   103   49   22   107   28   139   30   61   77   43   193   81   43   2   97   49   39   76   191   87   52   21   115   113   119   39   132   71   77   40   131   13   33   60   9   102   82   73   79   66   95   29   135   42   79   97   57   113   1   88   44   152   53   85   39   68   187   139   19   12   32   13   26   59   60   72   127   38   109   104   138   74   68   34   179   158   206   74   68   155   114   123   40   114   41   97   32   12   24   72   207   83   66   44   130   90   62   44   158   68   87   37   33   96   35   94   97   230   138   70   49   50   129   35   159   81   154   61   9   35   12   21   74   22   101   86   88   64   32   16   11   64   145   23   42   14   38   120   90   116   30   85   12   57   21   54   
101   117   138   168   64   114   114   101   55   138   218   62   79   109   97   132   139   330   88   190   32   57   127   228   10   27   49   84   45   41   80   43   63   268   223   82   97   45   92   83   252   52   59   81   206   214   48   93   48   11   53   69   158   215   119   78   43   81   52   259   39   76   28   179   100   208   57   26   245   44   21   179   67   80   130   60   180   170   145   40   31   178   74   117   27   42   86   83   65   98   115   173   121   92   88   53   59   23   23   19   144   49   72   191   78   202   121   108   89   163   24   105   156   37   21   94   92   83   146   37   249   53   98   30   252   13   215   108   23   223   267   8   139   68   112   20   29   155   86   59   185   18   64   145   262   7   69   8   65   157   69   112   183   160   190   40   186   209   77   81   120   117   120   111   32   145   123   70   105   160   108   177   54   40   40   34   69   58   195   34   66   88   57   10   34   187   213   7   111   48   54   197   44   91   76   94   67   93   38   24   
32   23   33   103   188   252   126   122   75   154   162   57   132   173   18   31   55   328   54   50   99   73   125   172   37   140   23   76   67   41   33   65   79   243   133   137   93   21   46   65   163   76   52   24   274   215   46   40   23   48   50   161   92   244   28   23   35   123   48   227   38   39   75   119   192   134   60   11   170   62   40   102   184   50   42   25   54   165   154   51   121   75   33   71   106   31   23   23   40   38   119   101   112   96   46   16   130   42   71   85   93   112   36   139   69   212   92   114   15   113   154   63   92   20   35   46   58   81   42   73   165   12   136   95   211   52   97   32   132   225   275   55   92   158   47   94   47   159   74   52   99   19   42   130   270   63   85   32   71   47   83   92   207   106   143   47   117   143   67   114   22   228   70   31   24   96   162   7   174   130   172   84   32   9   30   23   95   33   155   81   92   85   55   10   16   131   208   22   62   30   52   175   94   53   49   34   44   91   36   56   
116   146   161   111   171   202   44   17   19   24   120   26   68   86   142   222   127   153   63   232   88   18   57   126   51   148   43   79   24   14   121   26   18   108   161   100   25   44   84   45   176   26   18   96   96   80   10   96   40   49   10   126   105   61   195   102   20   53   11   90   40   120   59   100   140   143   14   22   147   18   28   148   148   151   140   57   235   52   62   10   115   175   129   82   147   19   96   117   42   176   24   139   53   17   153   64   104   30   68   89   99   82   57   115   29   52   61   40   111   102   186   219   104   29   17   74   58   35   163   50   193   77   38   88   120   87   194   114   205   67   107   83   105   109   194   141   29   47   26   140   136   10   42   70   119   93   22   50   184   194   14   41   60   111   104   13   114   142   28   70   190   168   215   145   72   90   40   91   91   74   82   157   35   66   23   42   33   45   104   67   99   83   11   25   30   101   73   19   90   40   50   90   59   182   53   151   41   16   11   41   
88   88   114   171   129   188   136   130   77   170   223   68   117   155   64   77   122   370   84   142   69   77   142   233   23   87   43   99   64   47   51   61   81   295   212   130   115   43   81   85   242   75   67   62   270   245   56   86   45   30   61   121   155   262   71   56   46   114   60   286   48   67   56   183   151   201   67   24   245   62   32   163   136   66   106   51   129   194   169   53   81   151   40   112   66   45   69   56   66   51   137   159   133   110   48   40   97   34   47   52   139   86   69   192   86   239   125   127   71   162   83   42   155   34   32   88   90   93   117   58   234   35   136   64   268   19   189   90   53   258   307   23   132   126   61   52   45   180   97   18   177   23   63   170   299   29   88   11   9   116   88   124   222   155   194   50   188   203   88   117   74   179   65   79   11   144   164   53   153   169   155   156   53   23   44   35   97   53   202   59   94   107   68   8   30   191   242   17   102   49   65   213   78   39   74   56   70   109   45   46   
155   176   209   146   258   299   39   63   55   54   84   6   114   140   175   284   145   80   57   273   136   57   27   84   80   226   45   135   50   4   145   49   40   22   150   191   65   61   86   28   151   65   31   112   160   34   15   133   52   74   19   193   116   84   246   120   9   91   20   39   69   172   96   108   204   124   14   27   117   49   41   141   238   216   161   63   277   13   45   30   179   189   160   76   227   21   114   141   57   223   27   130   16   24   188   74   154   44   102   133   85   130   71   84   8   47   41   27   143   80   274   283   124   29   30   84   55   14   190   77   168   94   97   133   54   126   208   134   296   31   62   119   91   185   242   213   59   27   30   182   148   22   36   137   75   137   39   71   248   226   38   58   70   93   69   20   131   115   55   144   240   246   264   171   94   77   98   115   149   37   139   165   39   84   38   64   86   43   61   101   170   145   31   36   32   86   18   33   87   61   87   31   104   233   45   185   54   27   26   75   
147   175   202   176   113   122   57   35   17   61   189   42   20   29   161   245   170   210   89   276   58   27   81   195   47   110   57   104   1   25   132   3   18   184   229   96   68   60   108   69   249   20   44   115   52   127   31   127   57   36   34   73   162   92   215   118   33   14   35   182   51   138   35   168   79   205   29   31   225   15   15   195   91   166   175   74   272   102   81   11   81   222   138   118   133   36   120   133   68   188   61   185   83   48   161   76   63   18   47   65   141   45   83   171   55   105   101   58   136   151   148   226   163   40   4   106   89   52   201   25   253   87   21   59   193   79   256   145   180   127   154   72   140   59   208   128   28   86   63   139   199   16   62   127   156   82   23   44   181   229   24   89   82   156   162   15   184   199   62   77   213   95   224   168   73   137   27   109   30   124   21   207   55   73   39   52   37   62   160   41   106   108   38   26   40   167   129   15   121   57   65   141   29   189   75   165   67   56   27   30   
169   188   228   234   41   10   101   94   52   130   255   64   40   58   166   244   201   316   111   296   24   61   123   263   42   66   67   136   33   40   130   28   54   279   286   127   116   72   125   94   311   52   71   125   152   207   53   151   71   19   59   12   211   192   215   123   47   50   59   283   66   151   18   230   19   258   54   38   296   42   4   231   47   173   195   85   284   171   132   36   46   252   132   149   118   53   133   136   91   182   114   221   123   92   152   81   5   6   19   35   178   12   104   224   84   194   140   100   151   196   93   209   214   49   12   132   117   81   223   7   302   89   85   24   275   63   300   165   139   219   250   53   170   45   200   110   41   149   100   122   252   25   79   193   243   64   58   32   160   242   62   137   162   196   220   34   247   250   97   115   215   19   208   175   66   180   103   119   52   178   61   243   72   73   56   62   77   74   219   6   127   143   66   26   47   228   211   14   145   74   87   206   30   175   94   161   92   100   46   34   
196   216   262   204   267   300   17   67   60   56   137   15   109   130   210   336   191   43   80   334   141   66   17   137   90   241   59   168   49   5   170   46   37   74   211   220   90   79   111   45   212   71   48   137   135   17   27   170   70   79   32   195   166   64   291   145   19   84   33   110   85   209   100   164   199   176   13   36   180   53   40   185   249   258   202   80   334   38   11   31   190   241   186   107   256   34   143   168   79   261   36   172   28   32   217   90   154   42   106   141   120   131   96   126   29   46   72   7   178   120   295   326   176   39   29   115   81   10   238   76   217   112   100   139   106   140   271   171   328   40   1   132   119   192   282   240   67   23   55   206   207   28   53   183   23   153   32   78   282   275   37   92   45   130   114   15   191   160   78   169   286   241   303   206   107   117   96   142   141   75   131   215   56   100   51   79   98   58   101   102   201   180   45   43   42   140   35   36   116   79   108   61   108   269   64   217   77   45   37   82   
57   19   60   111   244   314   135   141   90   171   146   57   159   204   36   83   38   334   42   20   129   88   127   156   57   191   13   108   80   42   38   77   90   243   102   187   108   29   25   59   130   93   57   5   313   223   49   60   26   64   54   203   84   267   67   16   34   144   52   230   55   82   98   115   233   107   64   11   147   75   48   69   239   105   8   10   38   172   162   59   162   31   51   56   161   32   10   26   44   72   129   71   112   104   64   5   162   51   93   114   75   141   37   121   69   228   85   121   37   96   213   111   90   13   43   39   50   83   11   90   128   18   163   123   202   80   53   19   197   236   287   81   72   202   75   146   62   168   78   83   84   24   34   158   280   94   95   47   121   21   94   99   225   85   129   53   114   118   78   152   62   278   96   23   40   82   189   24   208   125   205   47   29   23   36   37   118   23   143   103   136   120   62   19   9   121   215   30   42   40   73   171   119   89   39   50   47   98   42   75   
133   161   184   166   88   101   68   44   18   73   191   46   22   36   147   220   160   233   87   256   44   26   90   198   37   86   54   90   9   27   122   10   26   197   224   73   67   54   104   71   246   17   44   107   82   142   32   115   53   28   35   57   156   114   194   109   34   24   36   192   43   121   25   164   70   202   33   29   224   14   13   190   65   144   163   70   252   113   93   15   61   211   125   116   106   36   111   122   64   169   69   180   89   55   146   71   52   16   37   51   140   33   78   172   58   121   103   68   123   151   119   202   155   39   5   101   88   58   187   21   250   79   27   46   202   66   244   135   149   143   175   59   139   36   188   104   21   98   64   123   191   14   61   118   176   67   32   37   158   212   31   89   101   155   165   19   178   199   59   61   192   83   203   155   65   136   42   100   33   129   29   198   53   66   37   46   31   60   165   33   86   93   39   22   38   166   143   10   118   52   56   150   16   169   74   150   64   60   26   20   
195   217   262   206   254   283   8   60   55   49   147   19   100   118   210   334   194   62   83   336   134   62   24   148   87   231   60   165   44   7   169   41   32   89   219   211   88   79   113   49   222   66   48   138   116   29   27   169   70   75   32   184   170   51   289   145   21   75   34   119   83   206   94   169   186   184   12   37   190   49   37   191   235   254   204   82   335   43   9   28   181   245   185   111   248   36   144   168   80   258   35   178   35   30   216   91   146   39   101   135   126   123   97   135   32   42   78   4   178   127   284   322   180   40   26   117   85   15   240   71   227   112   91   132   119   136   277   173   318   44   19   127   125   180   280   232   64   25   56   203   212   27   55   180   32   148   27   76   277   277   33   93   32   137   123   12   196   169   78   162   285   226   301   207   106   123   86   142   129   83   119   220   58   99   51   78   93   60   111   97   195   176   44   42   43   147   44   35   120   79   106   72   101   266   67   216   77   46   36   78   
111   142   156   108   164   196   47   17   17   29   122   27   66   85   138   215   124   160   62   227   84   15   60   128   49   141   42   73   23   15   118   26   18   114   160   92   22   42   83   46   177   23   17   94   97   86   10   92   39   47   11   121   103   67   189   99   20   53   12   95   37   114   56   99   136   143   16   22   148   16   27   147   142   144   137   56   230   57   66   9   110   172   125   82   139   19   94   114   41   170   28   138   55   20   149   62   101   30   66   85   99   79   55   117   30   59   63   43   107   103   179   212   102   29   16   73   58   37   159   48   193   75   35   85   124   84   191   111   196   74   114   79   105   104   188   134   26   52   27   135   133   9   42   64   125   89   23   48   177   190   16   40   65   111   106   13   111   143   26   63   184   163   209   141   70   90   39   88   89   76   80   155   35   64   22   40   28   45   107   65   92   77   11   24   30   101   79   18   89   38   46   94   56   177   53   147   39   19   9   39   
222   238   294   235   310   348   34   93   77   85   145   16   134   159   231   373   211   10   85   365   165   85   8   142   104   279   64   199   63   9   185   58   52   83   225   264   113   91   118   46   221   90   60   150   181   40   35   194   79   91   42   228   186   107   322   158   20   105   43   133   100   238   117   187   232   185   24   41   191   68   46   194   292   294   220   87   363   58   25   42   222   259   205   114   296   40   157   184   92   288   57   180   26   49   238   98   179   49   123   163   126   155   109   129   34   82   78   24   199   125   338   362   200   42   35   127   89   10   260   89   220   123   130   160   108   160   294   189   373   73   39   150   122   229   310   276   82   48   68   229   229   34   56   221   21   175   47   89   316   300   54   111   79   135   119   23   218   163   96   205   317   280   332   225   119   126   129   158   172   81   162   232   63   111   61   92   123   61   101   119   238   214   57   49   45   155   56   43   123   92   129   58   130   297   67   238   89   62   46   98   
88   121   126   87   144   180   62   33   18   52   126   33   66   88   117   180   106   194   60   196   73   10   73   134   38   118   38   46   25   20   103   28   27   138   151   60   16   32   76   49   172   18   16   82   119   111   15   71   31   40   15   110   91   99   159   86   23   57   15   115   23   87   49   91   130   138   24   18   148   14   26   138   122   111   119   50   199   77   83   14   92   154   107   78   108   18   80   98   32   144   45   130   66   35   129   54   93   29   57   72   96   72   46   119   37   89   66   57   87   102   151   179   87   26   17   63   55   46   137   46   189   64   39   74   140   69   170   94   162   103   146   66   103   90   161   106   16   73   30   115   118   4   41   36   154   72   33   40   147   165   27   38   91   109   110   19   97   142   18   36   155   155   181   122   59   87   52   73   89   85   82   140   30   54   15   28   17   43   115   59   61   47   12   19   27   100   104   14   83   27   28   109   49   150   51   126   32   30   6   29   
44   74   68   91   124   176   101   84   47   114   160   50   90   121   66   90   83   283   62   128   63   43   108   170   16   85   32   30   44   34   64   44   56   213   154   58   62   19   65   63   183   45   38   55   199   179   35   39   24   30   37   108   96   186   83   55   33   86   36   193   13   21   46   113   138   149   47   14   175   38   28   130   113   25   84   40   129   136   128   34   72   122   61   82   46   27   53   60   35   76   92   126   99   74   77   37   91   31   47   54   104   73   39   143   60   167   88   93   45   119   99   92   91   25   24   56   61   70   93   50   192   37   88   62   195   34   142   64   85   182   229   36   106   95   91   46   21   128   59   62   114   9   45   79   229   36   62   22   70   110   59   72   161   117   141   36   112   157   46   51   80   163   109   78   31   101   111   39   120   120   118   120   33   28   20   8   53   41   149   56   25   32   39   5   23   128   173   10   78   20   20   157   56   80   55   74   37   69   24   28   
69   65   84   74   260   325   113   120   81   141   85   42   153   195   80   146   26   267   16   99   137   78   100   94   64   209   5   103   74   33   73   72   78   178   34   185   85   29   18   38   64   86   42   38   281   176   37   63   20   70   40   209   37   224   124   49   23   135   39   161   53   101   101   61   236   49   52   7   76   68   48   38   249   133   44   12   114   131   134   52   173   41   87   20   184   19   34   63   30   122   102   37   84   83   106   26   168   51   100   125   36   144   24   71   49   183   51   98   59   51   241   169   49   3   41   15   20   65   56   90   86   42   147   132   139   97   25   36   235   185   232   96   45   204   131   169   60   133   55   117   28   21   15   130   229   111   82   56   165   86   80   69   189   44   78   45   61   68   60   144   118   283   154   70   59   38   167   47   200   82   194   22   13   43   28   40   107   10   93   107   141   115   48   24   3   63   166   32   16   36   69   125   119   138   19   95   30   75   33   76   
104   83   126   127   307   380   132   150   102   173   103   49   182   230   96   179   58   302   19   118   163   100   114   109   81   251   8   145   90   39   80   86   95   210   49   240   117   46   9   42   61   108   59   45   334   207   48   97   36   83   54   247   77   269   150   55   27   161   52   203   74   137   121   103   275   54   63   15   94   86   56   9   299   175   58   15   128   159   154   65   209   44   100   27   229   29   48   72   51   144   126   15   97   103   119   30   196   59   118   149   37   171   46   78   60   221   64   115   85   58   287   199   94   5   49   41   34   75   76   106   59   50   182   157   161   117   48   57   283   222   269   115   32   247   151   209   78   159   75   137   76   29   19   185   261   134   99   67   197   97   99   99   225   41   91   54   111   62   85   190   144   329   171   79   69   53   206   64   237   99   231   28   27   52   42   56   138   5   105   126   186   159   65   31   6   92   197   39   8   55   96   143   145   161   19   108   51   96   46   95   
155   165   204   145   306   362   73   103   79   104   35   14   152   188   169   283   129   135   39   253   162   80   48   28   90   262   37   154   71   16   139   68   64   60   107   233   88   62   70   6   95   89   41   102   239   92   27   135   51   86   32   234   100   160   243   112   3   126   31   72   79   181   117   95   251   78   33   25   65   68   51   105   289   229   144   53   258   67   81   46   212   161   158   52   257   21   105   134   57   223   66   94   30   55   186   68   186   54   120   155   53   160   67   37   18   115   18   59   140   43   312   288   115   22   40   73   40   30   173   96   114   90   140   157   15   139   173   123   328   103   130   133   60   230   239   239   73   77   42   188   125   27   22   165   130   154   65   78   261   209   65   70   131   57   25   34   120   66   69   178   237   302   263   160   96   50   149   111   197   14   188   135   34   83   42   69   115   31   9   121   198   167   44   39   26   61   81   40   65   64   101   34   132   236   28   180   54   52   35   92   
68   75   87   53   247   309   100   105   71   122   68   36   141   179   88   156   35   239   16   119   130   68   89   78   62   200   11   91   66   28   81   65   69   152   33   168   70   26   29   32   62   76   33   47   254   154   30   58   17   67   33   198   16   197   133   57   19   123   31   130   47   98   95   35   223   45   45   6   59   60   46   51   234   130   58   19   133   112   120   46   164   63   94   19   175   13   42   72   22   129   87   47   73   70   114   32   159   48   96   119   33   135   19   62   40   158   40   87   62   43   233   176   30   6   37   12   10   57   71   85   93   47   130   126   117   95   52   45   229   159   206   94   48   190   140   163   54   115   42   121   11   18   13   107   205   107   73   55   167   103   70   51   167   42   63   40   35   65   48   129   127   267   164   81   61   26   149   51   184   67   178   44   6   46   22   37   94   13   80   102   129   101   39   23   7   42   143   29   25   31   61   108   110   145   17   103   21   62   27   70   
96   128   137   119   101   133   71   42   16   70   161   42   48   69   119   176   124   228   72   207   50   14   87   170   28   83   44   52   19   26   102   22   30   178   183   29   44   38   86   62   207   10   31   87   113   137   26   81   38   28   27   77   119   119   156   90   30   46   27   163   24   85   31   126   99   169   32   22   187   11   20   159   78   104   131   57   207   103   96   15   62   172   104   95   80   27   88   100   45   139   63   152   83   49   124   58   68   22   41   52   117   49   57   148   50   115   86   68   93   127   112   167   115   31   12   78   70   56   149   33   217   64   33   52   178   55   196   105   127   134   174   51   120   53   156   81   6   93   50   104   148   7   51   71   178   55   36   32   130   174   32   64   106   131   140   22   133   171   39   20   154   117   173   127   54   111   52   77   67   111   63   161   40   53   24   30   10   50   144   42   48   52   27   16   31   134   133   8   97   34   31   137   27   141   62   124   46   49   17   13   
113   117   145   99   288   350   95   112   80   122   26   28   155   194   127   219   78   205   13   179   152   78   76   33   79   240   20   127   73   25   108   71   72   120   38   210   83   45   41   17   34   88   38   71   264   136   30   98   34   80   34   226   54   194   187   82   12   133   33   108   66   143   111   56   249   21   42   15   5   68   51   57   274   184   95   33   189   99   110   49   196   100   125   17   224   16   71   100   40   175   83   49   58   69   149   47   180   54   112   142   15   155   43   23   32   149   20   80   101   9   282   233   70   10   41   41   13   48   116   95   74   67   144   147   78   120   100   81   287   144   185   117   36   221   188   207   67   106   43   156   65   24   3   141   183   135   74   69   217   149   73   61   162   21   27   40   72   33   60   161   181   298   212   117   79   8   160   80   202   43   194   76   18   64   33   54   111   15   45   117   170   140   44   32   14   28   124   36   32   49   84   81   127   191   8   140   37   61   33   85   
181   202   244   241   72   47   91   86   49   120   253   61   28   38   180   269   210   296   113   316   40   59   115   261   50   92   69   144   28   38   142   22   47   267   291   138   115   77   130   92   314   50   70   133   126   193   51   161   75   27   57   33   216   172   236   133   46   38   58   274   70   165   27   233   16   261   50   40   296   40   1   237   69   193   206   89   305   161   120   32   66   264   145   151   141   53   142   147   93   201   107   226   117   86   168   87   24   4   31   51   180   22   108   223   81   179   139   92   162   196   124   236   219   50   9   136   118   76   237   5   306   96   77   40   267   76   312   174   170   205   231   66   172   54   221   132   43   139   98   139   259   25   80   197   224   79   51   40   184   259   56   136   145   197   218   30   252   251   97   121   235   20   230   188   74   181   91   128   34   174   44   252   74   80   57   67   76   76   215   19   139   151   65   29   49   228   199   17   149   78   92   198   32   196   95   177   94   95   46   38   
53   81   79   103   113   164   102   85   47   116   169   51   86   117   70   95   92   289   66   137   57   44   110   179   11   74   35   36   43   35   66   43   56   220   165   54   66   23   70   66   195   44   41   59   197   184   36   47   28   27   39   100   106   188   87   59   34   83   38   202   16   29   42   123   130   159   48   16   186   37   27   138   102   30   92   43   137   140   130   34   64   131   62   87   34   29   58   63   39   78   95   133   102   76   77   39   85   29   43   48   111   68   44   150   62   171   93   95   52   126   87   91   101   27   23   63   66   71   101   47   201   39   87   56   204   29   154   71   72   187   234   31   111   88   93   35   20   131   63   60   126   10   48   87   233   30   62   20   65   117   60   77   162   124   148   36   124   165   50   51   85   154   110   83   30   108   110   44   115   126   114   129   36   29   23   13   53   44   156   52   24   39   41   4   25   137   178   9   84   24   24   163   52   80   58   76   42   72   25   25   
91   81   111   98   285   354   117   131   90   151   80   42   165   210   95   173   46   270   10   120   151   87   101   87   74   233   7   124   80   34   82   78   84   180   21   213   97   38   16   35   44   95   48   46   301   181   40   82   28   77   44   229   52   237   146   57   22   145   43   168   64   123   111   74   255   35   55   11   68   75   52   22   275   159   57   15   132   137   138   57   193   49   99   14   210   22   46   73   40   140   108   20   84   88   119   31   182   55   110   138   26   157   35   62   50   192   50   102   76   43   268   193   68   1   44   28   21   66   73   98   65   50   161   146   135   110   40   52   265   193   239   108   33   226   149   193   69   139   60   133   48   25   12   154   234   125   88   63   188   101   87   79   199   32   72   48   80   53   70   166   140   306   172   82   67   35   182   59   216   81   210   27   19   50   34   49   121   4   88   117   165   137   54   28   5   66   171   36   5   46   83   124   131   157   13   108   39   81   38   86   
160   183   218   215   54   41   89   78   41   111   236   58   25   40   163   241   191   287   105   288   28   50   111   244   41   71   64   123   24   36   130   20   44   253   269   110   101   68   120   87   293   41   63   121   122   185   47   142   67   21   52   20   196   164   212   121   43   37   52   255   59   144   16   211   28   243   47   36   275   34   5   220   44   167   188   81   278   152   117   29   48   242   132   140   115   48   128   134   83   181   99   210   112   79   153   79   21   8   24   40   167   10   97   209   76   169   129   89   144   183   102   211   198   46   8   124   109   73   215   3   288   87   66   30   252   65   286   158   144   194   223   56   161   31   200   109   35   132   89   125   236   22   74   172   219   66   48   34   162   237   52   123   140   184   203   28   228   236   86   99   211   32   210   172   67   167   82   115   33   163   41   232   67   72   50   58   63   70   202   15   115   129   58   25   45   210   189   12   138   68   78   188   20   176   89   161   84   87   40   28   
67   101   99   76   131   172   76   51   26   75   135   39   72   97   98   146   93   226   59   168   65   20   85   144   28   101   35   21   30   25   88   32   37   164   147   37   29   24   71   53   172   24   22   71   146   136   22   53   25   35   23   104   86   131   130   74   26   65   22   141   10   61   44   91   129   138   32   15   153   21   26   132   111   79   104   45   172   98   99   21   80   138   90   77   80   20   68   84   28   119   62   126   78   49   110   47   89   29   51   63   96   69   39   125   44   117   72   70   69   106   127   147   80   25   18   57   54   54   117   45   187   53   54   66   158   55   155   80   130   131   176   53   102   84   135   81   11   93   39   96   109   1   41   32   181   57   43   33   119   143   38   45   116   109   119   25   93   145   23   19   127   153   155   105   49   89   72   59   97   96   92   129   29   44   13   18   24   41   125   55   33   20   20   13   24   105   128   11   79   19   11   126   47   125   51   107   29   44   11   24   
37   34   43   110   175   238   126   121   73   154   171   58   127   167   22   22   66   332   59   66   92   71   126   181   32   128   26   74   65   41   33   63   78   249   145   129   94   22   52   68   176   74   53   30   269   218   46   44   25   44   50   152   101   243   24   28   37   119   49   234   37   34   70   127   183   145   60   13   181   60   38   112   172   40   53   29   65   168   155   50   111   89   29   78   93   33   31   27   43   30   120   111   114   97   42   20   123   40   66   78   101   106   40   147   71   214   97   115   22   121   139   50   100   22   34   53   63   82   55   69   177   14   133   88   219   45   112   42   115   227   278   49   99   149   42   82   44   160   77   44   111   18   45   131   273   55   84   28   57   58   82   95   207   114   150   47   126   153   69   109   20   217   64   38   20   103   159   15   168   136   166   96   35   8   31   22   92   36   162   77   86   82   56   8   18   140   211   20   68   31   50   180   89   43   53   33   47   92   36   52   
144   169   196   137   223   259   31   41   40   28   102   14   93   114   167   266   143   98   61   265   117   42   35   105   70   196   46   116   38   6   139   38   27   59   160   158   49   56   88   36   168   49   26   109   121   39   10   122   49   64   13   165   116   52   231   116   14   72   15   54   59   156   81   108   176   136   6   26   134   36   35   149   202   195   158   63   268   14   42   21   154   190   151   81   199   21   110   135   53   209   7   138   31   8   178   72   133   38   89   116   94   110   68   100   16   20   51   23   134   92   241   263   120   30   24   83   58   19   185   65   184   89   71   115   84   112   209   130   264   19   63   106   100   154   228   188   48   17   26   169   148   18   40   113   79   122   26   64   227   220   24   51   47   104   87   13   128   131   45   117   226   212   250   165   87   85   69   109   122   54   112   168   39   79   33   57   66   46   81   87   146   124   22   33   32   95   28   28   91   54   74   57   86   218   50   176   50   14   20   62   
134   155   183   194   17   51   101   87   46   124   230   60   49   71   134   193   169   310   98   246   3   51   120   239   25   27   57   103   32   39   108   30   52   262   251   87   98   58   108   86   277   43   61   104   161   200   48   120   58   7   52   23   180   188   172   103   43   57   52   258   49   113   6   198   55   230   52   32   264   37   11   204   11   128   163   72   236   161   131   33   12   216   107   131   72   46   110   112   75   145   107   195   117   86   124   68   26   14   8   15   159   17   86   203   78   185   127   98   120   176   51   164   180   42   14   111   102   79   186   17   273   72   78   8   255   41   257   136   89   208   245   34   153   28   161   68   29   143   88   95   215   19   70   157   241   39   58   22   119   203   60   118   160   175   199   34   210   226   81   84   172   62   170   146   51   159   99   95   66   163   71   209   61   58   45   47   62   65   201   12   88   108   57   18   41   201   201   7   127   58   65   194   22   138   84   132   77   90   39   20   
69   103   102   54   164   208   69   49   30   65   107   32   84   109   103   162   84   199   49   169   84   23   74   115   39   132   31   37   35   21   94   37   37   133   122   75   12   24   64   43   145   32   10   70   151   116   14   54   22   45   14   128   66   119   143   76   21   73   13   104   20   75   58   63   151   115   27   13   122   25   30   117   144   100   100   42   176   79   90   21   105   129   99   64   113   12   67   88   20   132   51   111   65   39   120   47   107   33   64   80   81   85   32   103   34   99   55   62   72   86   162   168   59   22   21   47   42   46   114   54   166   56   61   84   127   70   139   77   167   109   155   68   90   111   148   110   22   79   24   110   88   4   33   8   162   75   42   42   142   144   36   23   106   92   94   24   66   123   5   48   138   180   170   108   56   70   75   61   112   75   105   116   22   49   7   23   34   36   102   68   63   39   11   17   22   78   106   16   69   18   23   104   62   141   43   115   19   31   3   36   
4   37   10   60   185   244   109   102   63   128   131   48   120   157   44   74   37   285   44   73   96   59   108   141   36   139   19   52   58   34   51   58   67   203   106   115   69   7   42   54   136   63   38   31   241   183   35   12   10   47   38   154   61   208   65   36   29   110   37   182   27   33   71   82   184   110   50   6   136   52   38   90   175   52   43   22   84   137   135   43   117   71   55   57   105   22   23   42   24   69   98   89   95   79   70   22   126   40   71   85   77   106   18   116   56   178   73   98   12   92   159   98   57   16   32   30   43   70   45   69   149   25   116   93   176   58   80   26   143   188   237   60   81   146   80   97   39   134   56   72   67   14   33   90   236   66   73   35   94   67   70   66   178   89   116   41   76   122   48   91   60   219   104   50   35   75   138   16   159   106   155   72   21   22   19   14   77   28   129   79   75   60   42   11   13   99   174   20   52   16   36   148   86   82   41   60   27   72   26   50   
82   105   113   47   223   275   74   72   52   81   57   25   115   147   112   185   71   183   30   167   116   48   67   67   58   184   24   77   51   19   99   51   50   103   76   139   39   30   51   27   93   57   14   68   195   109   15   66   22   61   16   174   35   139   160   76   13   99   15   70   40   103   83   18   196   70   30   12   65   44   40   87   206   136   92   35   177   72   91   33   148   110   110   39   166   0   64   92   18   151   55   80   53   44   132   46   142   43   87   110   50   118   28   63   24   106   28   63   80   50   220   197   37   15   30   34   20   42   109   73   124   60   97   114   85   94   111   72   224   106   151   91   65   162   165   156   44   78   16   131   56   13   19   69   157   103   53   54   177   142   49   17   121   59   53   29   31   81   25   102   154   235   189   109   67   35   109   67   152   45   144   90   11   55   15   36   70   25   65   91   113   85   20   24   17   28   96   26   50   28   51   79   92   163   27   125   15   34   15   59   
99   106   128   79   270   330   92   103   74   114   33   29   145   183   117   201   67   206   14   164   142   71   76   43   72   223   19   111   68   24   101   66   67   120   35   190   72   38   39   20   45   80   33   66   250   133   27   84   28   74   30   212   38   184   172   76   13   125   29   101   58   127   103   39   235   29   40   13   21   63   48   58   255   165   86   30   175   95   108   46   182   93   117   16   205   12   63   93   32   162   78   51   59   64   139   44   170   51   105   133   22   145   35   35   31   142   21   77   89   21   262   216   53   9   39   33   6   48   105   89   84   62   133   138   83   111   89   72   266   139   181   108   42   205   175   190   61   102   37   145   49   21   6   122   181   124   70   64   201   138   68   51   155   29   34   38   53   46   51   145   166   282   199   108   74   3   149   72   190   45   183   70   13   59   27   48   101   15   52   110   152   123   39   29   13   17   121   33   32   42   74   83   118   177   12   130   29   56   28   78   
21   21   13   77   202   265   119   115   72   143   137   51   133   173   33   64   32   304   43   48   106   69   115   147   42   154   17   71   66   37   43   64   75   218   104   138   83   14   37   56   135   74   45   21   266   198   40   28   14   52   44   169   68   229   55   26   31   121   42   200   36   46   79   93   199   109   55   7   141   60   41   84   194   64   29   18   62   150   145   48   130   57   48   57   120   26   12   32   31   62   109   83   102   88   63   15   137   44   77   93   77   117   23   119   61   196   78   106   8   94   173   93   67   15   35   31   45   75   27   75   143   19   132   102   186   63   69   15   156   206   256   65   79   163   70   109   46   146   64   71   70   17   34   114   252   73   81   38   96   48   78   78   195   88   122   45   89   122   58   111   49   237   94   36   34   78   156   8   175   114   171   62   23   19   25   21   91   27   135   86   94   80   49   12   12   107   189   23   49   24   49   157   96   77   40   51   34   82   32   58   
191   208   254   193   294   336   38   83   70   74   107   6   130   157   205   332   178   37   69   320   155   74   10   104   95   260   54   172   59   5   166   56   49   38   183   236   92   77   100   33   179   81   47   131   180   28   27   166   67   85   32   218   151   101   287   139   12   104   33   86   87   209   111   147   227   148   19   34   147   61   45   164   275   260   190   74   321   36   36   38   207   222   184   92   269   31   136   163   75   259   44   151   8   39   215   86   173   48   116   153   101   148   91   99   20   67   56   25   173   97   315   327   163   35   34   105   70   4   225   87   186   109   120   152   68   146   248   162   343   51   46   138   102   215   279   251   73   36   50   209   188   29   44   185   49   160   46   82   288   263   49   87   78   109   87   23   175   132   78   181   281   273   302   199   108   98   120   138   168   53   158   196   51   99   50   80   109   51   71   114   210   185   46   43   38   118   31   39   103   78   111   29   122   269   54   213   72   47   38   90   
