10 50
300 300 300 300 300 300 300 300 300 300 
700.000000 700.000000 700.000000 700.000000 700.000000 700.000000 700.000000 700.000000 700.000000 700.000000 
49 29 23 40 18 17 48 13 15 31 16 31 14 44 23 39 33 45 40 43 38 26 47 34 24 32 28 26 20 13 27 22 14 42 31 37 45 20 38 21 25 13 19 42 10 21 37 27 17 49 
260.000000 580.000000 335.000000 415.000000 363.000000 624.000000 677.000000 382.000000 101.000000 567.000000 
239.000000 484.000000 212.000000 347.000000 276.000000 507.000000 554.000000 354.000000 162.000000 462.000000 
418.000000 34.000000 369.000000 240.000000 603.000000 173.000000 409.000000 782.000000 566.000000 603.000000 
557.000000 386.000000 258.000000 474.000000 349.000000 228.000000 90.000000 540.000000 607.000000 240.000000 
346.000000 180.000000 455.000000 179.000000 694.000000 365.000000 593.000000 850.000000 519.000000 746.000000 
161.000000 522.000000 348.000000 336.000000 441.000000 598.000000 691.000000 490.000000 14.000000 628.000000 
288.000000 338.000000 33.000000 281.000000 258.000000 323.000000 374.000000 422.000000 320.000000 357.000000 
568.000000 636.000000 302.000000 603.000000 73.000000 548.000000 436.000000 186.000000 505.000000 183.000000 
379.000000 523.000000 181.000000 442.000000 120.000000 489.000000 467.000000 240.000000 316.000000 317.000000 
392.000000 28.000000 329.000000 219.000000 564.000000 157.000000 387.000000 742.000000 535.000000 569.000000 
672.000000 646.000000 363.000000 666.000000 218.000000 516.000000 340.000000 340.000000 642.000000 54.000000 
268.000000 652.000000 504.000000 451.000000 576.000000 746.000000 847.000000 587.000000 155.000000 774.000000 
122.000000 319.000000 376.000000 117.000000 582.000000 464.000000 643.000000 700.000000 295.000000 701.000000 
295.000000 423.000000 99.000000 338.000000 204.000000 410.000000 434.000000 345.000000 276.000000 355.000000 
344.000000 712.000000 502.000000 525.000000 519.000000 779.000000 846.000000 493.000000 180.000000 730.000000 
143.000000 242.000000 262.000000 59.000000 484.000000 357.000000 523.000000 622.000000 296.000000 585.000000 
393.000000 486.000000 140.000000 428.000000 108.000000 436.000000 405.000000 274.000000 356.000000 268.000000 
29.000000 401.000000 310.000000 205.000000 474.000000 501.000000 632.000000 567.000000 148.000000 626.000000 
656.000000 551.000000 335.000000 611.000000 294.000000 399.000000 200.000000 458.000000 664.000000 96.000000 
654.000000 812.000000 466.000000 738.000000 237.000000 748.000000 648.000000 61.000000 538.000000 381.000000 
235.000000 155.000000 249.000000 84.000000 487.000000 268.000000 451.000000 646.000000 378.000000 553.000000 
329.000000 585.000000 285.000000 451.000000 256.000000 594.000000 610.000000 276.000000 203.000000 467.000000 
640.000000 482.000000 328.000000 569.000000 354.000000 317.000000 104.000000 533.000000 673.000000 187.000000 
517.000000 604.000000 263.000000 559.000000 23.000000 529.000000 440.000000 180.000000 453.000000 213.000000 
329.000000 200.000000 149.000000 229.000000 383.000000 184.000000 311.000000 562.000000 423.000000 412.000000 
524.000000 284.000000 274.000000 409.000000 432.000000 113.000000 132.000000 625.000000 607.000000 354.000000 
318.000000 80.000000 345.000000 135.000000 586.000000 255.000000 476.000000 751.000000 477.000000 626.000000 
516.000000 195.000000 337.000000 367.000000 532.000000 25.000000 237.000000 724.000000 630.000000 474.000000 
79.000000 426.000000 288.000000 241.000000 432.000000 509.000000 622.000000 518.000000 108.000000 595.000000 
414.000000 107.000000 284.000000 261.000000 508.000000 88.000000 309.000000 693.000000 539.000000 496.000000 
458.000000 387.000000 140.000000 414.000000 235.000000 281.000000 222.000000 428.000000 485.000000 213.000000 
758.000000 516.000000 467.000000 653.000000 524.000000 332.000000 124.000000 702.000000 816.000000 345.000000 
28.000000 374.000000 338.000000 170.000000 519.000000 492.000000 642.000000 620.000000 200.000000 660.000000 
167.000000 234.000000 215.000000 94.000000 442.000000 326.000000 479.000000 586.000000 299.000000 537.000000 
504.000000 495.000000 192.000000 496.000000 138.000000 394.000000 293.000000 328.000000 492.000000 137.000000 
502.000000 584.000000 243.000000 540.000000 9.000000 510.000000 425.000000 197.000000 443.000000 209.000000 
475.000000 612.000000 267.000000 541.000000 72.000000 559.000000 498.000000 147.000000 392.000000 289.000000 
226.000000 239.000000 403.000000 97.000000 631.000000 408.000000 614.000000 770.000000 401.000000 718.000000 
94.000000 392.000000 244.000000 218.000000 402.000000 466.000000 576.000000 501.000000 142.000000 555.000000 
422.000000 507.000000 162.000000 456.000000 80.000000 449.000000 401.000000 256.000000 380.000000 245.000000 
303.000000 145.000000 202.000000 174.000000 441.000000 190.000000 361.000000 614.000000 422.000000 478.000000 
139.000000 459.000000 270.000000 286.000000 385.000000 522.000000 612.000000 460.000000 83.000000 559.000000 
362.000000 104.000000 411.000000 180.000000 651.000000 288.000000 519.000000 817.000000 528.000000 686.000000 
519.000000 286.000000 267.000000 406.000000 424.000000 118.000000 132.000000 617.000000 600.000000 347.000000 
494.000000 701.000000 364.000000 598.000000 200.000000 671.000000 626.000000 113.000000 368.000000 411.000000 
88.000000 463.000000 400.000000 258.000000 552.000000 580.000000 720.000000 627.000000 161.000000 713.000000 
468.000000 467.000000 156.000000 461.000000 141.000000 375.000000 297.000000 334.000000 460.000000 172.000000 
72.000000 349.000000 356.000000 142.000000 550.000000 480.000000 644.000000 659.000000 244.000000 681.000000 
370.000000 574.000000 248.000000 466.000000 179.000000 560.000000 551.000000 223.000000 269.000000 392.000000 
68.000000 344.000000 348.000000 138.000000 543.000000 474.000000 637.000000 652.000000 242.000000 673.000000 