30    200
441      2186
218      1663
390      2169
502      2410
165      1353
390      2215
70      909
107      1077
57      854
218      1581
363      1932
387      2132
269      1659
134      1289
165      1345
343      2057
195      1404
185      1518
215      1656
377      2149
165      1438
208      1568
431      2348
215      1663
296      1947
154      1412
205      1578
84      963
343      1907
215      1488
30   33   9   14   32   27   30   11   33   26   5   7   9   18   32   25   23   21   35   5   24   5   13   5   28   12   22   11   31   14   9   21   5   19   8   22   26   35   9   30   29   31   28   26   28   30   33   25   9   22   22   8   27   5   21   29   21   23   5   34   10   35   6   33   26   19   9   10   33   29   15   25   19   5   14   16   10   8   30   33   12   8   25   18   9   8   22   7   31   32   7   24   19   16   9   23   16   20   34   16   5   13   12   18   9   26   15   21   23   10   22   31   33   6   7   26   7   32   26   12   5   17   5   20   10   11   17   8   29   22   20   11   34   20   24   6   14   35   31   14   30   26   5   6   21   24   7   14   16   7   10   31   19   5   25   24   19   15   25   11   32   14   14   24   18   28   9   28   17   19   14   25   16   23   32   21   20   28   16   22   21   17   8   29   31   8   7   29   10   23   23   5   25   30   12   9   28   11   18   8   
143   30   24   46   173   151   209   52   205   195   35   40   10   126   212   142   51   188   180   31   114   22   98   6   187   35   161   33   124   103   29   142   7   14   50   145   201   61   29   75   185   214   200   195   68   39   76   108   48   155   125   64   106   17   22   121   65   180   14   229   62   132   43   175   83   104   17   43   199   156   96   183   90   21   45   101   45   45   67   85   63   41   26   116   10   19   25   53   118   244   24   44   42   28   1   121   132   123   213   20   14   82   76   71   37   132   120   119   84   18   48   133   188   37   35   178   50   241   197   53   26   143   13   37   88   45   57   27   61   168   92   65   196   27   53   27   73   78   231   73   86   34   35   18   101   157   69   86   4   44   68   255   50   19   188   33   139   115   165   29   245   51   40   135   145   130   87   132   92   99   27   176   45   31   65   57   37   194   146   117   118   47   41   277   304   50   22   165   63   64   133   35   90   56   43   63   179   79   128   33   
84   84   6   45   122   131   164   72   141   108   36   52   22   83   281   193   120   156   78   43   151   8   80   15   112   5   103   67   54   66   50   111   22   68   23   142   125   57   5   177   194   169   237   184   88   106   170   100   66   164   159   65   173   30   57   178   31   128   28   243   53   238   28   158   42   88   13   59   255   181   125   180   25   5   31   49   30   58   138   160   54   61   63   158   32   21   93   36   56   181   11   104   103   26   31   93   129   115   113   34   28   45   40   123   39   122   84   90   124   19   117   189   117   18   19   184   56   177   157   12   27   127   19   92   80   10   25   40   52   155   117   88   94   50   75   17   27   56   135   25   20   79   43   33   114   123   61   79   50   49   76   205   14   11   107   109   154   106   134   51   196   92   7   134   103   206   78   161   90   130   43   122   81   100   102   115   103   251   132   130   112   51   51   239   272   41   7   170   87   90   110   25   20   126   14   37   90   82   161   13   
146   66   33   41   166   134   196   35   200   216   29   29   18   126   159   100   71   176   198   22   76   29   91   15   194   47   165   18   136   105   40   133   2   18   57   123   209   106   36   60   151   201   156   170   115   87   110   92   33   127   90   54   61   9   57   73   96   178   6   186   56   82   44   151   122   93   28   27   146   117   71   155   110   27   47   112   45   32   20   32   57   27   65   86   24   19   50   54   164   237   26   77   21   46   13   113   113   105   228   43   6   87   82   43   29   112   119   111   50   33   64   83   189   42   36   146   40   235   185   66   20   129   8   61   78   54   82   15   78   148   63   47   214   39   44   27   89   129   246   87   123   78   27   8   77   146   63   74   31   35   55   241   70   20   204   17   112   101   152   12   230   30   54   111   145   85   80   94   77   68   51   174   66   9   118   78   48   147   132   90   100   42   30   258   278   46   32   133   46   101   120   33   109   100   59   66   196   65   98   37   
81   146   41   26   67   25   78   35   92   177   11   26   37   70   167   108   164   88   145   28   66   32   38   30   121   56   101   58   104   63   74   51   23   83   50   36   140   170   38   184   52   78   113   64   193   187   240   21   36   57   73   26   116   21   117   96   128   98   23   78   15   194   26   16   162   19   44   28   127   53   69   60   105   29   37   86   22   27   109   116   11   41   131   99   55   22   135   31   205   118   22   165   98   73   44   36   53   22   156   80   22   57   59   93   8   7   68   37   62   54   154   94   98   33   21   57   23   117   81   65   3   57   12   138   37   50   106   21   106   57   44   50   154   77   68   14   88   194   175   79   154   156   22   23   24   53   34   16   82   16   28   115   87   13   155   117   64   39   52   35   101   72   63   17   82   144   42   51   7   60   91   90   126   104   212   161   131   147   65   29   12   39   18   136   148   14   40   29   56   173   30   15   104   207   72   43   146   28   90   29   
167   74   24   67   206   190   244   75   235   186   44   55   22   138   279   194   56   213   189   41   163   17   114   3   200   34   172   53   142   110   21   166   17   53   46   182   208   68   30   121   238   251   257   237   11   28   74   146   67   196   170   78   161   28   23   181   43   198   24   292   76   197   46   224   53   130   17   63   268   212   127   226   81   18   60   100   55   62   129   153   80   57   35   153   10   30   42   58   79   274   29   33   78   34   20   149   159   154   222   26   24   86   78   106   52   172   130   143   131   13   59   197   214   37   40   225   64   270   227   48   34   167   22   36   103   45   38   43   89   203   132   88   203   55   93   33   63   56   234   67   75   19   46   30   140   185   79   108   29   58   88   290   51   23   185   80   176   138   196   51   282   79   42   175   158   186   100   186   120   138   1   196   30   78   1   52   55   252   169   157   152   73   57   315   348   60   16   216   83   19   164   39   95   36   32   66   179   99   165   37   
119   214   42   82   146   162   162   103   139   4   42   71   57   63   372   266   212   140   93   59   217   18   77   35   74   53   64   108   119   42   85   112   41   141   10   168   58   199   37   295   240   168   299   202   193   227   302   151   93   198   216   75   264   48   142   267   106   95   46   298   60   367   19   206   132   110   50   88   342   245   167   207   52   17   70   20   44   79   244   275   69   88   164   212   68   47   182   24   147   151   30   200   176   90   67   117   142   139   70   99   46   29   20   187   59   165   59   105   193   59   206   281   122   7   24   222   69   147   146   36   36   128   35   173   82   35   83   65   159   167   170   120   72   126   155   26   37   194   47   31   140   184   55   54   160   128   58   95   114   62   94   183   90   21   20   203   188   113   142   88   183   143   62   172   73   302   75   230   118   181   97   100   143   188   227   199   183   329   131   175   142   103   70   219   260   45   33   220   118   176   131   23   95   246   53   20   39   98   208   28   
18   145   29   37   36   69   75   66   41   96   25   47   37   30   262   180   172   92   41   42   135   21   41   28   41   38   45   77   44   29   74   50   28   95   26   93   68   143   23   222   139   78   200   119   169   181   248   65   62   122   140   48   179   32   109   171   95   60   32   180   27   265   11   90   121   44   36   55   227   143   115   123   57   17   30   36   10   51   157   175   27   62   122   151   54   24   141   16   148   83   13   164   125   62   47   37   90   71   50   72   32   17   21   132   28   74   40   34   118   46   165   177   17   14   1   133   45   79   78   36   19   80   20   141   53   25   77   39   93   97   101   82   48   79   87   6   51   156   82   40   109   146   38   36   87   54   41   47   83   37   59   111   62   6   77   143   122   66   63   55   99   101   42   88   50   213   52   133   58   116   82   46   123   129   192   166   143   232   86   98   69   51   43   152   182   19   29   118   85   157   52   10   56   203   50   17   59   60   145   10   
120   134   43   31   118   72   130   16   148   212   14   15   34   100   117   67   142   122   187   20   26   35   60   28   165   61   137   41   133   86   67   87   17   68   59   58   182   168   43   144   62   132   86   94   185   170   210   48   21   59   41   29   69   13   108   45   132   138   15   82   32   137   36   74   167   52   44   10   79   29   47   80   121   32   45   107   35   15   72   71   31   27   123   69   49   22   116   43   215   174   27   148   72   73   38   73   65   50   205   77   15   76   76   63   12   52   94   73   24   53   131   40   149   40   31   66   19   173   126   74   6   81   8   122   49   59   110   9   109   85   10   32   199   72   60   21   99   195   222   93   163   145   16   14   15   95   43   37   72   14   25   168   93   18   191   90   56   58   95   20   156   48   69   44   114   95   54   10   31   29   86   133   114   79   200   142   110   106   85   22   45   40   8   179   189   28   42   47   39   163   71   24   121   187   77   57   184   31   65   36   
205   97   40   74   238   204   269   64   273   242   43   47   29   163   232   161   7   229   249   32   143   29   124   10   244   56   206   33   186   132   15   184   11   48   64   184   253   124   46   55   233   277   232   242   81   51   19   156   56   189   149   76   123   20   51   151   93   228   16   283   82   130   55   238   116   141   32   55   232   199   107   226   123   29   74   132   66   54   105   125   87   43   66   125   14   35   20   68   156   310   38   28   46   58   18   167   159   159   281   48   17   108   100   74   53   181   150   161   115   33   3   168   256   49   49   220   59   307   249   74   34   175   21   15   106   66   79   38   120   209   120   73   263   68   99   39   95   129   292   97   136   57   40   23   136   205   82   112   34   55   83   318   85   30   236   51   165   143   215   44   309   54   67   178   182   138   104   173   123   120   36   228   25   56   80   19   8   213   175   152   157   81   52   334   362   66   32   214   66   61   178   45   139   41   60   81   233   96   142   49   
235   134   46   93   275   242   307   85   309   248   52   60   39   180   293   209   36   257   273   42   187   29   141   13   266   63   224   54   213   143   1   211   20   77   65   219   271   147   52   111   282   316   284   283   72   68   43   192   73   227   190   90   174   30   64   205   93   251   25   341   96   196   61   286   115   168   38   73   294   250   136   267   127   30   89   139   77   69   158   184   104   59   85   159   20   45   51   74   150   345   44   36   82   70   31   196   185   190   303   60   26   117   107   109   67   219   165   187   156   37   42   225   289   51   56   264   72   342   282   77   42   200   29   30   121   72   78   52   150   243   155   94   285   92   133   46   96   140   309   101   148   69   50   34   171   235   92   133   52   67   101   357   96   35   246   94   199   166   248   63   350   81   75   216   200   192   118   222   150   155   35   253   9   96   77   21   46   266   199   189   189   104   67   374   408   77   33   262   85   43   210   50   155   46   61   87   247   115   176   56   
93   161   45   32   77   28   77   34   99   186   9   25   41   73   162   105   173   84   158   28   65   34   37   32   128   62   105   60   118   66   78   51   25   90   53   26   146   186   42   193   39   78   104   53   206   200   253   33   35   47   69   23   118   22   126   98   138   100   24   63   14   200   27   23   175   23   48   28   121   47   67   48   114   31   44   92   26   26   118   125   14   41   142   96   59   26   143   32   220   119   25   175   103   81   48   42   45   14   167   88   23   61   63   95   11   17   69   42   65   59   162   96   108   35   24   45   20   119   79   71   2   52   14   146   33   55   114   22   119   49   44   48   166   86   78   16   94   210   183   85   169   168   21   25   23   54   31   11   88   13   24   112   96   16   162   125   56   34   51   38   98   74   69   5   84   146   39   50   0   58   97   93   132   112   227   169   138   142   59   25   7   47   17   128   138   14   44   18   55   183   33   16   115   220   78   45   156   23   86   32   
102   183   50   41   81   29   67   40   97   189   7   27   47   71   172   115   189   72   168   30   78   37   30   35   128   68   103   68   130   64   84   44   28   104   55   13   144   208   47   213   35   67   106   35   224   220   276   48   39   42   77   19   135   25   140   115   150   93   27   57   11   222   26   34   189   25   53   34   131   58   71   34   121   33   51   95   29   29   139   147   16   45   159   103   65   31   159   31   236   109   29   192   116   91   54   46   35   2   170   98   27   62   64   106   18   30   66   43   80   65   178   113   111   36   26   38   20   109   67   75   5   40   17   160   26   60   123   28   137   33   54   52   172   100   95   18   99   232   184   90   185   185   22   29   36   47   27   4   99   13   23   96   107   18   164   142   54   23   43   45   83   83   77   14   79   161   33   66   12   66   107   89   143   128   248   184   152   149   48   34   11   58   20   108   116   12   47   25   59   198   32   14   127   240   84   45   160   19   89   35   
92   105   12   53   131   142   171   79   147   94   38   57   28   83   302   209   131   159   76   47   166   5   83   17   109   13   100   74   64   65   53   116   25   80   18   152   119   78   11   195   208   176   254   194   95   121   186   113   72   175   173   69   192   34   69   197   33   128   31   261   56   262   27   173   43   95   19   66   276   198   135   191   14   2   39   43   33   63   158   183   59   67   77   170   36   26   106   36   50   183   15   115   115   36   36   101   136   124   107   43   32   43   37   135   44   135   83   96   139   24   129   209   122   15   20   197   60   179   162   5   29   133   23   102   84   10   25   45   72   163   130   95   88   63   91   19   17   70   125   17   34   92   46   37   126   129   63   85   60   53   81   210   26   13   97   125   165   111   141   59   202   102   17   146   102   225   81   178   98   142   48   123   87   115   114   125   114   270   136   142   121   62   56   245   280   43   8   185   94   96   118   26   30   139   12   36   81   88   173   15   
133   199   57   50   117   59   99   33   135   219   3   21   51   92   142   95   193   86   205   26   65   41   42   38   160   78   128   65   160   80   87   67   29   109   64   16   174   230   54   212   4   101   75   39   239   233   284   67   32   17   59   12   124   24   150   103   166   118   26   18   23   210   33   67   209   46   59   30   101   41   58   23   140   38   63   113   40   22   140   146   29   40   172   87   68   36   165   38   262   143   35   200   115   101   57   72   28   25   209   107   26   77   77   99   22   52   82   67   75   71   181   100   149   43   33   10   12   144   93   87   6   46   19   166   27   70   136   27   157   41   47   43   210   110   105   24   113   255   219   104   209   197   16   28   35   74   28   20   106   6   12   123   122   23   192   145   32   28   70   45   114   78   88   27   98   146   34   57   23   53   114   117   149   131   264   189   155   122   51   27   31   68   15   122   123   21   53   24   51   210   58   20   150   251   94   55   192   8   71   43   
114   12   18   33   141   125   179   48   172   176   31   38   2   109   205   135   73   167   149   30   102   20   86   9   161   27   140   36   95   90   37   121   8   15   44   126   177   48   22   95   162   184   186   172   81   62   108   85   46   139   114   58   103   17   31   111   62   158   14   204   53   141   37   144   80   86   13   38   186   136   91   162   78   19   31   88   35   42   59   76   52   40   30   114   18   11   47   47   113   213   17   66   50   19   8   98   118   105   183   18   15   70   66   74   29   108   105   98   73   17   70   120   156   33   28   157   45   210   171   46   21   127   9   57   79   37   54   23   35   148   80   62   167   7   31   21   66   73   204   64   72   49   33   17   85   133   62   73   15   39   62   225   39   14   168   43   127   101   141   24   214   54   31   114   128   131   79   113   77   90   34   152   60   35   82   77   56   187   131   100   99   31   37   249   275   42   20   141   62   79   111   30   71   83   39   55   156   70   122   26   
178   245   70   71   163   98   133   40   178   255   5   22   64   114   138   100   221   97   257   26   83   49   54   45   197   96   155   75   207   97   98   92   34   134   76   43   206   281   68   241   44   136   60   53   279   273   324   105   35   16   66   4   143   28   180   125   197   143   31   37   35   235   40   116   248   73   72   38   104   70   56   34   169   46   84   135   55   24   174   182   47   43   207   86   80   47   192   47   308   176   46   231   135   124   69   105   22   53   256   130   30   95   94   111   35   92   98   96   99   86   206   125   195   51   43   29   8   178   117   105   14   52   25   191   27   87   162   36   199   53   66   44   259   138   139   33   134   307   260   125   254   233   14   33   63   104   28   39   127   10   10   148   150   30   226   172   18   36   100   58   144   88   109   63   117   160   34   87   49   62   134   147   169   158   309   214   178   114   51   55   62   92   22   129   120   31   63   68   51   241   90   26   187   290   112   67   231   8   64   55   
166   89   24   71   207   194   245   81   234   172   46   59   26   135   299   209   73   213   181   44   176   14   115   7   193   32   167   62   139   107   26   167   20   65   42   188   200   72   29   144   248   252   272   243   11   52   99   152   73   204   182   81   179   31   35   198   32   195   27   305   77   224   45   231   39   133   18   69   287   225   136   233   73   15   61   94   55   66   148   173   82   62   46   166   17   32   59   56   58   272   29   52   92   37   26   151   164   159   212   31   28   83   74   120   55   178   127   144   144   14   76   214   211   34   39   234   67   268   227   42   36   170   25   51   105   42   28   47   94   207   142   95   193   63   102   33   55   51   223   60   67   37   49   34   148   186   80   111   39   60   92   290   49   23   175   97   185   141   199   58   283   89   40   182   155   206   101   199   125   148   11   194   39   94   27   67   70   270   172   166   157   78   61   317   352   61   13   225   90   24   167   39   91   59   25   63   169   103   176   36   
86   197   50   47   59   30   24   55   61   162   12   37   51   48   217   150   204   47   143   37   110   35   12   37   96   67   75   80   121   46   89   15   32   116   49   39   111   214   45   242   75   23   144   44   230   234   297   60   52   69   108   26   168   31   148   152   148   61   33   101   4   264   18   50   187   23   55   47   178   99   93   56   112   32   52   80   26   40   167   181   16   56   168   129   69   34   173   21   231   63   28   204   135   94   59   37   44   26   137   103   32   49   52   129   25   46   45   28   107   67   194   153   82   31   21   70   29   64   30   70   12   31   22   172   24   55   121   37   144   33   81   68   143   108   109   16   92   235   148   81   183   195   29   35   62   17   22   15   108   23   37   54   107   17   136   162   79   23   9   56   38   99   76   45   53   198   28   102   31   92   111   56   152   147   257   198   167   189   41   65   31   66   32   82   98   4   47   66   73   205   21   8   120   255   82   34   133   32   115   32   
138   23   21   46   168   150   206   55   200   187   35   42   9   123   221   148   54   186   171   32   119   20   97   5   181   31   156   37   117   100   29   140   8   19   47   146   194   49   26   86   188   211   206   196   61   35   80   107   51   157   129   65   114   19   16   128   58   176   15   233   62   144   42   174   74   103   13   45   207   160   100   184   83   20   43   96   44   47   75   93   63   43   17   122   9   18   29   52   107   240   22   44   49   22   4   119   132   123   204   15   16   79   73   77   37   131   117   116   89   14   53   140   182   36   34   180   51   237   194   49   26   142   13   39   88   42   51   28   55   169   95   68   187   24   53   26   68   65   222   68   75   28   37   19   103   154   69   86   1   45   70   252   44   18   181   41   142   115   163   31   242   56   36   136   142   139   87   136   93   103   24   172   45   38   57   59   42   202   145   119   119   47   43   276   303   49   19   167   66   59   132   34   83   55   39   61   171   80   132   31   
166   295   75   88   146   110   86   81   134   201   20   51   77   75   279   204   272   19   224   48   168   47   28   52   142   100   102   110   204   63   116   64   47   173   65   82   139   316   70   328   130   89   187   73   311   323   395   134   72   101   155   32   238   45   210   226   206   79   47   157   34   357   26   146   258   79   81   72   243   166   122   87   157   44   93   110   54   57   253   274   52   75   241   165   96   58   238   28   313   94   48   275   189   141   86   103   50   76   200   149   46   73   74   176   51   121   55   87   169   96   259   232   159   42   38   112   39   98   60   100   25   27   36   231   17   83   167   59   229   54   131   91   214   167   180   33   124   335   188   113   266   271   37   52   117   78   6   51   155   36   52   55   160   31   170   232   103   36   77   87   70   137   115   107   64   267   9   173   77   135   151   93   199   214   351   260   226   240   21   118   88   117   50   3   30   27   66   135   94   272   89   16   187   344   114   48   184   47   146   53   
62   196   43   54   54   76   53   75   28   99   25   51   51   4   284   199   208   66   83   47   154   27   29   36   28   56   20   91   92   12   88   37   36   123   32   93   46   198   37   264   144   55   210   109   213   228   300   87   69   123   154   46   208   38   142   199   127   23   38   184   25   308   4   105   160   50   50   64   248   159   125   119   80   24   50   44   23   57   195   216   32   70   161   165   68   36   175   6   192   38   24   202   151   87   61   50   84   72   60   97   38   19   24   153   36   88   17   39   141   61   199   205   37   17   12   134   46   34   52   52   21   66   26   172   45   40   102   47   138   87   117   90   74   109   120   14   66   210   70   55   155   187   40   43   101   43   33   47   108   39   61   73   92   14   74   177   125   59   53   68   66   118   64   96   22   242   43   154   65   130   104   9   148   161   242   199   174   250   72   110   74   74   48   118   150   17   39   128   93   192   55   4   94   250   67   12   69   60   155   23   
129   141   46   35   126   78   136   13   156   219   14   13   36   105   108   60   144   125   197   19   19   36   62   29   172   64   143   41   142   90   68   91   18   71   61   59   189   177   45   145   60   138   78   94   191   175   214   55   19   57   35   28   66   13   113   41   138   143   15   78   34   134   37   81   174   57   46   8   69   25   42   79   127   34   49   112   38   13   75   74   34   25   128   64   51   25   119   45   223   181   29   152   73   77   39   79   64   52   214   80   15   80   79   61   14   58   97   78   24   55   134   34   158   42   33   64   18   180   130   78   7   82   9   124   49   62   115   9   117   86   5   29   209   76   66   23   104   204   231   97   172   150   15   14   17   100   44   39   76   13   23   173   98   20   198   93   52   59   100   22   161   47   73   47   118   91   54   5   33   24   89   138   116   82   207   144   112   97   86   22   48   45   5   181   190   29   44   49   37   168   75   25   129   192   80   59   192   30   60   39   
173   281   75   82   152   100   99   66   152   230   12   40   74   92   225   165   258   49   243   40   136   49   35   50   168   101   127   98   210   79   111   71   43   161   71   56   171   309   71   300   90   102   137   42   306   310   375   121   58   65   121   17   204   39   202   189   208   107   41   105   31   315   33   129   261   74   79   59   190   128   97   51   166   46   91   123   55   44   226   242   48   63   233   135   92   55   225   36   320   127   48   264   171   137   81   102   21   59   228   145   41   84   84   153   45   106   74   88   144   94   243   192   175   47   41   73   27   130   78   105   20   18   32   220   4   87   169   50   222   32   106   73   238   159   166   33   132   332   223   121   268   262   28   45   95   84   9   41   147   25   35   89   160   31   198   213   70   22   80   77   94   119   115   84   87   229   9   140   63   108   148   116   191   196   342   247   212   191   9   92   73   109   39   53   35   27   66   104   78   266   85   20   192   330   116   57   209   29   114   55   
39   121   29   16   35   36   75   46   65   142   18   34   30   54   204   135   153   94   95   33   91   25   40   26   89   41   79   61   59   50   69   48   22   75   39   64   112   133   26   183   94   76   152   92   165   165   223   19   46   89   100   37   133   24   99   120   102   84   24   127   19   209   20   41   130   21   34   37   168   92   87   92   78   22   20   64   8   37   112   123   12   48   110   118   48   16   123   25   165   105   13   149   99   57   39   18   72   44   112   65   24   41   43   103   12   31   58   25   77   44   145   121   60   24   12   94   33   103   81   48   10   70   12   126   46   34   84   25   77   78   65   62   107   62   56   5   68   155   137   59   117   135   29   26   49   49   39   30   71   26   42   117   64   6   123   113   91   53   54   37   102   78   45   51   71   165   49   82   31   81   78   72   115   100   183   151   124   181   78   60   38   29   28   149   170   14   31   71   67   152   31   13   69   186   56   32   109   44   113   17   
138   207   59   53   121   63   99   36   137   221   1   22   54   92   146   99   199   84   210   27   70   42   42   39   162   80   129   68   166   81   89   68   30   114   65   15   175   239   56   219   11   101   76   35   246   241   293   72   34   15   63   10   130   25   156   109   170   118   28   17   23   218   33   73   215   48   62   32   106   48   60   17   144   39   66   115   41   23   148   155   31   42   178   90   71   38   170   39   268   142   36   206   120   105   59   75   24   27   213   111   27   78   79   103   24   57   82   69   81   74   187   107   152   43   34   5   12   144   92   89   7   43   20   171   25   72   140   29   164   37   52   45   215   115   111   25   116   264   222   107   216   204   17   29   40   75   27   21   110   7   12   121   126   24   194   151   31   26   71   48   113   81   91   31   98   152   32   64   27   56   118   118   153   137   272   194   160   125   48   33   34   72   17   117   116   22   54   32   52   216   60   20   155   259   97   56   195   6   73   44   
101   238   55   70   88   91   54   82   62   121   25   55   62   23   301   214   237   45   131   50   170   34   24   42   60   73   35   103   134   20   100   40   41   146   41   96   59   245   49   298   151   57   218   105   251   268   342   109   75   126   165   45   231   43   170   222   155   8   43   190   29   341   8   126   195   62   62   71   264   174   132   117   105   31   68   62   35   61   227   249   41   76   194   175   80   46   203   6   234   20   33   233   172   109   72   70   79   78   100   119   43   35   38   170   44   105   8   56   160   75   227   229   80   24   22   137   47   20   40   68   24   57   31   198   39   55   125   54   175   81   130   96   117   135   148   21   84   258   92   73   196   222   42   48   114   51   27   51   128   41   63   46   118   21   93   205   127   55   58   79   51   131   83   107   8   265   35   172   73   141   123   26   170   188   286   226   199   262   61   121   84   93   52   89   122   20   49   141   99   224   68   6   128   290   83   20   100   60   162   34   
131   100   38   32   140   101   162   19   173   216   21   19   25   113   123   70   109   149   192   19   39   32   75   22   179   54   151   26   132   96   55   109   10   44   59   89   196   138   39   101   104   165   113   130   154   132   164   66   22   90   56   41   45   8   85   35   116   158   8   130   44   95   40   109   147   71   36   12   99   69   52   116   116   30   44   110   39   21   29   23   43   23   96   69   38   18   86   48   192   205   26   116   45   60   26   91   88   76   216   61   8   81   79   44   18   79   107   91   13   43   100   38   168   41   33   104   28   204   155   70   13   104   5   94   63   57   97   2   90   116   30   34   206   53   43   23   95   164   235   90   144   114   20   6   44   119   53   55   53   23   38   204   82   19   198   56   81   79   123   5   192   32   61   76   129   74   66   48   52   40   70   153   92   47   163   112   81   114   108   54   71   35   17   218   232   36   37   88   38   135   94   28   114   147   69   61   191   47   74   36   
139   68   33   37   157   124   186   31   191   213   27   27   18   122   152   94   80   168   192   22   69   29   87   16   188   47   159   20   131   101   43   126   4   22   57   114   204   109   36   69   140   190   147   160   122   95   122   84   31   118   83   51   56   8   61   65   98   172   6   174   52   85   42   139   125   87   29   24   136   106   67   146   109   27   44   109   42   30   10   22   52   27   69   83   27   17   58   52   167   227   25   85   26   47   15   105   108   98   221   45   6   84   80   43   26   103   115   105   42   34   72   74   181   41   35   136   37   225   176   65   18   122   6   68   75   53   83   12   76   140   56   44   208   38   38   25   89   133   240   86   124   84   26   7   69   138   61   69   34   32   51   231   70   19   200   26   105   96   144   8   219   30   54   103   139   83   76   83   70   62   54   167   72   17   126   85   56   141   126   81   93   37   27   247   267   43   32   122   45   108   113   32   107   109   60   64   191   61   93   36   
140   69   16   59   179   171   218   75   205   155   42   55   20   120   284   197   80   195   151   42   161   12   103   6   170   22   149   59   112   95   32   149   19   56   37   170   179   44   21   142   226   225   254   221   29   54   110   131   68   188   169   75   168   29   27   182   19   175   25   279   69   215   40   204   24   117   10   63   268   204   128   213   59   12   49   82   47   61   133   157   72   59   34   158   17   26   60   50   47   244   23   59   87   24   22   131   151   143   184   20   26   72   65   114   48   157   115   126   130   7   81   197   182   30   33   214   62   240   205   34   32   155   21   57   96   33   19   42   71   189   128   89   165   49   85   27   47   20   199   51   42   35   46   31   133   165   74   99   33   55   85   263   33   19   157   90   171   129   177   51   255   85   27   163   140   197   94   180   111   137   14   172   48   85   38   76   73   256   158   150   140   65   56   292   325   54   8   203   86   42   147   35   70   69   18   56   147   94   166   29   
134   179   53   45   122   66   116   23   146   223   7   15   46   99   119   74   175   104   206   22   43   40   51   35   168   74   136   55   156   86   80   78   25   95   64   33   183   212   52   185   22   118   64   62   223   212   258   61   25   27   41   18   99   19   137   76   157   131   22   32   27   178   35   71   198   50   55   20   76   15   47   46   137   37   58   114   39   16   115   118   31   33   157   73   62   32   148   42   250   161   33   183   99   93   50   75   42   35   215   98   21   80   80   83   18   52   90   72   55   66   163   71   155   43   34   29   11   161   110   85   5   61   15   151   37   68   130   20   143   60   28   34   213   98   91   24   111   238   228   103   197   181   14   22   21   86   35   27   95   4   11   146   114   22   198   125   32   41   83   36   136   65   83   30   108   121   43   32   24   36   105   128   137   112   245   172   139   103   66   11   36   59   8   148   151   25   50   24   43   195   65   22   144   230   90   58   195   15   60   42   
