30    200
202      1517
409      2154
179      1536
373      2111
168      1417
71      1010
329      2005
186      1442
370      1984
404      2194
381      2005
352      1997
79      913
258      1611
71      953
245      1724
184      1386
97      1123
406      2129
288      1781
140      1312
375      2105
273      1718
168      1427
46      749
391      2078
127      1154
168      1345
406      2115
161      1429
32   24   8   9   15   28   35   16   14   33   33   6   31   11   6   28   29   30   24   24   25   11   22   33   9   32   10   27   10   15   30   16   34   32   35   20   14   5   30   7   21   31   16   28   32   28   5   25   20   26   28   30   15   26   23   22   6   13   11   16   17   33   26   22   22   12   8   14   7   10   32   11   14   19   30   32   20   19   27   16   15   8   15   32   11   8   14   14   11   15   28   5   14   23   9   11   13   16   27   13   34   26   35   20   28   29   12   25   23   30   5   28   10   30   23   25   6   12   29   12   21   24   11   18   31   23   27   34   12   5   30   15   12   25   17   19   21   34   23   16   13   32   7   18   18   21   23   12   34   16   18   13   21   30   8   23   9   28   16   12   14   32   21   26   23   22   27   17   6   6   27   29   29   9   22   25   15   5   10   34   34   12   10   7   19   22   27   32   24   15   17   16   35   30   28   31   28   19   6   17   
120   139   53   19   91   101   250   98   10   128   222   15   179   65   23   117   78   104   176   159   120   57   86   129   42   99   42   113   46   70   188   79   135   276   48   113   73   23   186   26   93   145   65   71   124   144   27   103   98   91   66   212   16   104   113   141   18   45   54   87   85   94   96   138   124   45   44   91   8   61   249   88   72   66   164   127   128   115   85   83   115   34   22   220   32   28   45   53   60   79   106   28   49   126   52   49   70   99   111   42   99   64   128   52   195   47   10   125   86   225   31   108   54   44   18   138   23   85   221   76   98   42   59   99   207   136   65   156   38   22   83   65   69   205   86   54   56   104   11   52   35   41   24   99   87   103   50   54   166   46   101   67   141   203   18   141   24   46   91   37   58   132   55   58   104   17   52   112   32   20   139   50   109   13   152   83   48   14   29   112   160   1   56   28   126   75   182   174   141   39   24   106   63   172   152   73   50   51   33   104   
115   71   32   11   69   85   149   93   35   113   127   20   90   34   9   112   8   114   106   88   194   29   73   219   52   190   15   86   54   30   104   38   66   185   73   124   53   17   150   21   32   136   81   111   80   166   14   67   112   36   142   135   56   33   97   76   29   24   32   60   50   94   26   132   73   11   33   56   28   33   155   56   36   48   165   147   74   73   158   64   73   42   45   196   28   51   41   91   39   89   42   33   89   77   33   21   83   101   78   43   167   93   33   70   114   48   42   52   74   144   16   147   31   85   67   159   24   50   136   42   42   111   34   88   128   78   106   256   8   28   102   36   66   133   90   24   11   165   71   99   41   115   6   117   50   87   64   20   126   32   51   32   125   115   38   74   14   117   50   38   77   99   87   95   114   73   128   78   16   38   68   98   32   25   135   35   36   11   7   131   133   34   32   48   75   140   102   164   120   50   34   110   163   109   70   128   96   17   18   62   
82   89   25   50   2   211   157   39   72   261   194   45   120   65   17   237   137   247   115   121   249   69   172   320   40   246   53   206   39   85   106   98   86   162   159   76   10   5   20   52   81   276   150   225   222   115   13   177   75   149   188   88   88   135   34   116   53   82   78   12   119   104   132   55   44   46   68   38   44   34   176   55   85   45   300   287   132   143   244   134   64   32   104   337   77   73   103   134   84   58   84   23   111   167   13   64   61   52   49   101   186   107   129   78   162   165   69   103   53   111   24   133   20   139   121   109   51   68   154   44   117   181   76   28   88   154   125   332   60   21   232   31   120   124   166   110   105   300   130   136   46   175   25   85   32   28   161   61   35   49   106   75   218   150   66   120   54   212   103   91   66   242   172   201   216   146   209   23   37   51   79   211   151   60   231   146   40   33   37   279   49   69   22   68   59   191   138   307   225   114   102   63   236   226   120   154   206   103   15   120   
183   146   58   17   113   47   254   130   39   59   206   1   186   58   28   54   85   35   177   155   144   47   41   135   62   154   37   63   69   60   199   65   171   282   111   158   94   31   235   13   98   75   31   22   76   208   31   65   143   73   122   232   50   93   155   134   10   30   38   108   62   157   88   183   144   50   29   101   22   65   245   89   61   97   95   54   110   89   89   52   120   52   12   148   13   32   18   54   43   112   131   40   73   95   61   41   100   133   152   14   177   122   147   96   183   50   37   127   127   240   30   173   63   109   71   195   9   81   218   80   85   65   46   133   228   113   127   188   36   34   14   82   41   208   46   42   57   57   65   70   62   115   28   140   107   141   10   49   220   70   89   59   94   199   17   134   16   53   76   12   90   74   20   14   51   39   73   132   27   28   155   21   98   7   103   64   72   7   37   33   220   28   65   32   136   99   177   101   89   4   23   141   130   129   153   145   20   45   37   85   
86   175   58   60   65   243   295   34   68   297   306   47   230   98   32   264   182   265   209   208   184   97   197   262   7   166   76   245   8   122   221   137   174   297   163   11   58   19   116   61   141   308   152   223   272   8   31   219   13   197   126   214   69   194   66   192   50   102   101   74   156   112   187   49   129   75   82   95   34   72   301   100   122   74   325   300   192   191   205   160   126   8   104   385   88   59   117   111   108   5   153   2   72   221   49   90   6   23   107   111   100   78   211   59   261   185   56   180   73   237   41   48   57   122   106   2   55   111   268   90   171   150   103   48   216   218   81   246   83   4   245   74   132   228   177   137   137   286   113   101   40   135   40   8   92   64   172   92   128   67   158   111   249   260   58   197   65   189   147   100   20   288   169   200   229   135   175   96   53   37   172   208   213   61   265   188   58   39   55   295   107   63   60   53   136   143   236   343   262   120   110   23   174   296   212   97   203   130   37   166   
50   101   32   46   18   202   182   28   61   251   209   42   136   68   16   228   128   234   132   134   224   70   165   290   30   213   53   200   28   86   126   99   83   192   134   57   13   4   31   51   84   266   141   208   216   86   15   173   54   146   159   116   74   135   9   127   48   79   78   22   119   76   130   42   58   46   67   50   38   41   199   64   87   34   290   272   138   146   221   132   77   24   94   333   73   66   98   122   84   43   82   18   96   168   20   64   48   40   36   96   150   82   126   59   177   151   59   110   32   138   26   103   25   113   102   84   48   75   175   52   120   161   77   13   114   159   97   298   58   16   217   31   117   146   160   104   99   277   111   120   33   145   24   66   36   5   150   63   21   39   110   77   215   168   59   130   51   190   107   86   51   235   159   185   206   130   186   41   38   45   90   192   149   55   228   141   30   31   34   263   15   60   28   61   74   170   154   299   222   106   93   51   203   228   130   122   188   97   18   123   
28   119   42   33   53   161   218   51   30   202   220   31   156   68   16   184   96   181   156   148   164   65   133   210   22   137   48   165   21   79   155   91   89   237   63   60   39   11   104   41   84   219   110   151   178   74   20   145   46   120   93   163   38   119   48   136   35   64   68   51   106   16   112   74   87   42   59   70   21   50   229   77   81   27   240   213   137   136   156   113   97   15   64   291   56   47   76   88   75   40   79   16   64   153   34   58   40   53   51   74   76   19   114   11   190   101   30   115   25   183   29   58   37   43   48   77   38   81   202   63   110   103   71   47   160   152   34   217   47   11   162   40   98   178   130   81   74   203   57   82   2   68   21   57   54   45   108   58   80   22   108   74   188   188   41   137   39   126   102   66   31   194   116   132   165   81   122   75   36   31   109   132   128   37   200   114   18   24   26   201   66   33   41   44   99   117   170   250   191   78   62   61   118   208   140   50   130   74   25   118   
292   177   69   43   153   79   281   184   93   81   206   22   224   59   43   59   160   87   192   166   233   48   55   242   97   281   48   68   106   71   238   70   258   302   238   232   132   45   321   18   134   50   50   119   102   314   40   76   218   113   236   278   110   129   228   142   28   50   35   150   57   272   132   257   190   75   14   124   51   78   252   95   64   156   40   89   101   68   180   29   133   83   72   18   38   60   43   99   32   168   200   59   129   79   82   49   150   190   232   39   314   221   226   171   185   148   86   161   203   276   33   283   84   223   161   290   14   82   228   94   101   159   41   190   277   103   232   309   61   53   107   120   10   223   31   84   110   155   156   131   109   243   45   209   150   207   94   62   320   121   92   64   10   214   45   144   38   163   72   37   145   82   90   113   52   128   178   170   27   50   204   138   143   43   14   107   120   18   64   107   326   76   84   56   164   182   188   29   19   56   85   199   272   99   185   267   132   91   48   73   
100   38   18   29   43   137   102   76   53   175   114   31   52   35   3   164   66   173   76   69   229   38   113   275   50   228   25   133   51   42   57   52   24   136   112   112   31   10   103   34   22   194   112   166   135   155   5   108   103   78   172   79   74   62   73   64   41   47   47   32   71   94   60   107   30   13   45   29   37   17   121   41   45   37   221   210   78   90   204   89   49   40   74   248   49   64   68   115   53   81   18   31   105   102   15   33   79   87   49   68   187   103   35   76   98   103   57   36   60   92   12   151   11   112   95   148   36   42   105   24   58   149   45   67   69   90   120   304   28   27   161   13   88   97   122   61   52   231   101   121   43   149   7   111   18   63   109   27   80   32   57   39   159   88   52   63   32   166   59   61   77   155   128   146   158   110   172   45   20   46   19   153   70   42   170   78   31   20   15   198   96   52   13   60   41   171   80   221   159   80   66   97   207   141   49   147   149   54   6   73   
238   184   71   33   140   68   305   158   63   74   246   9   233   71   39   52   134   39   212   187   148   59   53   129   76   180   51   80   85   79   246   83   231   329   172   190   118   40   288   18   132   65   4   36   108   252   39   88   176   110   153   282   70   131   195   163   8   47   48   137   76   214   128   221   182   70   31   124   31   80   287   105   77   130   64   22   131   102   88   56   142   65   36   127   27   32   31   51   50   137   179   47   84   113   77   55   120   160   200   23   224   164   206   128   218   101   54   166   168   287   37   215   80   158   107   234   8   96   257   98   112   84   56   164   279   136   169   193   55   42   45   108   30   244   27   71   92   40   100   78   84   162   40   168   138   178   50   66   281   99   110   75   82   240   19   164   30   76   93   23   111   95   25   41   26   69   92   162   33   30   200   61   141   23   89   100   99   14   55   38   280   47   82   32   167   108   213   80   83   23   54   167   168   150   195   191   57   76   47   100   
233   168   65   29   134   46   280   155   62   46   219   8   212   62   36   27   120   18   194   169   166   50   34   155   77   196   43   56   85   68   226   70   216   305   167   190   113   38   279   12   119   38   13   44   83   253   36   67   176   92   163   263   73   113   190   146   12   38   38   130   62   209   111   217   170   63   24   116   33   74   262   97   65   125   48   6   114   85   108   42   132   65   36   105   20   38   21   62   40   137   166   48   92   93   73   46   121   159   191   14   231   164   188   128   196   92   56   149   163   267   33   218   75   157   108   236   3   86   235   90   96   95   46   160   260   116   171   218   48   42   35   102   23   226   19   60   81   65   102   88   83   166   37   169   130   173   43   58   270   94   96   64   66   218   24   147   25   88   79   15   113   67   33   45   14   73   105   154   29   34   184   65   121   22   74   84   95   11   51   22   271   48   76   37   155   122   192   56   63   20   50   167   181   123   176   195   61   66   44   85   
182   31   7   49   62   183   12   106   91   226   76   44   43   32   20   208   133   228   15   34   298   43   147   362   73   317   38   169   76   55   27   63   119   47   209   156   56   21   144   44   58   237   143   229   180   223   9   140   151   121   251   43   116   100   121   41   54   68   56   57   84   185   103   147   51   40   51   20   56   10   42   10   52   88   261   268   69   92   274   104   9   61   109   272   70   85   93   151   59   117   96   43   144   112   24   43   111   119   116   92   282   175   121   131   57   172   90   56   120   28   7   226   24   196   159   207   46   22   34   9   76   213   49   102   42   89   195   398   52   40   222   50   103   26   148   98   99   308   165   165   79   239   25   154   56   107   159   40   150   77   57   44   175   37   72   47   50   238   60   83   114   199   175   205   196   168   244   51   22   63   56   222   116   63   186   121   73   30   41   263   171   84   21   78   20   232   38   260   180   111   107   129   304   151   53   234   215   94   11   71   
186   31   9   49   65   179   5   108   92   222   70   43   41   30   21   204   132   225   10   29   299   41   144   361   74   318   36   166   77   53   29   61   121   48   210   160   58   21   150   44   57   233   141   227   176   226   10   137   154   118   252   49   116   97   125   37   54   66   54   60   81   188   101   151   54   40   50   22   57   11   36   9   50   90   257   264   65   89   273   101   11   62   109   267   69   85   91   151   57   119   97   44   145   108   26   42   113   121   119   91   284   177   121   133   51   171   90   55   122   34   6   229   26   197   159   211   45   19   28   10   73   213   47   105   48   85   197   398   51   40   220   52   101   26   146   96   98   305   165   166   80   240   25   157   58   110   157   38   155   78   54   42   172   31   72   43   49   237   57   82   116   195   173   203   194   167   243   55   21   63   58   220   114   63   182   119   74   29   42   260   176   84   22   78   24   232   33   256   176   110   107   132   305   146   50   236   214   93   12   67   
105   171   61   40   90   169   297   81   32   208   282   29   223   87   29   184   133   175   210   198   102   80   139   143   25   58   62   178   30   101   224   113   166   313   92   81   74   24   176   43   125   220   100   131   200   96   32   163   67   148   25   237   20   156   102   179   29   75   79   91   124   95   148   115   141   64   64   104   10   73   298   102   102   73   234   199   168   158   106   122   132   21   58   297   59   30   79   60   86   54   139   18   28   179   57   72   44   76   119   74   23   45   180   39   244   114   18   164   83   256   39   53   61   57   43   92   38   105   265   91   141   64   84   87   235   185   34   134   63   13   155   76   97   236   125   97   99   168   45   45   31   38   34   63   99   96   106   77   166   56   137   94   192   251   30   181   45   92   125   66   30   210   100   116   157   64   77   118   44   16   170   115   168   34   205   139   54   26   44   191   150   28   65   28   145   65   225   251   199   74   65   80   46   241   196   28   113   92   39   141   
59   154   51   53   54   222   265   28   59   273   278   44   203   89   26   244   158   245   189   187   183   88   181   254   8   162   68   224   4   109   196   124   144   271   138   16   47   15   97   56   122   286   143   207   247   17   27   199   4   176   119   190   62   172   48   173   47   92   92   61   142   85   165   42   110   65   76   84   31   64   274   90   110   57   305   280   175   175   196   148   113   5   94   361   80   57   107   107   99   7   129   6   72   202   42   80   15   22   84   102   92   61   181   45   237   164   50   159   53   213   37   44   48   103   92   24   51   101   243   79   153   141   93   36   191   198   67   244   73   4   225   61   124   207   166   122   120   268   100   98   30   119   34   22   76   48   157   82   100   54   143   99   233   235   55   177   58   176   134   92   19   264   157   184   214   123   164   83   48   36   148   190   188   55   248   168   45   35   46   273   79   56   52   52   120   139   213   320   244   110   98   28   162   271   187   84   186   115   32   152   
201   38   15   47   76   167   25   119   93   206   43   42   46   22   22   191   130   212   13   14   299   34   134   357   78   322   33   152   82   46   46   52   133   63   214   171   67   24   172   40   57   216   135   219   161   241   12   124   165   109   256   75   118   89   139   22   52   61   48   70   71   199   94   166   68   40   44   34   57   16   21   13   41   98   240   251   49   75   270   91   23   65   106   244   65   84   86   149   50   127   104   46   146   93   32   37   120   132   132   86   294   185   124   139   27   167   91   53   133   60   4   240   32   202   161   225   42   9   14   16   63   212   40   116   73   68   205   399   48   42   210   59   94   36   137   91   95   296   167   166   85   244   26   166   67   123   151   34   175   83   43   34   157   11   71   29   46   234   46   77   122   179   167   196   183   165   242   68   17   63   68   214   106   61   166   111   79   28   43   247   195   84   28   78   39   232   13   237   160   105   104   142   308   125   47   244   208   89   15   55   
230   100   43   32   113   77   162   148   80   94   92   25   123   22   28   91   104   115   110   84   253   12   59   279   84   282   21   58   90   26   140   21   173   192   192   195   96   33   242   17   74   100   80   141   63   268   25   43   184   60   227   181   102   61   176   67   35   29   9   106   12   213   68   207   124   44   12   79   48   46   142   57   19   115   123   141   33   6   207   28   82   71   72   114   34   67   43   115   6   143   129   51   130   5   55   18   130   157   168   45   283   185   138   142   88   119   78   84   155   175   16   247   55   188   141   249   22   41   128   55   38   166   5   149   177   24   201   335   35   46   122   81   46   137   73   55   71   198   141   138   88   218   28   182   101   158   93   27   236   89   31   22   72   112   52   66   27   173   18   41   127   69   108   128   99   125   189   119   7   53   124   145   72   42   77   61   89   15   43   139   248   69   54   63   103   193   96   111   63   63   73   167   264   3   95   235   141   60   30   15   
231   175   68   30   135   58   292   154   60   62   233   7   222   67   37   43   125   28   203   178   152   55   45   136   75   181   47   70   83   74   235   77   220   317   163   187   114   38   280   16   124   56   7   33   96   248   37   78   172   100   152   271   69   121   189   155   9   42   44   132   70   207   118   216   174   65   28   119   31   77   275   101   72   125   61   14   123   95   93   51   137   64   33   122   23   34   26   54   46   134   170   47   85   105   74   51   118   157   192   18   221   160   194   125   208   93   53   157   162   276   35   211   77   152   103   230   6   91   247   94   104   84   52   160   268   128   165   199   51   41   35   104   29   235   25   65   85   46   96   79   81   158   38   165   132   172   43   62   271   94   103   70   78   229   20   156   27   76   87   18   110   83   24   37   23   66   93   156   31   31   191   56   130   21   85   91   95   12   52   26   271   45   78   33   160   111   203   74   77   19   49   164   167   139   185   187   52   70   45   94   
191   92   41   19   100   48   164   131   60   65   107   18   114   25   22   71   66   86   113   88   219   13   40   237   72   236   12   37   77   18   131   16   139   199   144   171   83   28   215   10   58   85   67   108   25   232   22   17   158   25   187   171   80   35   151   71   28   11   7   93   11   170   39   183   110   32   15   74   38   43   154   60   18   93   114   114   48   32   172   28   83   60   52   127   20   56   27   98   13   124   101   44   110   27   49   10   113   138   139   31   235   150   102   115   101   78   61   71   128   171   17   209   48   145   108   217   17   45   137   52   26   133   12   130   166   42   163   290   20   39   88   67   44   142   65   28   43   160   108   116   71   173   21   158   86   135   63   19   202   70   35   20   80   117   41   69   14   136   26   28   108   42   84   95   84   94   152   108   8   45   107   107   40   29   87   26   71   8   31   104   211   51   48   54   97   163   101   104   68   45   49   148   214   42   86   191   104   33   27   32   
49   120   38   50   27   215   211   17   63   266   235   44   161   76   20   240   143   245   152   154   217   78   176   288   25   204   60   214   22   96   150   110   106   217   141   42   24   8   43   54   99   281   146   215   233   66   19   187   40   161   153   139   74   152   13   144   49   86   85   34   130   80   146   26   76   54   72   61   37   49   225   73   97   42   302   283   153   159   220   141   89   19   98   350   78   65   104   121   91   32   100   14   92   184   27   71   38   27   53   101   138   78   149   56   199   161   59   129   38   162   30   88   33   115   103   65   51   84   199   61   134   160   84   4   139   176   92   290   65   13   227   42   122   166   166   114   109   284   112   117   33   143   28   53   51   14   158   71   47   46   124   87   226   192   60   148   56   193   118   91   43   252   164   191   215   133   186   53   42   44   111   199   167   57   240   155   36   34   40   275   31   61   36   60   89   166   175   314   235   111   98   38   198   248   152   115   194   107   23   135   
98   157   57   33   86   149   276   82   22   185   259   25   203   79   26   165   112   155   195   182   109   72   123   140   28   69   54   158   32   90   207   101   148   295   68   86   70   22   170   38   111   198   90   115   176   104   29   144   71   129   32   222   10   137   98   164   26   65   71   85   111   81   129   116   130   56   58   97   6   67   278   96   91   65   215   179   154   144   100   110   124   23   47   275   51   29   69   59   77   58   122   20   35   161   53   64   50   79   108   65   41   38   157   33   225   92   10   148   75   240   36   64   56   38   26   101   33   97   247   84   126   55   76   85   219   168   29   142   54   15   134   68   89   222   114   83   83   151   28   46   26   14   29   71   90   91   90   69   155   48   124   84   177   231   27   166   38   78   113   58   36   186   87   100   142   50   68   112   40   17   154   97   146   28   190   120   47   22   37   169   142   19   60   29   134   68   208   229   182   64   52   84   41   218   178   26   95   78   36   128   
179   55   28   26   84   94   105   120   67   121   56   26   65   9   18   118   71   135   73   48   246   8   77   280   71   262   9   82   75   7   84   11   112   145   154   163   70   24   186   22   35   137   93   149   78   225   15   59   153   45   206   125   90   28   135   35   37   28   20   76   29   164   36   168   82   23   26   53   44   27   101   41   7   84   164   167   27   38   207   52   58   59   70   172   37   66   49   116   24   119   80   43   121   41   38   8   111   130   121   52   246   152   79   115   57   102   69   36   118   122   8   210   36   155   120   210   27   26   89   33   9   159   15   117   119   27   168   326   22   38   133   54   64   100   94   45   50   210   123   132   70   189   17   155   68   120   94   7   174   65   9   3   109   66   52   30   24   169   15   46   108   96   115   132   123   117   182   86   3   51   72   144   38   40   117   48   66   15   28   159   188   60   35   62   67   186   56   156   103   67   65   140   241   60   42   200   140   46   19   26   
192   32   12   47   71   170   13   114   91   210   53   42   40   25   21   194   128   215   8   18   297   36   136   356   76   318   33   155   79   48   36   54   125   58   209   165   62   23   161   41   55   221   136   220   165   233   11   127   159   111   252   64   116   90   131   27   53   62   49   65   74   191   94   159   61   39   46   28   56   13   27   11   44   93   245   254   55   80   269   94   18   63   106   252   66   84   87   148   52   123   99   45   144   98   29   38   116   126   125   87   287   180   119   135   37   166   90   51   126   50   4   233   28   198   158   217   43   13   19   13   65   210   43   111   62   74   199   396   48   41   211   55   96   32   140   91   94   297   164   164   82   240   25   161   62   116   152   35   164   79   46   36   162   16   70   32   47   232   50   78   118   183   168   197   185   164   240   62   18   62   61   214   106   61   172   112   76   28   41   249   185   83   25   77   32   230   19   242   165   106   104   137   304   132   45   238   208   89   13   59   
148   123   50   8   96   55   222   113   27   75   183   7   156   51   22   74   54   62   156   135   151   41   50   153   55   148   29   68   59   50   169   56   133   253   75   138   78   25   201   15   77   97   49   51   71   182   25   62   124   55   112   201   41   73   129   117   16   24   36   90   58   122   67   159   120   37   31   86   19   55   219   79   53   75   122   88   100   85   103   56   105   45   13   169   14   35   22   62   42   98   100   35   71   90   51   34   88   117   121   22   154   98   110   76   164   17   30   104   102   210   26   150   52   81   52   172   15   72   194   68   71   67   42   113   196   103   104   197   25   29   44   65   51   186   63   27   36   90   49   72   49   93   21   124   86   117   17   40   182   52   78   51   108   175   21   116   10   61   68   19   79   78   41   39   74   34   78   113   23   28   127   34   74   5   117   48   55   6   26   67   182   20   54   35   117   102   155   125   102   20   5   125   119   124   128   121   35   28   31   79   
152   39   23   25   70   105   93   105   60   135   68   27   45   16   12   131   59   144   67   46   239   18   86   276   64   248   10   96   67   16   65   24   81   135   135   146   57   19   158   25   16   153   98   151   92   201   11   72   136   48   192   104   83   27   114   36   38   31   28   61   42   138   30   148   62   14   32   42   41   20   99   38   20   67   181   178   43   55   203   64   51   53   69   196   39   64   53   114   33   106   55   39   114   61   30   14   100   115   97   56   224   134   50   101   63   96   63   15   98   106   7   189   27   137   108   189   29   28   86   26   21   153   25   100   96   48   150   317   19   34   138   40   71   93   102   45   43   213   112   127   60   172   11   140   51   101   95   7   142   52   24   15   125   62   51   32   24   164   29   50   97   112   116   133   133   111   176   71   9   49   48   143   35   39   134   51   53   16   21   168   157   56   26   61   54   179   54   176   121   69   62   126   226   87   25   180   139   42   14   41   
89   135   50   24   79   125   243   81   8   157   226   21   174   68   20   143   82   134   173   158   127   61   105   150   33   96   44   134   36   74   180   85   120   267   33   92   62   20   160   32   91   174   82   100   145   115   25   120   77   103   58   199   12   110   91   142   24   52   60   76   94   65   103   116   113   44   50   86   8   58   247   86   77   52   194   159   133   124   105   96   111   26   38   249   41   32   57   62   66   63   97   23   47   138   46   53   57   82   91   54   70   37   123   31   197   65   8   123   65   215   31   80   49   15   5   112   29   85   219   73   104   58   64   82   195   145   37   165   42   17   113   57   80   199   103   64   62   139   13   56   22   18   22   80   77   84   72   56   139   35   105   71   160   202   26   143   29   72   97   48   44   157   77   85   128   39   71   101   34   21   131   80   117   21   172   95   37   18   27   146   129   11   52   32   119   81   181   204   162   54   37   89   63   188   151   43   79   59   31   111   
152   201   72   46   112   180   341   103   45   218   317   30   261   97   37   189   161   179   239   225   66   90   147   106   35   12   71   190   43   114   263   126   211   355   131   106   95   31   220   46   149   225   96   129   218   130   39   177   93   169   19   278   30   180   136   203   26   83   86   114   135   141   172   145   171   78   67   123   12   86   336   116   114   100   234   197   187   171   82   128   152   31   61   302   63   21   84   46   92   73   174   24   8   195   69   82   58   97   157   77   67   83   221   68   275   134   27   193   116   296   45   88   75   93   65   121   38   119   300   106   160   54   92   113   277   205   73   85   74   19   159   96   97   268   124   111   118   156   61   24   49   70   42   83   123   126   113   89   215   78   154   106   196   286   26   206   51   85   139   70   47   224   97   117   156   68   63   143   50   8   205   118   194   37   209   158   74   29   55   194   200   36   78   19   170   37   256   254   206   76   75   100   41   261   229   73   115   108   47   155   
30   93   31   38   28   177   176   39   48   221   195   37   124   62   12   202   103   206   128   126   206   62   146   263   30   191   46   177   28   75   119   88   60   193   101   63   16   3   58   44   71   238   126   182   188   88   14   152   55   124   140   118   62   115   19   117   43   68   69   24   106   47   109   57   55   37   61   50   32   38   192   63   77   16   262   242   127   132   197   118   76   22   80   305   63   60   85   110   75   45   61   19   87   151   20   56   49   48   16   84   131   63   100   44   166   124   49   96   13   140   24   93   23   87   82   88   43   70   169   49   105   140   69   27   115   144   79   274   48   15   189   23   106   145   144   88   80   246   91   108   23   119   18   68   30   16   128   54   23   24   99   69   197   158   52   119   43   165   96   75   47   207   140   161   185   110   163   47   34   41   79   165   126   46   210   120   16   27   26   232   17   49   27   55   73   153   144   270   201   92   77   59   176   206   117   101   162   80   17   112   
60   70   23   36   24   169   141   51   53   212   164   36   95   53   8   195   93   201   104   103   222   55   139   278   38   213   40   166   38   65   90   77   37   162   111   82   11   2   60   42   55   230   126   184   175   116   9   141   75   112   159   90   70   100   36   97   44   63   63   14   96   68   95   73   34   30   56   36   36   28   161   52   67   21   255   239   110   119   208   111   62   30   82   291   60   63   82   116   69   60   43   24   97   137   12   49   61   61   14   81   159   83   79   59   140   122   55   75   32   111   19   120   13   102   91   112   42   59   140   37   90   150   62   39   85   127   100   295   43   20   187   10   102   120   141   81   73   250   100   118   33   138   15   86   13   30   127   46   26   27   85   59   188   129   55   99   41   173   84   73   61   195   141   162   181   116   174   35   29   44   54   168   110   47   200   109   21   26   22   228   43   53   17   59   54   166   118   260   191   92   77   72   196   186   92   125   165   74   11   99   
212   69   32   34   97   105   110   135   81   131   43   30   83   6   24   125   100   147   74   49   267   9   84   304   80   292   18   89   85   20   99   17   146   144   190   183   82   29   212   25   56   141   99   166   91   253   19   67   173   65   233   139   104   53   157   34   41   36   21   90   29   198   61   189   98   36   24   60   50   32   95   41   11   103   166   179   7   26   227   51   60   67   82   162   43   72   56   126   22   134   108   48   134   34   45   16   124   145   148   58   281   179   115   136   47   128   80   57   141   132   9   239   44   185   143   236   29   23   85   38   28   179   13   134   135   9   196   355   33   44   150   68   63   100   96   60   70   230   145   146   84   221   24   173   84   141   109   19   206   82   9   10   103   67   57   32   31   191   6   52   123   104   127   149   129   135   204   98   4   56   93   165   66   47   110   68   81   18   38   175   221   71   42   68   77   205   56   156   99   76   80   156   274   48   60   232   160   62   23   12   
