60    200
314      1855
52      757
304      2005
289      1922
149      1280
87      960
74      930
192      1580
247      1682
127      1169
122      1264
247      1717
44      807
262      1674
229      1702
362      2116
44      806
57      796
192      1481
222      1627
284      1823
357      2089
59      802
27      601
127      1237
379      2148
262      1804
289      1885
394      2141
237      1681
127      1194
84      1011
342      1901
24      520
237      1648
97      1151
309      1871
97      1084
227      1599
342      1904
249      1610
342      1998
159      1376
67      900
117      1189
92      1041
149      1293
292      1911
204      1495
319      1896
224      1667
224      1643
234      1689
192      1453
104      1206
127      1182
244      1628
332      1971
87      1095
354      1922
24   8   23   6   15   16   22   14   21   9   18   19   14   24   25   10   5   23   17   6   23   17   25   14   35   21   20   32   34   25   13   29   12   7   16   16   17   22   15   28   7   13   10   26   24   16   28   27   19   10   10   25   22   5   15   10   28   30   29   26   30   11   34   12   11   18   27   19   22   11   15   23   5   35   10   20   14   17   32   12   6   15   6   7   32   8   16   29   32   11   24   31   28   18   12   17   9   22   30   6   32   17   20   18   25   24   13   20   21   34   10   17   33   33   33   5   15   19   21   8   26   11   35   22   11   34   27   30   26   27   9   5   35   27   18   22   11   26   26   20   11   32   24   22   13   25   31   20   12   17   15   29   21   7   12   14   16   27   29   26   22   7   18   18   32   6   24   6   5   17   29   20   25   13   5   29   12   9   10   23   20   19   8   8   24   7   30   20   30   8   21   31   18   27   25   19   13   29   11   18   
187   28   206   35   80   187   45   158   56   51   104   142   131   156   190   69   48   174   74   55   178   78   148   171   261   197   161   183   289   84   41   72   36   50   126   181   194   257   101   129   39   127   70   299   203   48   183   92   182   77   69   59   157   52   100   26   277   265   305   47   222   90   307   99   89   26   252   112   182   35   107   138   40   139   66   160   151   52   216   78   56   48   5   41   375   59   145   27   66   73   203   179   205   95   83   140   97   79   269   3   253   156   193   98   203   28   36   105   79   358   89   129   223   92   65   4   141   152   132   39   223   68   333   161   82   292   78   191   20   251   68   30   55   143   149   102   21   200   142   12   69   212   186   212   123   202   194   198   70   87   140   247   133   27   59   104   102   144   220   171   81   22   171   20   60   49   216   54   36   40   76   160   272   163   45   47   83   49   85   108   77   163   64   86   257   62   273   168   185   63   88   291   150   228   116   89   120   189   85   46   
127   55   154   34   67   39   160   28   146   59   70   77   54   126   112   43   39   157   103   9   35   92   86   42   174   79   96   215   50   148   82   198   74   45   70   33   36   53   77   148   52   40   64   59   110   99   86   205   72   56   59   174   54   5   64   66   61   114   53   206   58   45   170   12   18   141   64   82   88   87   96   125   32   196   54   115   35   126   180   32   44   104   50   23   81   51   7   290   233   44   42   112   157   72   71   43   15   124   213   58   243   26   44   70   29   198   93   94   127   84   61   89   123   214   261   43   64   143   82   35   161   40   265   119   45   130   177   117   221   2   50   19   280   181   133   108   86   48   123   174   40   88   87   77   52   33   208   84   52   82   53   104   148   43   78   81   69   126   133   70   147   52   26   149   267   43   10   20   31   128   228   84   41   42   0   229   46   34   59   105   109   118   11   21   38   18   239   24   134   23   164   208   95   81   194   88   35   123   34   137   
26   60   252   7   47   125   136   104   139   80   110   39   47   200   43   78   60   17   123   44   123   52   138   122   308   191   32   48   227   125   58   172   62   1   138   119   134   168   17   183   66   114   2   211   219   85   105   102   174   8   3   130   134   35   30   50   140   264   176   183   143   95   332   68   49   107   118   130   189   91   145   186   51   135   86   19   121   129   282   61   69   58   40   36   271   3   91   235   173   81   166   124   258   93   111   126   59   109   57   46   351   83   161   74   142   144   91   132   77   292   105   17   235   184   237   35   142   209   57   31   270   71   413   199   89   294   125   80   175   169   84   15   195   50   199   81   57   117   69   132   72   138   61   84   121   125   290   193   82   112   53   84   202   49   99   6   35   77   46   122   162   27   134   108   243   65   150   20   48   81   223   42   176   113   30   198   28   43   14   118   92   197   39   70   184   27   356   127   219   26   185   346   172   90   227   101   53   216   81   132   
154   12   152   28   50   145   15   121   11   32   54   108   104   94   148   42   37   155   31   39   117   52   80   133   170   139   129   161   195   28   21   10   11   43   83   139   148   199   79   52   27   91   60   229   139   12   117   93   129   64   58   32   96   38   74   13   211   183   233   33   145   61   217   67   62   28   191   60   122   23   73   79   28   78   41   135   113   25   137   46   42   40   11   23   288   51   103   98   44   43   136   105   136   46   55   92   74   27   240   18   189   115   137   54   136   50   12   50   51   263   64   105   131   17   43   10   100   113   90   21   160   37   255   105   52   199   44   132   52   179   46   19   73   125   111   57   25   135   96   45   38   132   139   167   88   138   128   143   37   40   109   190   90   9   33   87   73   95   172   104   32   22   122   37   57   36   152   41   24   39   47   124   207   128   32   36   60   25   72   47   32   117   44   64   192   46   211   114   103   46   58   217   103   171   78   37   92   110   54   23   
171   11   104   35   60   128   60   106   42   15   32   116   106   44   162   22   27   181   7   30   99   71   59   116   97   99   141   205   151   64   43   71   31   51   51   123   128   177   92   17   16   68   72   197   90   39   116   143   93   72   68   82   70   33   82   32   199   125   213   75   128   39   147   55   57   65   183   27   79   25   42   31   18   123   20   151   91   32   70   38   30   67   23   18   247   60   90   147   111   23   103   107   77   39   30   65   66   53   270   29   128   107   106   57   113   100   24   19   83   210   43   118   74   80   92   19   70   77   99   26   106   21   184   59   31   133   93   145   102   152   27   21   146   164   75   75   47   124   116   85   22   122   146   166   62   122   69   104   16   14   110   195   52   5   13   100   83   116   189   92   25   35   97   75   99   24   127   42   14   73   70   133   183   113   27   88   65   23   80   46   53   77   39   51   163   45   152   90   45   46   45   152   66   172   55   34   89   55   35   41   
94   33   155   19   18   95   86   77   79   44   35   53   60   100   80   36   39   114   60   24   47   35   33   91   161   108   75   128   107   61   36   101   33   30   71   89   96   129   46   76   39   66   43   151   119   44   24   112   100   41   38   86   46   23   34   31   117   143   137   121   48   50   192   30   25   78   100   51   98   56   83   91   30   73   44   88   77   77   149   13   44   52   30   6   194   36   52   191   120   34   78   6   140   20   61   59   44   48   176   37   219   58   91   6   61   114   53   51   54   181   63   63   96   102   154   26   81   130   31   7   160   25   266   107   43   156   82   47   132   96   47   5   156   103   123   30   47   49   44   104   26   26   66   95   69   57   164   114   32   43   61   99   118   24   53   57   32   41   94   22   87   28   75   85   165   40   80   22   27   67   140   66   127   88   17   133   25   6   48   32   38   117   18   45   122   23   230   59   94   20   112   216   97   83   137   30   48   94   37   81   
164   25   198   29   65   173   30   145   46   49   90   123   117   144   165   63   46   152   66   50   157   61   127   159   243   183   141   153   260   61   28   50   25   43   117   166   178   236   86   111   39   118   60   276   189   34   155   69   169   67   59   35   139   47   85   17   249   246   277   42   193   84   289   88   78   10   225   99   168   35   102   127   38   104   62   140   140   48   202   68   54   34   4   35   346   52   130   56   34   66   183   149   193   79   79   127   88   59   241   9   247   140   177   81   181   4   32   92   57   331   84   112   200   65   59   5   132   148   110   32   213   60   323   151   75   270   51   161   16   227   64   25   21   118   145   80   10   175   115   8   61   181   161   189   115   179   186   185   62   76   124   217   128   23   55   90   85   117   190   147   73   16   156   2   62   47   195   48   34   23   74   139   249   151   41   38   71   41   75   88   58   156   57   80   236   55   267   151   166   55   87   280   141   201   114   73   107   171   77   42   
215   11   105   45   87   157   71   132   52   13   67   152   134   66   208   36   25   218   28   40   143   98   108   140   128   124   178   253   212   97   59   93   45   62   68   152   159   218   118   71   8   86   88   243   113   58   171   171   116   90   85   104   112   42   110   42   254   162   269   73   187   51   174   79   79   73   237   61   105   14   42   53   18   175   27   187   113   26   88   62   29   84   23   32   302   73   121   131   134   40   145   167   91   74   33   93   83   84   322   26   108   140   137   91   161   108   27   58   111   263   46   148   129   113   87   18   86   66   138   40   112   42   176   73   45   175   123   201   102   203   31   30   165   203   68   113   55   175   162   87   42   185   192   210   77   171   58   126   38   48   140   252   38   12   12   124   112   163   243   143   32   42   127   81   85   22   172   54   15   87   55   170   229   136   37   89   88   41   98   89   84   81   55   64   205   59   137   127   94   62   8   156   77   225   6   70   115   100   53   37   
114   28   137   23   29   97   80   78   71   37   20   69   70   80   100   28   35   132   49   22   48   44   13   92   133   96   91   150   98   58   37   93   31   36   59   91   97   133   58   56   34   60   51   151   102   42   44   122   89   49   46   85   36   23   46   31   130   124   146   112   55   42   167   30   30   76   115   36   83   50   70   72   26   82   36   104   74   68   123   10   39   56   29   2   193   43   55   185   119   26   70   31   117   8   51   50   46   45   201   36   193   65   84   15   61   112   47   35   61   171   55   77   72   94   142   25   72   115   48   10   140   16   238   89   35   134   84   72   127   98   39   9   156   120   109   39   48   59   62   102   17   40   84   109   62   63   139   103   22   30   71   120   101   20   44   68   45   60   118   26   74   31   71   85   153   35   80   26   23   70   126   82   131   89   17   124   35   2   56   22   38   102   20   42   121   27   206   55   69   25   98   192   83   101   120   20   56   71   30   73   
160   30   90   36   61   92   105   75   87   27   21   103   90   41   147   8   25   180   47   16   58   80   39   83   62   55   128   218   75   97   60   127   49   50   25   87   89   129   88   62   27   38   71   137   51   64   94   175   53   68   67   123   28   22   76   47   151   63   156   133   84   19   95   32   40   100   142   17   36   51   45   42   16   152   19   143   58   73   68   24   27   85   35   13   172   59   59   213   166   4   48   95   64   38   30   25   47   80   260   42   137   78   58   54   65   146   54   31   102   130   34   110   4   137   167   30   41   81   90   27   86   7   167   47   11   64   130   131   157   95   22   19   209   178   75   85   66   86   118   127   6   90   125   137   36   80   97   63   11   29   91   165   73   21   36   96   77   118   172   63   77   44   54   110   174   24   76   34   14   99   138   117   129   83   17   151   58   21   75   58   73   63   26   32   107   35   148   47   27   37   91   127   45   139   106   46   71   19   9   83   
209   31   45   47   89   115   121   96   99   17   52   142   119   21   198   12   15   225   51   24   104   109   87   100   13   55   169   276   131   128   77   151   63   64   16   111   113   162   118   86   18   45   91   171   31   82   152   213   53   89   87   150   73   29   106   58   206   63   208   144   146   15   58   55   63   115   196   41   34   49   16   32   6   206   7   184   70   74   21   49   15   106   39   27   210   75   89   221   198   18   86   155   7   70   8   47   62   109   321   45   72   111   78   88   113   166   59   52   134   159   16   145   64   170   178   32   35   42   132   41   36   28   97   2   13   65   165   192   172   143   3   29   243   225   38   123   78   140   167   140   27   156   175   182   33   130   53   58   26   46   122   225   41   24   30   124   109   168   232   117   81   54   79   124   180   11   118   47   4   119   141   158   168   100   26   166   82   37   96   94   102   26   42   39   140   50   86   82   52   54   79   70   17   195   87   74   97   45   24   87   
62   66   223   24   60   69   170   55   163   78   101   37   7   184   52   68   54   96   129   29   80   81   124   73   270   148   41   155   153   156   81   212   78   27   116   63   76   89   46   188   66   83   39   122   182   106   88   178   134   29   36   175   103   19   41   67   40   209   73   222   95   78   276   42   25   142   26   120   154   101   134   175   46   188   79   59   80   145   260   49   62   94   52   32   163   30   46   297   234   70   115   122   232   92   102   94   28   133   120   59   329   30   111   77   89   196   105   128   117   197   91   45   201   229   284   45   112   195   64   36   237   62   370   178   75   235   174   89   227   93   75   17   273   136   183   105   83   69   101   175   63   110   39   6   94   70   279   150   76   110   3   26   196   52   100   45   48   108   63   98   176   46   86   148   291   60   87   2   44   121   257   32   89   66   17   244   28   42   29   125   114   174   21   47   108   6   326   83   199   12   197   303   148   25   237   107   8   191   64   153   
196   26   201   38   84   190   46   160   55   49   105   148   136   152   199   68   46   184   71   56   181   83   150   173   256   195   168   197   291   88   44   74   38   52   124   183   196   260   106   128   37   127   74   302   200   51   189   104   180   81   73   66   158   52   105   29   283   263   311   44   226   89   302   100   91   31   259   111   180   32   104   134   39   149   65   168   152   48   210   80   54   54   5   42   378   63   147   17   74   73   204   185   200   97   81   140   98   83   282   1   244   160   193   101   206   37   35   105   86   359   87   135   222   96   59   3   139   147   138   41   218   68   323   157   81   289   86   200   23   255   67   31   69   155   144   107   25   205   150   19   69   217   193   218   122   206   187   196   70   86   144   256   127   26   57   109   107   152   230   175   77   25   172   27   51   47   219   55   35   47   69   166   276   165   46   45   87   50   89   111   81   159   66   87   260   63   265   170   182   65   81   284   147   236   108   90   124   187   84   42   
29   68   270   13   60   127   158   106   160   88   125   47   44   220   52   86   64   16   139   47   136   68   158   124   335   204   33   77   245   149   71   201   73   6   150   121   137   169   29   209   73   121   11   215   236   101   124   128   185   9   12   155   149   36   40   60   141   283   178   210   160   103   356   74   54   125   120   146   204   101   158   206   55   170   94   14   126   146   309   69   74   73   46   41   277   5   96   263   205   89   179   149   280   108   121   136   60   131   27   52   379   87   171   89   155   168   104   150   98   306   112   22   261   217   270   40   151   225   73   38   290   80   441   217   97   317   152   103   201   178   92   19   230   76   214   102   68   130   93   152   81   160   69   81   129   136   317   205   92   127   51   86   221   55   110   13   47   102   57   140   183   34   141   126   275   70   160   20   52   98   252   46   179   114   32   227   36   51   7   139   111   212   42   73   190   28   381   137   244   28   205   370   186   95   251   119   53   239   89   150   
141   30   209   24   55   166   42   139   58   54   91   108   106   153   144   65   49   129   73   49   149   48   124   154   254   185   123   120   254   57   22   61   25   36   120   160   172   227   72   118   44   118   50   267   195   34   140   40   171   57   49   32   136   45   73   14   232   249   262   65   181   86   298   84   72   20   208   102   172   45   110   136   41   84   66   121   138   61   216   64   57   19   10   34   336   44   123   84   34   68   180   135   205   76   84   126   84   56   210   15   267   130   175   73   172   21   40   96   42   326   89   96   203   70   88   10   134   160   96   28   224   60   342   159   77   275   38   140   44   217   68   22   18   90   155   68   2   162   96   29   61   168   143   173   116   168   204   187   64   79   113   195   141   27   62   76   73   98   165   138   86   9   153   16   93   51   187   43   37   8   99   123   238   146   39   63   62   39   65   86   52   164   53   79   229   50   285   146   172   50   104   294   147   182   134   71   98   177   77   56   
262   37   34   59   119   149   146   127   122   22   90   185   151   67   254   35   7   273   72   37   158   141   142   128   94   93   214   338   210   168   98   187   81   79   51   146   149   209   150   132   17   69   112   226   76   106   214   256   87   111   108   184   124   40   139   73   271   122   275   165   216   38   105   83   89   135   260   81   81   53   21   70   5   269   25   228   98   86   74   76   8   130   44   42   275   92   126   235   240   43   141   222   58   107   22   86   83   145   386   48   7   151   120   126   172   192   71   90   171   226   19   182   141   216   204   36   60   2   178   58   44   52   52   49   39   134   206   257   195   205   18   40   284   276   6   165   92   200   220   158   51   229   230   233   55   189   61   89   51   77   157   292   38   33   39   154   144   223   296   176   102   64   118   144   200   2   173   61   7   143   159   204   224   127   37   192   109   56   118   138   137   32   61   54   191   66   29   129   115   72   83   59   44   258   88   110   127   110   50   100   
17   67   258   15   58   110   161   92   161   85   118   34   29   210   35   81   62   38   136   42   119   69   147   110   318   188   17   96   219   150   73   204   74   11   141   105   120   147   27   202   71   111   17   189   222   101   110   141   171   7   16   160   135   31   35   61   113   263   148   213   139   96   335   65   45   130   93   139   190   102   152   197   53   172   90   10   114   146   296   63   71   79   48   38   245   11   82   274   213   84   161   137   267   102   116   124   51   130   44   54   366   71   154   84   135   176   104   143   102   276   107   16   244   219   274   42   141   217   65   36   276   74   423   207   91   295   157   91   209   154   87   17   242   90   206   100   72   110   90   158   76   143   50   58   120   117   307   190   87   121   36   59   215   54   108   15   42   98   39   126   181   37   126   132   280   67   139   14   50   104   254   29   154   100   28   232   29   47   3   134   110   202   36   66   167   21   367   122   231   22   204   352   176   70   248   114   40   225   82   151   
24   54   232   5   35   115   124   95   126   73   95   26   42   180   28   70   56   37   111   39   104   41   117   113   278   173   26   52   198   109   51   155   54   7   124   109   122   154   4   161   61   103   10   192   199   75   80   98   158   9   5   117   115   31   17   44   124   238   158   170   117   86   303   58   40   99   102   115   170   84   133   167   47   113   78   25   110   118   256   50   64   53   38   30   248   9   79   225   158   71   146   97   234   78   101   111   53   95   78   44   325   72   144   59   121   135   83   116   66   265   96   13   207   165   219   33   129   193   39   25   247   61   384   181   79   265   111   54   164   148   77   11   183   49   184   65   54   95   49   125   63   111   44   75   110   104   265   176   72   98   46   68   185   44   90   10   21   56   30   99   147   26   119   102   226   60   131   17   43   75   206   31   159   105   26   183   18   36   17   100   78   181   32   64   166   22   331   110   194   20   170   320   157   73   209   86   45   191   72   121   
172   47   99   42   79   64   151   52   132   43   56   112   87   81   157   24   27   197   83   5   56   104   79   56   98   28   135   255   40   145   84   186   72   56   34   60   58   92   100   122   39   13   80   88   52   96   116   220   26   74   75   172   43   14   87   66   130   41   122   189   91   20   86   26   39   137   128   58   36   75   64   86   21   209   35   153   28   109   116   35   30   111   48   23   109   65   45   274   229   26   21   131   96   69   46   11   35   122   273   55   171   66   16   78   55   194   82   73   137   57   37   120   74   204   237   41   27   100   108   39   98   29   180   72   22   48   180   156   211   64   30   24   278   212   91   118   87   88   148   168   28   114   132   129   21   74   148   37   37   65   87   165   107   36   60   105   91   150   186   85   124   56   21   146   242   29   49   33   20   131   200   123   90   59   11   213   65   34   79   100   109   72   24   15   63   33   167   30   90   38   134   132   52   138   156   82   65   76   13   121   
157   17   105   33   52   115   69   94   53   20   17   104   96   43   146   17   28   170   21   25   79   65   38   104   89   88   128   195   123   63   43   81   32   47   44   109   114   159   84   16   21   60   67   176   81   41   96   142   83   66   63   86   52   29   73   33   176   109   188   90   103   34   136   45   48   72   161   13   68   34   45   33   18   114   20   140   81   45   71   29   31   67   26   13   221   56   77   165   118   16   84   87   76   27   31   53   58   51   254   32   138   92   91   46   92   108   33   2   79   185   42   108   51   87   112   22   63   82   86   22   104   12   187   57   25   115   94   126   115   130   27   18   156   156   79   67   50   102   104   94   13   97   129   149   56   101   83   94   8   1   99   174   62   10   22   92   73   102   171   71   42   35   82   81   121   25   107   37   15   75   91   119   162   103   23   104   57   17   74   35   49   76   32   46   143   40   158   73   30   40   63   151   62   151   76   25   79   39   28   53   
108   57   171   31   61   43   158   31   146   63   74   63   42   138   92   48   43   139   106   14   36   85   89   48   195   97   80   195   73   144   78   196   72   39   81   37   44   57   66   152   55   51   56   72   127   97   75   193   87   48   52   169   61   8   54   64   40   137   42   205   52   53   196   15   12   138   41   88   103   89   104   134   35   185   59   99   47   128   197   32   48   99   50   23   99   45   6   287   226   49   59   104   173   72   78   55   14   121   188   57   263   11   61   66   35   193   93   98   120   114   68   75   137   210   260   43   76   155   71   33   179   44   290   132   51   155   170   100   218   26   56   16   271   165   144   101   83   37   110   170   44   80   68   58   63   26   222   101   55   85   40   79   158   44   82   70   59   114   110   67   151   49   42   145   267   47   28   15   33   122   230   67   46   47   4   227   37   33   51   104   105   131   8   28   54   12   259   36   146   17   169   231   108   58   202   88   24   136   40   138   
208   43   54   49   94   93   149   78   128   33   62   140   112   57   196   18   18   229   76   17   93   119   96   79   51   19   167   290   101   153   89   187   75   65   14   90   89   132   120   118   30   23   93   134   10   99   152   237   20   89   88   178   68   23   107   69   183   17   178   181   137   6   21   47   57   138   178   56   13   67   40   66   12   232   23   183   48   100   76   49   18   119   47   29   162   76   75   265   235   24   64   164   54   80   29   32   52   129   320   53   114   98   50   94   98   196   77   72   150   105   17   145   75   208   227   40   9   66   135   45   49   33   112   40   14   19   191   195   208   116   16   30   284   239   58   135   90   129   176   167   31   155   170   169   11   116   107   23   36   63   114   215   78   34   50   125   111   178   230   117   113   60   56   147   229   18   95   44   12   137   186   154   137   81   21   207   82   41   95   111   119   36   38   26   107   46   109   66   79   51   115   72   19   184   130   89   89   66   19   114   
207   9   140   42   83   169   49   142   36   26   77   150   134   96   204   47   33   205   37   46   155   90   119   152   174   150   174   230   240   84   49   69   38   58   88   164   172   234   113   82   18   101   82   265   145   48   174   144   140   86   80   81   127   46   107   33   264   198   284   39   199   65   221   86   82   51   244   76   132   3   64   81   25   156   41   179   127   13   132   67   38   71   14   35   330   69   130   86   101   51   166   168   131   78   51   109   89   75   307   17   157   147   158   91   176   77   17   70   97   298   61   143   160   90   44   11   106   95   135   39   151   50   229   103   58   216   102   197   66   221   44   30   123   184   96   106   42   184   153   59   50   193   191   212   94   182   105   152   48   57   141   252   71   13   27   118   108   155   236   151   33   35   144   58   38   31   188   54   22   69   18   168   247   147   40   52   86   42   94   90   76   110   58   72   225   60   183   142   122   63   24   203   103   227   40   71   118   129   64   17   
235   48   39   56   111   105   167   89   143   36   80   162   127   72   224   27   13   254   87   22   119   137   123   87   71   34   189   325   138   176   102   211   86   73   28   103   101   149   137   142   32   32   104   152   29   114   183   264   32   100   100   200   92   27   124   78   212   48   205   199   170   17   18   60   70   152   207   74   37   73   41   81   10   268   28   206   57   111   90   62   13   134   52   36   183   85   92   284   263   35   89   198   63   99   32   51   60   150   354   57   103   116   66   114   125   216   87   90   172   127   11   164   109   237   249   43   16   58   159   54   37   44   82   48   25   57   217   228   228   143   17   35   314   268   49   159   100   159   204   182   43   191   197   193   18   144   114   28   47   79   131   247   81   39   56   141   129   208   262   146   128   67   72   162   249   16   120   51   12   153   203   177   159   89   26   228   95   51   106   134   139   27   47   31   126   54   88   88   106   60   124   45   21   214   139   108   103   93   31   125   
202   23   61   44   82   123   101   103   80   9   45   138   118   9   192   13   18   215   36   27   106   99   80   109   41   72   165   259   143   110   67   126   54   61   28   119   122   172   113   65   13   55   87   186   53   69   145   193   69   85   83   129   74   32   101   50   211   88   217   119   145   24   91   57   63   99   199   33   51   38   15   12   8   183   2   178   80   58   10   47   19   95   33   25   230   72   93   193   171   18   95   145   25   62   7   55   66   93   311   39   75   113   91   80   118   145   46   40   120   183   24   140   65   143   147   28   49   45   126   38   57   25   118   19   19   91   144   182   148   151   10   27   212   210   43   110   68   139   155   121   24   150   171   182   45   132   32   76   21   35   122   222   29   18   18   119   104   156   224   113   60   48   88   108   150   13   126   47   5   105   113   154   179   108   27   139   79   34   93   81   89   41   43   45   153   50   98   88   41   53   60   94   34   194   65   63   98   42   28   70   
188   62   128   49   99   43   190   36   171   60   88   125   89   126   175   43   33   215   116   8   80   128   121   32   159   50   147   292   79   188   105   239   93   62   61   42   35   65   114   174   52   19   89   51   88   124   148   261   43   81   84   215   79   10   101   83   125   84   106   237   123   37   128   36   46   168   131   94   73   95   89   129   28   263   53   166   2   141   174   53   37   134   59   34   57   71   48   328   285   47   54   174   144   99   67   43   28   159   290   66   220   68   21   104   77   236   106   111   169   7   49   132   136   262   299   50   43   129   132   51   134   50   220   110   42   101   225   188   258   66   45   30   338   244   117   151   106   110   181   204   49   154   148   130   33   92   204   50   60   97   90   178   144   49   83   116   107   185   206   120   166   67   23   177   302   38   57   35   28   159   255   134   67   38   12   266   75   49   85   140   142   98   30   1   36   35   205   50   147   43   174   166   79   149   203   115   67   131   34   155   
64   67   226   25   63   68   174   55   167   80   104   40   7   188   55   70   55   97   132   30   83   83   128   73   275   150   43   159   157   160   83   218   80   28   119   63   76   89   48   193   68   84   40   123   186   108   93   182   136   30   37   179   107   19   43   69   40   212   73   227   100   80   280   43   26   145   28   123   157   103   137   179   47   194   81   60   81   148   265   51   63   97   53   33   163   31   47   302   239   72   118   128   236   95   104   96   28   137   120   60   334   32   113   80   92   200   107   131   121   199   92   47   206   234   290   46   114   198   68   37   241   64   375   181   77   239   179   94   231   95   77   17   279   139   185   109   85   73   105   178   65   116   43   2   96   74   284   152   77   113   3   30   199   54   102   46   51   112   67   102   180   47   88   151   296   61   90   3   44   124   262   35   89   66   17   249   30   44   30   129   117   176   23   48   109   7   330   86   204   13   201   307   151   30   242   110   9   195   66   157   
125   22   135   24   32   111   61   91   52   32   21   80   80   75   113   29   34   138   36   26   68   42   27   103   133   104   102   150   124   39   29   68   22   38   62   105   112   152   63   37   30   67   53   173   107   29   64   111   97   53   49   66   51   28   53   24   154   135   172   89   81   45   174   41   39   62   137   33   89   41   66   65   25   69   34   113   84   53   115   21   39   49   24   8   219   45   69   160   95   27   87   48   114   8   48   60   54   29   212   31   183   80   97   22   83   94   35   27   53   195   55   85   78   67   113   21   77   109   58   10   139   18   234   87   36   145   67   87   105   121   38   11   131   119   104   36   41   81   67   85   19   67   100   126   67   85   126   111   20   22   83   141   91   14   37   73   52   65   133   49   55   27   84   71   124   34   101   31   22   59   101   94   153   100   21   99   42   7   61   3   26   101   27   48   141   33   200   71   66   31   82   192   84   122   102   3   67   71   34   57   
185   27   205   35   78   186   43   156   55   51   103   140   130   155   188   68   47   172   73   55   176   76   146   170   259   195   159   180   286   82   39   70   35   49   125   180   192   255   100   127   39   126   69   297   201   47   180   90   180   76   68   57   155   51   99   25   274   263   303   46   219   90   305   98   88   24   250   111   180   35   106   136   39   136   66   158   150   51   214   77   56   47   4   41   372   59   143   29   63   73   201   176   204   93   83   139   96   77   267   3   252   155   191   96   201   26   36   104   77   355   88   127   220   89   63   3   140   151   130   39   222   67   331   160   81   290   76   188   18   249   68   29   52   141   148   100   20   197   139   10   68   209   184   210   122   200   193   196   69   86   138   244   132   26   59   103   100   142   217   169   80   22   170   19   59   48   214   53   36   38   75   158   270   162   45   46   82   48   84   106   75   162   63   86   255   61   272   167   183   62   87   290   149   226   115   87   119   187   84   45   
205   64   121   53   108   52   198   44   177   60   95   138   99   127   192   44   31   231   119   12   94   137   131   38   158   47   161   312   97   198   111   249   98   67   61   52   45   77   124   182   52   18   95   65   85   130   165   275   39   88   91   225   89   13   111   87   145   81   126   245   141   37   119   44   53   175   150   99   72   97   88   131   27   281   53   180   10   145   174   59   34   142   61   37   72   77   59   337   298   49   66   191   142   107   66   48   34   169   311   68   213   80   29   114   93   246   110   116   180   25   46   143   144   275   308   52   39   125   145   55   127   53   207   109   43   100   237   207   268   84   44   33   353   261   113   162   110   126   196   211   52   173   164   145   30   108   203   43   63   102   101   198   143   51   84   126   118   201   226   134   171   70   34   185   311   37   73   39   28   167   262   148   83   43   16   276   83   53   92   149   152   93   35   4   52   40   196   62   153   49   176   156   76   168   205   123   76   137   37   160   
83   45   168   21   33   72   121   57   113   55   54   41   42   122   65   43   42   111   85   19   28   54   58   73   182   105   62   144   87   101   55   147   52   30   78   66   73   97   45   115   48   60   43   117   127   70   24   144   97   37   38   125   49   17   32   47   71   144   91   163   20   53   200   19   7   106   57   70   103   73   96   115   34   122   53   79   65   103   177   18   48   71   39   14   153   35   30   237   170   42   67   50   161   46   71   57   31   84   162   47   247   31   78   35   39   151   73   75   82   154   67   56   117   155   208   34   81   146   35   19   174   34   286   123   48   160   122   49   173   63   53   7   209   120   137   61   63   10   63   135   34   27   44   63   68   24   198   111   44   65   40   65   141   35   69   53   33   65   78   29   120   37   60   113   217   45   54   14   31   92   186   49   91   70   11   179   20   19   42   68   70   128   6   38   93   12   251   45   121   10   143   230   105   47   172   59   28   116   38   110   
209   10   139   42   84   170   51   143   37   25   78   151   135   96   206   47   32   208   37   46   157   91   120   153   173   150   175   234   241   86   51   72   39   59   88   164   173   235   114   83   18   101   83   266   144   49   176   147   140   87   81   84   127   46   108   34   266   198   286   42   200   65   220   86   83   53   246   77   132   3   64   81   25   160   40   181   128   14   131   68   38   72   15   35   331   70   131   88   104   51   166   170   130   79   50   110   89   77   310   18   155   148   158   93   177   80   18   71   99   299   61   144   160   93   47   11   106   94   137   39   150   50   227   103   58   216   104   199   69   222   44   30   126   186   94   107   43   185   156   61   51   195   193   214   93   184   103   151   48   58   142   254   69   14   26   120   110   157   239   153   33   36   144   59   41   31   189   54   22   71   21   170   248   147   40   55   87   43   95   91   78   109   59   72   226   61   181   142   123   63   23   202   102   229   38   73   119   129   64   19   
177   78   190   50   109   8   224   13   207   81   120   121   75   183   166   66   47   206   150   20   102   140   158   7   247   107   136   296   134   221   120   283   109   60   102   15   14   17   113   226   69   54   86   21   152   146   165   281   95   76   82   247   115   8   102   96   95   163   67   281   145   66   220   47   48   193   108   132   129   118   127   182   41   298   77   155   36   174   252   67   53   147   68   43   30   68   51   374   326   71   98   202   215   125   97   80   15   189   265   75   305   60   70   122   102   268   130   149   188   99   76   125   206   310   356   58   83   179   139   58   204   70   316   166   69   189   256   198   297   78   68   33   382   251   165   171   118   121   194   232   70   180   141   106   68   104   280   104   84   129   75   160   196   63   110   111   111   202   197   146   209   72   55   201   359   54   76   30   41   177   310   125   35   4   15   313   76   60   78   172   167   150   33   22   39   31   287   77   211   41   220   251   127   136   259   143   56   195   59   188   
161   63   150   43   88   26   185   19   168   64   87   105   71   136   147   47   38   190   117   8   65   116   114   25   180   70   124   263   69   179   99   232   89   55   72   23   19   40   99   174   55   32   78   28   107   119   126   243   62   70   74   205   74   3   86   79   89   108   67   234   100   45   160   27   35   163   96   96   88   97   99   137   32   244   58   143   17   142   191   47   43   125   58   31   39   63   30   323   273   50   52   155   162   93   74   47   16   151   254   65   246   47   33   94   60   228   106   111   156   46   59   113   142   253   296   49   58   144   113   46   157   49   256   124   48   126   213   161   252   37   51   26   325   221   132   138   101   86   160   198   49   132   122   102   46   69   220   72   61   97   71   143   156   50   86   101   93   165   175   104   167   62   20   171   300   43   36   28   31   151   256   112   35   29   7   262   63   45   73   132   134   115   23   11   7   27   234   41   153   34   179   198   94   118   211   110   51   139   38   155   
89   43   160   22   32   74   115   59   107   51   47   46   47   113   72   39   40   116   79   18   24   53   49   74   170   100   68   146   80   94   53   139   49   32   72   68   75   100   47   105   45   58   45   119   119   66   21   142   92   39   40   119   41   17   34   45   80   135   98   155   13   49   189   18   10   102   67   63   96   70   90   106   32   116   49   84   64   98   165   13   46   70   38   11   155   37   31   230   163   38   62   43   151   39   67   52   32   78   171   45   235   35   75   30   35   146   69   68   79   150   64   61   105   146   198   33   77   139   36   17   166   30   274   115   44   150   117   52   167   64   49   7   202   121   131   58   62   13   63   131   30   17   52   72   65   24   186   106   40   59   46   75   133   32   65   57   35   64   86   20   113   36   58   109   207   42   53   16   29   89   177   56   95   71   11   171   23   16   45   61   65   121   7   37   94   15   241   41   110   13   135   220   99   57   163   53   33   105   35   104   
16   60   249   9   47   119   140   99   142   80   109   33   41   198   34   77   60   23   124   42   117   54   135   117   304   186   24   60   219   128   60   177   63   4   136   113   128   159   15   183   67   111   7   201   215   87   100   111   170   3   5   135   130   33   27   51   129   258   165   188   136   94   327   65   46   111   107   129   185   92   144   185   51   139   85   11   117   131   280   59   69   62   42   35   259   4   86   243   180   79   160   121   255   92   110   122   56   111   54   47   350   77   155   73   135   150   93   131   81   282   103   10   231   189   243   37   139   208   54   31   267   70   410   197   87   288   130   76   182   160   84   15   205   60   197   83   60   110   69   137   71   133   52   75   118   118   289   188   81   111   46   72   202   49   99   0   33   77   36   117   164   29   128   113   249   64   143   17   47   86   227   34   166   108   29   203   26   42   10   118   94   195   36   68   176   24   354   122   217   23   187   342   170   80   229   101   47   213   80   135   
152   74   195   44   97   9   211   7   196   79   113   102   60   179   141   65   48   183   143   20   88   126   146   21   247   112   116   266   124   205   110   266   102   53   102   7   18   6   98   214   68   57   76   32   154   136   144   258   99   66   72   230   106   7   88   89   66   167   38   267   125   66   227   41   39   182   81   126   130   113   127   177   42   272   76   134   42   167   250   60   54   135   64   39   50   60   40   357   305   69   93   180   215   114   97   78   7   175   234   72   307   44   72   110   88   252   123   141   171   110   78   108   198   290   338   55   87   181   121   53   208   66   325   165   68   192   237   171   281   64   69   29   357   226   167   155   110   101   172   219   66   158   118   83   72   86   276   111   80   122   60   130   194   60   106   97   96   179   168   129   200   67   54   189   343   55   65   24   41   164   297   105   17   17   12   297   65   55   67   159   154   153   28   25   40   24   293   70   203   34   213   259   129   109   253   133   43   189   57   179   
154   11   150   29   50   144   17   120   10   31   53   108   104   92   149   41   36   156   29   38   116   52   78   132   167   137   130   163   193   29   22   13   12   43   81   138   147   198   80   49   26   90   61   227   136   13   117   95   128   64   58   34   95   38   74   13   210   180   232   34   144   60   214   66   62   30   190   58   119   23   71   77   28   80   40   135   111   24   133   46   42   41   12   22   286   52   103   100   48   42   135   104   133   46   54   91   73   27   242   19   185   115   136   54   135   52   11   48   52   261   63   105   128   19   44   10   99   111   90   22   157   36   251   103   51   196   47   132   54   178   45   19   77   127   109   57   26   135   96   47   37   131   139   167   86   137   125   141   36   38   109   190   88   9   32   88   73   95   173   103   30   23   120   39   58   35   151   41   24   41   46   125   206   128   32   38   61   25   73   46   33   115   44   63   191   46   208   112   100   46   57   214   102   171   76   36   91   107   53   22   
254   35   35   57   114   146   138   124   114   19   84   179   147   58   245   32   8   265   66   36   151   135   133   126   84   89   207   326   201   159   93   177   77   76   47   142   145   205   145   122   15   67   108   221   71   100   205   246   84   107   104   175   117   39   134   69   263   116   267   156   206   36   101   80   85   129   251   74   76   50   16   61   4   256   21   221   95   81   63   72   9   125   42   40   270   89   122   227   228   40   134   211   50   100   18   82   80   137   375   46   7   146   116   119   165   184   66   83   163   220   19   176   130   204   193   34   58   4   171   55   42   48   60   43   36   127   196   246   187   197   15   38   272   267   9   157   88   192   211   152   47   218   221   226   54   181   50   87   47   71   152   282   31   30   35   149   138   213   286   167   94   62   114   138   190   2   167   59   6   137   150   197   218   124   36   182   105   53   114   130   130   30   58   53   186   64   39   123   105   70   77   62   40   249   81   104   123   101   47   95   
57   44   189   12   17   94   107   76   104   58   63   24   42   138   41   51   47   81   86   28   61   33   71   93   213   133   44   95   135   84   43   130   44   20   94   88   98   126   24   119   50   79   29   154   153   60   27   108   122   25   24   103   73   24   11   38   97   181   125   148   62   65   238   37   23   91   78   81   128   71   106   127   38   88   60   57   86   99   199   28   53   53   35   17   200   25   53   214   142   51   101   43   183   48   79   79   42   71   130   42   269   50   108   29   76   128   69   82   58   205   77   37   145   135   190   31   100   160   4   14   199   41   319   140   59   200   97   4   152   103   60   2   174   79   151   42   52   50   28   118   42   50   31   69   85   61   213   138   51   70   42   60   151   34   72   36   9   31   48   50   118   28   87   96   200   49   90   15   35   73   176   36   125   88   18   161   7   20   32   65   57   146   19   50   129   16   277   74   140   11   143   261   123   52   175   57   36   138   51   103   
60   54   196   19   41   72   140   57   134   66   76   25   24   152   42   55   48   93   104   25   54   60   89   75   226   128   41   134   121   121   64   173   62   25   98   66   76   95   36   148   57   73   36   122   156   84   49   150   117   28   32   142   76   18   26   54   53   178   82   186   57   66   240   30   13   119   34   94   129   85   115   144   40   143   66   60   74   121   218   33   55   77   44   22   162   29   36   259   192   56   92   78   196   66   86   76   29   103   131   51   288   26   96   51   63   166   87   100   92   178   80   41   159   183   238   38   98   170   38   25   207   48   330   150   62   199   139   52   193   77   64   10   230   115   160   76   69   37   70   149   48   65   20   37   82   44   237   132   59   86   22   28   167   42   84   42   31   74   52   62   145   39   74   125   246   52   70   6   37   100   216   28   92   70   13   204   15   29   32   93   86   151   13   43   102   5   289   64   159   1   167   268   127   13   202   80   15   153   52   128   
138   24   188   23   47   155   25   129   40   46   74   102   101   131   138   56   45   132   58   44   132   42   102   144   222   166   119   126   226   35   13   35   14   36   105   149   160   212   70   92   38   106   51   248   173   20   123   53   154   57   49   8   117   42   68   5   217   222   244   50   160   76   266   75   66   13   194   85   151   37   96   114   36   64   57   120   126   48   186   55   52   20   9   28   312   44   112   88   6   58   160   114   179   61   73   111   78   37   214   16   239   120   158   60   154   24   30   77   34   298   79   94   173   39   68   9   120   143   86   23   200   50   310   139   67   244   20   126   40   197   60   19   25   95   139   55   8   145   86   30   51   146   134   164   105   151   177   169   53   63   107   185   123   20   52   76   67   86   159   118   67   12   138   18   77   45   169   41   32   12   79   117   221   137   35   47   58   31   65   66   36   146   48   72   211   47   258   130   144   46   88   265   130   170   115   55   92   150   67   44   
200   58   104   51   101   60   183   50   162   53   83   134   99   108   187   37   28   226   107   10   86   129   116   47   130   30   158   300   83   183   103   230   91   65   48   58   53   87   119   162   46   8   93   78   66   120   154   261   24   86   88   210   76   14   106   81   147   57   132   226   131   28   94   40   51   164   150   85   55   89   76   113   23   262   45   176   16   133   148   53   30   133   57   33   91   75   58   316   278   41   54   177   120   96   57   37   36   155   307   64   189   80   20   105   85   230   100   102   168   30   39   140   120   253   284   48   27   110   137   51   108   46   183   91   34   73   221   196   250   83   37   31   331   250   99   151   104   119   185   198   45   159   160   146   20   102   178   29   54   89   100   195   127   46   75   123   112   189   220   122   154   66   30   173   287   32   70   39   24   157   240   145   91   51   15   255   80   48   90   135   140   79   33   7   59   40   174   54   130   47   160   134   62   165   185   111   76   115   29   146   
74   39   206   7   20   128   78   106   84   58   75   53   66   149   72   59   50   74   81   39   103   9   92   122   240   162   66   53   194   60   24   96   30   18   109   122   133   173   30   117   49   99   25   208   178   43   76   50   149   30   23   65   102   34   30   23   157   219   188   115   117   77   274   59   46   61   134   91   152   62   112   135   41   45   65   67   112   85   214   43   57   23   25   24   266   23   86   164   91   60   140   74   200   56   85   103   61   53   136   31   279   87   142   41   122   85   57   88   22   267   86   48   175   98   150   23   119   166   40   14   218   50   342   154   69   241   54   59   110   158   66   9   110   36   159   31   31   102   27   83   51   101   75   111   102   111   217   165   57   73   70   113   153   31   70   39   28   30   82   88   106   13   120   64   160   52   137   26   37   40   147   66   178   115   28   122   29   26   38   67   41   160   35   65   177   31   292   109   158   28   131   286   139   107   163   58   62   159   64   85   
33   50   216   6   26   107   115   88   116   67   83   19   40   164   25   63   52   53   100   35   88   34   99   106   254   158   29   63   176   97   46   143   49   12   113   101   113   144   6   144   57   94   17   179   182   67   61   97   145   14   12   109   99   29   7   41   113   217   146   159   97   78   279   50   34   94   91   102   154   78   122   152   43   98   71   36   101   110   234   42   60   51   36   25   231   15   69   218   148   64   129   76   215   66   93   99   49   83   97   42   304   63   131   47   104   129   77   103   59   243   89   20   184   150   205   32   118   180   24   20   229   54   359   165   72   241   101   33   157   131   71   8   175   56   171   53   51   78   34   120   55   88   34   71   101   89   245   162   64   87   43   61   172   40   83   19   10   41   28   81   134   25   107   98   213   56   116   15   40   72   192   29   146   99   23   172   11   30   22   86   68   168   27   59   153   20   310   97   173   16   159   298   144   62   195   74   41   171   64   113   
232   31   35   52   101   132   126   111   103   15   67   161   133   37   222   22   11   245   56   31   129   121   110   114   51   73   189   300   169   141   84   160   69   70   33   128   131   185   132   100   14   57   99   199   52   89   179   228   70   98   95   160   96   35   120   63   237   92   240   146   178   27   79   68   75   119   226   57   57   47   4   42   2   229   12   202   84   74   34   61   11   114   40   33   243   82   106   219   209   29   112   183   23   84   7   66   72   121   348   44   37   130   99   103   141   172   60   66   147   193   15   161   98   183   180   33   47   22   152   48   32   38   74   22   25   99   178   219   175   172   7   33   253   245   20   139   81   167   188   143   37   188   199   205   44   157   37   73   36   57   138   255   27   26   29   137   124   190   259   143   83   57   98   129   179   5   144   53   1   126   140   178   196   113   31   169   94   45   105   110   114   23   51   47   165   57   59   104   77   62   73   61   27   224   77   88   111   73   36   87   
46   75   289   19   73   133   177   112   178   96   140   61   48   241   70   94   68   31   154   51   152   83   179   129   364   219   46   102   269   171   83   227   84   12   163   128   144   177   42   233   79   130   19   226   255   115   147   149   199   17   21   176   166   39   53   68   152   306   189   232   182   112   382   82   61   140   132   162   221   111   170   226   59   201   103   29   134   161   336   79   79   86   51   47   291   12   106   286   232   98   196   175   304   124   131   149   64   150   1   57   406   96   184   105   172   187   116   167   117   326   120   36   288   246   299   45   162   241   91   45   311   89   470   235   106   343   175   128   223   194   99   24   259   97   229   122   77   148   116   168   90   186   85   88   138   153   344   219   102   141   56   101   239   61   121   25   61   126   78   161   203   39   153   141   303   75   175   22   56   112   278   59   189   118   35   252   45   58   11   159   129   228   48   78   202   31   406   151   269   34   224   395   201   110   273   135   59   263   97   166   
185   7   104   38   68   138   59   115   39   13   44   128   115   49   176   26   26   192   6   34   114   79   75   124   106   108   153   218   172   71   46   72   34   54   56   133   139   191   100   34   13   74   76   213   97   43   134   149   101   78   73   85   84   36   91   33   218   138   232   68   148   43   156   63   64   64   201   38   87   19   41   35   18   136   22   162   99   25   73   46   30   71   22   23   266   64   101   137   112   28   118   126   80   51   30   75   72   60   285   27   120   118   117   68   130   98   21   32   90   229   44   127   93   84   82   18   76   73   111   30   107   28   181   63   35   147   99   162   97   170   28   24   146   175   73   86   48   141   130   82   29   143   161   180   67   139   62   112   24   25   120   213   46   5   8   107   92   130   206   109   16   37   107   74   87   23   142   46   14   75   57   144   199   121   30   82   72   29   86   59   61   78   44   56   177   50   147   103   61   51   31   154   69   189   39   45   98   69   41   34   
268   42   25   62   124   147   157   125   133   27   95   190   153   74   260   37   4   280   80   37   161   148   149   126   98   89   219   350   211   179   103   202   87   81   52   145   147   207   155   144   21   67   115   222   74   113   221   268   83   113   111   197   127   40   143   78   273   119   275   179   221   38   98   84   90   145   262   86   80   60   27   78   5   283   28   233   95   96   84   79   5   137   47   44   270   94   127   252   256   45   141   231   63   113   26   86   82   154   395   52   25   152   118   131   174   205   78   97   179   220   16   187   147   232   222   39   56   13   184   60   39   55   32   53   40   132   218   265   209   205   19   41   303   287   7   173   97   204   229   169   54   236   235   236   53   192   76   84   55   84   159   297   49   36   46   159   148   232   304   182   113   68   117   153   218   3   174   62   9   151   175   208   222   124   37   208   112   59   121   146   145   28   62   53   189   67   13   130   124   74   95   45   42   263   102   118   129   117   51   110   
186   81   197   52   116   15   234   19   216   85   128   129   79   192   176   70   48   215   157   22   112   148   169   9   260   114   144   310   148   232   126   296   115   63   108   22   21   25   119   238   72   58   90   32   160   153   178   293   100   80   86   258   124   11   108   100   106   173   78   293   159   70   230   52   52   201   119   140   137   122   133   191   43   313   81   162   39   181   264   73   55   154   71   46   39   71   58   388   341   76   108   216   225   133   102   87   19   199   275   78   316   67   77   131   113   279   135   158   197   108   79   132   220   325   371   60   88   185   148   62   212   75   325   174   73   201   268   211   309   90   72   35   398   263   171   181   123   133   206   241   75   195   151   113   72   115   292   110   89   136   81   171   204   66   114   117   118   214   208   158   218   75   63   210   373   56   87   32   43   185   323   133   46   1   17   326   81   64   81   183   176   155   37   24   49   34   296   86   223   45   228   260   133   147   270   152   61   207   63   196   
107   26   173   17   23   128   48   106   51   44   53   72   79   114   101   46   42   111   54   35   94   19   67   120   193   141   91   104   173   20   9   53   12   30   90   122   131   175   50   74   38   89   41   204   149   18   75   64   130   44   38   36   85   33   45   11   169   187   194   79   110   64   233   55   47   42   148   66   127   45   89   101   33   11   50   96   105   58   167   36   49   23   18   17   260   36   85   136   56   46   124   61   160   36   67   88   63   18   183   26   230   91   129   30   113   65   37   59   16   247   72   72   136   48   103   17   103   137   52   9   182   37   292   123   56   205   26   77   82   152   53   10   84   78   132   17   25   101   46   64   38   91   96   128   89   108   169   145   41   49   83   138   119   20   50   60   43   43   116   75   70   15   110   49   115   43   130   31   29   32   103   87   179   115   27   83   38   17   53   36   10   133   34   60   171   35   247   99   117   32   97   244   115   125   123   32   70   121   53   58   
198   70   147   53   110   36   211   32   191   68   105   134   92   149   186   53   37   226   132   14   97   141   143   22   192   69   155   312   108   210   116   265   104   66   77   37   29   56   122   201   59   31   94   40   110   138   167   282   59   85   89   237   99   10   110   92   129   112   106   261   144   48   157   44   51   185   137   112   94   106   103   151   33   292   63   174   11   158   204   63   41   146   64   40   39   75   55   355   313   58   76   198   170   115   78   59   27   179   300   71   248   73   41   119   95   258   119   130   186   40   58   140   168   292   330   55   55   145   145   57   156   60   247   131   53   133   248   207   282   79   53   33   369   262   132   168   115   126   199   222   59   178   159   134   44   107   233   65   71   113   93   188   164   56   95   123   117   205   220   140   187   72   38   194   333   43   72   37   33   173   283   143   64   29   15   293   82   56   88   160   160   114   35   7   36   38   229   66   176   47   194   191   95   160   227   132   70   160   45   172   
177   71   166   48   103   17   209   15   191   72   106   119   78   160   165   57   41   206   135   14   88   133   140   10   212   85   137   290   105   205   112   263   102   60   86   18   9   30   111   203   62   40   86   9   127   136   153   270   75   77   81   232   98   6   99   90   100   132   73   262   130   55   184   40   44   182   110   116   107   108   112   160   36   280   67   156   21   160   221   60   47   140   64   39   5   68   44   354   307   61   77   186   187   112   85   64   17   175   271   71   272   58   49   113   86   254   119   132   178   63   66   125   176   288   331   54   68   160   132   54   177   61   279   143   58   154   241   188   280   63   59   31   361   245   146   160   112   110   185   219   60   164   139   111   55   93   249   83   73   115   78   161   175   57   99   111   107   191   195   131   190   69   39   190   335   48   61   31   36   168   287   125   36   16   12   293   73   54   79   157   155   130   30   13   19   31   255   62   184   40   201   219   108   135   236   130   57   168   48   174   
40   62   264   9   54   135   140   113   144   83   119   51   54   212   59   83   63   9   129   48   137   57   151   131   326   203   44   46   248   132   61   179   65   2   147   129   145   181   26   194   69   122   4   227   232   89   121   101   185   13   8   134   146   38   39   52   157   281   194   188   161   101   351   76   56   109   134   140   201   93   152   196   53   145   91   28   130   134   297   67   73   60   41   39   291   3   101   235   178   86   180   140   271   101   116   135   65   116   54   46   366   94   173   83   157   145   95   141   82   313   110   27   252   193   243   36   150   218   69   34   283   76   431   210   95   314   130   97   177   186   89   18   197   50   207   90   58   133   81   133   78   157   76   97   129   140   303   205   88   119   61   101   211   51   104   14   44   89   64   136   169   27   145   109   249   68   165   23   50   82   230   54   191   121   33   202   36   48   16   128   98   207   44   75   199   31   370   139   234   31   191   362   182   107   235   109   61   230   88   136   
60   42   188   11   13   98   100   80   98   57   61   28   46   135   45   50   46   81   82   29   64   28   69   96   211   134   48   90   139   77   39   121   40   20   94   92   102   132   24   113   49   80   29   160   153   55   28   101   123   26   24   95   73   25   12   35   106   181   134   141   65   65   238   39   25   85   86   79   128   68   104   124   37   77   59   59   88   95   195   27   53   49   33   16   208   25   57   205   132   50   103   39   181   45   78   79   45   65   133   40   265   55   110   26   79   121   66   79   52   210   77   39   143   125   181   29   101   158   1   11   197   40   317   139   58   201   88   5   144   109   60   1   163   74   150   35   48   55   21   111   42   51   38   76   86   66   209   139   49   67   47   68   148   32   69   36   9   23   54   50   113   26   89   91   191   49   94   16   34   68   168   40   132   91   19   153   10   19   34   61   51   145   20   51   134   18   274   76   137   14   138   260   122   61   169   54   40   136   51   98   
101   40   224   13   41   152   72   127   83   62   92   80   85   167   105   68   53   87   88   47   135   31   120   143   270   186   91   62   240   68   25   93   32   23   125   146   159   206   48   134   51   116   32   247   202   45   117   11   171   40   32   56   130   42   52   22   199   252   231   105   160   88   309   76   62   49   175   108   176   60   122   150   44   69   72   86   132   84   236   59   62   12   21   32   314   29   110   136   75   71   172   115   221   75   93   124   75   63   156   26   297   112   169   64   157   64   57   104   30   313   94   68   209   99   139   19   136   177   72   24   240   61   368   172   80   279   50   104   90   197   73   17   79   41   171   55   20   140   66   65   63   146   110   142   117   148   233   189   68   86   92   154   162   33   74   52   52   69   120   123   110   3   145   48   146   56   171   35   40   25   141   93   216   135   35   109   46   36   48   87   54   175   46   76   212   41   311   137   183   40   132   312   155   147   166   74   82   186   77   82   
125   31   124   27   39   88   93   71   81   35   16   76   72   71   110   22   32   146   51   18   38   57   9   83   113   79   99   173   74   75   47   110   39   40   49   82   87   122   66   61   33   49   57   136   86   52   53   144   74   54   52   103   19   21   54   38   125   101   136   125   49   34   144   24   28   88   112   29   67   53   64   66   24   110   32   114   64   73   110   7   36   68   32   3   173   47   48   202   141   20   52   50   104   18   46   37   42   61   216   40   180   61   69   28   48   129   52   34   77   146   49   85   51   115   159   28   61   107   59   16   125   10   219   78   27   108   104   87   144   84   35   12   181   140   101   56   56   55   80   115   11   44   91   110   52   55   131   87   18   30   73   126   96   21   44   76   54   79   130   26   79   36   58   97   168   32   66   27   20   83   137   88   119   82   14   140   40   9   61   36   53   91   18   36   106   27   191   42   57   27   101   173   72   105   121   30   56   56   21   81   
212   13   91   45   85   149   78   125   57   7   60   149   130   51   205   30   22   218   26   37   134   98   100   132   105   111   175   255   195   99   61   100   47   62   58   144   150   207   117   65   5   78   88   229   97   60   164   177   104   89   85   110   102   40   108   44   244   143   257   84   177   44   152   73   75   80   228   53   91   20   33   40   15   176   21   185   105   33   67   58   26   87   25   30   284   73   114   148   143   34   133   160   73   70   26   83   79   85   320   30   92   134   126   88   150   118   31   51   113   243   40   146   112   119   102   21   77   56   135   39   96   37   156   59   38   154   128   196   114   191   25   29   177   205   58   111   58   166   160   96   37   176   187   203   69   162   39   113   33   42   136   245   27   12   6   123   110   161   238   135   35   44   118   88   101   18   160   52   11   92   69   167   217   129   34   102   86   38   97   85   84   70   52   59   192   57   122   117   78   60   21   137   66   217   18   67   111   84   47   44   
140   24   112   30   45   100   81   82   67   28   0   89   83   54   127   18   30   157   37   21   57   60   16   93   96   80   113   183   95   67   44   95   35   44   44   95   99   139   74   38   27   53   62   154   79   46   73   142   76   60   57   94   32   24   63   35   149   100   161   108   75   32   135   34   38   80   136   15   63   44   54   48   21   109   25   126   71   60   87   17   33   67   29   7   194   51   62   184   129   15   65   65   87   17   38   42   50   53   234   36   158   76   77   35   69   119   43   16   77   162   44   96   40   100   136   25   60   94   72   18   112   5   200   65   24   106   98   105   129   105   30   14   168   147   89   59   53   78   90   105   6   69   109   129   52   77   107   88   9   16   85   149   79   16   33   84   63   89   149   47   61   35   68   89   145   28   85   32   17   79   115   103   139   91   18   122   48   11   67   30   49   82   25   40   123   33   173   56   36   33   83   159   65   127   99   23   67   39   22   67   
59   52   194   18   37   75   135   60   129   64   73   23   27   149   40   54   48   91   101   25   53   56   85   77   223   128   40   128   121   115   60   166   59   24   96   69   79   99   34   143   55   73   35   126   154   80   43   144   116   27   30   136   74   19   23   51   60   177   88   180   54   65   238   30   13   114   41   91   128   83   113   140   39   135   64   59   75   118   213   31   55   74   42   21   166   28   38   252   184   55   92   71   193   62   85   75   31   98   131   50   284   29   97   47   63   160   84   96   87   181   79   40   155   175   230   37   97   168   33   23   204   46   326   148   61   197   133   45   186   79   63   9   221   110   158   70   67   35   64   144   47   60   19   42   82   44   232   132   57   83   25   32   164   41   81   41   27   68   50   57   140   37   75   120   239   51   71   8   37   96   209   28   96   72   14   198   13   27   32   88   82   150   13   44   105   7   286   64   155   1   163   265   126   18   197   76   18   149   51   124   
