50 100 200
11
18
15
15
12
10
17
17
20
14
15
19
10
10
15
17
10
14
10
14
17
16
20
19
15
11
17
14
17
20
18
12
10
18
13
16
18
20
14
12
20
17
18
17
10
16
19
12
14
18
15
12
13
13
11
15
19
20
10
19
15
15
13
20
15
12
10
20
10
15
14
13
20
15
15
20
10
18
18
19
11
10
17
19
16
18
17
20
19
12
13
13
15
16
19
14
19
12
14
15
15
13
11
11
16
18
10
15
15
20
18
16
19
16
19
11
12
17
11
11
13
10
14
10
17
20
12
11
13
19
17
11
17
14
14
15
11
16
19
16
20
16
11
20
14
11
16
12
15
15
20
11
12
13
16
11
17
16
18
12
15
14
12
10
19
14
11
20
14
11
19
11
11
10
14
12
11
18
15
13
14
18
20
17
12
17
19
12
19
15
15
16
18
18
15
20
16
14
19
17
1497 27022
1415 29545
1226 22893
964 25144
1249 24140
1167 28766
1426 27298
1384 27157
1349 27066
1436 20190
1181 25250
1332 20652
1304 24889
1022 26821
1424 29167
1230 28901
1173 21392
1031 29894
1092 24460
1433 25147
1183 24397
1122 28067
1504 22115
1282 21536
902 26164
1368 20008
1094 27274
1313 24177
1025 26806
1329 28365
959 28287
1362 20817
1030 26296
950 22135
1476 23888
1137 29476
1319 22692
1370 22840
1156 27839
1018 22821
1017 20113
1049 29833
984 28198
1264 23981
1401 21768
1497 21577
1042 22571
1034 21016
1321 26347
1321 27948
43 42 41 35 41 37 38 42 36 43 40 41 41 38 42 36 36 40 44 43 41 43 38 36 40 38 41 40 39 37 39 39 39 40 39 38 35 39 37 42 42 40 43 42 45 40 45 38 40 40 42 39 41 45 36 42 38 40 40 44 35 38 42 41 45 37 45 37 44 42 40 43 35 36 42 42 39 41 43 45 42 38 43 36 35 40 35 36 44 43 43 39 35 41 40 35 40 39 37 39 
41 42 42 40 38 43 39 42 38 35 36 40 43 37 35 35 36 42 38 35 40 40 40 39 36 38 44 42 41 42 38 35 45 40 35 44 35 39 40 41 43 42 40 35 36 45 37 38 41 41 36 41 45 38 44 45 37 37 39 43 44 37 43 42 39 37 42 36 37 36 41 35 36 41 39 35 42 39 44 36 45 35 35 40 43 45 37 38 43 40 43 42 42 43 35 37 37 41 42 41 
39 37 37 42 36 43 36 35 42 36 45 40 41 45 35 41 42 40 35 39 40 43 35 39 45 40 38 39 43 37 36 39 45 45 37 35 36 40 36 40 36 44 39 39 38 42 41 44 43 44 42 39 45 41 38 40 40 39 37 35 39 40 38 36 37 43 40 42 44 37 42 37 39 35 40 37 43 40 35 37 42 39 37 45 36 43 45 36 41 35 38 38 40 44 44 42 38 43 41 35 
35 36 43 35 40 45 37 37 35 42 42 40 37 42 39 37 37 39 40 44 45 39 35 40 35 43 41 44 38 37 40 39 39 45 45 44 44 38 36 45 42 40 45 42 43 40 41 36 45 44 36 35 38 36 36 40 35 41 44 40 42 43 42 35 37 42 38 35 36 45 37 39 41 36 35 42 43 42 35 41 45 45 39 40 44 45 41 42 40 40 36 45 41 38 40 42 42 36 41 41 
42 40 41 41 39 36 40 43 35 35 40 38 35 37 36 39 41 41 41 45 43 40 40 42 42 39 40 40 42 40 38 41 38 42 40 45 37 39 41 43 45 42 44 40 37 36 44 37 42 35 45 38 44 38 45 40 36 39 42 39 36 43 36 39 38 38 43 38 38 35 41 40 37 36 45 44 40 39 43 36 36 35 36 40 39 44 39 39 42 38 35 43 44 45 44 43 36 41 35 43 
40 44 38 44 41 39 43 40 45 39 41 43 44 38 37 43 42 44 35 42 44 38 35 36 39 36 42 41 43 44 43 41 44 44 40 36 39 39 42 36 35 36 40 42 37 39 45 41 42 44 38 44 43 39 35 40 40 39 40 43 45 38 36 36 35 45 39 37 45 44 37 36 37 38 41 39 41 39 39 39 41 39 36 42 45 42 39 44 44 43 39 35 40 42 42 42 43 39 38 39 
38 42 36 38 42 44 38 36 41 35 45 39 40 38 37 38 44 36 41 35 40 39 36 43 42 35 43 41 38 39 38 40 42 44 37 40 39 35 35 37 41 44 39 44 38 36 38 45 41 39 40 41 45 39 35 39 41 43 44 36 36 42 44 41 42 45 35 45 37 45 40 38 42 41 44 44 42 43 42 38 40 42 38 44 39 45 38 45 36 39 44 45 38 40 40 43 45 42 37 45 
41 36 37 44 37 36 44 41 41 44 42 39 44 42 36 35 42 41 40 41 35 38 44 39 42 41 35 43 38 39 36 36 44 45 41 35 42 40 41 44 39 42 37 40 37 45 37 45 40 36 45 44 37 35 43 35 45 42 41 36 36 44 40 42 40 40 36 44 42 38 39 39 44 37 36 43 42 37 44 35 36 37 38 43 42 42 41 38 36 38 36 37 42 39 44 41 38 39 42 44 
43 44 38 37 36 40 35 45 43 36 36 39 43 37 39 35 45 36 37 40 43 37 37 38 39 37 45 43 41 41 38 44 37 36 43 42 35 43 36 44 42 38 39 37 38 35 45 43 39 43 44 44 36 38 45 38 38 35 41 43 44 40 43 42 39 38 38 38 45 41 43 36 43 37 41 44 38 41 36 39 36 37 36 37 43 35 40 45 37 37 42 35 44 36 36 43 45 35 35 44 
36 43 37 39 41 42 35 45 43 39 35 36 45 44 42 44 37 42 41 37 37 35 39 39 45 35 40 39 44 43 41 38 41 42 42 37 35 45 37 42 41 39 36 39 36 41 40 40 44 35 38 36 38 44 45 44 45 43 43 44 39 42 42 43 40 37 39 45 40 39 40 37 44 45 36 40 42 38 39 43 35 38 37 43 38 42 39 43 42 41 41 43 35 41 38 40 40 40 38 44 
36 39 39 44 35 40 43 38 45 45 45 43 38 43 37 41 40 37 37 41 40 43 41 45 43 41 36 36 40 37 41 38 42 35 44 44 38 36 43 42 39 41 41 40 41 45 41 37 35 41 38 35 36 41 39 41 43 39 39 39 35 41 39 36 38 42 41 44 40 45 35 40 36 45 41 42 36 40 35 39 45 39 44 45 41 36 44 37 42 42 45 40 36 36 38 45 41 44 35 45 
45 40 38 40 39 44 37 39 43 43 42 42 42 38 36 42 45 36 35 36 36 37 42 42 40 38 40 38 36 44 39 36 42 45 44 42 37 36 35 36 36 38 41 45 37 35 35 44 44 45 41 36 40 43 45 41 41 40 43 38 36 40 39 44 45 35 38 40 44 44 37 43 44 39 42 39 40 40 36 39 43 37 38 37 43 41 42 38 36 37 40 40 36 45 39 35 36 41 45 36 
38 38 38 36 38 39 42 41 35 38 35 40 40 38 37 39 42 38 35 45 36 38 45 38 36 45 36 35 45 43 37 36 37 39 37 38 41 44 44 42 41 43 44 44 43 37 45 37 39 38 43 45 43 39 42 40 36 37 44 40 45 44 38 41 45 40 44 35 37 45 43 44 35 40 39 45 37 37 41 44 41 35 43 43 42 35 44 35 45 37 40 42 43 45 42 45 36 43 38 40 
45 42 39 36 44 37 41 39 37 43 37 42 38 40 39 41 42 35 44 39 40 45 43 43 43 39 39 37 42 37 42 39 38 38 38 42 45 43 44 35 45 35 39 36 43 35 41 45 36 40 35 41 39 40 39 39 41 45 42 41 35 38 39 43 41 41 37 36 36 38 43 37 37 39 42 40 35 40 39 36 40 36 37 39 38 45 44 38 39 43 45 38 41 41 36 40 40 43 35 37 
36 39 39 37 36 44 37 44 43 45 37 38 41 42 40 40 38 44 39 35 45 45 41 45 39 41 43 39 35 40 36 41 45 42 37 41 44 38 38 45 45 41 38 40 35 43 42 41 37 37 36 38 37 43 44 43 35 36 37 43 40 39 44 38 41 43 45 45 44 43 42 44 41 43 39 41 39 43 40 42 43 41 38 41 40 44 39 37 40 35 42 36 41 42 42 43 42 45 38 43 
35 35 35 45 37 43 37 38 43 38 40 45 45 44 37 43 42 40 40 37 40 44 44 45 45 45 36 37 39 43 43 43 39 39 41 42 43 44 37 43 36 36 43 45 35 39 44 41 45 39 45 43 39 37 44 35 37 36 44 35 45 44 44 40 43 45 39 37 39 36 38 36 37 39 44 44 45 43 39 43 42 40 39 41 41 42 45 43 35 41 36 44 42 38 37 39 42 37 36 42 
41 42 35 44 37 37 43 43 45 42 43 37 37 35 44 43 37 39 37 42 44 35 41 41 40 36 42 35 39 40 36 42 39 35 37 38 41 39 40 43 35 43 35 37 40 44 38 39 44 43 38 43 42 44 44 39 37 41 40 38 42 45 37 36 37 43 44 39 44 41 35 43 40 45 38 43 36 44 38 42 36 38 44 35 41 45 44 41 37 35 41 42 36 35 38 41 39 37 35 43 
35 38 43 39 38 38 45 41 42 38 36 40 41 42 42 43 40 43 36 38 35 39 43 45 41 41 41 45 43 36 40 39 40 40 41 36 42 40 38 41 35 44 43 40 39 40 36 42 35 42 36 37 45 43 44 38 38 42 44 39 39 39 35 39 42 40 37 43 42 40 39 40 36 39 43 35 40 36 43 41 41 40 42 40 42 45 42 45 39 41 37 40 38 42 42 44 40 43 36 39 
37 35 40 44 38 40 42 37 41 38 44 39 35 44 36 45 44 44 35 45 38 43 36 44 43 35 43 41 35 41 41 35 38 41 38 42 43 43 43 42 36 43 38 35 36 41 44 37 41 37 44 35 39 41 43 39 42 43 35 45 41 45 38 44 37 40 36 44 42 35 35 43 37 35 37 42 37 42 38 38 38 35 45 37 42 37 45 35 43 38 42 39 36 43 37 40 35 38 40 45 
45 41 44 38 44 35 37 38 37 40 43 37 40 37 37 42 44 40 38 36 38 37 42 35 35 38 37 38 41 39 38 44 38 45 38 43 42 43 45 40 43 43 38 41 38 36 35 42 37 39 40 38 40 45 41 35 45 40 42 41 37 38 36 39 45 36 39 44 37 43 43 44 44 38 41 41 35 43 36 39 43 38 42 40 40 44 36 39 37 39 40 45 45 40 36 42 40 44 41 39 
43 45 38 39 45 44 36 36 36 43 43 43 39 38 36 37 36 35 36 42 42 35 41 45 41 41 45 41 35 37 39 37 37 43 45 38 36 35 42 41 42 40 38 45 44 35 36 44 40 45 36 41 36 39 36 39 36 42 39 42 37 40 41 43 37 37 36 41 41 40 36 35 38 43 45 39 45 37 37 39 43 36 41 41 43 42 40 44 42 41 39 43 37 36 41 41 42 41 37 43 
36 39 35 36 35 36 43 38 38 44 37 36 40 37 38 38 36 40 36 45 44 44 42 38 37 42 36 37 42 36 35 35 36 37 37 44 44 38 39 40 37 42 42 35 43 37 35 44 37 42 37 35 44 42 35 41 45 45 44 38 38 40 36 45 36 42 45 36 42 42 45 35 43 37 39 40 36 40 38 39 39 41 42 45 43 35 44 40 39 39 42 40 41 39 40 45 43 43 37 43 
35 42 41 44 38 35 36 40 42 35 43 41 35 41 42 40 45 43 41 43 35 38 40 45 39 36 37 39 44 41 37 41 43 35 40 43 39 39 38 38 45 38 40 41 36 37 45 45 40 44 40 35 38 45 44 35 35 35 44 36 40 45 38 38 39 36 45 39 42 39 41 45 40 40 39 42 40 39 35 43 36 45 41 42 42 36 43 35 41 40 36 39 43 42 42 36 43 41 45 37 
35 41 38 45 36 43 37 44 41 35 40 45 42 36 43 40 35 37 35 39 35 36 45 39 41 45 38 35 43 41 37 39 37 40 37 39 42 45 41 37 39 42 37 37 45 35 38 40 36 42 37 38 36 41 42 42 42 43 37 39 45 36 37 36 36 44 35 38 41 41 38 45 38 40 36 37 40 41 44 38 45 35 44 37 44 37 45 37 44 36 39 40 35 39 38 38 41 44 45 45 
44 36 45 40 44 36 36 42 36 42 41 44 44 37 41 35 40 45 39 45 41 45 38 43 41 40 37 36 43 41 41 38 35 40 43 45 40 44 43 36 35 39 44 38 43 42 38 38 37 36 43 38 36 44 37 40 37 40 37 37 35 40 45 40 40 38 39 38 38 41 39 45 40 44 45 44 39 35 37 42 36 45 44 41 45 43 45 45 35 39 36 38 38 38 40 37 35 36 35 36 
41 37 36 36 41 41 39 41 39 42 43 38 36 44 36 41 45 41 36 41 36 45 44 35 41 42 35 41 37 43 36 38 35 36 40 43 42 40 36 40 44 39 37 40 37 43 37 38 42 37 37 38 36 39 35 44 44 37 42 40 37 40 45 36 38 41 37 36 44 44 41 35 44 37 35 44 44 42 42 35 44 37 36 37 44 39 40 41 40 43 35 37 36 44 41 44 45 40 42 41 
42 35 37 36 39 45 37 36 39 37 36 38 39 42 40 38 41 39 43 40 39 42 41 35 39 40 41 41 40 45 37 36 40 39 45 45 39 43 42 40 37 38 43 45 37 35 36 38 43 38 40 45 43 39 35 42 42 36 36 37 43 40 39 40 36 42 41 36 44 45 41 42 37 35 40 39 42 44 39 37 44 37 36 43 45 43 41 41 40 35 40 43 41 45 36 35 42 40 39 35 
35 35 35 36 45 39 37 35 38 39 44 45 38 40 38 44 42 40 39 37 36 45 35 37 41 37 41 37 39 37 41 43 42 35 37 40 44 40 42 45 43 44 38 41 45 45 41 42 35 40 41 43 38 39 40 39 38 45 35 38 43 45 39 36 35 44 39 40 39 38 42 35 41 38 39 43 40 40 38 41 44 39 38 36 44 45 36 38 35 41 44 41 36 43 45 45 43 37 44 36 
45 42 38 43 37 41 41 38 35 41 37 39 45 36 40 36 38 41 43 39 42 36 39 45 41 45 42 42 42 35 43 37 44 36 43 36 40 43 40 35 40 41 35 38 39 37 45 45 43 39 40 35 35 41 45 35 42 39 40 39 35 37 39 37 39 44 36 40 36 35 45 37 39 37 41 45 37 41 39 36 39 35 43 38 36 40 42 45 37 42 36 44 43 44 37 35 41 40 37 40 
39 44 35 39 45 40 41 35 45 35 38 40 44 39 45 40 44 35 44 44 35 36 38 35 41 42 43 42 37 41 40 35 36 43 40 44 38 44 45 36 41 36 42 39 43 44 43 42 39 44 43 44 40 39 41 39 43 43 37 45 43 42 39 39 44 35 36 44 42 39 38 44 37 42 42 39 35 41 40 38 36 40 39 39 40 43 38 44 35 35 39 41 41 44 39 38 39 43 36 40 
40 40 41 35 35 38 39 37 41 45 37 39 35 41 41 44 44 43 43 35 43 35 36 39 37 35 38 43 41 37 45 41 44 41 43 41 37 37 39 40 36 43 39 45 43 36 43 44 35 45 43 36 41 36 35 40 37 36 41 45 42 35 45 36 43 44 40 39 45 36 43 43 45 36 41 37 45 43 39 36 40 39 43 42 43 42 41 38 41 45 42 37 43 35 41 39 44 37 37 42 
44 41 38 42 38 43 40 36 36 37 44 44 38 43 44 42 43 43 37 43 41 43 45 45 45 45 43 42 44 39 45 35 41 40 44 37 41 40 43 35 40 38 41 43 35 43 39 40 42 40 38 45 40 38 41 45 45 40 39 40 35 36 42 37 36 43 43 44 39 42 37 38 40 41 43 45 36 41 45 35 39 42 38 39 37 39 43 42 39 35 38 37 38 38 40 37 38 37 44 43 
40 40 39 45 35 36 36 37 37 44 41 43 44 38 44 36 37 43 43 43 44 36 39 45 43 43 37 38 41 41 44 37 42 41 39 45 36 42 41 43 39 38 40 39 39 43 38 36 45 42 36 43 36 38 45 40 39 36 45 39 43 36 41 45 44 45 37 36 44 39 37 43 45 35 41 37 38 44 43 38 38 35 37 39 45 43 35 37 40 38 41 42 40 40 41 37 43 41 39 45 
41 37 38 43 35 43 40 36 44 43 41 43 37 44 44 38 44 39 41 44 44 44 40 44 38 43 43 43 36 45 38 37 42 43 45 44 41 40 36 40 39 39 37 38 45 45 36 39 44 41 44 45 44 37 38 45 35 36 36 45 35 44 42 42 42 35 45 39 38 36 44 35 35 44 40 38 45 36 40 38 42 43 39 36 45 41 35 45 36 40 43 37 40 45 37 44 35 36 40 41 
35 40 39 39 36 35 41 41 40 39 42 39 40 35 42 40 44 44 44 40 38 36 45 35 41 38 45 37 43 45 38 41 44 37 37 43 45 35 45 45 36 39 42 37 39 44 42 40 37 37 40 42 44 45 45 39 41 40 41 42 36 41 42 38 43 42 44 38 43 38 38 42 38 41 35 36 40 42 38 38 39 36 41 43 43 41 39 43 37 40 42 40 35 44 40 38 44 40 38 37 
39 45 41 41 44 36 35 42 36 39 43 43 36 38 41 44 36 41 35 40 44 43 42 40 35 44 43 40 45 40 39 36 39 44 39 45 35 37 39 36 36 40 43 36 43 43 40 37 42 37 41 38 35 43 41 40 44 42 44 41 40 36 43 35 35 36 36 40 37 38 35 45 35 40 37 40 38 41 38 40 36 38 45 35 40 44 37 40 38 44 43 38 43 42 40 41 39 38 45 39 
37 40 41 42 37 38 41 37 40 45 36 44 44 44 42 41 41 38 36 41 39 37 45 44 38 42 38 43 45 43 41 45 43 37 42 44 43 40 37 43 45 41 36 35 40 40 45 35 41 45 35 37 43 37 42 39 40 45 39 40 37 39 44 36 36 44 43 40 45 44 42 38 45 37 37 44 37 44 44 37 36 37 39 39 44 35 43 41 45 44 42 39 41 37 45 43 38 43 36 39 
41 38 38 35 36 35 39 39 36 36 39 43 38 42 36 44 40 37 36 38 37 37 35 40 42 36 36 43 43 39 43 37 39 42 38 35 36 38 36 40 39 39 37 45 38 39 37 43 40 35 35 41 41 40 45 38 44 39 44 37 38 43 44 37 41 39 39 35 37 38 43 38 44 37 42 44 35 42 35 44 44 41 41 39 35 43 40 38 40 42 45 41 43 40 35 39 38 39 44 45 
42 35 38 35 41 45 36 43 43 38 38 42 36 40 41 36 38 42 45 40 45 38 40 40 43 41 44 42 38 42 35 36 39 39 40 41 41 40 38 45 39 41 38 35 39 43 42 43 44 41 41 43 41 37 39 36 45 41 39 37 43 44 37 39 37 35 40 35 45 43 40 36 43 36 40 39 37 44 43 39 39 36 37 45 45 42 45 42 40 40 41 41 42 35 36 36 44 44 45 42 
40 38 43 42 36 43 37 44 37 45 36 35 45 41 45 36 42 44 35 36 42 36 39 35 35 40 45 41 43 35 45 45 39 38 44 43 45 35 41 44 37 36 39 38 45 40 35 42 37 38 44 36 43 37 36 39 40 36 45 37 39 39 39 38 39 43 40 43 41 37 36 42 43 40 43 36 39 36 39 36 36 36 45 44 41 39 45 43 35 41 43 40 41 42 36 44 41 36 38 41 
37 37 37 36 43 42 42 42 43 43 37 42 35 37 37 42 40 35 43 35 39 43 44 40 44 38 45 36 40 36 43 37 35 41 38 40 43 36 43 42 42 40 40 37 40 40 39 41 38 35 35 39 41 36 44 35 37 38 42 44 39 43 36 38 35 38 42 45 39 36 35 41 45 38 35 38 38 40 35 35 45 45 42 45 42 43 37 40 39 43 41 44 41 37 38 40 39 37 37 38 
42 35 36 36 43 40 39 35 44 40 35 40 45 43 39 37 40 37 41 42 40 45 42 36 41 41 40 45 37 39 42 35 37 41 42 44 43 39 42 44 36 45 45 39 42 38 35 40 45 39 36 42 39 35 40 42 38 38 39 42 44 42 41 42 39 39 40 44 35 45 39 44 44 39 38 44 35 43 35 44 39 37 43 44 39 36 39 36 38 38 38 39 44 41 35 42 35 42 38 39 
45 40 36 44 41 39 43 36 44 38 40 37 42 44 45 35 44 44 35 43 40 45 36 42 44 40 35 39 44 38 43 37 44 35 35 38 43 42 43 37 41 42 36 39 41 45 37 42 43 42 36 42 45 41 43 35 43 36 35 38 42 42 37 36 39 44 43 41 37 40 42 35 38 42 35 35 43 44 43 41 37 41 40 36 41 37 36 43 44 35 38 40 37 35 42 35 38 38 44 37 
43 41 39 38 42 38 36 40 40 40 44 43 45 45 40 41 35 44 35 37 41 40 42 35 36 38 39 37 38 39 45 43 35 39 44 45 35 45 36 39 36 39 42 37 42 43 38 38 45 42 35 45 42 35 41 38 37 36 45 40 44 38 40 44 44 37 39 45 35 44 40 43 43 43 37 41 36 44 45 35 37 41 38 38 40 42 40 38 43 37 36 37 41 45 44 36 44 45 42 37 
43 41 40 35 45 42 35 38 40 43 44 40 42 40 40 36 38 35 45 42 44 44 44 44 41 45 42 40 41 44 42 45 40 37 35 40 36 40 36 43 39 38 37 45 40 42 45 39 41 40 43 45 40 45 36 42 37 37 35 42 43 39 45 44 40 38 43 44 41 44 41 39 37 37 39 39 44 41 43 41 42 40 40 35 43 43 39 35 41 44 44 44 41 39 36 44 41 42 42 39 
37 36 42 44 43 40 37 42 38 44 41 45 35 38 42 38 42 36 44 45 45 38 45 41 35 40 35 37 39 44 45 41 38 45 37 36 37 41 44 43 41 38 39 44 35 36 43 36 41 45 35 35 38 35 40 41 45 36 45 43 45 39 42 35 35 40 35 40 39 45 45 38 41 43 42 40 45 42 37 41 37 44 37 40 36 41 43 39 37 41 37 36 41 40 37 44 39 45 40 35 
42 40 43 38 44 37 41 38 39 36 38 37 40 44 36 36 45 45 40 42 36 45 42 44 38 40 35 44 40 37 45 41 38 37 41 43 42 41 39 41 37 35 44 45 43 41 39 36 37 39 42 36 42 44 43 37 42 43 41 45 38 36 39 42 39 37 39 38 44 42 45 41 44 38 35 35 43 35 38 43 45 35 40 36 45 44 38 41 38 37 44 45 39 39 39 40 40 39 40 36 
44 42 37 45 39 39 37 38 37 44 42 44 43 35 40 39 38 45 45 38 36 40 43 41 41 36 44 41 43 35 37 36 37 43 40 41 40 42 45 44 40 37 35 36 37 39 44 35 44 44 43 35 35 40 35 42 38 44 36 45 37 36 44 40 35 44 38 45 44 43 37 41 43 41 44 36 41 38 38 39 36 45 43 38 41 39 40 40 43 37 41 37 41 39 35 40 41 40 43 37 
37 40 36 45 38 43 35 40 39 39 40 41 44 44 41 43 37 43 37 39 45 38 35 38 43 42 41 43 44 40 40 42 45 43 38 36 41 38 45 35 35 35 38 41 37 38 37 41 45 42 36 36 39 42 43 45 38 40 42 41 39 39 36 41 35 45 36 41 45 37 43 45 36 39 35 38 35 38 45 38 42 35 36 35 39 40 44 40 45 38 39 38 35 38 36 40 39 45 45 43 
36 42 39 37 37 37 43 41 45 36 37 36 42 35 35 40 44 41 43 41 42 44 42 42 45 37 42 42 35 39 42 42 45 38 36 35 44 40 39 40 44 45 35 35 42 42 36 45 36 39 42 45 42 41 43 37 39 35 44 36 44 44 41 43 39 36 45 42 40 36 36 45 45 41 35 35 42 37 45 36 43 43 42 45 36 41 42 40 35 36 44 45 44 39 42 44 40 37 35 38 
610 9674
636 10108
469 8498
519 8161
457 11501
601 8286
561 11338
557 9217
507 11323
492 8497
641 8886
654 11042
586 9377
480 10376
553 8505
582 10641
615 9697
573 9685
715 11093
531 8227
555 10260
645 8357
587 9853
478 11887
511 8333
702 11470
601 9487
573 10615
480 9274
595 10039
708 10670
599 9587
618 11258
752 11646
629 9337
528 10408
596 9287
633 8737
699 8970
548 10506
498 9076
632 8353
706 10425
501 11872
457 9814
612 10270
735 8377
692 8228
608 11043
517 9068
595 11111
530 10118
725 9997
458 10371
541 10851
665 8279
712 8837
521 11958
694 8959
535 10130
519 8065
562 11807
733 11592
637 11965
737 10606
620 8248
479 8945
579 8792
732 8082
496 9408
463 9901
739 11494
630 10831
677 11440
461 9938
489 9869
682 11116
648 8954
692 9168
462 11601
701 11573
603 11139
721 11897
573 8942
612 11644
738 8630
502 8004
583 8979
568 9529
455 9285
559 8740
559 8380
615 8546
648 11916
723 11846
671 10639
672 8619
738 8756
568 8348
751 8693
896 987 919 825 916 895 863 978 934 996 811 809 973 848 885 938 964 954 950 884 975 878 838 818 913 805 915 905 990 833 948 936 947 898 845 969 809 867 938 811 973 814 902 989 949 935 814 905 953 917 944 859 946 878 860 893 995 970 976 967 999 906 858 997 897 943 890 926 951 825 813 890 812 898 942 850 884 877 994 926 908 841 943 928 928 882 825 891 939 872 802 915 926 944 865 890 916 902 911 982 891 868 871 839 967 901 972 903 930 859 898 891 833 923 821 849 935 913 936 807 856 964 834 912 900 865 813 917 824 857 939 962 938 967 861 945 878 848 988 963 925 854 905 988 812 999 860 841 930 888 936 883 962 814 975 920 837 895 883 946 938 964 863 984 868 861 801 819 974 977 935 922 992 844 986 965 865 888 857 931 946 862 924 834 947 957 991 878 857 935 969 905 963 970 918 916 893 867 917 929 
822 974 936 992 1000 976 1000 873 833 933 802 865 990 824 963 938 969 917 930 969 995 998 977 918 924 924 849 884 873 948 834 988 877 818 915 876 845 985 846 998 991 845 913 819 829 852 898 837 967 858 939 978 954 956 807 882 903 924 880 801 931 937 962 908 880 893 812 818 897 975 849 979 920 924 867 853 852 994 901 937 883 808 887 857 964 974 954 998 879 979 891 867 989 924 880 822 909 927 902 989 892 973 803 845 961 892 917 837 994 878 801 853 832 931 903 884 833 832 935 835 873 978 953 839 809 839 905 878 917 987 840 831 821 822 835 808 952 846 989 938 981 883 991 914 937 877 809 927 850 811 870 883 976 910 978 846 807 845 914 850 871 922 851 963 887 901 872 972 834 935 826 839 907 837 835 969 811 917 890 821 878 954 892 896 911 835 802 854 939 921 890 903 977 922 951 806 883 960 978 953 
895 856 903 817 990 801 970 938 910 987 824 948 841 856 999 979 949 859 895 875 924 924 866 958 865 961 902 861 870 964 874 994 832 992 942 966 850 945 970 912 824 916 908 962 882 960 941 931 970 868 863 837 867 975 933 812 884 917 896 933 987 895 814 898 943 891 804 851 904 970 851 843 926 898 867 865 924 925 820 957 961 857 985 952 848 943 965 890 846 974 810 807 869 814 848 922 955 852 978 906 992 947 814 843 990 995 993 963 899 822 942 919 982 812 800 914 902 982 986 980 821 807 972 968 992 909 803 801 989 812 886 885 923 822 902 818 841 949 960 867 972 951 867 953 992 840 821 988 926 908 864 857 859 888 950 924 971 887 897 812 983 847 980 820 919 934 941 867 903 875 948 901 897 895 992 812 851 875 972 984 823 869 921 859 807 828 921 987 935 994 890 937 975 820 880 917 818 858 992 870 
1000 924 994 927 901 945 979 819 834 962 955 950 946 809 965 994 897 884 865 808 990 902 826 931 999 903 840 924 899 821 819 897 920 945 957 814 820 938 857 882 858 819 828 835 886 972 902 907 829 956 916 867 997 995 913 849 890 896 845 853 913 817 836 802 959 991 812 945 882 951 971 924 844 802 997 993 909 910 859 868 901 987 984 938 829 829 876 1000 948 933 983 960 837 949 923 945 899 827 929 846 980 977 976 811 919 952 822 852 990 920 844 881 995 894 1000 958 915 922 987 938 876 906 982 995 894 923 809 936 860 844 831 896 956 858 939 804 805 999 875 837 872 990 975 807 960 894 903 944 885 896 841 861 895 972 896 879 964 909 819 867 839 988 868 824 825 903 816 913 882 973 914 996 861 829 973 818 997 954 827 908 993 965 897 862 909 978 857 937 853 895 926 977 928 923 838 923 898 898 929 952 
928 832 876 901 984 961 863 953 949 842 844 820 971 974 862 866 987 848 873 873 974 916 896 831 883 831 863 953 809 962 949 853 929 902 848 965 831 900 861 975 964 869 892 976 994 924 984 879 982 832 979 981 960 991 890 812 965 908 888 974 842 809 995 995 994 951 912 948 990 858 876 974 972 895 891 831 962 887 896 843 931 852 964 822 873 951 870 997 919 856 980 954 839 903 910 920 827 939 958 881 805 875 871 884 840 841 995 821 931 827 807 990 934 987 882 824 840 820 852 859 862 901 808 800 859 838 954 878 842 930 843 811 909 976 903 902 962 972 813 835 960 988 931 817 998 843 830 890 965 822 853 998 928 971 933 907 843 833 940 869 959 884 910 916 990 929 802 803 923 931 847 915 969 956 928 898 837 898 965 946 930 909 847 864 879 837 939 993 894 851 973 999 808 921 905 924 822 863 877 875 
870 940 920 926 965 823 954 902 993 884 843 976 961 850 902 958 895 953 865 863 848 812 800 813 936 848 973 837 907 875 985 908 906 980 853 997 964 833 895 849 907 834 868 957 843 878 970 883 849 989 961 864 816 844 901 828 979 915 918 882 998 974 927 986 944 812 876 936 865 999 900 825 887 905 965 852 909 944 966 895 810 979 942 942 883 815 891 804 801 817 923 821 847 885 852 956 906 975 890 847 971 955 925 919 988 803 864 903 892 954 825 891 981 975 980 912 955 861 973 895 877 938 850 844 910 940 985 927 836 914 818 858 952 958 988 815 810 822 964 866 899 883 874 955 975 829 804 861 883 879 834 890 987 929 841 852 945 857 860 866 954 877 892 976 838 834 991 809 938 975 909 915 843 994 972 903 913 854 832 845 892 831 832 932 986 924 970 974 946 865 913 957 931 951 878 938 942 945 928 876 
924 834 969 812 927 876 845 950 885 804 898 961 918 919 886 820 924 847 1000 862 849 982 888 946 920 848 972 838 867 848 901 817 960 923 850 969 895 807 846 888 978 961 810 920 994 806 904 924 962 830 924 974 828 939 805 984 975 852 965 961 802 957 878 930 844 864 829 824 832 919 933 877 973 998 874 802 850 933 956 870 830 942 942 977 811 921 841 931 940 945 832 907 901 991 854 828 966 890 813 893 828 896 862 805 973 811 893 982 953 981 928 853 958 819 852 976 969 852 805 864 968 926 911 921 980 918 808 828 970 801 863 943 895 926 898 888 822 919 832 829 886 896 854 921 991 801 817 898 964 985 840 819 960 976 921 933 815 888 838 863 816 909 926 913 979 866 985 839 973 805 877 928 964 846 828 913 815 971 951 887 844 831 940 902 866 940 818 852 863 803 847 873 809 800 913 952 825 912 872 942 
868 887 917 804 976 829 926 999 932 876 989 821 875 965 882 911 832 854 881 880 909 823 853 981 996 969 845 920 933 992 944 918 829 872 826 841 841 800 880 826 915 862 988 840 887 878 812 985 812 811 952 906 899 840 848 963 808 977 979 893 817 801 950 811 938 969 905 866 996 928 863 821 843 921 939 929 924 820 962 831 863 911 841 957 843 873 851 997 974 986 984 843 952 989 858 993 838 886 938 931 919 845 984 890 912 886 920 850 838 996 810 802 897 825 996 913 881 800 974 977 847 858 986 809 1000 902 807 839 995 965 850 871 898 883 957 977 845 854 886 939 890 970 824 841 848 841 977 983 941 815 895 846 973 875 935 967 944 869 862 924 845 858 996 988 953 987 931 895 829 932 822 801 875 840 870 898 826 954 869 934 975 877 923 902 818 993 822 992 993 864 904 944 984 872 808 857 838 813 838 824 
888 986 813 976 817 875 830 963 930 932 939 959 821 974 804 952 893 998 852 955 930 975 814 818 845 848 861 899 864 812 916 971 805 902 853 898 898 820 969 800 990 959 961 867 837 881 812 956 845 972 857 859 972 902 944 975 844 949 921 1000 874 837 992 974 824 974 848 950 911 937 968 942 806 848 967 866 902 858 856 976 965 984 838 848 908 948 838 825 880 984 888 942 915 946 829 900 914 917 961 943 946 982 842 874 898 931 886 909 884 992 906 985 920 904 835 956 973 933 991 802 975 956 811 963 911 927 915 930 906 930 914 804 875 941 892 989 981 805 899 885 998 812 988 842 986 945 970 804 983 878 852 803 941 837 826 845 822 869 818 877 876 864 929 982 895 988 986 860 870 901 937 934 929 874 991 857 806 851 845 935 938 863 964 821 835 969 834 825 917 858 827 945 950 829 999 830 881 928 992 804 
820 975 916 951 952 979 835 818 928 819 902 975 961 942 835 850 811 820 982 860 957 956 851 959 945 996 951 994 933 886 823 939 989 836 998 816 923 832 998 925 941 802 973 977 831 936 847 982 800 872 990 874 955 977 909 986 912 947 816 975 891 900 994 909 1000 860 812 818 863 895 962 991 898 911 800 957 886 849 848 804 861 902 926 956 805 985 912 857 868 853 951 919 834 802 901 889 929 968 984 954 942 962 929 993 983 854 857 851 889 979 833 900 819 985 866 909 997 844 914 836 862 889 872 836 899 871 935 972 851 828 824 869 931 970 863 986 816 914 846 890 894 954 802 846 960 971 937 867 971 932 897 829 958 928 937 962 936 971 996 830 975 902 817 826 862 933 851 988 917 993 827 929 820 933 965 820 868 942 837 835 932 818 870 873 938 855 841 983 998 875 915 942 999 885 984 829 807 963 851 843 
968 869 899 820 974 909 861 880 878 864 861 910 961 878 867 987 988 997 985 838 854 806 997 1000 866 908 876 884 912 815 832 993 929 929 885 882 995 875 826 867 891 968 894 949 903 945 831 946 946 842 929 976 999 903 986 913 921 890 968 934 815 859 956 971 887 897 815 852 978 941 994 839 857 875 944 907 909 950 897 889 828 928 963 851 954 970 808 861 982 853 905 864 885 800 954 978 816 816 967 879 963 960 923 818 986 966 998 976 817 826 853 976 885 919 929 850 988 829 923 959 942 877 814 959 837 947 970 932 957 920 900 880 937 915 968 935 951 868 924 857 900 992 856 802 976 966 851 980 961 940 970 829 930 875 829 898 800 911 826 940 1000 845 820 896 951 920 954 952 843 818 829 919 860 890 979 914 903 987 874 850 864 826 833 901 989 859 913 808 950 890 997 837 995 807 963 932 942 828 976 827 
871 918 921 881 880 839 904 843 930 955 814 975 857 959 904 952 812 987 888 977 833 919 836 912 901 838 807 923 808 919 878 937 911 807 981 955 992 811 932 903 995 819 904 910 866 838 804 813 877 859 932 842 855 806 834 902 807 883 984 840 993 874 913 923 840 967 950 973 894 953 924 805 873 801 924 816 857 941 940 903 803 946 913 801 925 937 836 902 1000 846 846 931 922 900 800 856 912 872 884 889 802 997 996 970 802 974 992 994 845 999 903 853 997 897 985 926 861 961 826 915 835 961 880 997 974 802 898 935 916 803 891 997 956 1000 878 995 845 954 844 992 900 989 831 891 969 996 806 822 882 940 909 813 977 948 990 997 924 900 925 941 953 979 916 927 907 857 872 835 873 970 909 853 899 889 894 918 959 939 819 842 943 803 838 866 803 851 897 979 935 947 975 979 917 910 800 962 847 887 917 848 
926 959 901 867 880 884 980 866 961 975 949 987 842 907 855 839 961 958 835 870 934 812 834 900 954 814 989 856 920 969 824 898 869 929 914 809 930 829 878 971 840 921 801 995 889 855 827 987 810 820 918 894 803 976 890 960 820 926 949 911 881 803 951 933 889 976 996 973 996 805 966 956 857 911 973 941 985 854 918 965 897 941 844 955 944 835 823 901 936 810 910 925 934 866 947 875 800 937 836 888 995 955 865 823 920 945 957 917 960 819 987 974 987 890 987 930 927 945 826 889 870 982 974 959 863 868 863 864 917 807 931 834 979 834 934 919 815 845 908 965 832 865 991 822 918 991 817 985 920 871 826 824 939 802 907 910 800 931 832 997 836 868 875 907 890 983 887 977 909 840 933 866 993 947 943 910 800 806 815 808 999 941 911 929 873 847 969 818 956 953 900 894 920 978 950 836 819 812 857 944 
831 822 842 879 855 930 891 809 901 875 985 906 849 944 920 957 826 996 964 879 879 986 989 915 936 957 880 1000 921 994 989 998 801 916 999 932 876 804 904 878 867 893 879 807 976 999 819 823 834 882 957 869 842 889 930 859 801 923 833 973 966 900 802 909 811 921 936 809 837 812 924 933 904 973 856 856 977 966 838 981 801 811 993 984 883 879 886 999 836 954 911 835 973 828 812 930 956 865 896 835 949 911 956 944 991 877 958 838 851 814 978 909 880 811 903 822 991 952 964 873 823 917 883 927 930 858 890 832 910 812 883 816 852 972 800 890 817 904 936 840 943 922 912 807 841 923 969 848 917 871 935 830 977 877 924 941 995 927 806 972 924 829 943 889 920 840 887 870 943 856 865 982 883 995 856 969 870 835 904 974 944 869 964 829 919 880 874 996 831 900 950 869 904 983 870 810 902 889 832 842 
858 962 810 949 919 871 850 941 845 858 866 981 998 865 911 980 963 883 937 910 923 801 932 992 887 950 850 821 898 821 889 899 803 834 951 861 804 969 847 883 842 828 978 995 813 802 872 967 902 849 917 962 952 814 818 965 979 947 856 921 840 926 862 919 872 987 869 941 926 842 814 997 869 930 801 863 979 971 806 953 872 800 872 917 969 908 989 976 824 949 910 973 855 990 825 823 903 996 813 809 922 892 873 921 873 962 958 930 993 962 926 970 845 848 856 994 853 877 874 917 935 954 972 874 914 874 986 813 889 985 875 975 943 941 883 921 818 900 936 802 946 904 858 808 978 855 809 847 834 823 928 970 961 904 845 818 816 810 939 911 947 813 944 855 953 978 921 890 956 997 849 976 878 802 839 928 806 805 873 926 909 980 959 833 823 838 949 947 805 896 869 943 902 934 817 852 898 923 816 924 
911 928 895 837 912 810 985 969 868 910 856 892 937 934 978 985 971 851 997 882 809 943 832 903 960 848 978 997 994 843 896 919 974 894 919 941 851 813 956 935 892 999 869 857 893 974 891 830 947 933 939 923 925 996 850 825 807 924 916 964 978 981 944 893 856 949 945 858 969 817 903 961 927 877 921 967 992 834 967 849 902 896 818 804 833 937 997 994 810 897 817 844 927 832 946 953 834 978 868 834 895 998 959 863 998 977 853 973 942 971 903 857 996 935 893 826 922 954 814 967 970 936 910 980 943 957 924 859 856 887 853 991 889 817 977 971 972 950 924 998 872 839 906 931 843 892 876 980 995 929 891 920 884 819 933 912 878 866 951 910 835 958 947 898 944 939 904 998 930 854 998 893 998 1000 808 874 813 947 843 867 823 835 940 837 970 991 828 984 920 978 936 901 974 844 884 979 842 854 994 921 
975 964 815 810 903 905 904 830 807 886 998 926 805 882 868 841 931 989 999 915 929 891 810 964 992 881 804 970 836 993 844 843 925 991 969 951 990 932 914 846 885 999 968 965 977 916 866 867 959 846 929 840 999 860 847 875 805 966 960 803 863 939 822 863 921 914 997 862 987 895 826 990 944 975 917 830 972 827 890 869 829 803 825 847 944 948 840 874 806 849 858 943 872 880 901 820 954 811 819 835 835 907 995 964 982 939 845 885 912 833 925 970 942 969 831 883 917 940 854 943 976 943 894 933 951 814 920 837 835 810 905 967 850 959 821 940 877 975 851 811 805 812 874 885 884 894 917 841 849 982 977 843 963 920 985 871 803 976 898 887 854 881 827 993 865 840 852 817 902 1000 882 956 914 988 966 862 939 834 946 988 816 931 839 964 890 916 942 919 856 961 830 962 986 919 905 807 971 873 881 899 
808 834 935 911 934 977 954 851 940 862 865 890 854 978 903 825 815 832 863 924 984 835 995 955 957 833 802 1000 822 904 980 911 835 871 998 817 943 954 902 844 899 820 897 964 818 953 811 857 939 993 952 955 945 854 866 859 998 862 925 812 812 945 836 958 942 942 877 998 892 968 834 803 805 889 851 929 869 981 834 956 852 962 805 857 934 903 977 858 804 847 975 904 926 986 860 980 931 860 834 978 911 994 841 869 961 895 920 942 930 982 1000 970 916 954 968 957 880 988 954 927 820 886 997 921 805 942 970 905 965 971 866 930 951 836 979 851 997 963 916 977 993 911 892 935 929 889 884 998 817 887 862 980 936 884 998 906 954 827 862 877 926 852 894 975 896 814 968 992 907 866 936 916 827 955 991 918 869 991 998 902 912 851 916 920 800 880 874 942 906 819 907 840 941 927 801 963 931 969 944 834 
834 984 999 814 985 927 889 855 880 836 859 916 952 869 949 939 916 990 965 801 827 836 802 828 907 962 809 848 961 889 905 950 992 950 828 803 944 998 914 998 811 894 953 889 810 966 855 916 948 876 812 847 967 811 807 870 954 894 808 908 951 916 818 855 910 988 951 990 993 947 898 847 921 803 923 978 996 841 873 929 928 809 876 863 827 883 906 830 944 987 876 827 820 936 953 825 879 995 927 947 922 917 892 848 992 937 997 869 906 844 828 804 814 862 844 891 872 941 885 806 892 905 981 950 834 943 994 971 910 866 805 902 981 972 813 919 873 890 898 853 831 805 988 828 841 985 859 966 978 949 950 874 994 971 985 831 842 807 967 963 995 968 898 840 816 986 918 987 971 979 972 805 830 926 805 890 874 894 954 880 1000 807 982 956 980 942 827 993 873 888 938 988 827 832 847 871 953 924 857 868 
977 868 862 915 880 956 909 987 942 844 929 811 895 850 921 910 963 872 994 851 906 930 881 814 999 908 896 912 951 986 892 806 912 844 837 860 907 828 923 811 889 851 822 834 868 888 843 838 980 897 901 860 826 908 844 880 936 992 994 835 948 894 974 921 923 840 902 995 861 898 830 979 944 867 806 808 963 890 855 999 886 956 916 895 996 865 827 887 803 996 996 824 887 976 998 955 929 981 905 990 914 830 868 871 974 843 939 967 813 910 933 809 984 909 803 949 905 989 913 912 851 993 932 930 976 919 806 998 874 848 853 978 891 923 814 844 801 957 839 990 946 878 840 998 932 919 885 958 872 952 889 822 849 837 967 829 933 931 886 980 837 817 807 924 822 934 987 872 905 991 934 834 836 884 999 925 808 879 951 861 924 825 975 959 962 881 832 952 833 988 879 996 868 818 902 819 989 989 938 812 
914 981 848 957 931 950 960 951 994 918 863 999 910 884 895 851 858 963 955 818 905 847 937 961 862 825 971 846 832 851 915 858 859 966 829 976 864 903 821 989 906 962 907 889 863 960 931 952 931 829 890 991 910 810 882 971 949 866 947 872 938 967 848 918 900 808 884 857 839 807 937 875 940 818 904 858 949 862 905 817 854 896 902 971 809 911 852 915 863 886 891 902 834 853 943 974 868 958 908 942 821 817 946 909 997 900 946 963 847 860 876 878 899 809 893 968 998 995 868 963 813 932 835 894 985 910 957 956 808 876 879 921 990 942 825 857 801 803 881 828 870 917 940 838 820 894 876 863 826 883 911 837 934 976 808 825 893 836 872 954 883 874 831 820 963 908 858 893 940 928 952 874 950 977 981 810 933 928 829 813 941 886 953 960 903 836 819 924 961 849 935 832 914 992 810 871 924 964 994 970 
949 888 955 940 996 871 909 897 947 863 859 874 961 967 966 874 859 947 892 814 817 848 866 943 960 918 920 969 806 800 817 960 805 869 805 965 969 853 805 815 983 911 927 827 883 906 952 829 996 879 913 903 906 894 814 942 990 859 874 827 876 918 943 902 970 805 898 931 809 896 971 946 998 912 950 897 991 813 937 963 855 895 883 941 929 827 997 889 941 963 823 919 935 839 907 873 949 888 829 974 883 834 855 981 839 827 883 804 902 891 818 899 995 932 915 978 984 973 880 862 829 840 941 962 896 811 969 954 899 997 864 874 886 851 849 828 816 954 860 934 949 807 862 865 847 861 854 854 824 913 803 885 827 948 977 815 823 869 844 817 816 922 941 963 949 993 890 881 807 990 806 810 903 954 972 931 910 808 843 815 817 858 924 853 883 966 859 984 862 887 851 999 893 820 883 920 904 837 954 813 
943 988 921 863 877 928 858 822 820 836 983 943 843 829 817 904 929 823 988 966 836 861 909 864 968 810 918 882 938 979 905 882 843 827 823 823 843 856 896 876 941 868 918 865 944 928 825 869 879 841 930 829 999 874 869 931 867 951 821 859 830 813 902 846 973 981 1000 888 921 928 866 942 916 980 826 962 843 937 924 904 954 884 982 834 815 848 801 997 825 964 853 873 915 816 867 951 886 938 897 948 988 850 838 881 870 868 843 924 886 806 829 918 818 823 960 907 839 906 916 966 833 870 846 988 851 868 820 968 874 929 864 880 991 814 989 812 939 927 923 954 893 822 953 859 903 858 923 964 942 984 836 876 947 905 861 970 962 944 864 944 832 814 946 959 827 928 837 924 833 879 840 852 913 990 826 924 834 955 948 813 940 940 854 917 923 805 829 945 845 960 927 988 990 838 958 877 844 906 984 860 
939 876 862 806 907 832 837 811 855 938 879 918 945 870 813 947 849 907 932 814 890 949 958 921 801 951 971 866 938 900 823 995 840 908 816 865 887 894 908 949 949 806 924 945 968 891 813 904 939 884 816 987 974 985 880 805 914 846 802 845 884 894 800 978 854 986 946 810 841 872 870 866 999 865 865 818 904 915 966 915 886 924 973 821 831 928 826 902 840 885 881 904 966 895 975 936 942 804 816 872 1000 872 993 818 813 851 971 967 892 944 894 839 822 817 927 849 900 985 908 820 836 869 903 961 970 816 907 999 879 918 847 913 893 817 898 824 902 910 858 962 969 805 940 855 801 840 951 824 987 816 843 926 983 984 832 813 931 838 907 844 857 836 998 961 909 930 956 923 836 920 979 947 825 966 928 920 989 895 849 938 944 809 956 962 924 880 822 932 999 809 907 977 803 965 935 841 826 908 819 835 
967 974 893 822 903 843 924 866 824 846 995 978 995 866 946 926 800 924 979 914 973 823 953 803 924 990 819 928 831 957 915 823 853 817 805 932 802 911 803 890 859 867 923 951 823 929 843 800 934 968 947 820 965 955 960 822 878 839 840 990 935 946 964 887 895 841 961 963 862 839 887 962 890 924 981 891 959 987 939 977 945 852 937 858 867 947 913 933 859 868 939 965 891 920 841 957 937 818 990 852 893 828 949 882 934 998 884 811 861 903 834 838 870 981 912 842 932 833 938 933 826 889 983 966 934 924 842 994 986 927 824 862 835 953 879 961 822 958 970 973 850 980 972 932 987 941 973 902 931 979 844 867 899 933 823 982 805 978 917 916 973 949 866 902 834 965 827 996 841 817 923 904 989 883 840 884 891 868 812 820 808 824 934 947 942 922 1000 890 978 868 855 810 931 989 825 845 953 955 878 975 
912 916 848 865 893 888 834 848 867 922 961 831 841 910 823 989 936 844 926 919 854 961 915 970 986 839 982 976 883 900 847 900 980 892 800 833 891 901 997 868 867 801 919 835 921 842 855 906 929 879 865 934 970 999 858 993 832 966 932 809 908 812 800 978 977 979 934 952 956 868 887 829 897 860 973 859 901 914 998 951 832 895 804 874 953 972 945 819 854 914 881 826 925 941 964 807 911 815 843 942 841 826 838 863 867 925 968 901 800 921 939 958 922 971 922 930 908 939 951 931 843 877 828 817 935 936 881 955 839 908 999 915 962 993 927 922 889 815 833 891 821 901 880 990 894 816 832 838 913 924 864 826 825 860 969 940 805 805 954 914 973 898 827 992 838 884 862 832 968 936 869 841 898 884 924 910 876 979 985 903 849 870 913 925 828 863 999 974 928 808 802 969 918 802 998 919 850 826 936 803 
889 969 812 871 853 883 875 906 853 832 857 986 873 916 992 889 825 918 890 810 875 959 900 868 982 989 963 826 879 898 828 852 884 859 943 866 970 852 866 848 802 843 976 839 934 869 818 976 989 853 851 924 924 940 871 927 975 874 957 850 823 870 811 907 907 895 946 844 862 831 947 903 805 950 828 955 837 972 830 868 920 891 838 959 996 979 891 963 857 924 879 871 875 906 938 801 950 850 845 949 900 837 908 914 833 815 923 975 977 816 979 812 898 830 819 983 833 873 870 959 902 849 992 800 819 810 847 847 986 839 828 813 970 879 918 842 892 828 988 866 877 900 899 921 805 828 833 916 807 947 919 921 998 972 845 868 916 993 947 871 846 897 906 873 971 916 811 892 951 800 870 848 826 980 978 817 802 858 923 808 888 920 828 985 878 899 882 927 804 880 811 959 818 998 819 870 917 969 873 814 
824 838 912 845 882 845 864 896 932 900 807 878 934 845 910 957 814 874 933 954 809 807 972 965 946 967 897 895 833 860 957 821 872 958 946 932 819 838 916 850 915 839 922 844 800 898 950 840 977 944 917 817 841 950 980 998 939 802 863 993 922 943 867 835 804 997 903 805 963 975 821 966 822 964 988 921 920 819 974 814 957 812 804 843 863 857 821 959 957 808 861 847 871 864 865 875 946 965 870 904 869 962 871 986 807 994 957 990 979 929 973 955 958 801 971 953 801 964 944 801 825 960 819 932 893 837 853 966 820 949 896 945 800 966 991 910 936 858 861 865 905 966 925 933 926 821 926 842 983 814 999 980 959 892 999 930 886 995 995 909 851 862 999 890 888 911 896 822 900 802 855 827 870 891 960 914 961 881 815 938 892 948 940 859 981 820 970 944 846 902 934 999 972 964 894 815 832 972 868 837 
977 834 841 998 833 968 875 959 829 966 812 932 828 965 887 889 859 987 920 975 991 858 858 803 902 914 816 857 976 965 1000 950 982 824 806 892 833 858 940 926 950 943 814 987 818 920 944 883 968 874 849 970 979 931 840 917 864 866 864 826 849 952 879 835 847 948 826 841 808 836 949 930 860 818 931 911 861 947 982 943 974 885 991 868 807 855 859 866 992 981 849 820 1000 816 863 936 952 887 859 806 931 836 975 971 839 913 857 983 835 981 824 823 895 998 907 810 955 898 858 980 982 836 990 985 978 940 954 878 932 827 809 975 957 917 946 916 949 894 909 812 919 986 917 941 808 937 891 806 894 824 814 864 862 971 861 966 972 910 987 972 805 989 822 978 849 952 848 823 937 939 964 855 885 994 850 986 872 908 830 929 975 970 930 957 804 975 883 972 919 875 957 958 889 888 979 845 985 822 820 876 
985 833 872 918 921 803 954 805 960 926 824 877 933 994 839 887 855 814 800 800 824 993 869 874 888 873 950 813 868 958 984 892 916 989 800 830 904 853 957 804 840 898 891 919 917 978 935 891 898 994 935 835 859 913 936 836 832 919 961 939 862 950 929 801 1000 897 924 857 900 901 892 864 936 936 834 822 992 870 832 886 983 883 890 900 845 918 873 858 898 879 892 933 986 963 835 952 924 817 842 955 872 827 828 978 903 923 857 850 880 898 865 914 917 941 816 834 871 895 924 977 871 998 972 993 911 887 959 884 983 854 911 971 911 915 933 862 873 957 966 861 959 907 864 920 883 940 864 849 916 852 972 957 906 808 812 950 856 872 978 938 900 848 905 867 800 917 953 829 888 870 942 995 873 938 984 918 857 943 935 984 845 832 913 824 835 855 832 983 839 945 865 978 813 947 892 925 937 914 991 952 
947 800 955 957 815 898 831 960 885 881 994 892 846 875 870 840 855 811 917 908 927 838 873 824 966 861 936 961 998 920 860 934 948 824 942 932 854 831 988 984 952 954 897 964 989 810 977 992 825 893 879 822 994 942 948 974 953 938 929 918 852 942 966 854 937 876 998 994 928 992 882 924 979 890 994 937 895 891 981 983 908 938 966 853 825 912 871 973 957 891 970 972 921 965 848 802 914 999 908 951 882 984 950 809 903 985 837 895 884 932 928 826 816 986 855 855 807 856 885 933 977 856 985 801 920 891 830 962 877 937 978 965 853 934 965 977 825 894 942 915 861 813 841 849 979 939 853 886 929 825 930 984 958 993 954 917 894 931 934 904 946 948 815 904 822 906 814 913 833 953 809 912 834 816 956 828 863 981 941 810 823 860 995 983 995 809 887 961 974 841 967 995 985 909 805 960 831 883 956 984 
858 873 889 822 905 972 827 890 842 836 923 852 861 970 924 916 909 881 816 907 884 863 942 831 835 818 936 947 974 803 940 902 872 965 836 922 860 941 914 825 831 958 990 895 885 984 804 971 932 913 982 932 936 916 876 984 855 994 814 861 863 867 995 859 936 858 962 966 989 846 953 801 928 909 940 969 931 855 952 829 934 919 901 977 914 978 850 827 924 805 843 842 817 827 823 900 902 884 990 972 868 801 974 997 921 802 950 829 882 991 920 966 979 979 878 810 969 809 815 801 914 905 803 809 837 893 901 899 896 848 856 964 813 814 956 842 815 930 988 931 812 942 803 960 955 988 950 875 833 823 875 817 815 970 937 953 915 810 914 816 817 815 893 967 817 893 898 802 946 950 925 830 979 966 827 925 825 922 961 969 904 851 958 907 848 948 922 862 816 914 963 839 989 837 857 877 929 836 804 945 
988 996 964 904 812 961 898 900 1000 822 949 861 942 973 827 812 908 940 846 897 933 886 927 876 860 894 956 869 844 935 872 966 907 879 986 903 828 951 867 865 898 943 845 853 855 869 835 879 812 964 999 929 924 914 801 928 841 830 931 953 809 911 972 833 855 815 815 949 959 943 950 968 817 805 997 962 883 986 887 948 882 808 813 836 820 880 833 825 896 957 874 922 819 930 949 902 913 819 840 943 972 931 984 954 877 943 845 939 994 865 952 912 848 960 969 822 938 910 920 801 882 818 889 971 924 834 877 837 975 983 991 928 952 805 879 894 876 950 923 855 824 924 968 866 960 810 919 885 986 955 805 945 934 882 845 891 831 906 866 944 839 884 976 846 976 961 905 908 815 853 950 927 824 871 980 958 955 936 921 986 998 819 879 985 976 867 905 824 877 914 920 886 817 985 968 958 884 868 916 820 
816 817 905 882 907 825 830 833 817 921 935 808 898 929 801 916 993 995 907 907 883 858 806 832 865 935 964 885 942 806 826 959 857 831 935 953 987 900 895 850 986 959 810 877 836 965 862 957 890 871 976 822 838 888 829 944 963 918 914 972 931 806 830 932 865 939 945 962 845 967 980 813 974 868 950 976 987 893 884 963 982 897 964 976 958 982 805 876 839 951 978 992 924 938 989 994 891 881 878 848 900 821 997 884 834 982 870 877 873 886 931 927 989 813 997 822 943 980 834 964 833 887 961 862 928 815 807 875 807 809 937 928 890 888 872 849 825 987 929 958 801 860 927 842 917 841 933 951 913 988 826 819 878 894 881 890 826 877 978 863 870 830 947 847 807 933 890 915 919 878 816 916 822 976 936 835 830 814 998 878 958 900 963 834 983 866 939 926 802 802 954 972 997 850 978 906 805 892 847 834 
834 891 895 933 998 864 939 917 939 813 956 982 868 986 858 918 805 999 863 900 830 959 897 882 805 972 847 862 850 967 814 828 872 898 887 823 897 974 930 996 927 806 863 915 1000 937 992 801 824 957 987 862 990 901 996 968 863 965 876 801 905 948 911 973 941 994 952 825 842 821 978 830 981 800 899 990 945 831 978 958 872 822 881 905 801 917 929 815 960 969 811 893 856 950 987 847 835 959 868 849 915 855 970 895 977 885 966 881 838 879 877 866 822 861 910 976 934 883 816 815 967 917 934 921 881 906 906 948 905 844 893 926 831 991 972 984 973 953 811 819 878 829 982 927 918 801 925 897 835 961 946 980 848 879 979 855 932 945 975 927 848 913 870 924 864 875 861 924 891 988 980 902 949 831 922 879 805 978 983 993 837 957 905 861 919 851 944 955 922 930 828 900 953 951 872 973 973 925 949 925 
822 850 864 869 932 816 1000 813 887 963 874 984 934 939 988 878 885 933 867 874 848 815 916 923 946 996 828 817 818 804 926 924 972 803 953 961 988 943 957 909 804 869 988 839 868 842 956 967 934 961 936 858 840 885 875 824 897 998 812 941 822 941 960 805 954 951 994 869 995 983 860 813 970 821 803 862 826 972 898 943 948 958 808 937 976 817 818 835 820 929 844 982 918 929 828 885 961 953 880 963 887 843 866 856 961 852 956 985 853 983 913 948 932 977 924 983 939 913 806 916 849 809 908 957 980 855 902 947 906 920 942 813 880 966 809 810 907 988 816 878 857 910 966 922 875 916 829 924 985 802 833 913 977 867 952 982 806 802 986 816 957 996 862 950 913 817 839 825 811 941 863 822 882 872 848 822 973 974 916 829 908 964 906 865 999 868 947 837 847 996 814 979 985 999 966 990 895 952 877 803 
825 968 810 856 933 874 802 884 818 939 838 883 834 864 845 849 900 917 947 891 878 812 984 846 896 875 814 924 834 999 966 932 879 858 923 936 853 968 999 819 908 903 854 916 896 822 974 868 831 995 869 942 997 812 906 815 939 986 865 902 884 863 871 881 806 1000 816 835 980 828 867 803 804 844 993 903 836 828 978 959 906 979 834 940 988 892 912 807 840 907 930 925 905 928 952 930 851 877 970 810 858 864 998 989 935 971 952 874 958 891 804 828 966 812 801 845 849 807 877 940 830 953 930 863 896 882 981 829 907 842 873 850 974 863 804 964 880 868 951 845 895 839 838 884 802 969 857 900 908 887 880 982 979 970 986 979 800 935 987 831 810 974 839 806 983 820 892 897 986 847 877 970 995 817 923 972 825 848 954 927 988 824 988 856 943 996 920 1000 801 864 874 868 850 948 836 821 831 1000 953 829 
822 872 858 982 947 820 955 971 979 850 954 825 894 836 887 860 953 848 804 858 911 939 916 844 827 991 986 907 899 952 814 922 923 844 839 885 856 907 822 826 984 803 855 808 867 939 925 826 909 998 895 919 899 970 926 825 845 858 837 997 866 986 945 961 914 822 823 851 975 832 924 942 825 865 916 819 956 975 926 922 928 880 964 852 891 936 896 913 879 860 956 880 838 838 994 836 914 870 922 810 990 868 989 969 992 984 860 932 802 912 946 903 898 826 964 839 878 979 801 865 971 939 947 898 930 997 906 1000 841 893 999 815 904 896 997 889 837 821 994 813 820 807 989 832 916 945 806 1000 830 804 876 984 945 955 971 932 915 845 801 853 863 956 870 847 929 923 891 803 955 881 860 814 994 819 942 885 991 850 839 901 988 904 832 922 931 811 893 972 958 984 801 843 964 875 863 820 962 827 842 876 
941 938 945 957 873 916 856 944 904 835 944 915 982 895 994 983 865 873 997 868 908 868 982 922 876 989 998 865 957 955 836 832 981 956 918 923 994 912 883 878 960 835 807 999 896 910 884 957 910 816 987 917 809 984 862 874 868 858 865 892 897 924 979 992 908 941 853 922 938 804 846 996 827 805 838 947 835 986 873 911 854 863 897 928 985 866 899 809 829 986 991 978 853 866 820 962 805 817 823 940 812 909 853 911 829 968 805 897 958 840 811 809 944 812 973 961 994 850 969 835 960 988 926 905 968 875 958 914 946 854 946 973 850 855 963 867 848 915 955 849 991 831 832 940 872 929 876 879 971 1000 893 840 839 967 835 825 979 901 857 987 857 968 902 991 944 807 948 841 929 810 829 942 892 932 954 958 988 855 983 820 852 806 995 802 920 821 865 961 832 907 812 824 990 827 806 815 852 885 889 884 
844 949 845 984 952 959 986 892 919 950 819 894 1000 853 986 866 824 914 906 898 854 951 978 802 866 860 820 966 864 904 982 858 858 867 808 881 979 826 920 893 862 928 824 974 934 976 883 815 871 979 938 802 815 808 880 928 820 864 929 912 804 984 858 834 893 956 845 808 888 974 882 873 830 832 879 992 920 857 878 975 827 823 856 822 925 919 872 866 867 945 831 880 965 833 976 865 862 874 970 890 967 882 961 939 803 929 893 850 915 939 849 953 800 844 866 812 913 855 957 995 832 948 989 831 849 970 800 900 813 961 810 995 829 843 843 893 950 971 970 935 861 929 982 908 988 942 890 987 971 962 924 916 982 838 912 996 937 836 977 967 961 825 965 916 969 817 881 917 961 814 832 825 853 850 948 984 886 997 999 962 823 975 880 811 844 854 830 932 951 800 883 938 966 806 814 891 983 981 916 824 
965 962 811 987 960 942 927 817 955 924 954 964 931 985 868 995 975 862 907 970 855 809 848 885 880 973 975 802 942 987 966 883 904 998 990 800 831 883 854 917 943 969 822 899 957 992 893 814 962 819 873 993 803 839 915 997 825 985 872 895 802 930 911 903 940 940 928 980 825 836 876 833 830 937 866 943 989 925 924 956 891 904 897 981 809 808 888 924 959 945 956 872 957 902 841 814 885 916 819 896 942 994 844 849 964 981 940 929 911 971 835 976 875 830 832 835 976 933 845 845 817 935 928 936 885 897 914 813 984 869 959 920 800 972 843 954 940 953 983 934 893 877 914 997 832 927 916 949 891 944 895 906 999 901 900 914 947 937 863 936 803 967 941 983 886 922 929 848 866 948 832 831 851 920 966 874 927 978 850 938 871 812 825 846 894 932 964 950 980 956 886 994 994 976 839 998 989 998 811 899 
834 827 838 889 824 956 935 867 957 897 922 812 953 882 956 941 911 830 951 804 820 889 868 949 903 999 877 926 949 952 997 814 878 831 826 984 896 890 844 801 831 973 986 934 893 920 951 919 891 851 1000 995 998 987 869 944 825 864 917 919 998 834 916 856 863 833 968 918 960 917 925 805 886 831 838 990 837 946 883 983 885 991 953 966 970 843 853 922 944 839 919 892 810 801 957 811 887 881 829 836 883 864 830 915 912 997 959 984 869 960 902 840 932 929 806 898 851 898 846 914 898 970 873 922 873 887 896 982 984 963 995 978 989 957 991 895 880 909 810 867 873 977 999 851 960 825 922 816 823 876 913 894 921 857 881 850 853 965 860 821 903 826 820 906 924 830 957 899 916 946 913 981 920 917 942 948 925 940 955 857 876 992 843 975 893 846 996 975 843 871 852 850 952 841 879 850 947 832 877 831 
854 920 908 949 997 873 906 801 882 881 941 866 834 875 878 982 896 898 978 845 838 865 910 925 970 843 860 844 888 820 958 884 871 864 859 962 998 950 991 872 888 945 884 896 980 921 932 801 812 917 917 911 862 926 839 846 993 964 805 802 915 883 899 897 840 855 963 834 912 870 936 1000 867 938 824 882 924 839 873 845 904 896 802 855 980 813 956 987 900 1000 838 922 805 860 1000 964 851 951 843 917 970 922 849 934 812 959 801 967 803 881 845 856 980 808 821 1000 972 957 857 811 920 988 968 987 800 925 890 968 1000 989 993 988 932 918 807 835 840 935 817 963 952 969 940 832 902 966 863 837 800 824 983 933 812 899 927 818 828 907 890 921 851 967 900 963 918 912 851 909 864 847 932 886 832 991 952 899 885 884 846 937 874 828 838 865 904 860 902 939 857 817 814 919 827 801 949 822 965 832 905 953 
833 984 858 982 992 964 889 835 840 935 967 833 898 858 983 923 852 965 839 859 863 854 922 967 938 884 996 923 970 808 828 915 846 994 899 836 920 818 980 970 862 865 953 815 824 823 974 867 899 870 994 975 851 994 994 924 859 819 830 921 934 873 983 875 938 895 844 929 988 932 941 991 885 824 841 870 879 885 938 899 956 832 934 843 923 992 839 905 973 915 927 817 918 835 852 892 918 940 899 814 983 820 914 802 889 974 876 819 873 842 982 804 866 844 989 826 822 833 824 870 805 910 805 870 804 942 858 873 986 853 899 873 914 930 884 858 899 901 845 891 829 921 881 888 876 870 920 849 842 825 914 880 979 1000 862 844 930 936 982 930 882 922 845 888 912 852 814 971 859 917 805 967 852 952 909 961 968 893 846 912 999 879 950 872 999 941 956 909 956 959 910 912 951 836 967 815 802 826 877 989 
994 890 892 900 809 977 991 927 917 813 803 804 929 975 808 975 943 847 915 905 848 872 819 874 948 960 868 928 840 846 871 958 880 992 812 903 824 897 874 852 816 819 807 968 864 952 863 863 932 904 852 986 933 877 842 941 1000 841 901 838 843 967 890 828 852 857 912 912 947 800 987 883 993 883 865 909 943 874 808 824 803 811 916 896 952 803 896 860 933 869 840 807 988 878 901 968 906 814 930 859 923 972 930 801 873 852 844 850 859 902 808 814 807 970 804 899 961 836 970 901 866 874 828 878 1000 901 859 869 897 971 847 917 902 986 836 800 896 842 879 866 887 986 905 818 968 967 938 930 847 990 956 911 920 954 956 918 856 813 869 863 858 934 886 912 925 825 957 948 895 890 929 983 992 833 938 875 824 842 839 844 836 989 912 873 941 910 979 924 865 906 874 855 887 977 986 945 981 921 926 999 
844 841 959 980 889 828 864 1000 961 896 978 993 925 838 913 998 897 909 925 864 966 815 910 882 986 969 978 987 817 802 855 875 832 988 857 938 930 855 831 894 877 835 811 914 943 960 817 987 837 836 930 937 802 804 940 886 847 972 818 977 911 831 973 841 872 957 907 907 870 909 938 978 968 955 863 870 960 804 971 856 965 840 944 894 888 950 910 854 955 991 801 924 893 833 904 938 932 866 933 843 984 967 986 821 809 872 999 986 931 817 842 807 994 924 903 828 827 829 951 957 811 984 889 870 877 859 875 802 825 878 829 959 872 846 869 957 970 821 925 998 968 966 991 823 863 994 992 902 995 924 967 968 921 926 824 843 822 919 988 932 839 959 910 823 872 940 985 840 900 833 810 938 931 888 821 808 983 931 967 997 839 890 913 937 863 858 999 878 935 895 926 833 940 901 826 926 959 887 876 827 
969 932 910 904 970 861 836 978 947 915 930 842 837 995 852 852 872 828 808 920 943 904 859 943 916 900 971 843 824 999 997 840 850 889 922 902 873 915 996 830 961 977 988 812 974 949 861 854 974 955 962 887 842 978 905 992 806 977 938 959 991 835 933 940 926 866 908 959 807 866 872 960 845 907 953 860 818 990 827 914 880 895 845 851 984 860 914 840 956 922 843 841 998 875 865 913 896 936 938 880 889 921 846 818 883 874 866 848 997 989 971 906 803 929 963 828 955 888 974 829 852 987 860 859 993 900 864 901 991 976 945 836 904 833 935 894 985 910 912 898 811 974 941 914 877 828 899 925 983 950 886 803 801 998 932 977 953 973 937 843 990 965 867 809 837 811 852 814 823 982 805 936 931 948 890 959 800 920 812 907 814 913 917 837 928 942 984 894 911 805 944 870 943 949 895 897 844 832 802 985 
831 897 843 814 922 821 872 882 903 990 829 906 974 906 840 986 853 823 894 876 995 903 833 859 849 856 870 856 974 967 939 826 925 944 813 935 895 831 851 954 938 948 839 967 913 941 915 938 898 968 899 863 857 953 952 889 841 959 948 826 866 817 923 922 866 992 819 814 877 872 822 941 910 883 855 806 847 997 992 937 875 859 809 906 893 989 979 937 961 818 974 929 910 905 879 848 900 972 855 987 978 820 972 979 849 892 872 924 837 888 914 803 837 970 863 827 979 959 978 868 948 881 925 914 884 931 862 899 904 877 897 884 852 871 887 885 968 849 854 999 818 855 911 920 973 998 889 868 942 902 849 978 952 855 881 959 889 924 842 837 856 899 871 890 906 975 906 876 981 880 854 945 865 951 920 842 946 922 886 890 1000 914 912 832 952 979 804 914 931 917 862 890 948 901 971 863 932 985 803 878 
891 988 912 835 862 846 917 926 983 989 974 938 939 919 866 866 811 814 895 982 886 998 910 938 845 822 986 894 842 808 995 834 881 859 818 916 849 884 907 916 882 850 997 976 984 870 832 900 949 953 995 908 890 949 912 842 882 824 867 891 953 901 861 995 941 940 987 848 951 841 926 825 981 800 889 986 886 973 931 942 923 918 867 867 861 942 841 962 829 997 967 822 959 995 897 988 841 907 969 988 890 922 944 842 835 847 959 919 822 906 915 895 841 825 968 808 967 936 870 853 966 881 903 818 898 953 992 832 850 803 978 988 895 837 910 931 833 846 818 821 802 925 880 908 809 930 872 936 819 930 801 841 846 880 806 971 825 879 821 806 871 860 887 995 946 809 837 906 847 958 880 812 962 916 972 977 958 891 871 854 863 893 828 969 971 969 870 857 869 872 994 911 832 858 954 994 839 976 813 854 
905 988 890 989 999 840 800 910 919 989 807 880 894 929 883 914 957 808 830 959 962 972 918 990 832 896 800 935 849 969 907 912 822 972 931 900 872 952 897 856 878 853 858 959 865 921 942 957 808 958 961 959 990 831 828 818 945 853 926 978 915 845 961 958 898 885 820 889 816 935 925 877 874 957 898 898 833 827 951 943 919 851 841 837 921 852 942 885 880 997 934 992 899 956 803 971 965 936 925 801 972 973 804 970 830 927 986 883 808 993 862 892 927 828 958 970 845 916 957 939 932 837 979 871 847 864 902 892 840 854 877 828 871 866 814 972 886 906 995 896 998 874 875 855 956 972 987 915 905 912 949 821 885 863 981 945 903 850 851 909 847 903 940 838 983 921 1000 958 990 883 989 887 941 827 874 992 951 821 874 990 888 896 847 955 815 854 830 842 959 838 925 990 900 879 997 924 932 809 818 988 
865 906 973 929 917 981 917 889 801 872 908 804 823 827 878 923 916 931 961 876 855 884 890 914 830 961 898 857 947 916 818 963 824 984 889 885 910 824 948 827 855 930 910 815 923 840 834 930 852 988 873 827 807 844 999 810 834 851 872 845 852 823 914 882 900 978 886 900 998 918 974 851 888 953 807 986 965 984 996 914 861 977 873 888 839 967 965 975 843 994 965 920 837 815 875 934 822 926 962 916 970 886 999 960 821 813 978 934 932 800 954 953 928 946 833 949 879 909 845 822 800 819 866 816 892 829 939 994 889 852 996 998 880 993 836 804 818 949 917 902 825 892 930 882 964 965 870 967 983 987 940 885 953 924 916 916 839 836 926 896 948 915 862 949 912 950 923 871 867 936 923 991 818 946 867 905 996 862 988 832 901 968 981 870 966 839 954 830 947 839 997 810 918 946 913 995 818 881 865 958 
807 885 957 822 991 849 975 910 984 948 951 949 855 906 843 953 955 901 983 915 980 982 980 950 955 850 935 810 943 894 913 926 952 905 930 821 843 948 934 960 982 959 853 813 862 931 980 842 870 879 909 955 883 836 845 991 881 994 984 908 844 898 926 932 955 983 962 930 842 954 875 883 835 819 965 877 822 989 830 973 947 834 865 955 895 802 916 991 849 859 874 968 882 815 885 810 840 914 834 990 931 842 980 853 908 836 856 802 997 1000 934 885 849 974 971 868 862 964 868 922 834 985 853 899 921 939 879 994 940 857 956 945 811 853 868 905 884 824 970 934 906 819 851 892 994 983 844 904 976 937 879 884 899 832 812 828 822 816 956 922 930 981 883 909 892 955 969 922 855 920 937 904 958 967 862 881 822 802 936 817 909 868 848 944 814 860 906 874 895 816 908 934 895 909 865 816 886 829 874 804 
918 977 870 979 905 962 980 954 924 980 983 923 828 884 913 851 998 803 927 997 958 951 944 979 980 911 942 836 968 890 841 894 874 817 876 898 985 872 902 906 943 983 840 833 845 922 854 927 866 859 866 984 812 937 901 901 996 987 916 885 838 901 992 994 957 916 976 813 961 900 925 811 800 838 886 867 812 824 903 855 952 968 828 833 949 951 811 972 1000 843 813 873 951 865 977 918 893 967 894 941 956 960 942 803 880 971 994 818 919 946 812 814 913 804 979 924 916 968 827 992 837 912 881 906 859 930 894 852 886 810 901 999 994 911 800 989 981 818 984 978 988 852 936 969 870 809 967 929 847 972 829 960 865 810 979 845 967 923 892 833 829 891 861 886 811 830 949 902 884 999 989 946 941 953 839 850 956 823 809 877 975 821 932 997 965 900 966 842 857 866 807 940 993 907 831 920 843 977 890 887 
878 981 867 875 845 875 900 909 856 849 891 877 938 883 885 916 827 890 961 976 982 825 962 814 863 908 858 856 813 825 991 889 968 802 986 854 984 961 869 852 849 846 978 977 887 909 933 975 861 819 868 908 870 869 841 806 891 914 916 825 974 966 943 855 912 874 948 829 822 919 977 816 910 845 947 901 837 900 935 935 911 988 888 1000 834 900 968 955 918 924 848 957 904 852 828 956 921 961 904 959 935 891 907 999 953 922 946 876 810 858 967 948 921 955 953 898 961 984 822 905 835 835 914 805 896 968 889 829 833 906 815 884 827 926 928 864 884 870 850 819 865 845 925 908 961 843 923 945 992 845 921 850 870 892 820 938 816 876 980 813 971 904 904 974 905 995 915 976 844 900 903 896 829 940 830 932 972 979 872 878 846 817 894 882 808 844 833 892 823 835 966 921 960 923 864 819 902 874 977 810 
909 894 872 994 816 993 968 983 865 939 910 844 889 885 870 936 963 846 839 868 997 817 981 874 909 825 853 924 816 987 903 866 956 934 972 858 973 954 941 955 814 901 999 943 910 955 988 927 943 943 823 893 971 894 919 826 856 867 910 933 938 878 943 826 959 987 948 888 862 866 908 892 866 978 964 961 915 957 994 999 947 910 997 845 931 872 886 840 841 998 994 839 944 810 879 837 868 841 941 980 854 843 921 899 879 860 884 857 976 828 971 859 872 846 946 978 997 824 848 988 895 805 958 893 964 925 957 850 875 805 927 861 890 845 831 987 828 904 888 936 975 822 835 826 984 809 991 867 862 838 919 892 964 998 882 946 819 847 841 943 845 999 863 918 948 856 924 839 924 992 823 924 890 917 861 902 969 924 843 956 800 824 894 807 980 883 836 840 954 801 963 964 877 812 822 847 914 838 846 814 
980 855 820 949 989 975 886 997 814 808 867 987 865 966 847 850 861 801 998 960 903 813 982 858 886 983 861 881 900 918 881 999 836 877 857 883 836 800 879 920 842 979 807 921 844 995 837 974 980 814 969 901 946 889 914 950 905 997 850 910 917 863 866 889 909 827 803 838 814 865 858 906 983 847 987 906 848 874 930 904 860 881 947 863 947 878 899 868 802 801 897 878 848 891 893 977 879 833 917 985 880 910 881 803 996 962 956 864 885 895 874 861 853 990 984 948 928 984 808 842 943 915 865 944 895 962 820 814 830 859 945 802 833 925 832 864 864 977 906 913 843 972 996 846 931 823 829 814 951 989 826 920 833 854 821 837 826 996 803 812 953 931 957 829 956 940 829 817 808 944 982 844 803 995 848 852 934 858 862 943 996 863 864 813 814 869 878 884 983 865 826 998 885 959 890 941 973 896 876 869 
834 922 955 887 891 844 967 872 814 887 805 833 921 899 891 854 846 846 980 985 897 817 897 914 953 920 964 930 950 834 886 938 882 901 983 911 954 804 920 949 935 871 905 905 881 929 864 988 933 809 813 873 830 912 994 931 894 994 899 852 969 972 895 876 842 863 955 861 980 854 927 886 877 978 969 804 955 858 949 983 932 964 929 824 838 853 831 866 927 808 861 805 814 934 821 802 962 875 929 832 991 873 961 838 866 987 994 948 896 870 806 897 932 956 894 888 813 892 861 972 805 898 917 864 863 980 900 902 810 980 999 949 816 939 804 854 940 815 975 925 955 858 905 950 871 891 880 885 946 826 856 990 927 852 846 939 922 845 950 889 900 927 879 879 829 976 965 828 890 988 905 955 845 936 897 961 802 802 943 882 914 813 873 982 901 883 888 872 881 943 991 898 949 935 990 821 821 844 936 922 
935 848 933 861 856 905 821 833 988 858 949 900 829 966 832 868 991 966 925 857 998 913 844 973 915 884 996 993 963 896 989 986 998 911 924 948 947 851 927 906 921 893 839 881 897 967 829 880 927 887 938 819 951 902 828 843 851 809 851 825 814 957 907 887 853 999 952 986 951 998 815 882 814 958 927 870 827 979 906 985 877 916 863 809 840 981 992 921 970 843 842 918 966 896 828 956 885 808 825 822 865 814 964 888 842 875 821 871 844 808 960 949 989 825 975 848 908 947 993 848 836 872 895 973 955 953 839 817 937 809 818 947 983 992 811 885 808 956 816 998 847 861 988 999 878 973 919 821 910 881 864 935 941 976 885 840 863 919 914 865 991 919 809 933 825 927 873 842 939 864 924 893 992 809 927 844 829 867 911 875 811 863 910 864 985 949 883 953 871 895 941 961 847 848 821 941 934 958 886 835 
882 969 931 935 983 957 837 967 954 860 847 839 851 805 851 826 808 886 939 997 828 903 891 913 876 979 950 830 987 923 912 823 842 984 931 932 889 973 972 996 955 920 979 848 848 842 821 811 994 954 907 951 953 890 883 921 984 814 958 841 884 800 867 937 813 977 854 960 887 970 853 967 856 990 990 877 805 857 909 842 888 964 901 945 909 802 831 996 958 813 941 928 930 857 908 903 834 934 824 982 939 833 862 817 932 810 953 961 949 811 926 901 879 920 837 993 990 942 819 995 978 836 921 966 866 951 881 872 850 830 817 856 921 871 829 935 969 914 827 989 935 837 864 823 947 990 885 992 864 806 882 996 833 904 947 976 809 963 901 928 942 870 873 912 877 892 929 962 994 901 918 901 864 836 917 812 933 868 807 991 851 961 818 978 963 861 818 959 949 820 942 833 941 937 951 896 866 835 888 856 
812 995 918 867 887 949 899 840 888 884 920 891 899 898 813 871 812 997 877 845 856 901 942 899 870 893 853 985 921 841 977 902 987 951 941 903 906 885 891 864 945 840 931 804 932 981 882 898 808 909 852 820 912 898 834 904 954 839 811 873 934 808 893 992 964 906 926 834 999 945 972 820 827 943 822 930 844 1000 804 870 922 923 925 870 896 869 957 892 854 935 815 982 919 932 993 917 956 805 865 949 972 967 987 863 956 962 916 955 858 907 881 901 842 862 835 957 925 851 943 922 894 986 903 817 811 977 927 821 930 903 836 892 857 860 978 869 877 823 919 892 832 948 857 948 914 925 964 893 988 925 966 860 851 942 905 899 801 842 969 912 922 865 854 837 955 962 829 896 930 965 858 871 943 801 810 958 835 916 811 820 858 882 903 804 983 804 834 884 999 928 985 975 843 833 841 811 828 933 819 975 
857 999 837 988 885 854 925 944 940 946 836 935 994 960 968 863 871 924 805 942 898 867 805 806 864 925 841 997 941 820 978 913 906 841 936 815 964 851 973 964 958 822 861 980 955 936 959 840 814 967 983 804 950 896 894 943 968 801 856 804 937 833 989 806 938 867 804 840 825 915 835 821 961 900 916 988 889 915 1000 884 834 810 864 995 977 923 881 888 851 977 938 887 944 869 886 984 815 907 891 835 856 839 946 820 982 941 958 987 807 867 801 966 906 867 952 916 864 986 979 992 929 806 818 824 888 817 861 972 808 998 939 966 985 908 803 816 802 865 860 910 983 826 921 907 828 933 898 976 969 870 902 924 881 921 880 812 888 894 905 830 839 874 994 986 893 983 989 888 981 821 999 983 895 813 980 802 811 845 823 839 912 870 903 891 969 820 998 903 999 975 987 953 840 838 918 862 883 998 979 858 
929 973 848 958 991 855 837 903 982 894 818 944 954 817 894 987 820 801 964 883 936 842 895 837 829 933 804 818 958 810 812 984 961 909 819 974 941 814 813 870 971 918 889 902 894 948 805 899 923 811 883 968 811 940 887 906 849 882 861 999 801 834 973 800 864 848 882 919 896 835 829 908 993 916 939 916 914 823 837 992 933 830 865 979 991 853 933 885 862 818 917 891 967 845 963 913 954 962 871 822 876 892 851 844 912 987 915 991 997 865 981 940 993 838 971 905 916 980 956 966 826 860 911 822 926 953 971 944 824 896 841 875 997 941 845 996 867 857 840 943 967 801 987 801 803 991 817 825 936 974 930 854 879 950 984 879 812 825 900 821 893 980 886 920 921 927 999 811 982 828 990 873 885 901 860 999 846 956 929 881 993 843 872 980 906 904 963 973 953 978 980 868 805 980 852 944 887 925 917 927 
818 976 971 826 992 845 912 967 938 814 936 861 825 824 988 973 874 883 947 952 979 971 918 861 844 955 899 819 849 801 944 805 904 831 916 923 875 827 877 831 885 824 943 925 938 835 972 919 870 886 885 959 884 944 805 966 880 815 914 859 971 972 937 919 891 940 854 886 876 958 814 844 841 805 955 949 827 830 827 856 977 901 833 834 875 964 885 820 841 980 874 939 925 941 895 949 974 962 893 809 806 941 918 964 984 803 902 814 908 995 833 868 861 874 957 866 889 830 984 915 943 955 969 964 901 871 900 992 838 910 845 969 998 941 979 937 894 997 885 811 980 830 958 850 913 854 903 989 931 910 900 903 903 873 837 823 887 977 862 815 903 841 955 908 863 899 998 934 949 876 979 887 922 933 981 844 913 872 951 923 941 934 816 901 805 984 837 859 840 948 840 897 867 815 970 943 879 949 909 841 
801 917 992 921 854 864 924 823 829 843 837 936 935 815 900 936 905 957 815 914 861 886 958 958 900 910 836 854 882 929 878 999 844 862 987 863 948 815 995 971 970 994 926 869 909 847 927 831 987 952 863 820 882 994 842 944 873 937 920 894 921 846 959 879 955 855 871 887 898 871 857 803 861 846 838 822 873 938 917 948 830 876 800 939 895 973 946 875 897 843 869 806 891 882 959 913 911 941 822 948 802 873 817 892 950 867 904 950 817 852 890 987 852 833 881 896 967 975 971 839 893 982 995 973 953 842 878 887 836 893 976 883 846 814 805 861 829 886 913 970 813 955 816 850 902 882 899 981 883 886 885 982 834 802 990 949 904 946 909 922 934 964 981 899 940 869 952 893 948 840 887 968 844 969 847 859 975 958 923 962 866 841 827 970 929 918 839 855 852 877 969 908 954 920 873 935 825 931 923 918 
937 938 901 967 810 905 917 928 860 877 994 803 972 805 826 851 852 959 976 811 846 881 904 925 807 948 945 930 824 815 953 940 810 956 820 893 935 876 812 872 952 823 975 827 825 842 926 827 891 941 884 913 959 831 821 951 924 977 924 839 839 927 816 817 808 905 906 901 825 934 873 873 821 960 976 850 865 888 874 921 959 833 977 964 853 933 876 988 984 947 884 815 890 897 946 970 930 817 909 950 933 876 995 886 801 928 913 836 878 822 925 839 828 851 982 991 850 856 867 975 985 953 873 827 947 878 997 981 825 860 844 945 817 807 889 821 871 873 854 1000 964 850 904 878 917 805 933 868 822 842 939 800 857 877 803 967 837 879 857 907 989 954 954 922 964 996 801 938 908 900 815 890 932 952 894 829 911 959 930 896 874 852 892 864 868 804 805 948 970 988 866 836 823 850 809 980 950 978 955 931 
990 832 991 904 812 828 840 869 919 965 921 934 914 828 832 908 974 915 803 969 893 817 849 855 948 906 904 991 993 893 835 853 956 943 837 923 891 808 858 813 921 809 845 802 923 966 959 864 987 828 933 931 902 960 863 965 988 922 816 909 822 899 915 970 968 942 806 915 941 850 815 948 880 922 964 908 890 842 818 950 919 957 924 965 942 861 924 948 874 951 908 895 904 884 993 906 945 827 989 938 999 981 909 887 959 945 872 901 940 985 869 938 882 921 984 935 928 903 938 806 810 864 831 892 882 899 893 969 823 805 991 930 906 1000 938 870 956 859 817 928 957 862 955 952 932 907 882 868 941 816 980 833 893 983 937 874 833 829 809 863 931 993 875 854 983 850 933 948 839 862 913 925 992 831 810 853 851 806 874 826 821 846 856 836 821 984 939 837 823 925 912 900 958 865 826 818 967 969 923 893 
918 825 950 848 926 896 831 977 955 888 929 849 866 807 848 941 822 960 834 874 971 970 920 852 954 862 809 897 883 819 900 865 853 908 979 887 934 829 877 908 857 931 873 953 851 996 944 889 892 992 876 858 848 982 866 934 888 826 838 804 966 941 831 862 994 827 913 996 917 822 851 859 878 861 867 834 839 821 873 963 905 802 897 841 973 943 908 926 915 922 806 813 893 898 823 825 925 965 827 989 993 808 900 981 911 823 877 892 990 906 921 925 948 831 839 972 905 958 909 836 928 834 958 917 834 988 928 984 974 957 919 975 852 999 898 810 903 826 975 884 996 964 955 858 864 897 857 814 871 813 868 950 947 895 910 855 864 935 932 975 898 811 837 851 907 890 867 949 989 894 866 888 973 978 808 812 960 928 876 891 883 957 936 923 823 925 810 829 811 904 898 1000 952 942 978 959 897 830 969 878 
938 849 931 900 926 980 887 851 823 859 957 863 814 948 803 926 924 923 999 952 849 874 928 954 862 946 963 937 927 835 953 849 863 816 959 945 962 901 925 875 907 902 982 965 933 978 909 871 889 979 999 820 967 933 849 933 948 979 878 831 827 977 871 850 823 889 950 956 887 831 880 823 959 986 892 833 859 875 958 829 972 811 979 931 868 918 918 894 928 882 815 815 917 852 873 981 870 920 837 987 970 941 856 981 917 938 975 814 889 927 822 885 962 843 860 932 850 845 901 945 925 906 916 949 973 895 914 853 804 855 924 869 899 997 867 998 934 843 902 934 932 909 952 903 914 938 885 862 910 899 827 958 925 870 978 941 876 999 939 994 821 949 952 860 946 866 877 936 916 904 996 849 827 964 942 922 813 892 963 846 901 962 913 833 907 903 937 961 921 909 966 976 907 998 868 910 842 959 969 840 
851 822 869 849 948 980 899 974 812 947 834 982 946 881 893 831 952 863 854 831 889 809 834 911 931 856 863 928 936 899 994 941 803 917 852 845 889 851 954 934 901 987 920 849 895 955 963 984 945 920 980 847 881 812 999 973 939 807 814 829 802 958 906 823 973 932 855 935 810 946 955 848 920 967 864 973 910 804 890 885 966 842 903 949 881 813 992 886 991 852 806 889 931 851 820 882 950 936 924 919 950 805 846 960 977 896 952 856 964 869 906 853 828 808 893 825 906 820 894 960 926 828 926 850 964 873 918 803 916 977 999 888 983 877 862 915 822 915 993 841 803 870 940 965 914 932 963 895 864 859 968 976 986 809 968 842 909 877 852 845 995 971 950 862 949 909 945 867 835 832 883 818 847 950 952 983 971 891 836 961 849 927 816 844 815 833 890 833 876 823 879 956 927 946 828 939 827 896 803 815 
962 998 842 904 919 947 964 822 998 977 912 862 832 879 808 883 804 959 949 855 884 901 930 911 836 973 940 912 915 886 820 866 804 840 817 904 907 842 801 905 900 993 981 857 860 827 879 858 968 915 907 949 925 864 816 954 865 1000 880 978 885 980 824 827 972 915 863 868 936 975 987 909 838 861 842 875 922 918 889 932 955 834 886 858 973 865 895 857 976 936 955 902 823 876 900 821 923 894 976 885 812 882 903 800 963 884 882 814 981 952 850 818 1000 826 817 931 949 995 864 970 967 889 876 807 978 856 997 860 810 857 810 895 861 953 851 817 886 801 852 849 891 910 932 871 985 915 841 909 840 987 854 866 942 802 964 967 893 914 942 983 996 827 858 846 934 853 973 968 899 923 857 921 859 998 801 818 951 984 942 995 905 927 941 905 844 965 803 954 972 846 847 835 931 890 940 805 815 915 831 982 
991 986 873 874 909 847 874 980 898 856 882 921 902 940 940 874 823 921 855 813 990 933 999 883 947 803 827 833 964 974 837 800 904 985 960 831 912 943 955 938 987 832 905 855 963 925 944 953 830 928 926 833 907 893 947 935 922 931 806 992 844 961 931 837 877 841 942 994 894 934 865 933 973 839 931 806 813 813 977 855 874 872 992 833 985 953 990 986 930 926 841 908 864 869 872 899 933 873 945 945 812 983 850 815 900 893 802 874 813 918 879 968 850 841 881 986 980 889 811 864 1000 966 973 917 973 946 904 921 956 853 912 813 980 942 902 928 814 953 915 997 805 896 1000 949 928 995 847 935 939 928 875 949 872 953 971 837 870 972 852 876 885 852 941 982 950 882 950 976 896 990 848 851 857 950 930 816 1000 871 869 806 841 948 919 963 880 843 926 819 957 832 973 967 883 924 841 803 951 802 880 909 
973 831 854 943 910 856 880 975 941 803 976 824 992 986 973 879 934 847 962 992 802 952 993 939 906 987 867 937 883 856 927 987 879 887 860 980 952 836 840 805 964 862 854 948 920 916 970 938 898 947 915 845 940 956 989 893 988 840 904 849 865 916 950 993 816 981 899 862 996 996 980 963 997 966 816 801 877 801 998 878 994 856 911 900 813 917 802 960 847 926 882 810 965 896 978 838 874 971 824 962 885 953 962 902 929 872 813 807 961 997 849 817 890 912 959 998 930 940 980 807 879 800 907 998 856 882 859 912 874 946 834 978 828 836 956 871 939 911 927 847 963 925 871 918 872 891 969 874 980 868 863 926 944 965 912 926 936 937 963 927 955 828 995 917 886 883 879 801 838 840 997 815 928 900 866 957 990 876 827 892 915 839 811 906 810 870 831 944 870 838 974 861 984 978 856 915 904 879 880 836 
868 861 979 931 852 858 862 807 801 890 964 969 899 942 892 941 841 810 838 995 961 956 967 833 920 890 982 948 903 808 821 934 922 987 870 865 912 834 845 904 802 952 981 922 910 964 843 975 978 814 935 856 803 811 982 919 823 833 853 877 920 981 896 967 807 947 838 986 816 948 851 857 875 938 920 810 998 965 912 858 818 948 955 965 919 960 984 807 855 991 895 882 805 912 958 904 939 946 863 881 939 862 802 897 1000 970 858 886 828 800 954 979 904 822 858 964 813 981 941 829 953 846 842 882 907 984 868 856 889 857 808 819 886 841 934 918 816 851 901 804 944 980 889 854 880 830 859 897 942 850 916 820 977 968 844 845 863 944 817 898 992 827 854 984 952 948 889 952 976 915 894 987 895 946 805 955 850 952 932 893 965 858 960 958 918 993 980 865 900 901 960 839 907 899 846 829 839 828 818 858 
891 901 834 854 991 918 902 910 909 875 966 835 817 814 837 902 837 821 963 837 906 824 958 897 982 859 925 864 930 968 805 821 801 918 864 838 870 989 956 858 972 997 998 979 818 994 842 852 905 959 879 918 980 854 899 933 980 807 984 909 802 863 814 806 941 877 958 979 807 950 999 997 904 890 912 829 973 977 905 944 867 918 973 813 801 861 807 906 995 964 873 942 819 990 955 891 918 825 942 839 898 978 847 803 945 849 811 907 830 878 912 824 900 858 833 833 925 923 802 943 933 847 817 887 807 960 962 986 988 983 970 896 944 973 911 815 916 896 978 868 935 857 906 921 936 805 974 992 894 868 881 803 936 991 888 840 810 972 962 882 878 974 1000 889 947 850 960 904 844 917 971 814 959 949 814 917 844 800 954 862 915 947 870 970 878 963 951 886 916 903 816 856 887 859 843 921 954 874 914 932 
915 860 980 807 944 879 855 887 934 831 963 963 864 862 805 816 995 954 897 917 860 951 915 995 824 997 943 1000 913 852 842 869 863 979 935 937 968 961 811 908 805 816 804 915 977 852 851 830 945 954 927 964 920 954 803 953 821 876 836 801 911 869 913 857 888 975 851 940 933 845 803 870 960 993 832 927 954 864 853 899 995 863 881 814 997 977 829 886 868 958 828 831 995 874 979 961 896 979 966 829 818 819 847 966 945 891 903 858 812 851 977 846 850 958 851 840 817 897 807 942 998 971 944 876 846 988 952 953 909 862 933 818 954 803 949 857 934 901 992 835 875 983 882 997 852 929 907 924 845 952 893 828 811 855 912 818 866 924 866 989 934 823 936 960 977 981 830 912 879 896 994 874 912 867 863 949 890 830 912 949 942 853 988 901 876 946 919 835 911 943 875 962 947 829 924 939 985 980 840 878 
885 836 915 832 811 828 867 850 829 801 807 834 959 837 881 909 822 963 889 867 834 932 973 883 876 831 864 965 816 841 849 979 863 854 804 844 927 940 958 986 968 921 833 831 839 835 860 971 845 878 837 853 905 822 945 823 865 977 962 903 947 954 820 846 867 804 859 985 800 929 920 845 808 881 828 978 995 830 808 929 868 957 911 938 836 834 823 818 834 834 1000 897 906 898 830 856 930 974 948 817 890 805 913 833 893 936 948 809 905 807 973 888 842 949 972 976 830 844 859 921 938 983 819 882 801 970 994 877 953 995 1000 805 844 915 895 974 927 998 826 899 803 833 927 908 925 943 986 943 909 982 850 975 922 837 970 969 852 983 898 915 855 819 893 958 964 848 974 891 907 910 973 981 804 957 811 945 843 835 889 885 900 925 939 991 895 896 896 826 919 870 849 856 811 965 814 928 872 828 997 996 
824 829 929 850 933 813 878 978 873 884 941 934 820 907 912 901 801 904 983 871 847 988 870 892 965 937 974 887 870 989 942 841 814 917 971 843 864 981 854 963 968 831 825 857 842 845 926 969 981 915 839 1000 814 863 910 957 835 978 904 954 924 947 924 954 965 968 891 835 982 917 859 909 837 836 811 848 838 949 946 962 1000 999 939 886 873 828 816 955 926 941 1000 829 841 810 873 911 896 851 948 890 813 923 901 996 961 956 964 828 894 984 961 945 883 898 809 978 936 945 982 879 866 897 803 936 979 996 967 860 802 969 859 851 807 818 935 971 839 815 916 991 889 883 994 968 846 839 947 861 841 850 977 990 893 986 810 911 949 977 898 904 948 855 904 937 972 806 929 889 853 828 930 880 948 997 918 860 807 950 913 923 833 813 958 931 999 820 867 837 851 889 970 974 801 976 919 997 895 830 818 937 
809 975 842 806 937 831 870 816 890 981 965 941 805 807 971 945 991 858 807 820 935 980 970 951 867 941 833 909 833 853 924 801 934 815 827 917 834 931 952 954 833 832 868 968 981 986 957 897 854 852 823 923 899 821 997 957 809 912 946 844 950 868 921 985 918 950 859 903 853 955 936 970 924 898 957 985 826 824 875 817 964 960 910 935 981 993 892 859 946 953 855 813 896 817 946 961 986 979 910 978 824 945 920 812 846 983 942 966 858 934 906 994 807 868 815 809 895 871 962 831 849 989 919 946 816 940 833 863 888 842 986 892 847 916 853 913 957 865 891 998 874 925 962 968 905 839 989 808 986 940 957 987 936 875 910 870 939 875 1000 845 960 880 900 808 942 982 815 841 952 926 943 994 963 810 814 888 850 880 973 951 918 985 921 839 937 842 980 999 808 841 963 933 909 926 973 852 839 953 837 950 
828 896 932 935 851 840 998 811 975 996 870 960 915 999 922 814 804 863 942 935 838 910 997 805 823 970 908 966 833 814 929 971 922 960 846 845 900 903 812 838 855 869 984 896 961 976 900 903 956 933 959 960 928 914 976 992 844 989 951 978 934 915 829 931 952 804 812 854 907 936 926 997 883 845 873 830 988 824 812 923 903 948 831 920 969 903 856 957 998 831 943 819 876 925 851 842 864 999 972 816 914 897 877 893 945 910 847 935 842 914 969 858 880 911 829 988 888 942 928 998 995 957 849 921 804 954 891 961 954 967 840 938 952 903 955 849 938 943 853 857 839 919 885 815 918 908 854 824 980 932 926 926 800 831 900 901 814 936 943 946 961 938 916 849 894 965 855 936 913 985 876 872 813 905 837 929 920 914 845 870 865 843 952 942 820 949 940 907 861 803 857 854 870 888 899 858 834 879 902 966 
913 936 903 808 810 877 890 937 869 928 984 946 960 926 934 862 886 885 826 933 908 987 921 899 836 837 869 868 825 918 962 902 860 930 858 839 896 841 876 887 973 987 950 823 813 907 893 892 901 879 835 923 974 876 958 906 892 977 974 972 969 804 855 903 959 913 971 913 925 965 832 932 833 964 929 819 873 821 980 862 845 938 915 807 897 960 834 933 846 885 829 917 819 876 859 889 888 912 823 842 852 853 892 824 966 844 824 891 948 879 893 829 833 854 882 841 941 1000 991 933 911 831 932 928 903 929 815 869 918 905 854 959 993 933 959 916 985 946 974 925 922 958 913 844 973 800 945 810 914 883 892 930 816 853 858 819 911 866 892 977 962 988 925 909 855 892 987 932 963 962 914 918 871 916 1000 839 905 949 933 903 826 930 992 986 947 813 941 829 941 982 915 833 960 935 814 974 894 933 880 989 
824 971 952 939 996 896 863 866 889 919 805 884 823 917 811 817 889 886 998 854 933 804 952 855 877 978 970 861 945 956 886 981 878 954 872 945 820 852 910 833 825 940 891 878 812 893 800 804 844 840 869 927 910 961 946 894 966 878 967 950 883 827 994 848 855 819 879 933 869 890 908 977 841 828 878 825 822 902 916 883 839 988 947 970 900 897 992 808 925 968 975 834 929 892 961 963 940 873 960 905 864 841 877 861 964 813 921 918 986 838 959 822 969 937 981 922 828 813 943 873 981 915 873 950 931 816 928 814 947 904 863 819 946 815 800 935 813 888 876 955 969 842 948 919 842 806 915 800 990 838 848 993 945 916 827 940 973 804 871 855 929 933 974 858 945 967 858 901 980 971 987 932 927 860 960 829 922 806 833 980 923 825 866 907 826 861 845 988 990 825 893 994 838 814 937 977 890 841 970 932 
927 923 985 856 843 908 958 856 907 807 939 900 900 951 993 823 836 852 809 984 905 896 831 804 921 874 882 943 890 900 808 872 987 884 982 873 874 969 872 817 954 961 898 801 847 897 802 870 876 957 893 868 963 825 849 896 861 986 802 937 947 952 924 872 809 986 908 898 879 868 883 826 860 835 896 886 801 861 848 814 816 988 956 804 965 904 903 977 919 815 989 955 807 999 859 824 847 808 868 956 805 862 878 918 953 814 899 938 981 885 986 954 819 826 881 833 959 975 944 953 986 916 962 935 848 801 954 844 946 874 953 999 863 941 984 998 946 908 954 849 991 844 854 920 864 931 878 934 988 932 863 951 980 897 960 812 935 854 968 992 995 829 847 877 821 839 887 985 924 801 879 989 804 856 981 835 933 970 833 889 861 869 999 813 962 962 991 805 837 967 830 881 839 905 970 958 961 835 846 816 
821 907 973 931 886 875 863 899 841 805 926 987 949 843 961 818 843 901 923 877 888 973 836 851 958 853 997 932 837 986 832 804 816 990 877 872 919 905 854 852 826 801 959 918 922 826 877 871 862 935 861 832 905 932 836 954 867 843 991 920 984 930 956 821 885 923 892 946 993 976 839 801 909 972 866 800 978 890 872 975 815 998 904 884 877 863 952 808 915 817 989 970 951 885 884 991 819 878 885 858 912 900 876 867 947 947 811 830 909 812 898 818 973 883 827 955 896 884 830 920 809 814 918 981 827 818 922 824 903 849 958 974 896 870 893 927 930 884 867 831 880 896 847 872 802 816 808 984 854 952 917 802 941 833 802 873 989 975 820 902 865 869 878 972 832 891 854 952 1000 890 966 866 813 801 916 953 960 885 936 899 823 892 936 890 843 870 997 971 932 903 883 838 808 868 858 897 870 876 830 981 
912 830 953 997 833 922 948 915 874 858 902 840 1000 912 875 968 941 829 931 858 909 999 846 908 861 937 809 829 960 905 820 931 989 977 815 926 953 833 983 899 827 889 874 939 807 944 849 814 832 960 843 873 907 924 986 882 849 977 955 808 1000 906 963 816 819 984 873 890 933 851 936 872 851 956 872 928 831 822 890 843 903 912 867 897 832 966 995 903 990 891 923 968 987 883 871 998 886 836 871 840 923 916 871 987 819 855 841 939 919 879 972 942 919 897 878 941 950 860 878 919 864 879 837 981 892 844 1000 932 809 982 876 929 800 943 877 970 917 958 985 939 973 830 812 825 805 875 998 804 859 944 941 963 813 921 941 994 841 822 955 883 994 846 937 915 957 965 806 863 1000 915 830 872 902 927 836 963 809 885 863 830 843 822 883 817 846 846 988 979 818 940 955 854 906 894 998 905 879 891 972 835 
927 940 867 828 805 834 943 870 846 811 819 917 811 915 959 800 835 921 966 814 838 876 898 886 842 815 952 968 896 887 950 852 970 972 904 873 982 929 831 944 915 874 868 928 990 852 851 833 883 893 866 806 865 803 978 833 888 947 846 890 983 989 995 814 845 828 902 903 919 873 936 859 871 826 816 930 991 837 863 820 841 839 975 965 833 940 956 918 883 804 907 937 836 809 853 941 857 922 969 855 840 925 819 991 995 933 993 857 830 821 869 932 861 925 946 901 914 894 867 917 941 827 884 875 968 808 962 883 823 966 991 920 844 811 821 890 971 836 819 953 950 902 988 853 833 984 933 819 868 903 804 946 814 871 805 904 994 976 892 893 953 978 869 995 957 879 987 841 938 919 961 835 874 821 825 837 906 937 881 835 993 840 957 973 956 922 880 805 944 807 914 899 861 821 854 856 815 858 877 931 
958 847 911 935 879 875 840 995 918 907 844 981 932 825 853 977 834 961 945 925 982 834 841 901 879 801 986 972 937 1000 850 985 842 912 942 863 987 896 802 822 913 871 837 992 997 841 883 963 846 980 998 863 849 929 821 920 898 926 992 917 916 804 826 963 978 992 910 978 874 999 943 975 808 904 880 862 860 971 866 952 939 936 833 838 848 862 996 842 991 946 811 857 980 815 806 888 890 991 824 845 811 819 951 899 938 927 800 851 878 925 929 856 857 855 822 931 806 917 917 968 997 915 889 851 983 930 971 974 911 917 813 891 980 938 862 997 816 948 922 832 883 830 984 993 983 861 895 845 959 816 930 961 947 870 847 856 964 842 932 890 814 845 999 858 808 944 938 922 970 839 873 855 857 831 852 818 892 1000 848 909 901 812 939 967 825 868 894 927 932 960 996 912 803 860 983 920 861 851 847 839 
887 817 998 896 827 899 903 824 845 839 837 982 854 889 989 942 903 934 987 866 997 954 949 922 877 879 800 906 826 876 956 951 907 899 958 821 904 806 925 873 804 954 997 857 996 833 978 830 907 809 886 911 875 944 828 993 894 976 805 927 911 979 979 841 880 834 991 971 925 872 863 836 800 930 957 808 898 926 957 982 992 939 916 909 957 824 848 803 939 979 840 917 946 807 829 947 868 848 851 878 971 869 951 921 970 984 909 923 842 900 958 919 829 850 874 896 878 920 891 854 950 970 876 842 814 911 824 841 964 937 860 983 824 815 962 829 809 884 922 1000 896 867 820 909 974 834 845 835 990 997 978 874 960 831 917 921 970 934 918 902 938 819 891 844 955 929 892 835 917 828 827 975 843 986 965 976 946 832 971 996 983 873 908 847 909 963 882 845 942 959 912 832 868 996 932 843 927 936 826 970 
929 980 836 907 943 943 900 932 961 873 852 803 860 855 956 968 864 825 903 863 925 818 807 854 916 868 878 906 801 808 897 814 823 908 838 815 945 924 908 959 987 821 906 897 956 966 814 877 1000 923 811 814 860 852 836 889 867 878 948 998 969 809 867 809 936 860 996 942 842 992 824 863 846 882 813 803 841 888 885 820 820 948 930 894 864 865 972 859 808 916 979 956 849 977 973 912 917 926 888 987 913 988 998 804 893 947 867 942 850 914 871 941 959 960 840 990 823 949 862 988 985 844 964 803 941 878 857 950 918 858 928 870 915 962 926 1000 844 917 862 900 954 868 832 972 1000 907 907 950 823 997 978 997 999 831 838 951 997 939 873 925 862 828 929 970 815 841 810 945 892 927 914 938 835 983 883 903 861 840 829 978 844 993 935 995 941 840 984 827 887 945 941 917 829 985 859 913 974 822 919 962 
843 937 998 906 916 913 823 975 825 939 906 908 953 916 956 928 961 871 988 819 885 876 992 947 905 983 945 824 982 869 830 825 907 889 805 975 809 911 919 841 980 931 945 913 824 883 935 899 923 801 888 911 899 950 937 972 877 961 867 819 866 825 880 803 895 878 919 812 920 934 809 877 995 956 824 867 841 896 984 845 847 986 928 932 928 899 899 969 880 957 913 956 804 953 994 989 832 843 930 886 876 836 996 877 826 947 888 941 943 820 945 876 988 972 858 999 841 890 933 805 916 978 979 909 966 979 875 971 860 981 813 820 946 825 802 883 969 813 866 910 867 842 900 874 823 895 867 839 838 925 907 904 844 933 907 906 963 825 919 998 955 877 819 810 962 986 809 991 807 897 882 925 986 913 861 923 939 911 889 860 876 882 990 920 937 935 983 963 956 990 962 844 938 957 851 874 916 945 835 878 
959 880 943 927 877 818 864 919 939 934 888 804 997 954 851 1000 971 863 853 932 920 814 873 930 937 984 835 837 839 862 908 911 976 965 822 879 884 848 819 911 873 937 836 882 842 851 940 922 994 965 803 919 872 918 808 956 928 858 930 961 850 867 884 909 952 865 918 968 886 980 805 826 926 884 836 868 824 855 825 810 929 938 882 822 814 935 922 895 891 990 946 865 947 805 935 942 838 973 997 905 844 918 915 973 875 870 986 831 977 832 823 860 901 862 838 963 808 828 834 970 889 952 878 874 965 886 915 870 803 848 888 917 984 889 907 864 877 915 970 895 875 876 965 928 907 998 970 924 985 871 882 842 820 817 933 985 900 882 944 851 918 817 953 984 869 817 828 885 895 905 829 821 950 890 876 984 959 918 933 833 860 839 859 892 990 845 947 932 814 806 975 880 817 955 931 815 991 834 840 972 
833 987 915 951 987 955 918 821 966 990 925 897 944 926 1000 962 949 836 896 846 859 947 995 972 965 894 887 823 863 965 804 969 988 911 902 938 847 858 946 854 970 997 868 920 883 865 935 846 912 998 909 817 890 924 889 983 854 887 903 960 906 908 971 874 961 849 952 979 988 811 968 918 986 878 846 816 893 839 871 801 869 823 888 965 849 970 983 887 942 832 917 999 991 947 807 983 976 860 930 909 830 874 866 866 887 863 988 875 887 889 883 909 990 814 895 936 850 821 833 989 929 905 854 921 895 806 991 931 930 811 916 960 980 984 857 926 847 810 967 873 863 806 946 893 876 928 885 921 838 811 954 866 844 840 823 844 922 904 880 947 860 956 871 873 980 825 962 835 926 834 961 859 902 805 875 993 921 998 863 817 950 880 887 997 884 922 982 896 911 906 876 980 1000 941 897 916 940 919 952 813 
913 983 892 972 886 997 896 988 871 871 958 877 878 986 871 848 961 890 930 903 872 977 890 944 877 844 841 818 903 859 855 888 860 832 873 963 843 870 937 854 981 910 890 901 887 911 898 846 818 946 876 850 993 994 876 902 962 952 961 920 804 878 833 903 950 973 897 990 884 953 850 912 980 803 818 807 975 947 974 800 990 918 887 858 928 801 858 935 975 972 938 878 983 995 939 969 904 906 813 906 903 802 945 921 937 905 915 839 992 862 996 921 860 947 815 983 885 976 863 967 957 826 822 952 838 879 916 862 996 998 888 920 840 830 883 982 815 906 870 938 845 813 833 907 806 904 851 910 910 910 806 882 934 832 821 800 849 984 872 847 964 903 861 861 857 934 913 884 982 836 857 991 889 987 949 845 962 899 854 844 965 1000 900 967 970 868 993 961 804 981 838 905 812 921 984 1000 812 881 902 860 
887 906 951 932 970 845 967 904 858 959 924 840 953 936 877 839 835 997 816 980 918 818 847 934 958 977 815 879 889 839 902 954 865 844 884 857 957 837 847 948 862 825 830 956 860 944 807 848 856 847 800 919 884 908 892 833 956 961 994 814 937 881 906 820 812 897 904 829 918 917 994 892 910 932 826 995 921 853 898 971 985 921 997 973 934 998 898 912 906 1000 951 898 925 955 834 804 874 865 856 885 838 923 985 806 841 871 899 889 860 934 829 872 998 875 907 834 930 833 962 981 882 886 982 945 819 945 922 997 890 950 920 820 916 936 831 832 806 903 901 950 810 954 857 836 914 933 897 908 856 858 955 937 927 964 909 948 939 830 832 974 870 838 950 933 886 962 834 885 997 999 857 982 896 880 858 875 982 886 843 962 863 891 953 975 905 817 847 829 808 816 937 978 843 964 997 845 949 812 812 894 
825 934 860 903 898 811 980 890 849 812 888 817 942 953 925 892 883 916 921 841 945 858 955 813 965 963 832 968 946 802 863 886 883 931 861 947 970 808 838 857 974 995 826 933 861 879 826 942 896 870 831 892 835 823 938 896 865 999 934 867 975 802 814 929 971 824 968 932 889 918 970 993 977 806 872 908 908 870 861 988 937 824 965 998 929 869 831 946 888 959 869 981 904 870 929 998 951 919 911 956 992 980 839 946 940 923 834 924 843 987 908 885 920 818 849 884 803 967 917 965 905 940 976 967 850 883 997 954 827 897 882 888 825 887 902 929 854 889 866 978 987 947 894 858 841 982 975 949 865 869 810 808 877 882 928 926 951 968 887 815 920 908 870 841 953 828 926 958 955 876 843 836 895 999 878 869 833 871 962 947 940 955 845 835 890 884 960 822 802 954 879 802 846 991 846 990 805 885 913 978 
972 845 938 837 889 815 845 831 822 979 914 893 844 879 846 822 802 953 931 962 830 915 852 985 887 943 976 853 801 831 838 985 808 964 960 839 981 996 863 913 809 991 884 818 889 819 834 913 804 955 982 971 941 859 887 864 950 941 870 933 847 944 844 946 981 972 886 967 920 910 961 941 900 996 869 827 954 811 981 890 854 822 851 914 990 953 887 898 884 803 841 859 882 923 856 841 910 859 864 957 838 882 999 836 979 940 914 881 975 851 853 828 965 940 960 998 876 846 893 902 869 907 872 912 909 986 916 947 904 820 990 958 973 973 944 862 991 993 947 888 822 862 867 979 825 957 906 860 879 973 980 935 984 837 846 935 989 806 881 921 875 985 936 900 976 975 930 818 998 863 939 906 902 874 943 982 951 961 961 938 858 945 802 863 990 942 858 999 894 859 928 877 817 964 927 804 862 874 1000 955 
855 891 967 835 837 954 936 835 951 890 960 998 945 955 849 907 808 971 820 841 815 823 992 810 940 866 957 835 935 982 915 962 980 938 945 940 884 865 811 991 897 876 891 907 855 904 925 996 869 884 853 997 860 978 965 831 815 801 998 934 965 807 959 861 830 965 884 934 821 832 873 892 865 903 998 835 820 929 854 960 998 915 931 830 919 936 984 912 955 870 823 933 886 826 874 874 968 864 922 955 813 987 875 853 987 855 810 935 990 858 969 814 941 883 915 837 829 961 987 921 851 811 885 861 927 892 841 856 824 845 866 931 916 929 906 888 852 928 828 859 933 893 949 1000 887 822 854 807 807 972 986 919 977 804 893 845 824 818 899 974 887 987 989 996 909 994 955 934 992 990 920 947 855 820 807 827 808 951 897 998 979 950 895 826 835 936 887 952 850 896 992 872 820 863 822 950 969 872 928 877 
977 926 879 984 808 933 950 809 943 841 854 899 939 849 987 917 881 902 913 936 905 930 824 876 988 907 882 991 872 978 940 843 975 983 843 909 835 859 887 809 965 809 815 940 882 970 990 835 881 875 943 943 994 877 942 809 862 914 811 968 934 894 875 829 800 846 989 816 844 975 863 932 945 883 852 994 801 938 894 801 851 967 923 869 949 827 945 843 872 965 939 961 991 909 894 993 972 957 867 984 806 933 959 818 861 876 831 878 825 904 928 885 969 896 887 959 817 880 964 957 848 878 935 944 971 832 805 891 938 899 976 917 813 806 837 910 889 902 886 884 905 928 809 896 889 988 831 942 820 936 888 946 812 859 841 943 856 816 821 867 870 941 976 804 993 905 835 942 898 892 929 889 911 859 833 972 861 966 930 878 839 939 973 915 960 802 882 838 879 897 972 940 938 987 843 912 949 814 928 895 
804 826 947 901 959 896 963 876 972 908 939 853 810 933 982 937 901 878 891 880 853 991 949 987 921 941 847 828 943 930 894 890 819 903 967 1000 849 949 982 914 892 982 818 910 892 805 809 919 831 899 867 909 801 879 864 950 941 989 994 806 876 824 894 902 976 916 810 865 916 858 819 815 971 998 958 819 871 814 909 807 873 801 886 1000 918 830 809 976 941 885 934 826 937 957 837 812 872 939 891 955 910 922 984 872 908 980 941 822 996 809 863 849 823 895 867 862 949 867 890 801 915 930 884 917 831 940 848 978 967 942 810 842 945 982 893 819 881 825 897 870 907 847 804 989 896 876 909 935 825 885 858 996 997 802 906 895 976 998 1000 830 844 949 917 889 917 936 976 810 961 975 869 879 884 893 849 864 980 960 990 814 909 805 808 984 993 830 935 896 935 903 930 807 944 867 863 802 818 874 808 924 
873 838 994 980 850 843 833 888 917 807 943 811 862 956 932 904 809 873 804 993 946 929 998 865 819 861 806 893 810 874 868 992 929 946 948 908 970 904 801 904 927 967 877 868 908 995 908 845 864 816 982 956 826 990 969 999 930 888 901 836 844 802 913 851 824 906 997 852 953 854 944 866 823 857 938 957 877 923 835 903 840 907 845 866 920 992 997 881 880 941 846 900 828 988 855 943 886 855 807 827 844 805 992 963 979 874 872 961 951 912 982 845 882 900 964 929 898 870 974 804 971 802 938 842 805 863 853 884 962 838 949 962 868 954 882 916 940 967 878 824 830 946 940 867 889 876 960 805 871 936 845 945 814 851 979 1000 968 977 974 875 975 928 973 822 903 946 987 988 946 954 901 911 804 913 979 932 898 913 814 903 801 985 910 994 875 934 885 925 847 1000 992 953 924 860 980 930 832 983 837 909 
909 895 980 923 852 997 923 946 842 827 941 981 802 809 883 970 950 895 838 850 922 839 842 938 852 977 843 951 933 850 859 915 972 887 993 921 994 880 984 940 834 926 886 923 805 973 827 825 894 924 974 832 819 938 948 956 935 988 889 847 801 840 965 880 974 916 857 848 828 845 842 850 942 852 973 800 844 800 879 994 956 810 892 879 890 889 864 913 959 991 992 838 885 901 987 879 957 964 840 833 895 922 984 982 972 855 968 894 984 946 907 895 912 810 881 985 861 981 948 899 920 954 990 963 901 958 874 919 916 955 845 851 860 864 823 903 972 863 986 875 914 887 808 909 829 934 957 970 803 998 928 867 814 958 989 925 821 950 922 807 826 994 970 913 860 994 869 989 975 916 803 989 866 937 841 859 954 994 951 845 868 971 810 872 825 823 867 889 870 945 802 955 824 889 876 897 936 943 937 950 
