50 100 200
11
18
15
15
12
10
17
17
20
14
15
19
10
10
15
17
10
14
10
14
17
16
20
19
15
11
17
14
17
20
18
12
10
18
13
16
18
20
14
12
20
17
18
17
10
16
19
12
14
18
15
12
13
13
11
15
19
20
10
19
15
15
13
20
15
12
10
20
10
15
14
13
20
15
15
20
10
18
18
19
11
10
17
19
16
18
17
20
19
12
13
13
15
16
19
14
19
12
14
15
15
13
11
11
16
18
10
15
15
20
18
16
19
16
19
11
12
17
11
11
13
10
14
10
17
20
12
11
13
19
17
11
17
14
14
15
11
16
19
16
20
16
11
20
14
11
16
12
15
15
20
11
12
13
16
11
17
16
18
12
15
14
12
10
19
14
11
20
14
11
19
11
11
10
14
12
11
18
15
13
14
18
20
17
12
17
19
12
19
15
15
16
18
18
15
20
16
14
19
17
598 27022
557 29545
462 22893
331 25144
474 24140
432 28766
562 27298
541 27157
523 27066
567 20190
439 25250
515 20652
501 24889
360 26821
561 29167
464 28901
436 21392
365 29894
395 24460
566 25147
441 24397
410 28067
601 22115
490 21536
300 26164
533 20008
396 27274
506 24177
361 26806
514 28365
328 28287
530 20817
364 26296
324 22135
587 23888
417 29476
509 22692
534 22840
427 27839
358 22821
357 20113
373 29833
341 28198
481 23981
550 21768
598 21577
370 22571
366 21016
510 26347
510 27948
88 84 82 52 80 61 66 85 55 88 76 78 79 66 85 57 58 74 93 91 78 87 66 56 76 65 79 76 71 63 68 70 72 74 69 64 53 68 62 84 84 76 87 86 98 73 97 66 73 76 83 70 80 100 57 84 67 77 76 92 50 63 82 77 96 63 99 62 93 85 73 91 51 58 86 86 72 79 88 100 85 64 88 58 50 75 54 58 96 89 88 72 50 79 76 53 77 69 61 69 
81 83 86 77 64 91 68 84 65 50 55 76 89 61 52 53 58 86 65 52 74 73 76 72 57 64 92 85 79 84 66 52 100 77 50 93 51 69 74 79 87 84 77 51 56 99 59 67 81 80 56 78 98 68 92 99 63 62 71 91 95 62 88 85 73 63 83 55 60 55 77 50 58 80 72 54 85 69 92 56 99 51 54 75 89 97 62 68 89 75 88 84 84 88 51 61 61 78 83 81 
68 61 61 83 58 87 58 52 83 56 98 74 81 96 50 80 86 75 52 72 76 89 53 72 99 73 66 72 87 60 58 68 97 99 63 53 56 76 58 76 55 92 68 71 66 86 79 94 88 92 85 69 97 80 68 77 73 70 62 54 71 74 64 55 61 90 76 84 94 62 86 63 69 54 73 61 90 75 50 63 83 71 59 99 56 90 98 58 80 53 67 64 75 92 92 87 66 90 82 52 
52 57 89 53 76 97 61 60 54 85 86 75 63 86 69 60 61 72 73 93 99 72 51 76 51 88 80 91 66 61 77 71 70 100 99 93 94 65 57 100 82 73 97 85 91 77 79 58 98 91 57 52 67 55 54 76 51 78 93 76 84 87 85 51 59 84 67 53 57 96 61 69 79 58 51 85 88 86 53 80 97 97 71 75 92 96 80 86 76 75 58 99 79 63 77 85 84 54 77 81 
84 75 79 80 72 57 75 87 51 52 76 66 51 62 55 69 78 80 81 97 89 76 74 83 85 70 74 74 86 77 64 80 64 85 77 97 62 71 80 89 96 84 91 76 61 57 95 62 83 50 97 64 93 64 98 75 56 71 85 72 55 89 55 72 67 65 88 67 66 52 79 74 60 55 99 94 75 68 91 58 58 52 57 73 69 95 71 71 83 65 53 91 95 96 95 89 58 79 51 90 
76 93 64 94 79 69 91 76 97 71 79 88 94 67 59 87 86 94 53 86 94 68 54 58 71 54 84 78 91 94 89 82 95 94 74 55 69 69 85 56 53 57 74 86 62 69 99 82 84 96 68 93 90 71 53 75 74 72 75 87 97 65 57 55 54 99 70 62 99 92 60 56 60 67 79 72 79 72 68 69 80 71 57 84 100 85 70 93 91 90 69 50 74 82 82 82 90 69 68 69 
67 85 57 64 84 93 66 57 80 50 96 69 76 67 63 64 92 56 82 52 73 69 57 88 83 50 90 78 64 71 66 76 86 92 61 73 69 52 53 60 78 92 71 92 64 59 68 97 80 68 73 82 98 70 52 72 80 88 94 56 55 83 92 79 83 100 50 96 59 99 76 64 86 80 92 92 83 87 82 67 77 83 66 94 72 96 64 98 55 71 92 99 66 76 77 91 97 83 62 98 
80 56 62 95 60 58 92 80 81 92 84 69 94 84 55 50 84 82 73 79 51 67 93 68 83 79 53 87 64 72 58 54 95 100 80 51 85 74 79 95 72 85 60 74 63 98 62 98 74 56 99 93 61 50 89 52 98 82 79 56 56 92 75 83 75 76 56 96 84 64 69 69 92 62 56 87 83 60 93 51 55 59 68 89 86 83 79 67 58 64 58 61 84 70 95 79 67 72 85 92 
90 93 64 63 58 77 53 100 88 56 58 71 89 60 72 51 97 55 63 74 90 63 60 64 69 60 97 88 81 79 68 96 60 55 90 85 50 88 55 95 83 67 69 60 66 50 96 90 70 87 92 94 56 67 98 68 67 54 79 89 93 75 91 82 72 67 67 64 96 81 87 58 89 62 81 93 66 81 56 69 56 63 56 60 88 53 73 99 61 60 84 54 93 57 56 91 98 52 53 92 
57 90 61 70 80 83 52 100 91 71 51 55 99 94 84 92 62 86 80 61 61 50 72 70 97 51 76 69 93 90 81 66 81 83 82 63 51 100 60 82 78 69 56 72 57 79 77 74 95 54 68 55 65 92 96 92 99 91 90 92 72 82 85 91 73 59 70 97 73 69 76 61 95 100 56 73 85 64 70 87 51 65 59 91 64 86 70 90 86 79 82 90 50 82 67 74 75 77 66 93 
57 70 69 93 52 73 89 64 99 100 100 87 67 90 60 80 77 62 60 79 76 88 81 100 90 78 57 55 76 62 79 67 84 53 93 94 66 57 87 83 70 79 78 75 81 97 81 63 52 81 67 51 58 81 71 78 87 69 68 69 54 79 71 55 66 84 78 94 77 99 53 74 55 100 78 85 56 74 53 72 96 72 93 100 78 56 93 59 83 83 99 73 58 57 64 99 80 93 53 97 
98 73 64 73 71 94 60 69 88 91 84 86 84 66 58 85 96 58 50 58 59 60 84 84 76 66 73 66 54 94 72 57 83 98 94 83 60 58 50 58 55 68 78 99 62 51 51 95 95 96 77 58 74 91 97 79 77 74 88 66 58 76 69 92 99 50 65 73 95 93 62 87 92 71 86 70 76 76 54 70 89 63 65 59 88 81 82 66 57 59 73 77 58 97 70 51 58 78 100 57 
67 65 68 58 66 69 82 80 51 67 53 77 75 64 62 72 83 66 50 99 55 66 98 67 58 100 55 52 99 90 61 55 62 72 62 64 78 94 93 84 78 88 96 93 88 61 100 63 69 65 88 100 89 71 82 73 55 59 94 75 97 95 64 82 99 77 92 52 59 99 89 94 51 76 69 99 59 61 80 95 78 54 89 89 86 52 95 53 100 63 75 85 88 98 85 96 58 91 64 74 
96 85 70 58 96 60 77 69 63 91 62 83 67 76 73 80 84 51 91 69 77 99 88 90 88 73 70 62 85 60 83 70 64 67 65 85 98 89 96 51 99 52 70 58 90 50 80 96 55 77 53 78 69 74 69 70 78 97 85 80 50 64 69 88 78 78 63 55 58 68 91 63 59 71 83 77 53 73 69 55 75 56 61 72 68 100 95 67 72 90 100 65 79 78 57 75 75 87 54 61 
58 69 69 63 58 93 62 95 90 99 62 64 78 86 76 74 67 93 71 51 96 98 79 100 70 79 91 70 52 77 56 79 99 84 60 78 92 64 65 99 100 79 66 76 54 91 84 80 60 60 58 64 60 90 94 90 54 58 62 88 76 69 94 66 80 89 100 98 91 89 85 92 82 89 70 79 71 90 74 85 91 78 65 79 74 95 71 63 73 50 83 54 78 84 84 88 83 100 64 89 
50 54 53 97 60 89 62 64 87 65 74 96 97 95 62 88 84 73 74 60 75 95 92 98 99 96 57 63 70 89 89 89 73 71 82 83 87 92 63 89 59 56 90 100 53 71 92 82 98 71 98 90 69 62 92 52 61 54 93 52 98 92 94 76 88 100 71 60 70 55 68 54 60 69 92 95 99 91 71 91 86 73 71 80 80 84 100 87 50 81 56 95 84 66 62 73 84 63 57 85 
80 85 53 94 60 61 87 90 98 86 87 59 60 51 92 88 61 71 63 84 92 52 81 82 73 55 86 50 71 77 55 82 72 51 62 66 82 69 77 89 54 88 52 59 73 92 67 68 93 90 64 91 85 95 94 71 59 78 77 67 86 99 62 57 62 90 91 70 94 80 51 88 74 99 68 87 58 94 65 84 57 64 96 51 80 98 92 78 60 51 79 82 57 53 65 79 68 60 51 88 
53 64 89 69 65 68 99 81 85 67 57 76 78 85 85 91 73 87 58 66 50 72 91 97 78 78 79 100 87 55 76 72 74 77 79 57 87 76 67 79 51 96 88 75 70 73 58 85 51 85 58 62 98 87 91 64 66 83 92 71 72 72 53 69 82 76 60 87 85 76 68 75 56 71 91 51 77 55 87 82 78 76 86 76 86 99 85 98 69 82 59 74 65 85 85 93 75 90 59 72 
61 51 76 94 67 73 84 59 80 68 91 71 52 93 57 97 93 91 51 99 64 87 55 92 89 50 90 80 50 77 81 51 65 79 66 83 91 87 87 85 56 88 66 50 55 79 95 60 81 62 94 54 69 80 90 69 83 90 53 100 80 99 66 94 62 74 58 94 86 52 53 90 59 52 62 84 59 83 67 63 66 51 99 61 83 61 97 53 90 64 83 69 59 87 63 77 51 64 74 97 
99 79 95 67 94 50 59 65 61 76 91 61 77 59 59 82 95 75 64 57 67 59 85 54 52 68 62 65 79 69 67 94 64 96 66 88 83 90 97 76 90 91 65 79 66 55 53 85 59 72 76 66 77 100 81 50 100 76 82 81 59 64 58 72 97 57 70 94 59 88 90 94 92 66 79 80 54 91 55 71 87 66 83 75 75 95 58 73 63 70 73 98 98 74 58 84 76 96 80 70 
87 100 67 69 99 92 55 56 55 90 90 89 69 67 57 62 54 51 56 85 86 54 79 97 79 80 100 79 53 63 69 63 62 91 100 64 56 52 82 79 83 77 67 96 94 53 58 93 74 98 54 80 56 72 56 70 56 83 71 84 63 74 79 89 59 61 57 82 80 74 54 51 67 90 96 71 97 63 62 70 90 57 79 80 91 84 76 91 83 78 69 88 59 56 78 79 85 80 63 89 
55 69 52 56 52 58 90 67 64 92 61 56 75 63 65 64 55 76 57 99 91 96 85 65 61 83 58 60 85 55 54 51 56 59 61 93 93 64 68 74 60 83 85 52 88 61 50 95 62 86 59 53 94 82 52 79 97 97 95 68 66 77 58 99 58 86 100 58 82 83 97 53 89 59 72 75 56 75 67 69 68 82 86 97 89 50 94 75 71 70 83 77 81 69 74 97 89 89 63 89 
54 83 78 96 65 53 57 74 86 50 88 81 53 81 85 75 100 89 79 89 51 65 73 99 71 57 60 68 92 80 59 79 91 52 73 89 70 72 66 65 96 65 76 81 57 62 98 100 75 95 75 50 64 100 96 51 52 52 96 57 77 97 65 64 68 54 98 72 83 72 79 98 76 75 68 85 77 71 52 90 55 98 79 84 82 55 91 53 82 76 58 69 87 83 84 55 87 80 97 60 
53 79 68 99 58 91 63 96 78 52 74 100 85 56 91 74 50 60 53 71 50 55 99 71 80 96 66 51 90 81 61 70 63 73 60 69 82 100 79 62 71 85 60 63 98 51 68 74 56 85 61 64 56 78 84 86 86 90 63 70 100 57 60 56 57 92 53 64 81 79 67 98 68 75 57 63 76 79 94 65 98 50 93 61 96 63 98 62 95 55 68 76 50 71 66 64 79 92 97 97 
94 55 96 76 93 56 56 82 57 85 82 94 94 63 81 51 76 98 68 97 78 99 65 87 79 73 59 58 89 78 77 67 51 74 88 99 74 92 90 57 51 68 93 68 87 83 66 67 62 56 91 67 55 96 59 76 61 76 60 59 53 75 100 75 76 68 68 66 64 81 73 100 75 94 97 92 72 51 63 86 57 98 94 81 97 91 96 98 51 69 58 63 64 64 77 61 50 57 51 55 
81 60 57 58 81 78 69 80 73 85 87 65 57 95 55 82 99 80 56 82 56 97 95 51 80 84 51 80 61 91 58 65 53 58 74 91 84 75 57 76 96 72 61 74 62 91 61 64 83 60 61 66 54 68 50 94 93 60 85 75 63 76 98 55 64 78 60 55 95 93 81 50 92 61 51 93 95 82 82 50 94 62 54 62 93 72 76 80 74 88 50 63 58 94 78 92 99 75 85 81 
85 51 63 59 71 100 61 57 71 59 55 67 71 84 73 65 82 69 88 74 71 82 78 53 72 73 80 81 74 99 61 57 76 71 99 100 71 91 84 77 60 65 89 97 59 51 57 65 87 66 74 100 89 72 51 83 83 58 55 62 89 76 72 76 57 83 80 57 92 96 80 86 60 53 74 69 85 93 70 62 95 62 58 89 97 91 78 77 74 52 77 89 80 96 58 51 86 76 70 52 
50 53 52 55 99 69 62 50 68 71 91 97 66 77 67 95 82 77 68 61 57 96 52 61 81 61 78 59 71 59 82 89 85 51 62 77 92 73 82 99 87 96 67 79 99 99 80 82 51 75 78 88 64 69 75 72 65 97 50 66 88 100 71 54 50 94 73 74 72 67 84 51 78 65 70 89 75 77 65 78 94 69 67 57 94 100 55 63 50 79 94 81 54 91 96 99 88 60 93 58 
100 83 67 89 61 78 78 66 54 78 60 70 97 56 75 55 68 79 88 69 84 55 72 97 78 97 86 83 85 51 90 63 93 56 90 56 73 88 75 50 76 81 50 64 72 59 97 97 89 72 75 53 54 81 98 51 86 71 75 70 54 63 68 62 68 94 58 74 54 53 98 63 69 59 81 100 60 79 73 58 68 50 88 67 54 73 85 99 61 82 59 96 91 93 62 50 78 73 63 76 
72 95 52 68 96 76 82 51 99 53 68 77 93 72 99 73 93 50 94 93 50 55 68 50 81 83 87 82 63 80 74 52 57 88 75 96 65 94 99 55 79 57 86 72 89 94 87 86 70 91 91 92 76 70 79 72 87 87 63 98 87 85 71 71 93 51 55 95 84 71 64 94 62 85 83 71 50 81 74 66 56 76 70 71 74 90 67 93 52 50 70 78 81 91 71 68 71 90 55 74 
74 74 79 50 54 66 69 62 82 98 59 72 53 81 80 94 95 90 91 52 90 54 57 70 60 53 65 89 81 61 99 78 95 78 88 82 61 61 71 75 55 87 72 97 89 56 89 92 52 98 91 59 78 56 53 77 63 57 79 99 82 54 96 57 88 94 75 71 98 56 89 90 98 57 78 63 96 89 71 54 73 71 87 83 90 83 81 65 78 100 84 62 88 50 80 68 92 59 60 83 
95 81 65 86 66 89 73 56 57 60 91 93 64 90 94 84 90 88 61 89 79 89 96 100 99 96 91 85 94 71 96 51 82 75 92 63 78 75 89 50 76 64 82 91 53 91 71 77 84 75 68 98 75 66 81 97 98 74 72 76 52 56 86 63 56 88 90 93 73 84 60 67 73 79 90 96 58 79 100 54 69 83 67 72 60 70 91 82 72 52 64 61 68 65 76 59 67 62 92 90 
77 73 69 100 54 58 55 59 63 95 78 88 95 64 95 58 62 88 91 91 92 56 72 97 87 89 61 67 79 79 94 59 84 79 72 100 59 85 79 90 72 63 73 72 71 90 67 57 96 83 56 89 57 66 98 77 69 56 97 69 87 58 78 100 94 99 59 58 94 69 61 91 96 54 77 63 64 96 90 63 64 52 61 69 97 89 51 61 77 67 80 84 73 74 78 60 89 81 72 96 
78 63 64 89 53 90 77 58 92 90 78 90 63 94 95 65 92 73 80 95 95 94 75 96 64 89 89 88 58 99 67 63 85 89 100 92 80 77 56 75 69 70 61 67 100 100 57 72 91 78 93 98 96 63 66 100 50 54 58 97 51 94 84 86 85 51 100 72 65 54 93 54 54 95 73 65 99 54 75 66 84 87 70 59 98 81 53 99 57 76 89 60 77 97 62 92 53 54 75 79 
52 76 72 72 59 54 81 80 76 69 84 69 77 53 85 76 95 95 96 75 67 55 96 52 77 64 100 60 88 100 65 80 93 62 60 89 97 54 98 96 57 72 83 62 72 92 86 75 63 62 74 84 92 100 98 71 79 74 79 84 55 82 84 65 88 85 93 66 87 64 64 83 67 82 51 56 74 83 66 65 68 57 79 89 91 82 70 87 63 73 83 75 53 93 74 65 93 77 68 61 
70 100 80 81 94 55 53 85 57 70 90 90 59 66 80 95 54 79 52 76 95 87 86 76 54 92 88 73 98 75 69 56 71 96 71 98 52 63 73 56 55 75 89 58 90 91 76 62 82 60 79 67 50 88 81 76 96 86 93 82 74 56 87 50 50 59 55 76 61 67 54 97 52 74 59 74 68 79 67 75 58 64 99 51 73 93 61 77 66 93 88 67 89 85 77 78 69 66 100 71 
62 76 78 86 62 64 82 59 74 98 58 96 91 96 85 80 79 65 57 78 70 61 98 93 65 83 67 88 100 91 80 100 89 59 84 93 88 74 62 89 98 80 57 53 76 77 98 54 81 97 52 61 91 61 86 70 74 99 68 75 63 70 93 56 58 92 87 75 100 95 86 66 100 59 63 95 63 95 95 59 55 59 68 70 92 50 87 79 99 95 86 69 80 61 97 88 63 89 55 69 
79 68 65 52 56 50 71 68 57 55 72 90 64 85 58 94 76 60 55 65 59 59 52 74 85 56 58 89 89 70 88 60 69 83 68 50 55 64 55 76 69 69 60 100 64 71 62 87 76 50 53 81 77 73 97 65 96 72 93 59 65 91 91 60 80 71 68 53 61 66 88 67 92 59 86 91 50 85 54 96 95 80 80 72 50 90 73 64 75 82 97 79 90 75 53 68 64 72 95 97 
84 51 67 50 78 97 58 89 89 66 67 84 58 74 82 57 64 83 100 73 98 66 76 75 91 78 93 83 67 85 53 57 72 72 77 80 79 75 65 100 70 80 65 53 71 89 86 87 93 80 81 87 79 63 70 57 98 79 71 63 90 91 60 70 63 54 74 51 100 91 77 55 88 56 76 68 62 96 91 69 69 59 60 99 97 86 99 86 74 76 78 78 83 53 57 54 94 92 100 83 
76 68 89 85 54 90 60 93 62 97 58 50 98 77 97 58 85 91 51 55 87 57 72 51 54 74 98 81 90 54 100 99 69 66 96 90 100 52 78 94 61 58 70 64 100 73 52 82 61 65 94 57 90 62 57 70 74 56 98 60 70 70 69 64 70 87 74 90 80 63 59 87 91 75 89 56 70 54 68 57 57 57 98 93 81 70 97 89 54 77 88 77 81 86 56 92 78 58 67 80 
61 61 62 57 90 82 84 83 88 90 60 86 52 59 62 83 75 53 89 52 72 90 96 75 96 64 100 55 73 56 90 61 51 80 64 74 88 57 88 83 85 77 75 61 76 75 72 78 65 54 54 69 81 57 92 52 60 66 84 95 68 88 55 67 54 64 85 98 68 57 54 81 97 64 54 67 65 74 53 53 99 97 85 99 85 87 61 75 71 89 79 92 81 63 67 75 70 61 60 66 
86 51 55 58 87 74 73 54 94 74 51 76 96 91 69 60 77 63 79 82 77 98 86 57 78 81 73 97 63 68 86 52 62 80 86 94 91 68 85 93 54 99 100 70 83 67 52 74 98 73 57 82 72 51 73 83 67 66 69 82 93 83 79 84 69 69 77 95 52 98 68 92 94 70 66 92 52 91 52 94 70 61 90 94 72 56 70 55 65 66 64 71 92 79 51 84 54 86 65 71 
100 74 55 95 80 72 91 56 93 64 77 60 84 93 96 50 92 92 54 91 74 100 59 82 94 76 54 72 93 67 87 61 93 50 52 64 87 85 91 59 78 86 56 71 79 98 62 86 88 86 56 84 99 81 88 54 90 56 53 67 84 83 61 58 72 95 88 80 60 76 86 50 67 82 51 51 89 92 87 80 60 82 76 54 78 63 55 90 94 53 65 75 60 52 83 53 64 66 91 59 
89 78 70 66 83 65 55 74 74 74 91 89 99 100 73 78 52 94 50 60 79 76 85 54 55 67 72 63 68 71 97 87 50 71 92 100 50 99 58 69 57 71 84 61 86 88 66 68 99 83 53 99 84 50 79 67 60 56 99 77 93 67 73 93 95 60 71 98 52 92 76 87 90 89 62 79 58 94 100 54 61 78 67 67 76 85 76 68 88 61 58 61 81 97 91 58 94 97 86 59 
87 81 76 53 98 85 53 65 75 88 94 75 86 76 76 55 68 51 97 84 92 94 93 94 79 97 85 76 78 92 85 99 74 62 50 75 59 75 58 88 70 68 62 97 75 83 98 68 79 75 91 100 77 98 55 83 63 61 52 82 91 72 98 95 75 66 87 92 78 95 80 70 60 61 70 71 94 79 89 77 82 74 76 53 87 89 69 52 77 92 94 94 79 68 58 91 81 83 87 72 
60 54 86 91 89 75 63 82 65 94 80 96 54 67 84 65 85 58 94 97 99 65 97 81 54 75 52 61 72 92 98 78 64 97 60 57 61 81 95 89 81 66 70 94 53 54 87 57 79 98 52 53 67 52 77 81 97 55 97 90 97 70 86 53 53 73 51 74 68 97 99 66 81 90 82 76 99 83 61 80 59 94 61 75 57 78 89 71 61 82 62 55 82 75 61 94 71 97 76 53 
84 77 90 64 94 62 80 64 69 56 66 61 75 95 58 57 98 97 74 85 56 98 86 94 65 76 53 95 77 63 96 80 64 61 82 88 83 81 71 78 61 54 95 100 89 78 69 56 60 72 85 56 86 93 87 60 82 88 82 99 67 57 72 83 69 63 70 67 94 82 100 81 94 66 51 50 89 51 66 91 97 50 73 59 98 94 66 77 65 63 92 97 72 70 70 75 73 72 75 58 
94 84 61 98 69 71 59 64 61 95 85 92 90 50 76 69 64 96 100 66 58 75 87 81 82 56 91 78 87 50 59 56 61 88 75 79 77 83 98 92 75 62 53 59 60 69 95 52 93 92 88 50 54 75 53 86 65 95 57 96 61 57 91 73 50 94 66 99 92 89 61 79 89 78 92 55 81 64 64 71 54 100 89 68 80 68 73 74 89 59 81 61 81 69 52 77 80 73 89 62 
62 73 55 96 64 88 52 75 70 70 74 81 93 95 80 87 63 89 61 69 99 68 52 67 91 85 80 87 93 75 75 85 97 87 68 55 79 66 99 52 53 52 65 78 61 67 61 79 96 84 58 56 69 84 87 97 64 77 83 79 71 71 55 77 50 96 58 78 100 62 88 99 55 72 53 66 50 65 97 66 86 51 55 50 71 76 95 76 98 68 71 66 51 64 59 77 71 100 97 90 
55 82 70 62 59 62 88 79 97 56 60 59 82 54 52 76 93 80 89 79 83 94 85 86 98 60 84 84 53 73 85 85 100 63 58 54 93 74 69 76 94 97 54 53 83 85 56 99 55 69 83 98 85 81 88 62 70 53 96 56 95 93 81 88 72 58 97 86 73 54 57 97 96 80 53 52 84 62 96 58 91 88 85 99 57 78 85 76 52 58 96 99 91 70 86 92 77 61 54 65 
229 9674
242 10108
159 8498
184 8161
153 11501
225 8286
205 11338
203 9217
178 11323
170 8497
245 8886
251 11042
217 9377
164 10376
201 8505
215 10641
232 9697
211 9685
282 11093
190 8227
202 10260
247 8357
218 9853
163 11887
180 8333
275 11470
225 9487
211 10615
164 9274
222 10039
278 10670
224 9587
233 11258
300 11646
239 9337
188 10408
222 9287
241 8737
274 8970
198 10506
173 9076
240 8353
277 10425
175 11872
153 9814
230 10270
292 8377
270 8228
228 11043
183 9068
222 11111
189 10118
287 9997
153 10371
195 10851
257 8279
280 8837
185 11958
271 8959
192 10130
184 8065
205 11807
291 11592
243 11965
293 10606
234 8248
164 8945
214 8792
290 8082
172 9408
156 9901
294 11494
239 10831
263 11440
155 9938
169 9869
265 11116
248 8954
270 9168
155 11601
275 11573
226 11139
285 11897
211 8942
230 11644
293 8630
175 8004
216 8979
208 9529
152 9285
204 8740
204 8380
232 8546
248 11916
286 11846
260 10639
260 8619
293 8756
208 8348
300 8693
74 97 80 56 79 74 66 95 84 99 52 52 94 62 71 85 91 89 88 71 94 70 59 54 78 51 79 76 98 58 87 84 87 75 61 93 52 67 85 52 93 53 75 98 87 84 53 76 88 79 86 65 87 69 65 73 99 93 94 92 100 76 64 100 74 86 72 82 88 56 53 72 53 74 86 62 71 69 99 81 77 60 86 82 82 71 56 73 85 68 50 79 82 86 66 73 79 76 78 96 73 67 68 59 92 75 93 76 83 65 75 73 58 81 55 62 84 78 84 51 64 91 58 78 75 66 53 79 56 64 85 91 85 92 65 86 69 62 97 91 81 63 76 97 53 100 65 60 83 72 84 71 91 53 94 80 59 74 71 87 85 91 66 96 67 65 50 54 94 95 84 81 98 61 97 92 66 72 64 83 87 65 81 58 87 89 98 69 64 84 92 76 91 93 80 79 73 67 79 82 
55 94 84 98 100 94 100 68 58 83 50 66 98 56 91 85 92 79 83 92 99 100 95 79 81 81 62 71 68 87 58 97 69 54 79 69 61 97 61 100 98 61 78 54 57 63 74 59 92 64 85 95 89 89 51 70 76 81 70 50 83 85 91 77 70 73 53 54 74 94 62 95 80 81 67 63 63 99 75 84 71 52 72 64 91 94 89 100 70 95 73 67 97 81 70 55 77 82 76 98 73 93 50 61 90 73 79 59 99 69 50 63 58 83 76 71 58 58 84 58 68 95 88 59 52 59 76 69 79 97 60 57 55 55 59 52 88 61 97 85 96 71 98 79 84 69 52 82 62 52 67 71 94 78 95 61 51 61 79 62 68 81 63 91 72 75 68 93 58 84 56 60 77 59 58 93 53 79 72 55 69 89 73 74 78 58 50 63 85 80 72 76 95 80 88 51 71 90 95 88 
74 64 76 54 98 50 93 85 78 97 56 87 60 64 100 95 87 65 74 69 81 81 66 90 66 90 75 65 67 91 68 99 58 98 86 92 62 86 93 78 56 79 77 91 71 90 85 83 93 67 66 59 67 94 83 53 71 79 74 83 97 74 53 75 86 73 51 63 76 93 63 61 82 74 67 66 81 81 55 89 91 64 96 88 62 86 91 72 61 94 52 51 67 53 62 81 89 63 95 77 98 87 53 60 98 99 99 91 75 55 86 80 96 53 50 79 75 96 97 95 55 51 93 92 98 77 50 50 98 53 71 71 81 55 76 54 60 87 90 67 93 88 67 88 98 60 55 97 82 77 66 64 65 72 88 81 93 72 74 53 96 62 95 55 80 84 85 67 76 69 87 75 74 74 98 53 63 69 93 96 55 67 80 65 52 57 80 97 84 99 72 84 94 55 70 79 54 64 98 67 
100 81 99 82 75 86 95 55 58 91 89 88 87 52 92 99 74 71 66 52 98 76 56 83 100 76 60 81 75 55 54 74 80 87 90 53 55 85 64 70 64 54 57 58 72 93 76 77 57 89 79 67 100 99 78 62 72 74 61 63 78 54 59 50 90 98 53 86 71 88 93 81 61 50 99 99 77 78 65 67 75 97 96 85 57 57 69 100 87 83 96 90 59 87 81 86 75 56 82 61 95 94 94 52 80 88 55 63 98 80 61 70 99 74 100 90 79 80 97 85 69 76 96 99 74 81 52 84 65 61 57 74 89 64 85 51 51 100 69 59 68 98 94 51 90 73 76 86 71 74 60 65 74 93 74 70 91 77 54 67 60 97 67 56 56 76 54 78 70 93 79 99 65 57 94 54 99 89 56 77 99 92 74 65 77 95 64 84 63 74 82 95 82 81 59 81 75 75 82 88 
82 58 69 75 96 90 66 88 87 60 61 55 93 94 65 66 97 62 68 68 94 79 74 57 71 58 66 88 52 91 87 63 82 75 62 92 57 75 65 94 91 67 73 94 99 81 96 70 96 58 95 96 90 98 73 53 91 77 72 94 60 52 99 99 99 88 78 87 98 64 69 94 93 74 73 58 91 72 74 60 83 63 91 55 68 88 67 100 80 64 95 89 59 76 78 80 56 85 90 70 51 69 68 71 60 60 99 55 83 56 51 98 84 97 71 56 60 55 63 65 65 75 52 50 65 59 89 69 60 82 60 52 77 94 76 75 91 93 53 58 90 97 83 54 100 60 57 72 92 55 63 100 82 93 83 77 61 58 85 67 90 71 78 79 98 82 50 51 81 83 61 79 93 89 82 74 59 75 92 87 83 77 62 66 70 59 85 99 73 63 93 100 52 80 76 81 55 66 69 69 
67 85 80 82 91 56 89 75 98 71 61 94 90 62 75 90 74 88 66 66 62 53 50 53 84 62 94 59 77 69 97 77 77 95 63 100 91 58 74 62 77 58 67 90 60 69 93 71 62 98 90 66 54 61 75 57 95 79 79 70 100 94 82 97 86 53 69 84 66 100 75 56 72 76 92 63 77 86 92 74 52 95 86 86 71 53 73 51 50 54 81 55 62 71 63 89 77 94 72 61 93 89 81 80 97 50 66 76 73 89 56 73 95 94 95 78 89 65 94 74 69 85 62 61 78 85 96 82 59 78 54 64 88 90 97 53 52 55 91 66 75 71 68 89 94 57 51 65 71 70 58 72 97 82 60 63 86 64 65 66 89 69 73 94 59 58 98 52 85 94 77 79 61 99 93 76 78 63 58 61 73 58 58 83 97 81 93 94 87 66 78 89 83 88 69 85 86 87 82 69 
81 58 92 53 82 69 61 88 71 51 75 90 79 80 71 55 81 62 100 65 62 96 72 87 80 62 93 59 67 62 75 54 90 81 62 93 74 51 61 72 95 91 52 80 99 51 76 81 91 57 81 94 57 85 51 96 94 63 92 91 50 90 69 83 61 66 57 56 58 80 83 69 94 100 68 50 62 83 89 67 57 86 86 94 52 80 60 83 85 86 58 77 75 98 63 57 92 73 53 73 57 74 65 51 94 53 73 96 88 95 82 63 90 54 63 94 93 63 51 66 92 82 78 80 95 80 52 57 93 50 66 86 74 82 75 72 55 80 58 57 71 74 63 80 98 50 54 74 91 97 60 54 90 94 80 83 53 72 59 65 54 77 82 78 95 66 97 60 94 51 69 82 91 61 57 78 53 93 88 72 61 57 85 75 66 85 54 63 66 50 62 68 52 50 78 88 56 78 68 86 
67 72 79 51 94 57 82 100 83 69 98 55 69 91 70 78 58 63 70 70 77 56 63 96 99 93 61 80 83 98 86 80 57 68 56 60 60 50 70 56 79 65 97 60 72 69 53 97 53 52 88 76 75 60 62 91 52 94 95 73 54 50 88 52 85 92 76 66 99 82 66 55 60 80 85 82 81 55 91 58 66 78 60 89 60 68 62 100 94 97 96 60 88 98 64 99 59 71 85 83 80 61 96 73 78 72 80 62 59 99 52 50 74 56 99 78 70 50 94 95 62 64 97 52 100 75 51 60 99 92 62 68 75 71 90 95 61 63 71 85 72 93 56 60 62 60 94 96 85 53 74 61 94 69 84 92 86 67 65 81 61 64 99 97 88 97 83 74 57 83 55 50 69 60 67 75 56 89 67 84 94 69 81 75 54 99 55 98 99 66 76 86 96 68 52 64 59 53 59 56 
72 97 53 94 54 69 57 91 83 83 85 90 55 94 51 88 73 100 63 89 83 94 53 54 61 62 65 75 66 53 79 93 51 75 63 75 74 55 93 50 98 90 91 67 59 70 53 89 61 93 64 65 93 76 86 94 61 87 80 100 68 59 98 94 56 94 62 88 78 84 92 86 51 62 92 66 76 64 64 94 91 96 59 62 77 87 59 56 70 96 72 86 79 87 57 75 79 79 91 86 87 96 60 68 75 83 71 77 71 98 76 96 80 76 59 89 93 83 98 50 94 89 52 91 78 82 79 83 76 83 79 51 69 85 73 98 96 51 75 71 100 53 97 60 97 86 93 51 96 69 63 51 85 59 56 61 55 67 54 69 69 66 82 96 74 97 97 65 67 75 84 84 82 68 98 64 51 63 61 84 85 65 91 55 58 93 58 56 79 64 57 87 88 57 100 57 70 82 98 51 
55 94 79 88 88 95 58 54 82 54 76 94 90 86 58 62 52 55 96 65 90 89 63 90 86 99 88 99 83 71 56 85 98 59 100 54 81 58 100 81 85 50 93 94 58 84 62 96 50 68 98 69 89 94 77 97 78 87 54 94 73 75 99 77 100 65 53 54 66 74 91 98 74 78 50 89 72 62 62 51 65 75 81 89 51 96 78 64 67 63 88 80 58 50 75 72 82 92 96 89 86 91 82 99 96 63 64 63 72 95 58 75 54 97 66 77 100 61 79 59 65 72 68 59 75 68 84 93 63 57 56 67 83 93 66 97 54 79 61 73 74 89 50 61 90 93 84 67 93 83 74 57 90 82 84 91 84 93 99 57 94 76 54 56 65 83 63 97 79 99 57 82 55 83 91 55 67 86 59 59 83 54 67 68 85 64 60 96 100 69 79 86 100 71 96 57 52 91 63 61 
92 67 75 55 94 77 65 70 69 66 65 77 91 69 67 97 97 100 97 59 63 51 100 100 66 77 69 71 78 53 58 99 82 82 71 70 99 69 56 67 73 92 73 87 76 86 57 87 87 60 82 94 100 76 97 78 80 73 92 84 54 65 89 93 72 74 53 63 95 86 99 60 64 69 86 77 77 88 74 72 57 82 91 62 89 93 52 65 96 63 76 66 71 50 89 95 54 54 92 70 91 90 81 54 97 92 100 94 54 56 63 94 71 80 82 62 97 57 81 90 86 69 53 90 59 87 93 83 89 80 75 70 84 79 92 84 88 67 81 64 75 98 64 50 94 92 63 95 90 85 93 57 83 69 57 74 50 78 56 85 100 61 55 74 88 80 89 88 61 54 57 80 65 73 95 79 76 97 68 62 66 56 58 75 97 65 78 52 88 73 100 59 99 51 91 83 86 57 94 57 
68 80 80 70 70 59 76 61 83 89 53 94 64 90 76 88 53 97 72 95 58 80 59 78 75 59 51 81 52 80 69 84 78 51 95 89 98 53 83 76 99 54 76 78 66 59 51 53 69 65 83 60 64 51 58 76 51 71 96 60 98 68 78 81 60 92 88 93 73 88 81 51 68 50 81 54 64 85 85 76 50 87 78 50 81 84 59 76 100 61 61 83 81 75 50 64 78 68 71 72 50 100 99 93 50 94 98 99 61 100 76 63 100 74 97 82 65 90 56 79 58 90 70 100 94 50 75 84 79 50 73 100 89 100 69 99 61 89 61 98 75 97 57 73 92 99 51 55 70 85 77 53 95 87 98 100 81 75 81 85 89 95 79 82 77 64 68 59 68 93 77 63 75 72 73 80 90 85 54 60 86 50 59 66 50 63 74 95 84 87 94 95 79 78 50 91 62 72 79 62 
82 90 75 67 70 71 95 66 90 94 88 97 60 77 64 60 90 90 59 68 84 53 58 75 89 53 98 64 80 93 56 75 67 82 79 52 83 57 69 93 60 80 50 99 72 63 57 97 52 55 79 73 50 94 72 90 55 82 87 78 70 50 88 83 72 94 99 94 99 51 92 89 64 78 94 85 97 63 80 91 74 85 61 89 86 58 55 75 84 52 77 81 84 66 87 69 50 84 59 72 99 89 66 55 80 87 89 79 90 55 97 94 97 72 97 83 82 87 56 72 68 96 94 90 66 67 66 66 79 52 83 58 95 58 84 80 53 61 77 91 58 66 98 55 80 98 54 97 80 68 56 56 85 50 77 77 50 83 58 100 59 67 69 77 72 96 72 95 77 60 83 66 99 87 86 78 50 51 53 52 100 85 78 82 68 62 93 54 89 88 75 74 80 95 88 59 54 53 64 86 
57 55 60 70 64 83 73 52 75 69 97 76 62 86 80 89 56 99 91 70 70 97 98 79 84 90 70 100 80 99 98 100 50 79 100 83 69 51 76 70 67 73 70 51 94 100 54 55 58 71 89 67 60 72 83 64 50 81 58 94 92 75 50 77 52 80 84 52 59 53 81 83 76 94 64 64 94 92 59 95 50 52 99 96 71 70 72 100 59 89 78 59 94 57 53 83 89 66 74 59 87 78 89 86 98 69 90 59 63 53 95 77 70 52 76 55 98 88 91 68 56 79 71 82 83 64 73 58 78 53 71 54 63 93 50 73 54 76 84 60 86 80 78 52 60 81 92 62 79 68 84 57 95 69 81 85 99 82 51 93 81 57 86 72 80 60 72 67 86 64 66 96 71 99 64 92 67 59 76 94 86 67 91 57 80 70 68 99 58 75 88 67 76 96 67 52 76 72 58 60 
64 91 52 88 80 68 62 85 61 64 66 96 100 66 78 95 91 71 85 77 81 50 83 98 72 88 62 55 74 55 72 75 50 58 88 65 51 93 62 71 60 57 95 99 53 50 68 92 76 62 79 91 88 53 54 92 95 87 64 80 60 82 65 80 68 97 67 85 82 60 53 100 67 83 50 66 95 93 51 88 68 50 68 79 92 77 98 94 56 87 77 94 64 98 56 55 76 99 53 52 81 73 68 80 68 91 90 83 99 91 81 93 61 62 64 99 63 69 68 79 84 89 93 68 79 68 97 53 72 97 69 94 86 85 71 80 54 75 84 50 87 76 64 52 95 64 52 62 58 55 82 93 91 76 61 54 54 52 85 78 87 53 86 64 88 95 80 73 89 99 62 94 69 50 60 82 51 51 68 82 77 95 90 58 55 59 88 87 51 74 67 86 75 84 54 63 75 81 54 81 
78 82 74 59 78 52 97 92 67 78 64 73 84 84 95 97 93 62 100 70 52 86 58 76 90 62 95 99 99 61 74 80 94 74 80 85 63 53 89 84 73 100 67 64 73 94 73 57 87 83 85 81 81 99 62 56 52 81 79 91 95 95 86 73 64 88 86 64 93 54 76 91 82 69 80 92 98 58 92 62 75 74 54 51 58 84 100 99 52 74 54 61 82 58 87 89 58 95 67 58 74 100 90 66 100 95 63 93 86 93 76 64 99 84 73 56 81 89 53 92 93 84 78 95 86 89 81 65 64 72 63 98 72 54 95 93 93 88 81 100 68 60 77 83 61 73 69 95 99 82 73 80 71 54 83 78 70 66 88 77 58 90 87 75 86 85 76 100 83 63 100 73 100 100 52 68 53 87 61 67 55 58 85 59 93 98 57 96 80 95 84 75 94 61 71 95 60 63 99 80 
94 91 53 52 76 76 76 57 51 71 100 81 51 70 67 60 83 98 100 79 82 73 52 91 98 70 51 93 59 99 61 61 81 98 92 88 98 83 79 61 71 100 92 92 94 79 66 67 90 61 82 60 100 65 62 69 51 92 90 50 66 85 55 66 80 78 100 65 97 74 56 98 86 94 79 57 93 56 72 67 57 50 56 61 86 87 60 68 51 62 64 86 68 70 75 55 89 52 54 59 58 77 99 91 96 85 61 71 78 58 81 93 86 93 58 71 79 85 63 86 94 86 73 83 88 53 80 59 58 52 76 92 62 90 55 85 69 94 63 53 51 53 68 71 71 73 79 60 62 96 95 60 91 80 97 68 50 94 74 72 63 70 56 99 66 60 63 54 76 100 70 89 78 97 92 65 85 58 87 97 54 83 59 91 73 79 86 80 64 90 57 91 97 80 76 51 93 68 70 75 
52 58 84 78 84 95 89 62 85 65 66 73 63 95 76 56 53 58 66 81 96 59 99 89 89 58 50 100 55 76 95 78 59 68 100 54 86 89 75 61 75 55 74 91 54 88 52 64 85 99 88 89 87 63 66 65 100 65 81 53 53 86 59 90 86 86 69 100 73 92 58 50 51 72 63 82 67 96 58 89 63 91 51 64 84 76 95 64 51 61 94 76 82 97 65 95 83 65 58 95 78 99 60 67 91 74 80 86 83 96 100 93 79 89 92 89 70 97 89 82 55 71 100 80 51 86 93 76 92 93 66 83 88 59 95 63 100 91 79 94 99 78 73 84 82 72 71 100 54 72 65 95 84 71 100 76 89 56 65 69 82 63 73 94 74 53 92 98 77 66 84 79 56 89 98 80 67 98 100 76 78 62 79 80 50 70 68 86 77 55 77 60 85 82 50 91 83 92 86 58 
58 96 100 53 96 82 72 64 70 59 65 79 88 67 87 85 79 98 91 50 56 59 50 57 77 91 52 62 90 72 76 88 98 88 57 50 86 100 79 100 52 73 88 72 52 92 64 79 87 69 53 62 92 53 51 67 89 74 52 77 88 79 54 63 77 97 88 98 99 87 75 62 80 51 81 95 99 60 68 82 82 52 69 66 56 71 76 57 86 97 69 56 55 84 88 56 70 99 82 87 81 79 73 62 98 84 100 67 76 61 57 51 53 65 61 73 68 85 71 51 73 76 95 88 58 86 99 93 77 66 51 76 96 93 53 80 68 73 74 63 58 51 97 57 60 96 65 92 95 88 88 68 99 93 97 58 60 51 92 91 99 92 74 60 54 97 80 97 93 95 93 51 57 82 51 72 68 74 89 70 100 51 96 89 95 86 57 99 68 72 85 97 56 58 62 68 88 81 64 67 
94 67 65 79 70 89 77 97 86 61 82 53 74 62 80 77 91 68 99 63 77 83 70 53 100 77 74 78 88 97 73 51 78 61 59 65 77 57 81 52 72 63 55 58 67 72 60 59 95 74 75 65 56 77 61 70 84 98 99 59 87 73 94 80 81 60 75 99 65 74 57 95 86 67 51 52 91 73 64 100 72 89 79 74 99 66 56 72 50 99 99 56 72 94 100 89 82 96 76 98 79 57 67 68 94 60 85 92 53 77 83 52 96 77 50 87 76 98 78 78 63 99 83 83 94 80 51 100 68 62 63 95 73 81 53 61 50 90 59 98 87 69 60 100 83 80 71 90 68 88 72 55 62 59 92 57 83 83 71 95 59 54 51 81 55 84 97 68 76 98 84 58 59 71 100 81 52 70 88 65 81 56 94 90 91 70 58 88 58 97 70 99 67 54 75 55 97 97 85 53 
78 95 62 89 83 88 90 88 99 80 66 100 78 71 74 63 64 91 89 54 76 61 84 91 65 56 93 61 58 63 79 64 65 92 57 94 66 76 55 98 76 91 77 72 66 90 83 88 83 57 73 98 77 52 70 93 88 66 87 68 85 92 62 79 75 52 71 64 60 52 84 69 85 54 76 64 87 65 76 54 63 74 75 93 52 78 63 79 66 71 73 76 58 63 86 94 67 90 77 86 55 54 87 77 100 75 87 91 61 65 69 69 75 52 73 92 100 99 67 91 53 83 58 73 97 78 89 89 52 69 70 80 98 86 56 64 50 50 70 57 67 79 85 59 55 73 69 66 56 71 78 59 84 94 52 56 73 59 68 89 71 68 57 55 91 77 64 73 85 82 88 68 88 95 96 52 83 82 57 53 85 71 88 90 76 59 54 81 91 62 84 58 79 98 52 68 81 91 99 93 
87 72 89 85 99 68 77 74 87 66 65 68 91 92 92 68 65 87 73 53 54 62 66 86 90 80 80 92 51 50 54 90 51 67 51 91 92 63 51 53 96 78 82 57 71 77 88 57 99 70 78 76 77 73 53 86 98 65 68 56 69 80 86 76 93 51 74 83 52 74 93 87 100 78 88 74 98 53 84 91 64 74 71 85 82 56 100 72 85 91 56 80 84 60 77 68 87 72 57 94 71 58 64 95 59 56 71 51 75 73 54 75 99 83 79 95 96 94 70 65 57 60 85 91 74 53 92 89 75 100 66 68 72 63 62 57 54 89 65 84 87 51 65 66 62 65 63 63 56 78 50 71 56 87 94 53 56 67 61 54 54 81 86 91 88 99 72 70 51 98 51 52 76 89 93 83 77 52 61 53 54 64 81 63 71 92 65 96 65 72 63 100 73 55 71 80 76 59 89 53 
86 97 80 66 69 82 64 55 55 59 96 86 61 57 54 76 82 55 97 92 59 65 77 66 92 52 80 70 85 95 76 70 61 57 55 55 60 64 74 69 85 67 79 66 86 82 56 67 70 60 83 57 100 68 67 83 67 88 55 65 57 53 75 61 93 96 100 72 80 82 66 86 79 95 56 91 61 84 81 76 89 71 96 58 53 62 50 100 56 91 63 68 79 54 67 88 71 85 74 87 97 62 59 70 67 67 60 81 71 51 57 80 54 55 90 77 60 77 79 92 58 67 61 97 63 67 55 92 68 82 66 70 98 53 97 53 85 82 81 89 73 55 88 65 76 64 81 91 86 96 59 69 87 76 65 93 91 86 66 86 58 53 87 90 56 82 59 81 58 70 60 63 78 98 56 81 58 89 87 53 85 85 63 79 81 51 57 86 61 90 82 97 98 59 90 69 61 77 96 65 
85 69 65 51 77 58 59 52 64 85 70 79 86 67 53 87 62 77 83 53 72 88 90 80 50 88 93 66 85 75 55 99 60 77 54 66 72 73 77 87 87 51 81 86 92 73 53 76 85 71 54 97 94 97 70 51 78 61 50 61 71 74 50 95 63 97 87 52 60 68 67 66 100 66 66 54 76 79 92 79 72 81 94 55 58 82 56 75 60 71 70 76 92 74 94 84 86 51 54 68 100 68 99 54 53 63 93 92 73 86 74 59 55 54 82 62 75 97 77 55 59 67 76 91 93 54 77 100 70 80 61 78 73 54 75 56 75 78 64 91 93 51 85 64 50 60 88 56 97 54 61 82 96 96 58 53 83 59 77 61 64 59 100 90 77 83 89 81 59 80 95 87 56 92 82 80 97 74 62 85 86 52 89 91 81 70 55 83 100 52 77 94 50 91 84 60 56 77 54 58 
92 94 73 55 76 60 81 66 56 61 99 95 99 66 87 82 50 81 95 79 94 56 88 50 81 98 55 82 58 89 79 56 63 54 51 83 50 78 50 73 64 67 81 88 55 82 61 50 84 92 87 55 91 89 90 55 69 60 60 98 84 87 91 72 74 60 90 91 65 60 72 91 72 81 96 73 90 97 85 94 86 63 84 64 67 87 78 83 64 67 85 92 73 80 60 89 84 54 98 63 73 57 87 70 84 100 71 53 65 76 58 59 67 96 78 60 83 58 85 83 56 72 96 92 84 81 60 99 97 82 56 65 59 88 70 90 55 90 93 94 62 95 93 83 97 85 93 75 83 95 61 67 75 83 56 96 51 95 79 79 93 87 66 76 58 91 56 99 60 54 81 76 97 71 60 71 73 67 53 55 52 56 84 87 86 80 100 72 95 67 64 52 83 98 56 61 89 89 69 94 
78 79 62 66 73 72 58 62 67 80 91 57 60 78 55 98 84 61 81 80 63 90 79 93 97 60 96 94 71 75 61 75 95 73 50 58 73 75 100 67 67 50 80 58 80 60 64 77 82 70 66 84 93 100 64 99 58 92 83 52 77 53 50 95 95 95 84 88 89 67 72 57 74 65 94 65 75 78 100 88 58 74 51 68 88 93 86 54 63 79 70 56 81 86 91 51 78 53 60 86 60 56 59 66 67 81 92 75 50 80 85 90 81 93 81 83 77 85 88 83 61 69 57 54 84 84 70 89 59 77 100 79 91 99 82 81 72 53 58 73 55 75 70 98 73 54 58 59 78 81 66 56 56 65 93 85 51 51 89 79 94 75 57 98 59 71 65 58 92 84 67 60 74 71 81 78 69 95 97 76 62 67 78 81 57 66 100 94 82 52 50 93 79 50 100 80 62 56 84 50 
72 92 53 68 63 71 69 76 63 58 64 97 68 79 98 72 56 79 72 52 69 90 75 67 96 98 91 56 70 75 57 63 71 65 86 66 93 63 66 62 50 61 94 60 84 67 54 94 98 63 63 81 81 85 68 82 94 68 89 62 55 67 52 77 77 74 87 61 65 57 87 76 51 88 57 89 59 93 57 67 80 73 59 90 99 95 73 91 64 81 70 68 69 77 85 50 88 62 61 87 75 59 77 79 58 53 81 94 95 54 95 53 74 57 54 96 58 68 68 90 76 62 98 50 54 52 62 62 97 60 57 53 93 70 79 60 73 57 97 66 69 75 75 80 51 57 58 79 51 87 80 80 100 93 61 67 79 99 87 68 61 74 77 68 93 79 52 73 88 50 67 62 56 95 95 54 50 64 81 52 72 80 57 97 69 75 70 82 51 70 53 90 54 100 54 67 79 92 68 53 
56 59 78 61 71 61 66 74 83 75 52 69 84 61 78 89 53 68 83 89 52 51 93 92 87 92 74 74 58 65 89 55 68 90 87 83 54 59 79 62 79 59 81 61 50 75 88 60 95 86 79 54 60 88 95 100 85 50 66 99 80 86 67 58 51 100 76 51 91 94 55 92 55 91 97 80 80 54 94 53 90 53 51 61 66 64 55 90 89 52 65 62 68 66 66 69 87 91 67 76 67 91 68 97 51 99 90 98 95 82 94 89 90 50 93 89 50 91 86 50 56 90 55 83 73 59 63 92 55 87 74 86 50 92 98 78 84 64 65 66 76 92 81 83 82 55 82 60 96 53 100 95 90 73 100 83 71 99 99 77 63 65 100 73 72 78 74 55 75 50 64 56 67 73 90 79 90 70 54 85 73 87 85 64 96 55 93 86 61 76 84 100 93 91 73 54 58 93 67 59 
95 58 60 100 58 92 69 90 57 92 53 83 57 92 72 72 65 97 80 94 98 64 64 50 75 79 54 64 94 92 100 88 96 56 51 73 58 64 85 82 88 86 53 97 54 80 86 71 92 68 62 93 95 83 60 79 66 66 66 56 62 88 70 58 62 87 56 60 52 59 87 83 65 54 83 78 65 87 96 86 94 71 98 67 51 64 65 66 98 96 62 55 100 54 66 84 88 72 65 51 83 59 94 93 59 78 64 96 59 96 56 55 74 100 77 52 89 75 64 95 96 59 98 97 95 85 89 69 83 57 52 94 89 79 87 79 87 73 77 53 80 97 79 85 52 84 73 51 73 56 53 66 65 93 65 92 93 78 97 93 51 97 55 95 62 88 62 55 84 85 91 64 71 99 62 97 68 77 57 82 94 93 83 89 51 94 71 93 80 69 89 90 72 72 95 61 97 55 55 69 
97 58 68 80 80 51 89 51 90 81 56 69 83 99 59 72 64 53 50 50 56 99 67 68 72 68 88 53 67 90 96 73 79 98 50 57 76 63 90 51 60 75 73 80 79 95 84 73 75 99 84 59 65 78 84 59 58 80 91 85 65 88 82 50 100 74 81 64 75 75 73 66 84 84 58 55 98 67 58 71 96 71 72 75 61 80 68 64 75 70 73 83 97 91 59 88 81 54 60 89 68 56 57 95 76 81 64 62 70 74 66 79 79 85 54 58 68 74 81 94 68 100 93 98 78 72 90 71 96 63 78 93 78 79 83 65 68 89 92 65 90 77 66 80 71 85 66 62 79 63 93 89 77 52 53 88 64 68 95 85 75 62 76 67 50 79 89 57 72 67 86 99 68 85 96 80 64 86 84 96 61 58 78 56 58 63 58 96 60 86 66 95 53 87 73 81 85 79 98 88 
87 50 89 90 53 74 57 90 71 70 99 73 61 69 67 60 64 52 79 77 82 59 68 56 92 65 84 90 100 80 65 84 87 56 86 83 63 58 97 96 88 89 74 91 97 52 94 98 56 73 70 55 99 86 87 94 88 85 82 80 63 86 92 63 84 69 100 99 82 98 71 81 95 72 99 84 74 73 96 96 77 85 92 63 56 78 68 94 89 73 93 93 80 91 62 50 79 100 77 88 71 96 88 52 76 97 59 74 71 83 82 56 54 97 64 64 51 64 71 83 95 64 96 50 80 73 57 91 69 84 95 92 63 84 91 95 56 73 86 79 65 53 60 62 95 85 63 71 82 56 83 96 90 98 89 79 74 83 84 76 87 87 53 76 55 76 53 78 58 88 52 78 58 54 89 57 66 95 85 52 55 65 99 96 99 52 72 91 94 60 92 99 97 77 51 90 58 71 89 96 
64 68 72 55 76 93 57 72 60 59 81 63 65 93 81 79 77 70 54 77 71 66 86 57 59 54 84 87 94 50 85 75 68 91 59 81 65 85 79 56 57 90 98 74 71 96 51 93 83 78 96 83 84 79 69 96 64 99 53 65 66 67 99 65 84 64 91 92 98 61 88 50 82 77 85 92 83 64 88 57 84 80 75 95 78 95 62 56 81 51 61 60 54 56 55 75 76 71 98 93 67 50 94 100 80 50 88 57 70 98 80 92 95 95 69 52 92 52 54 50 78 76 50 52 59 73 75 75 74 62 64 91 53 53 89 60 54 83 97 83 53 86 50 90 89 97 88 69 58 55 69 54 53 93 84 89 79 52 79 54 54 53 73 92 54 73 75 50 87 88 81 57 95 92 56 81 56 81 90 93 76 63 90 77 62 87 81 65 54 78 91 59 98 59 64 69 82 59 51 86 
97 99 91 76 53 90 74 75 100 55 87 65 86 94 56 53 77 85 61 74 83 71 82 69 65 74 89 67 61 84 68 92 77 70 97 76 57 88 67 66 74 86 61 63 64 67 59 70 53 91 100 82 81 79 50 82 60 57 83 89 52 78 93 58 64 53 53 87 90 86 88 92 54 51 100 91 71 97 72 87 71 52 53 59 55 70 58 56 74 89 69 81 54 83 87 75 78 55 60 86 93 83 96 89 69 86 61 85 99 66 88 78 62 90 92 55 85 77 80 50 70 54 72 93 81 58 69 59 94 96 98 82 88 51 70 73 69 88 81 64 56 81 92 66 90 52 80 71 97 89 51 86 84 70 61 73 57 77 66 86 59 71 94 61 94 91 76 77 54 63 88 82 56 68 95 90 89 84 80 97 100 54 70 97 94 67 76 56 69 79 80 72 54 97 92 90 71 67 79 55 
54 54 76 70 77 56 57 58 54 80 84 52 74 82 50 79 99 99 77 77 71 64 51 58 66 84 91 71 86 51 56 90 64 57 84 88 97 75 74 62 97 90 52 69 59 91 65 90 72 68 94 55 59 72 57 86 91 79 78 93 83 51 57 83 66 85 86 91 61 92 95 53 94 67 88 94 97 73 71 91 96 74 91 94 90 96 51 69 60 88 95 98 81 85 98 99 73 70 69 62 75 55 100 71 58 96 67 69 68 71 83 82 98 53 100 55 86 95 58 91 58 72 90 65 82 53 52 69 51 52 84 82 73 72 68 62 56 97 82 90 50 65 82 60 79 60 83 88 78 97 56 55 69 73 70 73 56 69 95 66 67 57 87 62 51 83 73 79 80 70 54 79 55 94 84 59 57 53 100 69 90 75 91 58 96 66 85 82 50 50 89 93 100 62 95 76 51 73 61 58 
58 73 74 83 100 66 85 79 85 53 89 96 67 97 64 80 51 100 66 75 57 90 74 71 51 93 61 65 62 92 53 57 68 74 72 55 74 94 83 99 82 51 66 79 100 84 98 50 56 89 97 65 98 75 99 92 66 92 69 50 76 87 78 94 85 99 88 56 60 55 95 57 96 50 75 98 87 57 95 90 68 55 70 76 50 79 82 53 90 93 53 73 64 88 97 62 59 90 67 62 79 64 93 74 94 71 92 70 59 70 69 66 55 65 78 94 84 71 54 53 92 79 84 80 70 77 77 87 76 61 73 82 58 98 93 96 94 88 52 54 69 57 96 82 80 50 81 74 58 90 87 95 62 70 95 64 83 87 94 82 62 78 67 81 66 69 65 81 73 97 95 76 87 57 81 70 51 95 96 98 59 89 76 65 80 62 86 89 81 83 57 75 88 88 68 94 94 81 87 81 
55 62 66 67 83 54 100 53 72 91 68 96 84 85 97 70 71 83 67 68 62 53 79 81 87 99 57 54 54 51 82 81 93 50 89 91 97 86 89 77 51 67 97 59 67 60 89 92 84 91 84 64 60 71 69 56 74 100 53 85 55 85 90 51 89 88 99 67 99 96 65 53 93 55 50 65 56 93 74 86 87 90 52 84 94 54 54 59 55 82 61 96 80 82 57 71 90 88 70 91 72 60 66 64 90 63 89 97 63 96 78 87 83 94 81 96 85 78 51 79 62 52 77 89 95 64 76 87 77 80 86 53 70 92 52 52 77 97 54 69 64 78 92 81 69 79 57 81 97 50 58 78 95 67 88 96 51 50 97 54 90 99 65 88 78 54 60 56 52 85 66 55 70 68 62 55 93 94 79 57 77 91 77 66 100 67 87 59 62 99 53 95 97 100 92 98 74 88 69 50 
56 92 52 64 83 68 50 71 54 85 59 71 58 66 61 62 75 79 87 73 69 53 96 61 74 69 53 81 58 100 92 83 70 64 81 84 63 92 100 54 77 76 63 79 74 55 94 67 58 99 67 86 100 53 77 53 85 97 66 76 71 66 68 70 51 100 54 59 95 57 67 50 51 61 99 76 59 57 95 90 76 95 58 85 97 73 78 51 60 77 83 81 76 82 88 83 63 69 93 52 64 66 100 97 84 93 88 68 90 73 51 57 92 53 50 61 62 51 69 85 57 89 82 66 74 70 96 57 77 60 68 62 94 66 51 91 70 67 88 61 74 59 59 71 50 92 64 75 77 72 70 96 95 93 97 95 50 84 97 58 52 94 60 51 96 55 73 74 97 61 69 93 99 54 81 93 56 62 89 82 97 56 97 64 86 99 80 100 50 66 68 67 62 87 59 55 57 100 89 57 
55 68 64 96 87 55 89 93 95 62 89 56 74 59 72 65 88 62 51 64 78 85 79 61 56 98 97 77 75 88 53 81 81 61 59 71 64 77 55 56 96 50 64 52 67 85 81 56 77 100 74 80 75 93 81 56 61 64 59 100 66 97 87 91 79 55 55 63 94 58 81 86 56 66 79 54 89 94 82 80 82 70 91 63 73 84 74 78 70 65 89 70 59 59 99 59 79 67 81 52 98 67 97 93 98 96 65 83 50 78 87 76 74 56 91 59 69 95 50 66 93 85 87 75 83 100 77 100 60 73 100 53 76 74 100 72 59 55 99 53 55 51 98 58 79 86 51 100 57 51 69 96 86 89 93 83 79 61 50 63 66 89 67 62 82 81 73 50 89 70 65 53 99 54 86 71 98 62 59 75 97 76 58 80 83 52 73 93 90 96 50 61 91 69 66 55 91 56 60 69 
86 85 86 89 68 79 64 86 76 59 86 79 96 74 99 96 66 68 100 67 77 67 96 81 69 98 100 66 89 89 59 58 96 89 79 81 99 78 71 69 90 58 51 100 74 78 71 89 77 54 97 79 52 96 65 68 67 64 66 73 74 81 95 98 77 85 63 81 85 51 61 99 56 51 59 87 58 97 68 78 63 66 74 82 97 66 75 52 57 97 98 95 63 66 55 91 51 54 55 85 53 77 63 78 57 92 51 74 90 60 53 52 86 53 94 90 99 62 93 59 90 97 82 76 92 69 90 78 87 63 87 93 62 64 91 67 62 79 89 62 98 57 58 85 68 82 69 70 93 100 73 60 60 92 58 56 95 75 64 97 64 92 76 98 86 51 87 60 82 52 57 86 73 83 89 90 97 64 96 55 63 51 99 50 80 55 66 91 58 77 53 56 98 57 51 53 63 71 72 71 
61 87 61 96 88 90 97 73 80 88 54 73 100 63 97 66 56 78 77 74 63 88 95 50 66 65 55 92 66 76 96 64 64 67 52 70 95 56 80 73 65 82 56 94 84 94 71 53 68 95 85 50 53 52 70 82 55 66 82 78 51 96 64 58 73 89 61 52 72 94 70 68 57 58 70 98 80 64 70 94 56 55 64 55 81 80 68 66 67 86 58 70 91 58 94 66 65 69 93 73 92 71 90 85 50 82 73 62 79 85 62 88 50 61 66 53 78 64 90 99 58 87 98 58 62 93 50 75 53 90 52 99 57 61 61 73 88 93 93 84 65 82 96 77 97 86 72 97 93 91 81 79 96 59 78 99 84 59 95 92 90 56 91 79 92 54 70 79 91 53 58 56 63 62 87 96 71 100 100 91 56 94 70 52 61 63 57 83 88 50 71 85 92 51 53 73 96 96 79 56 
91 91 52 97 90 86 82 54 89 81 89 91 83 97 67 99 94 65 77 93 63 52 62 71 70 93 94 50 86 97 92 71 76 100 98 50 58 71 63 79 86 93 55 75 90 98 73 53 91 54 68 99 50 60 79 100 56 96 68 74 50 83 78 76 85 85 82 95 56 59 69 58 57 84 66 86 98 81 81 89 73 76 74 95 52 52 72 81 90 86 89 68 89 76 60 53 71 79 54 74 86 99 61 62 91 96 85 82 78 93 59 94 69 57 58 59 94 83 61 61 54 84 82 84 71 74 78 53 96 67 90 80 50 93 61 89 85 88 96 84 73 69 79 100 58 82 79 87 73 86 74 76 100 75 75 78 87 85 66 84 51 92 85 96 71 81 82 62 66 87 58 57 62 80 92 68 82 95 62 85 68 53 56 61 74 83 91 88 95 89 71 99 99 94 59 100 98 100 52 75 
58 56 59 72 56 89 84 67 89 74 81 53 88 70 89 85 78 57 88 51 55 72 67 88 76 100 69 81 87 88 99 53 69 57 56 96 74 72 61 50 57 94 97 84 73 80 88 80 73 63 100 99 100 97 67 86 56 66 79 80 100 58 79 64 66 58 92 80 90 79 81 51 71 58 59 98 59 87 71 96 71 98 88 92 93 61 63 81 86 59 80 73 52 50 89 52 72 70 57 59 71 66 57 79 78 100 90 96 67 90 75 60 83 82 51 75 62 74 61 79 74 93 68 81 68 72 74 96 96 91 99 95 97 90 98 74 70 77 52 67 68 95 100 62 90 56 81 54 55 69 78 74 80 64 70 62 63 91 65 55 76 56 55 77 81 57 90 75 79 87 78 96 80 79 86 87 81 85 89 64 69 98 61 94 73 61 99 94 61 68 63 62 88 60 70 62 87 58 69 58 
63 80 77 87 100 68 76 50 70 70 85 66 58 69 69 96 74 74 95 61 59 66 78 81 93 60 65 61 72 55 90 71 68 66 65 91 100 88 98 68 72 86 71 74 95 80 83 50 53 79 79 78 65 82 60 61 99 91 51 50 79 71 75 74 60 64 91 58 78 67 84 100 67 85 56 70 81 59 68 61 76 74 50 64 95 53 89 97 75 100 59 81 51 65 100 91 62 88 61 79 93 81 62 84 53 90 50 92 50 70 61 64 95 52 55 100 93 89 64 52 80 97 92 97 50 81 72 92 100 98 99 97 83 80 51 58 60 84 54 91 88 93 85 58 75 92 66 59 50 56 96 83 53 75 82 54 57 77 73 80 63 92 75 91 80 78 63 77 66 62 83 71 58 98 88 75 71 71 61 84 68 57 59 66 76 65 76 85 64 54 53 80 57 50 87 55 92 58 76 88 
58 96 64 96 98 91 72 58 60 84 92 58 74 64 96 81 63 92 59 65 66 63 81 92 85 71 99 81 93 52 57 79 61 99 75 59 80 54 95 93 65 66 88 53 56 55 94 67 75 67 99 94 63 99 99 81 65 54 57 80 84 68 96 69 85 74 61 82 97 83 85 98 71 56 60 67 70 71 85 75 89 58 84 60 81 98 60 76 93 79 82 54 80 58 63 73 80 85 75 53 96 55 78 50 72 94 69 54 68 60 96 51 66 61 98 56 55 58 56 67 51 78 51 67 51 86 64 68 97 63 75 68 78 83 71 64 75 75 61 73 57 80 70 72 69 67 80 62 60 56 78 70 95 100 65 61 83 84 96 83 70 81 61 72 78 63 53 93 65 79 51 92 63 88 77 90 92 73 61 78 100 70 88 68 100 86 89 77 89 90 77 78 88 59 92 54 50 56 69 98 
99 73 73 75 52 95 98 82 79 53 50 51 82 94 52 94 86 62 79 76 62 68 54 68 87 90 67 82 60 61 68 90 70 98 53 76 56 74 68 63 54 54 51 92 66 88 66 65 83 76 63 97 83 69 60 85 100 60 75 59 61 92 72 57 63 64 78 78 87 50 97 71 99 71 66 77 86 69 52 56 50 52 79 74 88 50 74 65 83 67 60 51 97 69 75 92 77 53 83 65 81 93 83 50 68 63 61 62 65 75 52 53 51 93 51 75 90 59 93 75 66 69 57 69 100 75 65 67 74 93 61 79 75 97 59 50 74 60 70 66 72 97 76 54 92 92 85 83 62 98 89 78 80 89 89 79 64 53 67 66 64 84 71 78 81 56 90 87 74 72 82 96 98 58 85 69 56 60 59 61 59 98 78 68 86 78 95 81 66 76 68 64 72 95 97 86 96 80 82 100 
61 60 90 95 72 57 66 100 91 74 95 99 81 59 78 100 74 77 81 66 92 53 78 70 97 92 95 97 54 50 64 69 58 97 64 85 83 64 58 74 69 59 53 78 86 90 54 97 59 59 83 84 50 51 85 72 62 93 54 94 78 58 94 60 68 89 77 77 67 77 85 95 92 89 66 67 90 51 93 64 91 60 86 74 72 88 78 63 89 98 50 81 73 58 76 85 83 66 83 61 96 92 97 55 52 68 100 97 83 54 60 51 99 81 76 57 56 57 88 89 52 96 72 67 69 64 69 50 56 69 57 90 68 61 67 89 93 55 81 100 92 92 98 55 66 99 98 76 99 81 92 92 80 82 56 61 55 80 97 83 60 90 78 55 68 85 96 60 75 58 52 85 83 72 55 52 96 83 92 100 59 72 78 84 66 64 100 70 84 74 82 58 85 75 56 82 90 72 69 57 
93 83 78 76 93 65 59 95 87 79 83 60 59 99 63 63 68 57 52 80 86 76 65 86 79 75 93 61 56 100 100 60 62 72 81 76 68 79 99 57 90 95 97 53 94 87 65 63 94 89 91 72 60 95 76 98 51 95 85 90 98 58 83 85 81 66 77 90 52 66 68 90 61 77 88 65 54 98 56 79 70 74 61 63 96 65 79 60 89 81 61 60 100 69 66 78 74 84 85 70 72 80 61 54 71 68 66 62 100 97 93 76 50 82 91 57 89 72 94 57 63 97 65 64 99 75 66 75 98 94 86 59 76 58 84 73 97 78 78 74 52 94 85 78 69 57 75 81 96 88 72 51 50 100 83 94 89 93 84 61 98 91 67 52 59 52 63 53 55 96 51 84 83 87 73 90 50 80 53 77 53 78 79 59 82 86 96 73 78 51 86 67 86 87 74 74 61 58 50 97 
58 74 61 53 81 55 68 71 76 98 57 77 94 77 60 97 63 56 73 69 99 76 58 65 62 64 67 64 94 92 85 56 81 86 53 84 74 57 63 89 85 87 59 92 78 86 79 85 75 92 75 66 64 88 88 72 60 90 87 56 66 54 81 81 66 98 54 53 69 68 55 85 77 71 63 51 62 100 98 84 69 65 52 77 73 98 95 84 90 54 94 82 78 76 70 62 75 93 64 97 95 55 93 95 62 73 68 81 59 72 78 50 59 93 66 56 95 90 95 67 87 70 81 79 71 83 65 75 76 69 74 71 63 68 72 71 92 62 63 100 54 64 78 80 93 100 72 67 86 76 62 95 88 64 70 90 72 81 60 59 64 75 68 72 76 94 76 69 96 70 63 86 66 88 80 60 87 81 71 72 100 79 78 58 88 95 51 79 83 79 65 73 87 75 93 66 83 97 50 69 
73 97 78 58 65 61 79 81 96 98 94 85 85 80 66 66 52 53 74 96 71 100 78 85 61 55 97 73 60 52 99 58 70 64 54 79 62 71 77 79 70 62 100 94 96 67 58 75 87 89 99 77 73 87 78 60 71 56 67 73 88 75 65 99 85 85 97 62 88 60 82 56 96 50 72 97 71 94 83 86 81 80 67 67 65 86 60 91 57 100 92 55 90 99 74 97 60 77 93 97 72 81 86 60 59 62 90 80 55 77 79 74 60 56 92 52 92 84 67 63 92 70 76 54 74 89 98 58 62 50 95 97 74 59 78 83 58 61 54 55 50 81 70 77 52 83 68 84 55 83 50 60 61 70 51 93 56 70 55 51 68 65 72 99 87 52 59 76 62 90 70 53 91 79 93 95 90 73 68 63 66 73 57 92 93 92 67 64 67 68 99 78 58 64 89 99 59 94 53 63 
76 97 72 97 100 60 50 78 80 98 51 70 73 82 71 78 89 52 57 90 91 93 80 98 58 74 50 84 62 92 77 78 55 93 83 75 68 88 74 64 69 63 64 90 66 80 86 90 52 90 91 90 98 58 57 54 86 63 82 95 79 61 90 90 74 71 55 72 54 84 81 69 68 89 74 74 58 57 88 86 80 63 60 59 80 63 86 71 70 100 84 98 75 89 50 93 92 84 81 50 93 94 51 93 57 82 97 71 52 99 65 73 82 57 90 93 61 79 89 85 83 59 95 68 62 66 75 73 60 63 69 57 68 66 53 93 72 76 99 74 100 68 69 64 89 93 97 79 76 78 87 55 71 66 96 87 76 62 63 77 62 76 85 59 96 80 100 90 98 71 98 72 85 56 68 98 88 55 68 98 72 74 62 89 53 63 57 60 90 59 81 98 75 70 100 81 83 52 54 97 
66 76 94 82 79 96 79 72 50 68 77 51 56 56 69 81 79 83 90 69 64 71 72 79 57 91 75 64 87 79 54 91 56 96 72 71 77 56 87 56 64 83 78 53 81 60 58 83 63 97 68 56 52 61 100 52 58 62 68 61 63 56 79 70 75 95 71 75 100 80 94 63 72 88 52 97 92 96 99 79 65 94 68 72 60 92 92 94 61 99 92 80 59 53 69 84 55 82 91 79 93 71 100 90 55 53 95 84 83 50 89 89 82 87 58 87 70 77 61 55 50 54 66 54 73 57 85 99 72 63 99 100 70 99 59 51 54 87 79 76 56 73 83 71 91 92 68 92 96 97 85 71 88 81 79 79 60 59 82 74 87 79 65 87 78 88 81 68 67 84 81 98 54 87 67 76 99 65 97 58 75 92 95 67 92 59 89 57 87 59 100 52 80 87 78 99 54 70 66 90 
51 71 89 55 98 62 94 78 96 87 88 88 64 76 61 89 89 75 96 79 95 96 95 88 89 62 84 52 86 74 78 82 88 76 83 55 60 87 84 90 96 90 63 53 65 83 95 60 67 70 77 89 71 59 61 98 70 99 96 77 61 75 82 83 89 96 91 83 60 89 69 71 59 54 91 69 55 98 57 94 87 58 66 89 74 50 79 98 62 65 68 92 70 53 71 52 60 79 58 98 83 60 95 63 77 59 64 50 100 100 84 71 62 94 93 67 65 91 67 80 58 96 63 75 80 85 70 99 85 64 89 86 52 63 67 76 71 56 93 84 76 54 62 73 99 96 61 76 94 84 70 71 75 58 53 57 55 54 89 81 83 96 71 77 73 89 92 80 63 80 84 76 90 92 65 70 55 50 84 54 77 67 62 86 53 65 76 68 74 54 77 84 74 77 66 54 72 57 68 51 
80 95 67 95 76 91 95 89 81 95 96 81 57 71 78 63 100 50 82 100 90 88 86 95 95 78 86 59 92 73 60 74 68 54 69 74 97 68 75 77 86 96 60 58 61 81 63 82 66 65 66 96 53 85 75 75 99 97 79 71 59 75 98 99 89 79 94 53 90 75 81 53 50 59 71 67 53 56 76 64 88 92 57 58 88 88 53 93 100 60 53 68 88 66 94 80 73 92 73 85 89 90 86 50 70 93 99 54 80 87 53 53 78 51 95 81 79 92 56 98 59 78 70 76 65 83 73 63 71 52 75 100 99 78 50 98 95 54 96 95 97 63 84 93 67 52 92 82 62 93 57 90 66 52 95 61 92 81 73 58 57 73 65 71 52 57 87 75 71 100 98 87 85 88 59 62 89 56 52 69 94 55 83 100 91 75 92 60 64 66 51 85 99 77 57 80 61 95 73 72 
70 96 67 69 61 69 75 77 64 62 73 69 85 71 71 79 56 73 91 94 96 56 91 53 66 77 64 64 53 56 98 72 92 50 97 63 96 90 67 63 62 61 95 95 72 77 83 94 65 55 67 77 67 67 60 51 73 79 79 56 94 92 86 64 78 68 87 57 55 80 95 54 78 61 87 75 59 75 84 84 78 97 72 100 58 75 92 89 79 81 62 89 76 63 57 89 80 91 76 90 84 73 77 100 88 81 87 69 52 64 92 87 80 89 88 74 90 96 55 76 58 58 78 51 74 92 72 57 58 76 53 71 57 82 82 66 71 67 62 54 66 61 81 77 91 61 81 86 98 61 80 62 68 73 55 85 54 69 95 53 93 76 76 94 76 99 79 94 61 75 76 74 57 85 57 83 93 95 68 69 61 54 74 70 52 61 58 73 56 59 92 80 90 81 66 54 75 68 95 52 
77 73 68 99 54 99 92 96 66 85 78 61 72 71 67 84 91 61 60 67 100 54 95 68 77 56 63 81 54 97 76 66 89 84 93 64 94 89 85 89 53 75 100 86 78 89 97 82 86 86 55 73 93 73 80 56 64 67 78 83 85 70 86 56 90 97 87 72 65 66 77 73 66 95 91 90 79 90 99 100 87 78 100 61 83 68 71 60 60 100 99 60 86 52 70 59 67 60 85 95 63 61 80 75 70 65 71 64 94 57 93 65 68 61 87 95 100 56 62 97 74 51 90 73 91 81 89 62 69 51 82 65 73 61 58 97 57 76 72 84 94 55 58 56 96 52 98 67 65 59 80 73 91 100 70 87 55 62 60 86 61 100 66 80 87 64 81 60 81 98 56 81 72 79 65 76 92 81 60 89 50 56 74 51 95 71 59 60 89 50 91 91 69 53 55 62 79 59 61 53 
95 64 55 87 98 94 72 100 53 52 67 97 66 92 61 62 65 50 100 90 76 53 96 64 71 96 65 70 75 79 70 100 59 69 64 71 59 50 70 80 60 95 51 80 61 99 59 94 95 53 93 75 87 72 79 88 76 100 62 78 79 66 66 72 77 56 50 59 53 66 64 77 96 62 97 76 62 69 83 76 65 70 87 66 87 70 75 67 50 50 74 69 62 73 73 95 70 58 79 97 70 78 70 50 99 91 89 66 71 74 68 65 63 98 96 87 82 96 52 60 86 79 66 86 74 91 55 53 57 65 86 50 58 81 58 66 66 95 77 78 61 93 99 61 83 55 57 53 88 97 56 80 58 63 55 59 56 99 50 53 89 83 89 57 89 85 57 54 52 86 96 61 50 99 62 63 84 64 65 86 99 65 66 53 53 67 69 71 96 66 56 100 71 90 72 85 93 74 69 67 
58 81 89 72 73 61 92 68 53 72 51 58 80 75 73 63 61 61 95 96 74 54 74 79 88 80 91 83 88 58 71 85 70 75 96 78 89 51 80 88 84 68 76 76 70 82 66 97 83 52 53 68 57 78 99 83 73 99 75 63 92 93 74 69 60 66 89 65 95 63 82 71 69 95 93 51 89 64 87 96 83 91 82 56 59 63 58 66 82 52 65 51 53 84 55 50 91 69 82 58 98 68 90 59 66 97 99 87 74 67 51 74 83 89 73 72 53 73 65 93 51 74 79 66 66 95 75 75 52 95 100 87 54 85 51 63 85 53 94 81 89 64 76 88 68 73 70 71 87 56 64 98 82 63 61 85 81 61 88 72 75 82 70 70 57 94 91 57 72 97 76 89 61 84 74 91 50 50 86 70 79 53 68 96 75 71 72 68 70 86 98 75 88 84 98 55 55 61 84 81 
84 62 83 65 64 76 55 58 97 64 87 75 57 92 58 67 98 92 81 64 100 78 61 93 79 71 99 98 91 74 98 97 100 78 81 87 87 63 82 77 80 73 60 70 74 92 57 70 82 72 85 54 88 76 57 61 62 52 63 56 53 89 77 72 63 100 88 97 88 100 53 71 53 90 82 67 56 95 77 97 69 79 66 52 60 96 98 80 93 61 60 80 92 74 57 89 71 52 56 55 66 53 91 72 60 69 55 68 61 52 90 88 98 56 94 62 77 87 99 62 59 68 74 93 89 88 59 54 85 52 54 87 96 98 52 71 52 89 54 100 62 65 97 100 69 94 80 55 78 70 66 84 86 94 71 60 66 80 79 66 98 80 52 83 56 82 68 60 85 66 81 73 98 52 82 61 57 67 78 69 53 66 77 66 97 87 71 88 68 74 85 90 62 62 55 85 84 90 71 58 
71 93 83 84 96 89 59 92 89 65 61 59 63 51 63 56 52 71 85 100 57 76 73 78 69 95 88 57 97 81 78 55 60 96 83 83 72 93 93 99 89 80 95 62 62 60 55 52 99 89 77 88 88 72 71 80 96 53 90 60 71 50 67 84 53 95 63 90 72 93 63 92 64 98 98 69 51 64 77 60 72 91 75 86 77 50 57 99 90 53 85 82 83 64 77 76 58 84 56 96 85 58 65 54 83 52 88 90 87 52 82 75 70 80 59 99 98 86 55 99 95 59 80 92 66 88 70 68 62 57 54 64 80 68 57 84 92 79 56 98 84 59 66 56 87 98 71 98 66 51 70 99 58 76 87 94 52 91 75 82 86 67 68 78 69 73 82 91 99 75 79 75 66 59 79 53 83 67 51 98 62 91 54 95 91 65 54 90 87 55 86 58 85 84 88 74 66 58 72 64 
53 99 80 67 72 87 75 60 72 71 80 73 75 74 53 68 53 100 69 61 64 75 86 75 67 73 63 97 80 60 95 76 97 88 85 76 77 71 73 66 86 60 83 51 83 96 71 75 52 77 63 55 78 75 58 76 89 60 52 68 84 52 73 98 91 77 82 58 100 86 93 55 56 86 55 83 61 100 51 67 80 81 81 67 74 67 90 73 63 84 53 96 80 83 99 79 89 51 66 87 93 92 97 66 89 91 79 89 64 77 70 75 60 65 59 89 81 63 86 80 74 97 76 54 52 94 82 55 83 76 59 73 64 65 95 67 69 55 80 73 58 87 64 87 79 81 91 73 97 81 92 65 63 86 76 75 50 60 93 78 81 66 63 59 89 91 57 74 83 91 64 68 86 50 52 90 58 79 52 55 64 70 76 51 96 51 58 71 100 82 97 94 61 58 60 52 57 83 55 94 
64 100 59 97 71 63 81 86 85 87 59 84 99 90 92 65 68 81 51 86 75 67 51 51 66 81 60 100 85 55 95 78 77 60 84 53 91 63 93 91 90 55 65 95 89 84 90 60 53 92 96 51 88 74 73 86 92 50 64 51 84 58 97 51 85 67 51 60 56 79 58 55 91 75 79 97 72 79 100 71 58 52 66 99 94 81 70 72 63 94 85 72 86 67 72 96 53 77 73 58 64 60 87 55 96 85 90 97 51 67 50 92 76 67 88 79 66 97 95 98 82 51 54 56 72 54 65 93 52 100 85 92 97 77 50 54 50 66 65 78 96 56 80 77 57 83 75 94 93 67 75 81 70 80 70 53 72 73 76 57 60 68 99 97 73 96 98 72 96 55 100 96 74 53 95 50 52 61 55 60 78 67 76 73 93 55 100 76 100 94 97 89 60 59 80 65 71 100 95 64 
82 94 62 90 98 63 59 76 96 73 54 86 89 54 73 97 55 50 91 71 84 60 74 59 57 83 51 54 90 52 53 96 91 77 54 94 85 53 53 67 93 80 72 75 73 87 51 75 81 53 71 92 52 85 72 77 62 70 65 100 50 58 94 50 66 62 70 80 74 59 57 77 99 79 85 79 79 55 59 98 83 57 66 95 98 63 83 71 65 54 79 73 92 61 91 78 89 91 68 55 69 73 63 61 78 97 79 98 100 66 96 85 98 59 93 76 79 95 89 92 56 65 78 55 81 88 93 86 56 74 60 69 100 85 61 99 67 64 60 86 92 50 97 50 50 98 54 56 84 94 83 63 70 88 96 70 53 56 75 55 73 95 72 80 80 82 100 52 96 57 98 68 71 75 65 100 61 89 82 70 99 61 68 95 77 76 91 94 88 95 95 67 51 95 63 86 72 81 79 82 
54 94 93 56 98 61 78 92 85 53 84 65 56 56 97 94 68 71 87 88 95 93 80 65 61 89 75 54 62 50 86 51 76 58 79 81 69 56 69 57 71 56 86 81 85 58 93 80 67 71 71 90 71 86 51 92 70 53 78 65 93 93 84 80 73 85 63 71 69 90 53 61 60 51 89 88 56 57 56 64 94 75 58 58 69 91 71 55 60 95 68 85 81 85 74 87 94 91 73 52 51 85 80 91 96 50 76 53 77 99 58 67 65 68 90 66 72 57 96 79 86 89 92 91 75 68 75 98 59 77 61 93 100 85 95 84 74 100 71 52 95 57 90 62 78 63 76 98 83 77 75 76 76 68 59 56 72 94 65 53 76 60 89 77 66 75 100 84 87 69 95 72 81 83 96 61 78 68 88 81 85 84 54 75 51 96 59 65 60 87 60 74 67 54 93 86 70 87 77 60 
50 79 98 80 63 66 81 56 57 61 59 84 84 54 75 84 76 89 53 78 65 71 90 90 75 77 59 63 70 82 69 100 61 65 97 66 87 53 99 93 93 99 82 67 77 62 82 58 97 88 66 55 71 99 60 86 68 84 80 74 80 61 90 70 89 64 68 72 75 68 64 51 65 61 59 55 68 85 79 87 57 69 50 85 74 93 87 69 74 61 67 51 73 70 90 78 78 85 55 87 50 68 54 73 88 67 76 88 54 63 73 97 63 58 70 74 92 94 93 60 73 96 99 94 89 60 69 72 59 73 94 71 61 53 51 65 57 71 78 93 53 89 54 62 76 70 75 96 71 71 71 96 58 50 98 87 76 87 77 81 84 91 96 75 85 67 88 73 87 60 72 92 61 93 61 64 94 90 81 91 66 60 56 93 82 80 59 64 63 69 93 77 89 80 68 84 56 83 81 80 
84 85 75 92 52 76 79 82 65 69 99 50 93 51 56 62 63 90 94 52 61 70 76 81 51 87 87 83 56 53 88 85 52 89 55 73 84 69 53 68 88 55 94 57 56 60 82 56 73 85 71 78 90 58 55 88 81 95 81 60 60 82 54 54 52 76 77 75 56 84 68 68 55 90 94 62 66 72 68 80 90 58 95 91 63 83 69 97 96 87 71 53 72 74 87 93 83 54 77 88 83 69 99 72 50 82 78 59 69 55 81 60 57 62 96 98 62 64 67 94 97 88 68 56 87 69 100 96 56 65 61 86 54 51 72 55 68 68 63 100 91 62 76 69 79 51 83 67 55 60 85 50 64 69 50 92 59 70 64 77 98 89 89 81 91 99 50 85 77 75 53 73 83 88 73 57 78 90 83 74 68 63 73 66 67 51 51 87 93 97 66 59 55 62 52 95 88 95 89 83 
98 58 98 76 53 57 60 67 80 92 80 84 79 57 58 77 94 79 50 93 73 54 62 64 87 76 76 98 99 73 58 63 89 86 59 81 73 52 64 53 80 52 61 50 81 92 90 66 97 57 83 83 76 90 66 92 97 81 54 77 55 75 79 93 92 86 51 79 85 62 53 87 70 81 91 77 72 60 54 88 80 90 81 92 86 65 81 87 68 88 77 74 76 71 99 77 86 57 98 85 100 95 77 72 90 86 68 75 85 97 67 85 71 80 96 84 82 76 85 51 52 66 57 73 70 75 73 92 55 51 98 83 76 100 85 67 89 64 54 82 89 65 89 88 83 77 71 67 85 54 95 58 73 96 84 68 58 57 52 66 83 99 69 63 96 62 83 87 59 65 78 81 98 58 52 63 63 51 68 56 55 61 64 59 55 96 85 59 55 81 78 75 90 66 56 54 92 93 81 73 
79 56 88 62 82 74 57 94 89 72 82 62 66 51 62 85 55 90 58 68 93 93 80 63 89 65 52 74 71 54 75 66 63 77 95 72 84 57 69 77 64 83 68 89 63 99 86 72 73 98 69 64 62 96 66 84 72 56 59 51 92 85 58 65 99 56 78 99 79 55 63 65 69 65 67 58 59 55 68 91 76 50 74 60 93 86 77 82 79 81 51 53 73 75 55 56 81 91 56 97 99 52 75 96 78 56 69 73 98 77 80 81 87 57 59 93 76 90 77 59 82 58 90 79 58 97 82 96 94 90 80 94 63 100 75 52 76 56 94 71 99 91 89 64 66 74 64 53 68 53 67 88 87 74 77 64 66 84 83 94 75 52 59 62 77 72 67 88 98 74 66 72 93 95 52 53 90 82 69 73 71 89 84 81 55 81 52 57 52 76 75 100 88 86 95 90 74 57 92 69 
85 62 83 75 82 95 72 63 55 65 89 66 53 87 50 82 81 81 100 88 62 69 82 89 65 87 91 84 82 58 89 62 66 54 90 86 91 75 81 69 77 76 96 92 83 95 77 68 72 95 100 55 92 83 62 83 87 95 69 57 57 94 68 62 55 72 88 89 72 58 70 56 90 97 73 58 65 69 90 57 93 52 95 83 67 79 80 73 82 70 53 54 79 63 68 96 67 80 59 97 93 85 64 96 79 85 94 53 72 82 55 71 91 60 65 83 62 61 75 86 81 77 79 87 94 74 79 63 51 64 81 67 75 100 67 100 84 61 76 84 83 77 88 76 79 85 71 65 78 75 56 90 81 67 95 85 69 100 85 99 55 87 88 65 87 66 69 84 79 76 99 62 57 91 86 81 53 73 91 61 75 91 78 58 77 76 84 90 80 77 92 94 77 100 67 77 60 90 92 60 
63 55 67 62 87 95 75 94 53 87 58 96 87 70 73 58 88 66 63 58 72 52 58 78 83 64 66 82 84 75 99 85 50 79 63 61 72 63 89 84 75 97 80 62 74 89 91 96 86 80 95 62 70 53 100 93 85 52 53 57 50 90 77 56 94 83 64 84 52 87 89 62 80 92 66 94 78 51 72 71 92 60 76 87 70 53 98 71 98 63 51 72 83 63 55 70 88 84 81 80 88 51 61 90 95 74 88 64 91 67 76 63 57 52 73 56 76 55 74 90 82 57 81 62 91 68 80 50 79 94 100 72 96 69 65 79 55 79 99 60 50 67 85 91 78 83 91 74 66 65 92 94 97 52 92 60 77 69 63 61 99 93 88 65 87 77 86 67 58 58 71 54 62 88 88 96 93 73 59 90 62 82 54 61 53 58 72 58 69 55 70 89 82 87 57 85 57 74 50 54 
91 100 60 76 80 87 91 55 100 94 78 65 58 70 52 71 51 90 87 64 71 75 83 78 59 94 85 78 79 71 55 66 51 60 54 76 77 60 50 76 75 98 96 64 65 56 70 64 92 79 77 88 81 66 54 89 66 100 70 95 71 95 56 57 93 79 66 67 84 94 97 77 59 65 60 69 81 80 72 83 89 58 72 64 94 66 74 64 94 84 89 76 56 69 75 55 81 74 94 71 53 71 76 50 91 71 70 53 96 88 62 54 100 56 54 83 88 99 66 93 92 72 69 51 95 64 100 65 52 64 52 74 65 89 63 54 72 50 63 62 73 78 83 68 97 79 60 77 60 97 63 66 86 50 91 92 73 79 86 96 99 56 64 61 84 63 94 92 75 81 64 80 65 100 50 54 88 96 86 99 76 82 86 76 61 91 50 89 93 61 62 59 83 72 85 51 53 79 57 96 
98 97 68 68 77 62 69 95 74 64 70 80 76 85 85 68 56 80 64 53 98 83 100 71 87 50 57 58 91 94 59 50 76 96 90 58 78 86 89 85 97 58 76 64 91 81 86 88 57 82 81 58 77 73 87 84 81 83 51 98 61 91 83 59 69 60 86 99 73 84 66 83 94 60 83 51 53 53 95 64 68 68 98 58 97 88 98 97 83 82 60 77 66 67 68 75 83 68 86 87 53 96 62 54 75 73 50 68 53 80 70 92 62 60 70 97 95 72 52 66 100 92 93 79 94 87 76 80 89 63 78 53 95 86 75 82 53 89 79 100 51 74 100 87 82 99 62 84 85 82 69 87 68 88 93 59 67 93 63 69 71 63 85 96 88 71 88 94 74 98 62 62 64 88 82 54 100 68 67 51 60 87 80 91 70 61 82 55 90 58 94 92 71 81 60 51 88 50 70 77 
93 57 63 86 78 64 70 94 85 50 94 56 98 97 94 70 84 62 91 98 50 88 98 85 77 97 67 84 71 64 82 97 70 72 65 95 88 59 60 51 91 65 63 87 80 79 93 85 74 87 79 61 85 89 97 73 97 60 76 62 66 79 88 99 54 96 75 65 99 99 95 91 100 92 54 50 69 50 100 69 99 64 78 75 53 79 50 90 61 82 70 52 91 74 95 59 68 93 56 91 71 88 91 76 82 68 53 51 91 100 62 54 72 78 90 100 83 85 95 51 70 50 77 100 64 70 65 78 68 87 58 95 57 59 89 68 85 78 82 61 91 81 68 79 68 73 93 69 95 67 66 82 86 91 78 82 84 84 91 82 89 57 99 79 71 71 70 50 59 60 100 53 82 75 66 89 98 69 56 73 79 59 52 77 52 67 57 86 67 59 94 65 96 95 64 79 76 70 70 59 
67 65 95 83 63 64 65 51 50 72 91 92 75 86 73 85 60 52 59 99 91 89 92 58 80 72 96 87 76 52 55 84 81 97 67 66 78 58 61 76 50 88 96 80 77 91 61 94 95 53 84 64 50 52 96 80 55 58 63 69 80 96 74 92 51 87 59 97 54 87 63 64 69 85 80 52 100 92 78 64 54 87 89 91 80 90 96 51 64 98 74 70 51 78 90 76 85 87 65 70 85 65 50 74 100 93 64 71 57 50 89 95 76 55 64 91 53 96 85 57 88 61 60 70 77 96 67 64 72 64 52 54 71 60 84 80 54 62 75 51 86 95 72 63 70 57 65 74 86 62 79 55 95 92 61 61 66 86 54 74 98 56 63 96 88 87 72 88 94 79 73 97 74 87 51 89 62 88 83 73 91 64 90 90 80 99 95 66 75 75 90 59 77 75 61 57 59 57 54 64 
73 75 58 63 98 80 75 78 77 69 92 58 54 53 59 75 59 55 91 59 76 56 90 74 96 64 81 66 83 92 51 55 50 79 66 59 68 98 89 64 93 100 100 95 54 99 60 63 76 90 70 80 95 63 75 83 95 51 96 77 50 66 53 51 85 69 90 95 51 88 100 100 76 72 78 57 93 94 76 86 67 79 94 53 50 65 51 77 99 91 68 86 54 98 89 73 80 56 86 60 74 95 62 50 86 62 52 77 57 69 78 56 75 64 58 58 81 81 50 86 83 62 54 72 51 90 91 97 97 96 93 74 86 93 78 53 79 74 95 67 84 64 76 80 84 51 94 98 73 67 70 50 84 98 72 60 52 93 91 70 69 94 100 72 87 62 90 76 61 79 93 53 90 88 53 79 61 50 89 65 79 87 67 93 69 91 88 72 79 76 54 64 72 65 60 80 89 68 78 83 
79 65 95 51 86 70 64 72 84 57 91 91 66 65 51 54 99 89 74 79 65 88 79 99 56 100 86 100 78 63 60 67 66 95 84 84 92 90 52 77 51 54 51 79 94 63 63 57 86 89 82 91 80 89 50 89 55 69 59 50 78 67 78 64 72 94 63 85 83 61 50 67 90 99 58 82 89 66 63 75 99 66 70 53 100 95 57 72 67 90 57 57 99 68 95 90 74 95 92 57 54 55 61 92 86 73 76 64 53 62 95 61 62 90 63 60 54 74 51 86 100 93 86 69 61 97 88 88 77 65 83 54 89 50 88 64 84 75 98 59 69 96 71 100 63 82 77 81 61 88 73 57 52 64 78 54 66 81 66 98 84 56 84 90 95 96 57 78 70 74 99 69 78 67 66 88 72 57 78 87 86 63 97 75 69 87 80 59 78 86 69 91 87 57 81 85 97 95 60 69 
71 59 79 58 53 57 67 62 57 50 51 58 90 59 70 77 55 91 72 67 58 83 94 71 69 58 66 91 54 60 62 95 66 63 51 61 82 85 90 97 92 80 58 58 60 58 65 93 61 69 59 63 76 55 86 55 66 95 91 76 87 89 55 61 67 51 65 96 50 82 80 61 52 70 57 95 99 57 52 82 67 89 78 85 59 58 56 54 58 58 100 74 76 74 57 64 83 94 87 54 72 51 78 58 73 84 87 52 76 52 94 72 60 87 93 94 57 61 64 80 85 96 54 70 50 93 99 69 89 99 100 51 61 79 74 94 82 100 56 75 50 58 82 77 81 86 97 86 77 96 62 94 81 59 93 92 63 96 75 79 64 55 73 90 91 62 94 73 77 78 93 95 51 89 52 87 60 58 72 71 75 81 85 98 74 74 74 56 80 67 62 64 52 91 53 82 68 57 100 99 
56 57 82 62 83 53 70 95 68 71 86 84 55 77 78 75 50 76 96 68 61 97 67 73 91 84 94 72 67 98 86 60 53 79 93 60 66 96 63 91 92 58 56 64 60 61 82 93 95 79 59 100 53 66 77 89 58 95 76 89 81 87 81 89 91 92 73 58 96 79 65 77 59 59 52 62 59 87 87 91 100 100 85 71 68 57 54 89 82 85 100 57 60 52 68 78 74 63 87 73 53 81 75 99 90 89 91 57 74 96 90 86 71 74 52 95 84 87 96 70 66 74 50 84 95 99 92 65 50 93 65 63 51 54 84 93 60 53 79 98 72 71 99 92 61 60 87 65 60 62 95 98 73 97 52 78 88 94 74 76 87 63 76 85 93 51 82 72 63 57 83 70 87 100 79 65 51 88 78 81 58 53 90 83 100 55 67 59 63 72 93 94 50 94 80 100 74 57 54 84 
52 94 60 51 84 58 67 54 73 96 92 85 51 51 93 86 98 64 51 55 84 95 93 88 67 85 58 77 58 63 81 50 84 53 56 79 58 83 88 89 58 58 67 92 96 97 89 74 63 63 56 81 75 55 100 89 52 78 87 61 88 67 80 96 79 88 65 76 63 89 84 93 81 74 89 97 56 56 69 54 91 90 77 84 95 99 73 65 87 88 64 53 74 54 87 91 97 95 78 95 56 86 80 53 61 96 86 92 64 84 77 99 52 67 53 52 74 68 91 58 62 97 80 87 54 85 58 66 72 60 97 73 62 79 63 78 89 66 73 100 68 81 91 92 76 59 98 52 97 85 90 97 84 69 78 67 85 69 100 61 90 70 75 52 86 96 53 60 88 82 86 99 91 52 53 72 62 70 93 88 80 96 80 59 84 60 95 100 52 60 91 83 77 82 94 63 59 89 59 88 
57 74 83 84 62 60 100 52 94 99 67 90 79 100 81 53 51 66 86 84 59 78 100 51 55 93 77 92 58 53 82 93 81 90 61 61 75 76 53 59 64 67 96 74 91 94 75 76 89 83 90 90 82 79 94 98 61 98 88 95 84 79 57 83 88 51 53 63 77 84 82 100 71 61 68 57 97 56 53 81 76 87 57 80 92 76 64 89 100 58 86 55 69 81 63 60 66 100 93 54 79 74 69 73 86 78 61 84 60 79 93 64 70 78 57 97 72 86 82 100 99 89 62 80 51 89 73 90 89 92 60 85 88 76 89 62 85 86 63 64 59 80 71 53 80 77 63 56 95 83 82 82 50 57 75 75 53 84 86 87 90 85 79 62 74 92 64 84 78 97 69 68 53 76 59 82 80 79 61 68 66 61 88 86 55 88 85 77 65 50 64 63 67 72 75 64 58 70 76 92 
78 84 76 52 52 69 73 84 67 82 96 87 90 82 84 65 72 71 56 83 77 97 80 75 59 59 67 67 56 80 91 75 65 83 64 59 74 60 69 72 94 97 88 56 53 77 73 73 75 70 59 81 94 69 90 76 73 94 94 93 92 51 63 76 90 78 93 78 81 91 58 83 58 91 82 55 68 55 95 65 61 85 79 51 74 90 58 83 61 71 57 79 55 69 65 72 72 78 56 60 63 63 73 56 92 61 56 73 87 70 73 57 58 63 70 60 85 100 98 83 78 58 83 82 76 82 53 67 80 76 63 90 99 83 90 79 96 87 94 81 80 90 78 61 93 50 86 52 79 71 73 83 54 63 64 54 78 66 73 95 91 97 81 77 64 73 97 83 91 91 79 80 68 79 100 60 76 87 83 76 56 83 98 97 87 53 85 57 85 96 79 58 90 84 53 94 73 83 70 98 
56 93 88 85 99 74 66 66 72 80 51 71 56 79 52 54 72 72 100 63 83 51 88 64 69 95 93 65 86 89 71 96 69 89 68 86 55 63 78 58 56 85 73 69 53 73 50 51 61 60 67 82 78 90 87 73 92 69 92 88 71 56 99 62 64 54 70 83 67 72 77 95 60 57 69 56 55 76 79 71 60 97 87 93 75 74 98 52 81 92 94 58 82 73 91 91 85 68 90 76 66 60 69 65 91 53 80 80 97 59 90 55 92 84 96 81 57 53 86 68 96 79 68 88 83 54 82 53 87 76 66 55 87 54 50 84 53 72 69 89 93 60 87 80 60 51 79 50 98 59 62 99 86 79 56 85 94 51 68 64 82 83 94 64 86 92 64 75 95 93 97 83 82 65 90 57 81 51 58 95 81 56 66 77 56 65 61 97 98 56 73 99 59 53 84 95 72 60 93 83 
82 81 97 64 61 77 90 64 77 51 85 75 75 88 99 56 59 63 52 96 76 74 57 51 80 68 70 86 73 75 52 68 97 71 96 68 69 93 68 54 89 90 74 50 61 74 50 67 69 89 73 67 91 56 62 74 65 97 50 84 87 88 81 68 52 97 77 74 70 67 71 56 65 58 74 72 50 65 62 53 54 97 89 51 91 76 76 95 80 53 98 89 51 100 65 56 61 52 67 89 51 65 69 79 88 53 75 85 96 71 97 89 54 56 70 58 90 94 86 89 97 79 91 84 62 50 89 61 87 68 88 100 66 85 96 100 87 77 89 62 98 61 63 80 66 83 69 84 97 83 66 88 95 74 90 53 84 63 92 98 99 57 61 69 55 60 72 97 81 50 70 98 51 64 95 59 83 93 58 72 65 67 100 53 91 91 98 51 59 92 57 70 59 76 93 90 91 58 61 54 
55 77 94 83 71 69 66 75 60 51 82 97 88 61 90 54 61 75 81 69 72 94 59 63 90 63 100 83 59 97 58 51 54 98 69 68 80 76 63 63 56 50 90 80 80 56 69 68 65 84 65 58 76 83 59 89 67 60 98 80 96 83 89 55 71 81 73 87 99 94 59 50 77 93 66 50 95 72 68 94 53 100 76 71 69 66 88 52 79 54 98 93 88 71 71 98 55 69 71 64 78 75 69 67 87 87 52 57 77 53 75 54 94 71 57 89 74 71 57 80 52 53 79 96 56 54 81 56 76 62 90 94 74 67 73 82 83 71 67 57 70 74 62 68 50 54 52 96 63 88 79 50 85 58 50 68 97 94 55 75 66 67 70 93 58 73 63 88 100 73 92 66 53 50 79 88 90 71 84 75 56 73 84 73 61 67 100 93 83 76 71 59 52 67 64 74 67 69 57 96 
78 57 88 100 58 81 87 79 68 64 76 60 100 78 69 92 85 57 83 64 77 100 61 77 65 85 52 57 90 76 55 83 98 95 53 82 88 58 96 75 56 72 68 85 51 86 62 53 58 90 60 68 77 81 97 71 62 95 89 52 100 76 91 54 54 96 68 73 83 63 84 68 62 89 68 82 58 55 72 61 76 78 67 74 58 92 99 76 98 73 81 92 97 71 68 100 71 59 68 60 81 79 68 97 54 64 60 85 80 70 93 86 80 74 70 85 88 65 69 80 66 70 59 95 73 61 100 83 52 96 69 82 50 86 69 93 79 90 97 85 93 57 53 56 51 69 100 51 65 86 85 91 53 80 85 99 60 55 89 71 99 61 85 79 89 92 51 66 100 79 57 68 76 82 59 91 52 71 66 57 60 55 71 54 61 61 97 95 54 85 89 63 77 73 100 76 70 73 93 59 
82 85 67 57 51 58 86 67 61 52 55 79 52 79 90 50 58 80 92 53 59 69 75 71 60 53 88 92 74 72 88 63 93 93 76 68 96 82 57 86 79 68 67 82 98 63 62 58 71 73 66 51 66 50 95 58 72 87 61 72 96 98 99 53 61 57 75 76 80 68 84 65 68 56 54 83 98 59 66 55 60 60 94 91 58 85 89 80 71 51 77 84 59 52 63 85 64 81 92 64 60 81 54 98 99 83 99 64 57 55 67 83 65 81 87 75 78 73 67 79 85 56 71 69 92 52 91 71 56 92 98 80 61 52 55 73 93 59 54 88 88 75 97 63 58 96 83 54 67 76 51 87 53 68 51 76 99 94 73 73 88 95 67 99 89 70 97 60 85 80 91 59 68 55 56 59 76 84 70 58 99 60 90 94 89 80 70 51 86 51 79 75 65 55 63 64 53 64 69 83 
90 62 78 84 70 69 60 99 79 77 61 96 83 56 63 95 58 90 86 81 96 58 60 75 70 50 97 93 84 100 62 96 60 78 86 66 97 74 50 55 78 68 59 98 100 60 71 91 61 95 100 66 62 82 55 80 74 82 98 79 79 51 56 91 95 98 77 95 68 100 86 94 52 76 70 65 65 93 66 88 85 84 58 59 62 65 99 60 98 87 52 64 95 54 51 72 73 98 56 61 52 54 88 75 85 82 50 63 69 81 82 64 64 64 55 83 51 79 79 92 100 79 72 63 96 83 93 94 78 79 53 73 95 85 65 100 54 87 81 58 71 57 96 99 96 65 74 61 90 54 83 91 87 67 62 64 91 60 83 72 53 61 100 64 52 86 85 80 93 60 68 64 64 58 63 54 73 100 62 77 75 53 85 92 56 67 74 82 83 90 99 78 50 65 96 80 65 63 62 60 
72 54 100 74 56 75 76 56 61 59 59 96 63 72 98 86 76 84 97 66 100 89 87 81 69 70 50 77 56 69 89 88 77 75 90 55 76 51 81 68 51 89 100 64 99 58 95 57 77 52 71 78 69 86 57 99 73 94 51 82 78 95 95 60 70 58 98 93 81 68 66 59 50 83 89 52 74 82 89 96 98 85 79 77 89 56 62 50 85 95 60 79 87 51 57 87 67 62 63 70 93 67 88 80 93 96 77 81 60 75 90 80 57 62 68 74 69 80 73 63 88 93 69 60 53 78 56 60 91 84 65 96 56 53 91 57 52 71 81 100 74 67 55 77 94 58 61 58 98 100 95 68 90 57 79 80 93 84 80 76 85 54 73 61 89 82 73 59 79 57 56 94 60 97 92 94 87 58 93 99 96 68 77 62 77 91 70 61 86 90 78 58 67 99 83 60 82 84 56 93 
82 95 59 77 86 86 75 83 90 68 63 50 65 63 89 92 66 56 76 66 81 54 52 63 79 67 70 77 50 52 74 53 56 77 59 54 87 81 77 90 97 55 77 74 89 92 53 69 100 81 52 53 65 63 59 72 67 69 87 100 93 52 67 52 84 65 99 86 60 98 56 66 61 70 53 50 60 72 71 55 55 87 82 74 66 66 93 65 52 79 95 89 62 95 93 78 79 82 72 97 78 97 100 51 73 87 67 86 62 78 68 85 90 90 60 98 56 87 65 97 97 61 91 50 85 69 64 88 80 64 82 67 79 91 82 100 61 79 65 75 89 67 58 93 100 77 77 88 55 100 95 100 100 57 59 88 100 85 68 81 65 57 82 93 53 60 52 86 73 82 78 85 58 96 71 76 65 60 57 95 61 99 84 99 85 60 96 56 72 86 85 79 57 97 65 78 94 55 80 91 
60 84 100 76 79 78 56 94 56 85 77 77 88 79 89 82 91 68 97 54 71 69 98 87 76 96 86 56 96 67 57 56 77 72 51 94 52 78 80 60 95 83 86 78 56 71 84 75 81 50 72 78 75 88 84 93 69 90 67 54 66 56 70 51 74 69 80 53 80 84 52 69 99 89 56 67 60 74 96 61 62 97 82 83 82 75 75 93 70 89 78 89 51 89 99 98 58 61 83 72 69 59 99 69 56 87 72 86 86 55 86 69 97 93 64 100 60 73 83 51 79 95 95 77 92 95 69 93 65 95 53 55 87 56 50 71 93 53 66 78 67 60 75 68 56 74 67 60 59 81 77 76 61 83 77 77 91 56 80 100 89 69 55 52 91 97 52 98 51 74 70 81 97 78 65 81 85 78 72 65 69 70 98 80 85 84 96 91 89 98 91 61 85 90 63 68 79 86 59 69 
90 70 86 82 69 54 66 80 85 84 72 51 99 89 62 100 93 66 63 83 80 53 68 83 84 96 58 59 59 65 77 78 94 92 55 70 71 62 54 78 68 84 59 70 60 63 85 80 99 92 50 80 68 80 52 89 82 64 82 91 62 67 71 77 88 66 80 92 71 95 51 56 82 71 59 67 56 63 56 52 82 85 70 55 53 84 81 74 73 98 87 66 87 51 84 86 59 94 100 76 61 80 79 93 69 67 97 58 94 58 55 65 75 65 59 91 52 57 58 93 72 88 69 68 91 71 79 67 50 62 72 79 96 72 77 66 69 79 93 74 69 69 92 82 77 100 93 81 97 68 70 60 55 54 83 97 75 71 86 63 80 54 88 96 67 54 57 71 74 76 57 55 88 72 69 96 90 80 83 58 65 60 65 73 98 61 87 83 53 51 94 70 54 89 83 53 98 58 60 93 
58 97 79 88 97 89 80 55 92 98 81 74 86 82 100 91 88 59 74 61 65 87 99 93 91 73 72 55 66 91 51 93 97 78 75 85 61 64 87 63 93 100 67 80 71 66 84 61 78 100 77 54 72 81 72 96 63 72 76 90 77 77 93 68 90 62 88 95 97 52 92 79 97 69 61 54 73 59 68 50 67 55 72 92 62 93 96 72 86 58 79 100 98 87 51 96 94 65 83 77 57 68 66 66 72 66 97 69 72 72 71 77 98 53 74 84 62 55 58 98 82 76 63 80 74 51 98 83 83 52 79 90 95 96 64 82 62 52 92 68 66 51 87 73 69 82 71 80 59 52 89 66 61 60 55 61 81 76 70 87 65 89 68 68 95 56 91 58 82 58 90 65 75 51 69 99 80 100 66 54 88 70 72 100 71 81 96 74 78 77 69 95 100 85 74 79 85 80 88 53 
78 96 73 93 71 100 74 97 68 68 90 69 69 97 68 62 90 72 83 76 68 94 72 86 69 61 60 54 76 65 63 72 65 58 68 91 61 67 84 63 96 78 72 75 72 78 75 61 54 87 69 62 99 99 69 75 91 88 90 80 51 70 58 76 88 94 74 98 71 88 62 78 95 50 54 51 94 87 94 50 98 80 72 64 82 50 64 84 94 93 85 69 96 99 85 93 76 77 53 76 76 50 87 80 84 76 79 60 98 65 99 80 65 87 53 96 71 94 66 92 90 56 55 88 59 70 79 65 99 100 72 80 60 57 71 96 53 77 67 85 61 53 58 77 51 76 62 77 78 78 51 70 84 58 55 50 62 96 68 61 91 76 65 65 64 84 78 71 96 59 64 98 72 97 87 61 91 75 63 61 91 100 75 92 93 67 99 90 51 96 59 76 53 80 96 100 53 70 76 65 
72 77 88 83 93 61 92 76 64 90 81 60 89 84 69 59 59 100 54 95 79 54 61 84 90 94 54 70 72 60 76 89 66 61 71 64 89 59 62 87 65 56 57 89 65 86 51 62 64 61 50 80 71 77 73 58 89 91 99 53 84 70 77 55 53 74 76 57 80 79 99 73 78 83 56 99 80 63 75 93 97 80 99 94 84 100 75 78 77 100 88 75 81 89 58 51 69 66 64 71 59 81 97 51 60 68 75 72 65 84 57 68 100 69 77 58 83 58 91 96 70 72 96 86 55 86 81 100 72 88 80 55 79 84 57 58 51 76 75 88 52 89 64 59 79 83 74 77 64 64 89 84 82 91 77 87 85 57 58 94 67 59 88 83 71 91 58 71 100 100 64 96 74 70 64 69 96 72 61 91 66 73 88 94 76 54 61 57 52 54 84 95 61 91 99 61 88 53 53 73 
56 84 65 76 75 52 95 72 62 53 72 54 86 88 81 73 71 79 80 60 86 64 89 53 91 91 58 92 87 50 66 71 71 83 65 87 93 52 59 64 94 99 56 83 65 70 56 86 74 67 57 73 58 56 85 74 66 100 84 67 94 50 53 82 93 56 92 83 72 80 93 99 95 51 68 77 77 67 65 97 84 56 92 100 82 67 58 87 72 90 67 95 76 67 82 100 88 80 78 89 98 95 60 87 85 81 58 81 60 97 77 71 80 54 62 71 50 92 79 91 76 85 94 92 62 71 100 89 56 74 70 72 56 72 75 82 63 72 66 95 97 87 73 64 60 96 94 87 66 67 52 52 69 70 82 82 88 92 72 54 80 77 67 60 88 57 81 90 89 69 61 59 74 100 69 67 58 68 91 87 85 89 61 58 73 71 90 55 50 89 70 50 61 98 61 98 51 71 78 95 
93 61 85 59 72 53 61 58 55 95 78 73 61 70 61 55 50 89 83 91 57 79 63 97 72 86 94 63 50 58 59 97 52 91 90 60 95 99 66 78 52 98 71 54 72 54 58 78 51 89 96 93 86 65 72 66 88 85 67 83 62 86 61 87 95 93 71 92 80 78 91 85 75 99 67 56 89 53 96 72 63 55 62 79 98 89 72 74 71 50 60 65 71 81 64 60 77 65 66 89 59 70 100 59 95 85 79 70 94 63 63 57 91 85 90 100 69 61 73 75 67 77 68 78 77 97 79 87 76 55 98 90 93 93 86 65 98 99 87 72 55 65 67 95 56 90 76 65 70 93 95 84 96 59 61 84 98 51 70 80 69 97 84 75 94 94 83 54 100 66 85 76 76 68 86 96 88 90 91 85 64 86 50 66 98 86 64 100 73 65 82 69 54 91 82 51 65 68 100 89 
64 73 92 59 59 89 84 59 88 72 90 100 86 89 62 77 52 93 55 60 53 56 98 52 85 66 90 59 84 96 79 91 95 85 86 85 71 66 53 98 74 69 73 77 64 76 81 99 67 71 63 100 65 95 91 58 54 50 100 84 91 51 90 65 57 92 71 84 55 58 68 73 66 76 100 58 55 82 63 90 100 79 83 57 80 84 96 78 89 67 55 83 72 56 68 68 92 66 81 89 53 97 69 63 97 64 52 84 98 64 92 53 85 71 79 59 57 90 97 80 62 52 71 65 82 73 60 64 56 61 66 83 79 82 77 72 63 82 57 65 83 73 87 100 72 55 63 51 52 93 97 80 95 51 73 61 56 54 75 94 72 97 98 99 77 99 89 84 98 98 80 87 64 55 51 56 52 88 74 100 95 88 74 56 58 84 72 88 62 74 98 68 55 66 55 88 93 68 82 69 
94 82 70 96 52 83 88 52 86 60 63 75 85 62 97 79 70 75 78 84 76 83 56 69 97 77 70 98 68 95 85 61 94 96 61 77 59 65 72 52 91 52 54 85 70 93 98 58 70 69 86 86 99 69 86 52 65 78 52 92 84 74 69 57 50 61 98 54 61 94 66 83 86 71 63 99 50 85 73 50 63 92 81 67 87 57 87 60 68 91 85 91 98 77 73 99 93 90 67 96 51 83 90 54 65 69 58 69 56 76 82 71 93 74 72 90 54 70 91 89 62 69 84 86 93 58 51 73 85 75 94 79 53 51 59 78 72 76 71 71 76 82 52 74 72 97 58 86 55 84 72 87 53 65 60 86 64 54 55 67 67 85 94 51 99 76 59 86 74 73 82 72 78 64 58 93 65 92 83 69 59 85 94 79 90 50 70 59 70 74 93 85 85 97 60 78 88 53 82 74 
51 56 87 75 90 74 91 69 93 77 85 63 52 83 96 84 75 69 73 70 63 98 87 97 80 85 61 57 86 83 73 72 54 76 92 100 62 87 96 79 73 96 54 77 73 51 52 80 57 75 67 77 50 70 66 88 85 98 99 51 69 56 74 76 94 79 52 66 79 64 54 53 93 100 90 55 68 53 77 51 68 50 72 100 79 57 52 94 85 71 84 56 84 89 59 53 68 85 73 89 78 80 96 68 77 95 85 55 99 52 66 62 55 74 67 65 87 67 73 50 79 83 71 79 57 85 62 95 92 86 52 60 86 96 73 54 70 56 74 67 77 61 51 98 74 69 77 84 56 71 64 99 100 50 77 74 94 100 100 57 61 87 79 72 79 84 94 52 90 94 67 70 71 73 62 66 95 90 98 53 77 51 52 96 99 57 84 74 84 76 83 51 86 67 66 50 54 68 52 81 
68 59 99 95 62 60 58 72 79 51 86 52 65 89 83 76 52 68 51 98 87 82 100 66 55 65 51 73 52 69 67 98 82 87 87 77 93 76 50 76 82 92 69 67 77 99 77 61 66 54 96 89 56 98 92 100 83 72 75 59 61 50 78 63 56 76 100 63 88 63 86 66 55 64 85 89 69 81 59 76 60 77 61 66 80 98 100 70 70 85 61 75 57 97 64 86 72 63 51 56 61 51 98 91 95 69 68 91 88 78 96 61 70 75 91 82 75 67 94 51 93 50 85 60 51 66 63 71 91 59 87 91 67 89 70 79 85 92 69 56 57 87 85 67 72 69 90 51 68 84 61 86 53 63 95 100 92 95 94 69 94 82 93 55 76 87 97 97 87 89 75 78 51 78 95 83 75 78 53 76 50 97 77 99 69 84 71 81 61 100 98 88 81 65 95 83 58 96 59 77 
77 74 95 81 63 100 81 87 60 56 85 96 50 52 71 93 88 74 59 62 81 60 60 85 63 94 60 88 83 62 65 79 93 72 99 80 99 70 96 85 58 82 71 81 51 93 56 56 73 81 94 58 54 85 87 89 84 97 72 61 50 60 92 70 94 79 64 62 57 61 60 62 86 63 93 50 61 50 70 99 89 52 73 70 73 72 66 78 90 98 98 59 71 75 97 70 89 91 60 58 74 81 96 96 93 64 92 74 96 87 77 74 78 52 70 96 65 96 87 75 80 89 98 91 75 90 68 80 79 89 61 63 65 66 56 76 93 66 97 69 79 72 52 77 57 84 89 93 50 100 82 67 53 90 98 81 55 88 81 51 56 99 93 78 65 99 67 98 94 79 50 98 66 84 60 65 89 99 88 61 67 93 52 68 56 55 67 72 67 86 50 89 56 72 69 74 84 86 84 88 
