50 100 200
12
15
20
10
14
11
13
13
19
18
10
17
10
11
10
13
10
18
11
19
14
11
19
17
10
12
13
19
14
19
15
15
11
15
17
12
15
20
18
15
20
14
15
13
11
12
18
15
19
15
20
15
16
17
13
20
18
19
11
18
10
10
17
20
20
15
11
19
11
10
18
16
19
10
20
19
11
15
15
17
12
10
14
18
12
15
14
20
18
15
16
17
10
12
17
19
17
15
19
10
20
16
13
13
11
16
10
10
20
20
15
11
18
12
17
13
14
14
12
12
16
10
19
10
14
19
15
13
16
18
13
13
13
18
18
20
13
11
17
11
20
11
13
20
18
13
11
15
20
20
20
12
14
17
12
12
13
12
16
15
20
18
14
10
18
19
13
19
19
12
18
12
13
11
18
15
12
16
20
17
19
16
19
13
14
13
18
15
17
20
10
12
16
15
20
19
12
19
17
14
596 24044
513 29089
323 25786
363 20288
347 28281
567 27532
524 24595
483 24313
447 24131
534 20381
581 20499
430 21304
402 29779
421 23641
522 28333
327 27801
573 22784
431 29788
492 28921
532 20293
584 28795
522 26133
603 24230
380 23072
301 22327
466 20017
494 24547
411 28355
425 23611
427 26729
358 26574
460 21634
430 22591
350 24271
575 27777
537 28951
417 25384
468 25681
557 25677
418 25643
417 20226
448 29665
383 26395
362 27963
499 23537
596 23154
442 25143
433 22032
419 22694
419 25895
75 67 63 55 60 73 82 70 61 76 52 55 58 83 70 64 66 99 86 81 55 74 82 63 52 81 58 51 93 76 87 90 95 98 89 78 57 87 75 67 67 51 73 72 95 96 94 82 96 51 66 90 60 99 65 67 85 54 52 83 51 77 64 54 92 77 97 75 85 69 96 82 52 66 71 71 94 58 75 100 69 78 75 67 50 100 58 66 91 78 75 94 50 58 51 56 54 89 72 89 
62 66 71 53 78 82 87 68 81 50 60 52 78 72 55 57 66 72 80 55 98 96 52 95 65 79 84 69 57 68 83 55 99 54 50 86 52 88 99 57 74 68 53 53 62 98 69 85 61 60 62 55 96 86 84 98 76 75 93 81 90 74 76 69 96 76 66 61 71 61 54 50 67 60 94 58 69 88 84 62 98 53 58 100 77 94 75 86 77 100 75 67 68 76 53 73 72 56 65 61 
87 72 73 65 66 74 66 54 66 62 95 99 62 92 51 59 72 100 55 95 51 77 56 95 98 97 83 95 74 70 67 87 94 97 76 57 62 52 66 51 60 84 87 93 83 71 57 87 76 84 70 89 94 60 86 54 96 90 74 58 93 98 79 60 72 80 52 67 87 74 71 76 89 58 96 73 80 100 50 77 66 93 69 97 63 80 95 67 60 56 85 79 50 83 84 73 83 80 63 54 
54 65 77 56 51 93 72 70 59 70 71 100 76 71 88 70 73 94 97 86 98 95 53 52 53 75 59 82 83 73 53 93 91 99 97 85 87 81 65 100 64 97 94 69 82 54 57 66 95 82 65 54 85 61 59 51 52 56 86 51 67 74 70 52 69 67 85 56 64 92 72 88 58 67 52 69 76 71 57 59 93 93 93 50 83 92 60 72 51 100 66 98 57 77 53 70 67 59 54 61 
67 100 57 59 95 65 50 73 53 55 52 82 53 75 60 89 55 59 61 94 77 51 99 65 70 91 99 98 71 53 78 60 78 70 53 94 74 92 59 78 92 68 82 52 73 64 90 75 65 50 94 78 86 78 96 50 62 92 70 94 60 77 60 95 85 80 76 84 83 55 57 99 70 61 98 87 100 87 81 66 66 55 65 97 88 89 93 92 65 81 56 82 90 92 90 77 67 57 53 80 
52 86 78 87 58 89 81 52 94 92 58 75 88 84 69 74 72 88 57 71 88 86 59 66 92 59 67 56 81 88 77 63 90 88 99 61 88 89 69 62 57 64 98 71 74 89 98 63 68 91 86 86 80 93 57 100 99 95 100 74 94 80 64 61 58 98 91 74 97 84 70 63 70 84 57 94 58 94 87 88 60 93 65 67 100 70 91 85 82 79 88 50 98 64 64 64 80 88 86 89 
84 69 64 79 67 86 82 64 60 50 92 88 51 85 76 79 84 62 63 54 96 88 65 76 66 51 80 56 79 92 82 51 72 84 73 97 88 55 57 70 56 83 93 84 79 68 86 94 59 87 97 63 95 91 55 95 59 75 87 63 60 66 84 58 66 99 51 92 69 97 52 78 72 59 84 84 66 73 64 85 53 66 82 87 95 92 78 96 61 92 84 97 83 52 53 82 93 66 74 95 
59 62 75 89 70 66 84 60 62 84 67 89 87 67 61 50 67 63 96 57 53 85 86 87 66 57 56 74 78 95 67 59 90 100 59 53 69 99 57 90 94 69 70 99 77 95 74 96 98 62 97 86 72 50 78 55 96 64 57 63 63 83 50 65 50 52 62 91 67 78 89 89 83 74 62 73 65 70 85 52 60 69 86 78 72 66 58 85 66 79 67 72 67 91 89 58 84 94 70 84 
79 85 78 76 67 53 57 100 75 62 66 93 77 71 94 53 93 60 77 99 79 76 71 78 88 71 93 76 61 57 86 91 70 61 79 70 51 75 61 90 65 85 89 71 83 51 92 79 90 73 83 88 63 85 95 86 85 58 57 78 85 100 82 64 94 85 85 78 92 62 74 66 78 75 61 86 82 61 62 88 63 76 62 70 75 57 96 97 73 70 68 58 86 65 62 81 95 54 56 83 
64 80 73 90 60 65 55 99 81 92 53 61 98 87 67 84 74 72 59 72 73 50 95 91 94 52 51 88 86 79 61 83 62 65 64 76 52 99 71 64 56 88 62 95 64 58 54 99 89 58 86 60 80 84 92 83 97 81 80 84 95 64 69 82 97 69 90 93 97 88 51 73 90 99 63 96 69 78 91 74 53 81 69 81 78 72 91 79 72 57 63 80 50 63 85 98 100 53 82 86 
64 90 89 85 55 96 77 79 97 100 100 74 85 80 70 60 54 75 70 57 51 75 61 99 80 55 64 60 52 75 57 84 68 57 85 88 83 64 74 66 91 58 55 100 61 93 61 76 54 62 85 52 67 61 93 56 73 88 87 88 58 58 92 61 83 68 56 87 53 98 56 98 61 100 55 70 62 98 56 95 92 94 86 100 55 62 85 69 66 65 98 96 66 64 78 98 59 85 56 93 
95 97 78 96 93 87 70 89 76 82 67 72 68 82 67 69 92 66 50 67 68 70 67 67 51 82 97 82 59 87 95 65 65 95 88 66 70 67 51 66 61 86 56 97 75 52 53 89 89 92 54 67 99 82 94 58 54 98 75 83 67 51 88 83 97 50 80 96 89 85 75 73 84 93 71 91 52 52 59 91 78 77 81 68 76 62 64 83 65 68 96 53 66 93 91 53 67 56 99 64 
84 81 86 66 82 88 64 60 53 84 57 54 100 79 75 94 66 83 50 98 60 82 96 85 66 99 61 54 97 79 72 60 75 94 74 78 55 88 85 67 55 76 91 86 76 73 100 76 88 80 75 100 77 93 64 97 60 68 87 50 93 90 79 63 98 54 83 55 69 98 77 87 53 51 88 97 69 73 59 90 55 58 78 77 71 55 89 57 100 77 100 69 75 95 69 92 67 82 78 99 
91 70 90 67 91 71 54 88 76 81 74 66 84 52 96 60 67 52 82 88 54 97 75 79 76 96 91 74 70 71 66 91 78 85 80 69 96 78 91 52 98 55 91 66 80 51 60 92 61 54 57 55 89 99 89 91 56 94 70 59 51 78 89 75 56 55 77 61 66 86 81 77 69 92 65 53 57 97 88 60 100 63 72 94 86 100 89 85 94 80 99 80 57 55 64 50 100 73 58 72 
67 89 88 76 66 86 75 90 79 97 75 78 55 72 51 99 85 86 92 52 92 96 57 100 90 58 81 91 54 54 63 57 97 68 71 56 83 79 81 98 99 58 83 52 58 81 68 59 70 70 66 78 70 79 87 79 59 66 75 76 51 89 87 83 59 78 99 96 82 78 69 84 63 77 90 58 92 80 98 69 81 55 80 58 98 90 93 76 97 50 66 59 56 68 67 75 65 99 78 78 
50 58 56 93 71 78 75 79 74 80 98 91 93 89 75 75 68 97 98 71 50 90 84 96 98 92 65 76 90 77 77 78 96 92 63 65 74 83 77 78 68 62 79 100 57 93 84 63 95 93 95 80 88 75 83 54 73 59 86 54 96 83 87 51 75 100 92 71 91 61 86 59 70 89 83 90 97 82 92 82 72 96 92 59 60 67 99 74 50 62 63 90 68 83 74 96 68 76 64 70 
60 69 57 88 70 72 73 79 96 71 74 69 71 52 84 76 72 92 77 68 84 55 62 63 96 61 72 51 92 53 60 64 94 52 74 83 63 88 54 77 58 76 54 68 97 84 84 87 86 79 78 82 70 90 87 92 68 55 53 85 72 98 74 64 74 80 82 90 87 60 53 76 99 98 86 73 66 88 81 68 65 79 91 52 59 95 83 56 71 53 58 64 65 56 81 57 87 71 53 76 
56 78 77 88 80 86 97 62 70 85 65 51 56 70 69 81 96 74 66 83 51 94 81 94 56 56 57 99 73 61 51 95 98 54 58 65 73 52 85 58 53 91 76 50 91 97 66 69 53 69 67 75 95 74 82 79 83 65 84 93 95 94 56 89 64 51 71 74 69 51 87 50 62 92 81 52 54 61 73 63 55 51 71 51 72 98 70 95 88 63 68 99 81 69 70 85 100 80 68 95 
73 52 52 87 84 96 67 69 59 86 82 93 55 85 64 93 86 82 52 98 78 74 60 83 78 51 80 60 51 54 62 52 81 57 82 65 82 74 74 69 63 75 82 50 60 57 89 71 61 74 88 59 88 59 80 89 65 80 56 99 59 97 83 87 75 98 66 87 71 54 57 79 68 54 74 68 69 65 85 77 82 52 98 73 66 72 93 56 79 79 65 89 68 74 76 53 52 78 99 94 
97 58 89 85 87 50 69 81 73 51 82 72 54 69 68 64 90 100 78 64 85 68 69 58 54 86 74 80 57 89 85 87 79 92 82 75 66 79 94 51 80 81 81 57 82 60 56 69 69 94 51 82 54 99 61 50 99 52 64 62 69 79 67 95 93 64 90 87 69 76 80 87 83 83 57 60 58 81 61 92 74 83 66 50 50 90 67 96 77 91 96 96 96 99 67 68 51 91 59 90 
74 99 85 88 97 83 60 63 60 79 80 78 88 85 64 74 59 52 62 70 71 59 58 93 58 59 100 57 56 77 88 76 74 81 99 78 63 54 64 58 65 53 85 92 88 57 67 85 99 96 59 59 62 94 62 90 63 66 93 67 76 98 57 78 69 73 65 63 60 99 59 53 85 79 92 92 93 77 75 91 80 64 58 59 81 68 51 82 66 55 89 75 69 63 56 57 70 60 76 77 
61 89 55 62 54 66 79 85 78 84 72 63 50 76 80 79 61 51 64 98 82 91 69 81 73 66 66 70 70 61 58 53 62 68 73 85 86 79 87 98 70 66 69 54 76 73 51 89 74 71 68 56 88 64 55 57 94 94 89 86 82 54 67 97 66 72 99 66 64 66 94 57 78 69 95 100 63 100 84 88 87 63 72 94 77 50 87 50 92 90 65 53 62 88 98 94 77 77 76 78 
58 66 56 91 80 56 64 98 72 50 75 62 56 61 69 100 100 77 58 77 52 81 97 97 92 65 71 87 84 59 68 58 82 55 97 77 90 94 83 80 91 80 51 61 65 75 95 99 50 90 100 50 78 100 91 52 54 55 91 65 53 94 81 79 87 59 96 95 66 95 58 95 51 50 87 69 53 92 54 80 60 96 58 68 64 61 82 56 63 52 67 88 74 65 67 61 74 60 94 71 
56 58 87 97 67 82 76 91 56 54 99 100 70 62 81 99 50 70 57 92 50 60 98 93 59 92 82 53 80 61 73 91 77 97 70 88 64 99 58 74 93 69 71 77 96 52 86 98 63 69 72 78 63 56 68 72 72 79 76 90 100 65 70 62 65 84 56 78 62 58 85 96 86 100 64 77 52 57 87 81 96 51 86 72 91 76 95 74 90 61 87 51 51 92 83 78 58 83 93 94 
87 61 92 51 86 63 63 63 64 70 63 87 87 76 61 52 52 96 87 94 55 97 80 73 57 96 69 67 77 55 54 84 52 98 76 98 99 83 79 64 52 87 86 86 73 65 83 85 74 63 81 85 60 91 69 52 73 51 70 68 56 50 99 50 52 86 87 83 78 61 96 100 100 87 94 83 95 53 77 71 65 96 87 61 94 82 92 95 53 88 67 77 79 79 54 73 50 64 53 61 
61 70 65 66 61 55 88 59 96 69 73 81 64 90 60 63 97 60 63 63 63 93 90 53 60 68 53 60 73 81 67 80 56 66 99 81 68 100 64 52 91 94 73 98 75 81 72 79 65 71 73 82 59 87 50 88 86 70 69 100 76 51 95 60 78 56 70 61 90 85 61 50 83 72 52 86 89 64 64 50 87 74 59 75 86 95 51 59 99 75 50 76 66 87 55 83 98 50 69 62 
69 52 77 68 92 100 73 64 92 69 60 84 93 68 97 81 63 89 76 98 93 64 56 57 94 97 60 61 98 98 73 65 51 93 98 100 93 82 67 53 70 80 78 94 69 53 64 80 73 83 99 99 77 95 52 66 66 67 61 75 78 52 95 52 65 65 59 64 84 92 60 71 70 56 99 88 70 85 91 75 90 74 67 77 93 82 56 54 99 54 53 78 59 92 66 53 72 51 91 55 
51 56 55 61 98 89 74 51 86 92 82 94 82 54 84 90 64 53 87 73 65 92 54 72 61 73 56 68 92 68 63 78 70 53 75 54 83 97 64 97 73 91 84 57 97 97 59 64 52 100 55 75 79 89 100 95 80 93 50 82 75 99 93 59 50 87 96 98 94 85 67 52 55 81 91 78 100 54 80 55 87 88 84 65 87 99 61 77 51 58 87 62 59 81 91 98 76 71 85 67 
100 66 85 77 73 55 55 82 59 55 70 90 93 63 100 60 86 57 76 88 68 61 95 93 55 93 72 66 70 52 79 76 86 63 79 62 97 75 50 50 51 61 51 78 94 69 94 93 78 94 100 57 58 62 95 53 71 93 50 91 58 77 87 75 87 87 67 99 59 57 96 76 89 69 61 99 70 57 96 67 87 50 76 85 59 97 69 97 72 64 68 91 81 85 75 51 56 96 77 51 
95 90 55 87 92 52 63 53 98 56 86 54 85 95 97 96 86 51 87 85 50 60 86 50 62 66 74 64 76 60 99 54 64 75 100 91 80 88 97 61 57 64 72 95 78 87 73 71 91 82 81 84 52 90 58 95 74 74 77 96 74 69 93 92 85 53 61 89 68 92 79 87 75 70 66 92 51 61 99 83 62 51 91 93 99 79 84 86 55 50 90 55 61 82 93 86 93 80 60 99 
98 98 57 51 58 83 88 74 63 95 69 94 56 61 59 87 89 80 82 55 80 58 64 91 71 57 81 77 61 73 97 55 89 56 76 63 72 72 92 100 60 74 94 93 78 62 78 83 54 96 82 68 56 62 57 54 77 64 58 98 64 58 92 64 76 87 50 92 96 63 78 80 96 65 55 76 91 77 92 59 96 93 73 65 79 66 62 80 55 99 68 74 75 50 59 87 83 68 71 66 
90 61 81 72 83 77 97 63 64 71 82 86 78 79 87 68 79 75 73 78 57 77 92 99 98 92 82 70 87 92 91 53 63 100 83 77 56 50 78 50 52 79 63 81 56 81 92 54 67 50 86 95 50 82 62 93 95 98 94 52 54 63 71 77 63 76 79 85 96 68 71 84 96 57 80 92 66 57 100 58 89 65 84 94 71 91 81 64 94 55 78 73 87 80 51 69 84 75 84 80 
53 96 89 99 58 66 61 68 77 89 55 75 90 78 90 66 74 75 81 81 83 62 94 93 74 77 72 84 58 58 87 69 68 58 95 100 68 69 57 80 94 77 97 95 93 79 84 65 92 66 63 78 64 83 96 54 89 63 93 88 73 66 55 99 87 97 69 67 87 89 72 81 92 58 54 76 78 91 80 77 79 54 72 89 94 77 53 73 53 84 60 68 97 98 55 71 77 61 95 91 
56 76 79 77 56 79 53 67 84 79 55 80 77 88 89 80 83 96 60 89 89 87 50 91 78 78 77 76 67 97 85 76 70 77 100 83 60 54 63 50 89 90 72 84 99 99 64 95 82 56 86 95 91 77 83 100 50 59 67 93 53 87 67 72 70 52 100 95 80 59 86 59 58 89 97 80 98 59 100 83 67 73 90 68 95 62 57 97 65 52 78 70 53 94 74 83 56 59 50 57 
54 51 95 95 68 58 61 59 52 88 67 88 53 56 70 51 89 90 91 50 85 61 92 55 54 79 100 71 76 99 80 60 85 74 71 77 94 58 95 92 65 95 65 75 95 84 72 50 77 74 98 67 83 100 95 92 58 98 58 67 60 63 68 80 75 70 86 82 74 78 78 66 85 63 52 62 99 65 83 80 87 65 57 78 82 63 91 74 76 97 66 50 57 86 98 81 85 54 86 73 
91 100 59 62 88 61 56 70 64 91 80 80 68 83 60 89 59 57 55 52 89 74 71 51 58 83 76 96 95 50 88 62 92 91 93 96 54 77 96 63 61 100 77 67 79 81 52 74 64 70 57 85 50 75 61 51 91 71 86 63 98 63 73 51 51 68 60 52 73 84 58 94 55 99 68 99 86 58 84 100 67 79 98 53 97 86 72 53 82 85 76 85 77 69 54 56 89 82 100 93 
75 52 56 71 75 78 63 69 98 95 67 91 82 91 70 60 58 80 64 56 90 73 96 86 80 65 85 76 100 81 60 100 78 69 67 85 75 99 75 78 96 59 64 56 51 53 95 58 61 94 54 72 81 72 71 90 99 98 87 50 77 91 86 63 67 83 73 50 99 90 71 83 100 69 77 89 76 90 90 68 60 68 87 90 84 51 73 57 97 90 71 89 60 73 94 76 77 77 60 89 
57 87 80 55 62 51 92 87 65 61 94 80 79 69 67 88 52 70 60 81 69 68 54 98 70 63 67 77 77 91 75 71 88 65 86 50 60 79 61 52 88 88 71 100 79 93 74 74 51 51 57 61 54 96 94 80 91 94 86 68 80 81 82 70 60 92 87 57 72 83 75 84 83 68 72 82 50 70 58 91 90 59 60 94 51 79 97 79 100 64 94 57 79 50 57 87 79 95 90 94 
67 52 85 50 55 93 66 77 77 83 85 68 66 98 63 65 78 66 100 97 96 83 51 100 82 55 86 66 85 69 56 65 95 95 53 59 58 100 81 99 90 59 80 57 92 77 71 74 85 60 62 74 57 76 90 64 96 57 92 76 79 82 70 91 76 58 99 53 100 82 54 61 75 63 51 87 74 91 81 88 88 68 70 98 94 72 98 72 99 52 55 55 65 57 65 59 88 84 100 65 
52 87 78 70 59 79 71 85 75 94 66 50 95 54 94 67 70 82 53 60 73 64 94 53 58 98 96 62 80 58 99 98 88 82 91 79 100 54 55 88 72 66 91 78 100 96 55 64 73 80 88 65 80 75 65 91 99 62 95 71 90 91 88 79 90 74 99 80 60 77 68 73 81 100 77 62 90 59 87 64 64 64 95 85 62 91 93 78 58 54 76 53 62 72 62 83 56 67 84 59 
72 72 74 65 80 64 67 65 76 79 71 72 55 69 74 65 100 56 78 55 94 80 91 50 91 78 100 60 97 62 80 73 53 59 79 99 75 64 75 66 70 54 100 73 51 100 94 55 81 58 58 88 61 65 83 55 71 83 67 89 87 76 61 84 58 79 70 95 87 65 58 61 93 78 58 85 80 98 57 56 98 94 69 97 69 74 73 50 93 78 58 83 61 76 85 50 90 72 71 82 
72 53 60 66 74 99 96 59 87 98 52 52 92 81 89 70 54 77 57 63 53 95 72 65 55 61 96 93 77 87 71 55 75 60 71 88 81 87 69 85 59 98 99 91 65 85 55 98 96 96 64 64 94 53 97 66 84 82 88 64 86 66 57 68 89 88 54 90 55 95 87 83 88 91 82 83 55 82 55 87 90 72 79 87 95 62 90 61 81 83 79 93 84 57 53 68 58 72 80 93 
99 99 60 90 59 95 81 63 86 79 54 71 67 86 92 50 83 84 58 81 99 100 68 64 87 51 58 94 85 84 74 73 86 50 55 78 74 69 81 69 55 71 63 93 58 96 75 72 76 71 62 68 98 61 75 58 79 63 57 85 68 66 73 67 95 90 76 59 71 51 71 50 85 64 53 53 78 84 74 59 70 63 52 59 56 76 61 79 88 56 81 100 71 54 65 56 78 82 82 69 
77 56 90 82 65 81 61 99 98 98 82 78 97 100 97 55 55 87 50 71 57 52 70 58 61 84 94 76 86 93 94 73 51 92 84 100 51 97 66 89 64 92 68 73 72 76 82 86 98 65 56 97 67 50 57 84 70 62 97 54 86 84 97 86 89 71 93 95 54 84 51 74 79 77 74 58 66 87 99 58 72 56 84 84 52 70 51 86 76 72 67 73 62 93 82 67 88 94 71 69 
73 61 52 57 96 70 57 81 100 75 88 50 71 52 51 60 86 52 94 67 83 87 85 87 58 94 69 51 56 83 69 98 98 74 51 100 68 100 66 75 91 86 75 94 100 65 95 87 57 50 82 100 54 96 60 66 76 73 55 64 82 95 96 90 100 82 74 83 56 90 60 91 70 72 90 92 87 57 78 54 64 98 52 56 74 78 89 54 54 83 87 87 58 87 66 82 62 65 73 95 
70 59 71 82 78 50 76 64 81 87 60 92 58 85 68 81 70 67 88 93 98 80 94 61 58 100 54 72 95 83 96 56 78 93 71 64 72 62 89 77 62 83 91 87 57 59 74 64 57 95 54 57 85 54 54 61 94 60 93 80 93 91 71 56 56 97 53 99 87 94 98 82 62 79 63 52 98 66 73 59 69 88 72 50 64 55 78 92 73 63 74 60 63 100 73 87 92 94 52 56 
67 53 80 79 87 74 59 79 89 62 82 72 100 90 66 65 96 94 99 70 62 96 71 88 80 52 57 90 54 76 92 60 78 72 63 76 65 61 93 55 72 59 89 99 77 55 89 63 71 95 69 63 71 86 73 71 64 76 63 98 84 64 95 65 89 77 91 85 87 64 100 62 88 82 52 50 77 53 82 81 93 51 96 68 96 87 83 54 81 77 84 93 94 90 90 100 97 95 100 66 
88 67 73 95 88 92 69 79 73 89 69 84 79 50 52 88 78 92 99 83 66 50 73 62 63 62 82 55 73 51 69 63 72 76 100 57 54 65 96 83 50 75 57 68 70 89 89 54 86 83 76 51 58 100 57 72 81 90 65 92 72 64 82 97 50 87 83 98 84 77 72 58 77 55 83 60 62 78 79 92 59 100 78 86 60 87 97 98 78 69 62 72 61 88 54 54 60 97 77 75 
75 97 61 92 79 75 54 50 91 90 99 61 85 90 59 73 77 78 72 88 97 86 54 84 82 69 59 73 85 50 100 70 93 73 86 61 58 83 98 55 57 55 80 56 72 84 73 58 91 68 66 62 89 68 74 93 78 53 65 57 93 92 61 54 50 92 67 56 99 74 75 97 60 95 56 82 51 80 94 83 71 53 61 51 92 52 89 52 95 86 92 82 52 78 68 54 92 99 94 80 
60 64 91 74 68 74 76 58 94 63 71 68 64 59 55 52 86 59 77 57 66 88 70 71 95 71 68 68 57 96 70 69 100 77 67 58 85 99 88 51 87 94 58 57 65 70 63 98 60 88 65 96 69 61 75 75 91 56 91 62 90 85 61 76 94 67 94 71 97 59 64 93 92 59 57 54 67 74 92 67 82 75 69 98 64 55 69 52 55 67 91 97 82 91 72 84 53 72 58 80 
158 11348
184 8215
168 8996
218 8323
156 11002
301 8573
261 10675
257 10435
207 10646
191 8995
189 9773
202 10084
286 10754
179 8751
253 9011
282 9282
163 11395
273 11370
264 10186
230 8455
255 8520
194 8714
286 11707
178 11774
210 8667
250 10939
301 10974
273 9229
179 10549
295 8077
256 9339
299 11175
166 10516
301 11292
177 10674
228 8816
296 10575
181 9474
247 9940
248 9012
198 10153
180 8706
255 8849
200 11743
156 11629
160 8539
284 8754
241 8456
156 10086
216 10136
295 10221
230 8235
274 11994
157 8742
241 9702
214 8558
261 9674
221 11915
243 9918
235 8259
218 8131
262 11613
282 11183
186 11929
286 9211
168 8496
178 9890
279 9584
281 8164
195 10817
162 11803
288 10987
179 9661
226 10879
160 11876
188 11739
230 10231
196 9909
241 10337
161 11201
249 11146
151 10277
269 11793
273 9885
160 11287
287 9261
202 8008
283 9958
268 11059
154 10571
258 9480
259 8761
163 9093
197 11831
272 11692
219 9277
221 9239
287 9513
268 8696
300 9386
99 94 59 62 58 98 82 89 67 98 55 54 87 74 93 69 82 77 75 92 88 90 69 59 56 52 57 52 95 67 74 68 74 100 72 85 54 84 69 55 86 57 50 95 74 67 57 52 76 58 72 80 73 89 80 97 98 85 88 83 100 52 79 99 99 71 95 63 75 62 56 95 56 99 71 75 92 89 97 62 54 71 71 64 64 92 62 96 69 86 51 57 63 72 83 96 57 51 55 91 96 84 86 69 83 50 86 51 65 80 100 96 66 61 60 75 67 56 68 53 78 82 67 56 100 83 57 58 62 79 69 81 69 83 81 72 89 74 94 81 62 77 52 94 56 100 80 71 65 94 68 92 81 57 87 60 69 98 92 73 69 82 82 92 84 81 50 59 87 89 67 61 96 72 93 83 83 94 79 65 73 81 62 67 73 78 96 89 79 67 84 52 82 85 59 58 97 84 58 64 
61 87 68 96 100 88 100 87 66 66 51 83 95 62 82 69 84 58 65 84 98 99 89 58 62 62 75 92 87 74 67 94 89 59 57 88 72 93 73 99 96 72 56 59 65 76 99 69 83 79 69 89 77 78 53 91 51 62 90 50 65 69 81 54 90 97 56 59 99 87 75 89 60 62 84 77 76 97 50 68 92 54 94 78 82 87 77 99 90 90 96 84 94 62 90 61 54 63 51 95 96 86 51 72 80 97 58 69 97 89 50 77 66 65 51 92 67 66 67 67 87 89 76 69 54 69 52 89 58 94 70 65 61 61 68 54 76 73 94 69 91 92 96 57 68 89 54 63 75 55 85 92 88 55 89 73 53 73 57 75 86 61 76 81 94 50 86 86 67 67 63 70 53 68 67 85 56 58 95 61 89 77 96 99 55 67 51 77 69 60 95 51 89 60 75 53 92 80 89 76 
98 78 51 58 95 51 85 69 55 94 62 74 71 78 100 89 74 80 98 88 62 61 83 79 83 80 50 81 85 82 87 97 66 96 71 83 75 72 85 55 62 58 54 81 92 80 70 65 85 84 82 68 84 88 66 56 92 58 98 66 94 98 57 100 71 96 52 76 52 85 76 72 63 99 84 83 62 62 60 78 81 79 92 76 74 71 82 95 73 87 55 53 85 57 74 61 78 76 89 53 96 73 57 71 95 98 97 81 100 61 71 59 91 56 50 57 50 91 93 90 60 53 86 84 96 54 51 50 95 56 93 93 61 61 51 59 71 74 80 84 86 75 84 76 96 70 60 94 63 53 82 79 80 94 75 62 85 94 99 56 92 74 90 60 59 67 70 84 51 88 74 50 99 98 96 56 76 88 86 92 61 85 60 80 54 64 60 94 67 97 95 68 87 60 91 58 59 79 96 85 
100 62 97 63 50 72 90 60 67 81 77 75 73 54 83 97 99 92 83 54 95 51 63 65 100 51 70 62 100 61 59 99 60 73 79 57 60 69 79 91 79 59 64 67 94 86 51 53 64 78 58 84 99 98 56 75 95 98 72 77 56 58 68 51 79 96 56 72 92 75 85 62 72 51 98 97 54 55 80 84 50 93 92 69 64 64 88 100 74 66 91 80 69 74 61 72 100 63 64 73 90 88 88 55 59 76 61 76 95 60 72 91 98 98 100 79 57 60 93 69 88 52 91 97 98 61 54 68 80 72 65 98 78 79 69 52 52 100 88 68 87 95 88 53 80 97 51 72 93 99 70 80 98 86 98 90 82 54 59 84 70 94 84 62 62 51 58 56 91 86 57 98 81 65 87 59 98 77 63 53 97 83 99 81 54 89 78 68 76 98 63 89 63 61 69 61 100 100 64 76 
64 66 89 50 92 80 82 76 74 71 72 60 86 87 81 83 94 74 87 87 87 58 98 65 92 66 82 76 55 81 74 77 64 50 74 83 65 50 81 87 82 85 97 88 97 62 92 90 91 66 90 91 80 95 96 56 82 54 94 87 71 55 97 98 97 75 56 74 95 79 88 87 86 98 96 66 81 94 98 71 65 76 82 61 87 75 85 99 59 78 90 77 69 51 55 60 63 69 79 91 52 88 86 92 70 71 98 61 65 63 53 95 67 94 92 62 70 60 76 80 81 50 54 50 80 69 77 89 71 64 71 55 54 88 51 50 81 86 56 67 80 94 65 58 99 71 65 95 83 61 76 99 64 85 66 53 72 67 70 85 79 92 55 58 95 64 51 52 61 65 73 57 85 78 64 99 68 100 83 73 65 54 74 82 90 68 69 97 97 76 86 100 54 60 52 62 61 82 89 88 
85 70 60 63 82 62 77 50 96 92 72 88 80 75 50 79 98 76 83 82 74 56 50 56 68 74 87 69 53 88 93 54 53 90 77 99 82 67 98 75 53 67 84 79 71 89 85 92 74 95 80 82 58 72 50 64 90 57 58 91 99 87 63 93 72 56 88 68 83 100 100 63 94 52 83 76 54 72 83 98 55 89 71 71 92 57 96 52 50 59 61 60 74 93 76 78 53 87 95 73 86 77 62 59 94 51 82 51 97 77 63 96 90 88 90 56 77 81 87 98 89 69 75 72 55 70 92 63 68 56 59 79 76 79 94 57 55 61 82 83 100 92 87 77 87 64 52 81 92 90 67 95 94 64 71 76 72 79 80 83 77 89 96 88 69 67 96 54 69 88 54 57 72 97 86 51 56 77 66 73 96 66 66 66 93 62 85 87 73 83 56 78 65 75 89 69 71 73 63 88 
62 67 84 56 63 89 73 75 93 52 100 80 58 59 93 60 62 74 100 81 75 91 94 73 60 74 86 69 84 74 50 58 80 61 75 85 98 53 73 94 89 81 55 60 97 53 52 62 81 65 62 87 64 69 52 92 87 76 83 81 51 79 89 65 72 82 64 62 66 59 66 89 87 99 87 51 75 66 78 85 65 71 71 88 55 60 71 65 70 72 66 53 50 96 77 64 83 96 56 97 64 99 81 52 87 56 97 91 76 90 64 77 79 59 76 88 85 76 52 82 84 63 55 60 90 59 54 64 85 50 82 71 98 63 100 94 61 59 66 65 93 99 77 60 96 50 59 99 82 93 70 59 80 88 60 66 57 94 69 81 58 54 63 56 90 83 93 70 87 52 89 64 82 73 64 56 57 85 75 94 72 65 70 50 83 70 59 76 82 51 74 87 54 50 56 76 63 55 86 71 
84 94 58 52 88 64 63 100 66 88 95 61 88 82 91 55 66 77 91 90 54 62 77 91 98 85 73 59 66 96 72 59 64 86 63 71 70 50 91 63 57 81 94 70 94 89 56 93 56 55 76 52 100 70 74 82 54 88 90 97 58 50 75 55 69 84 52 83 98 64 82 60 71 60 69 64 62 60 81 66 82 55 71 78 71 87 75 99 87 93 92 71 76 95 79 97 69 93 69 65 59 72 92 96 56 94 60 75 69 98 55 51 99 62 98 56 91 50 87 89 74 79 93 54 100 50 53 70 97 83 75 86 100 92 79 89 73 77 93 69 95 85 62 71 74 71 88 91 70 57 98 73 87 88 67 83 72 85 81 62 72 79 98 94 76 94 65 98 65 66 61 50 88 70 85 100 63 77 85 67 87 89 61 50 59 97 61 96 97 82 52 72 92 86 54 79 69 57 69 62 
94 93 56 88 58 88 65 82 65 66 69 80 61 87 52 76 97 99 76 77 65 88 57 59 73 74 81 100 82 56 58 85 52 50 77 100 99 60 85 50 95 80 81 84 69 91 56 78 73 86 78 80 86 51 72 88 72 74 60 100 87 69 96 87 62 87 74 75 55 68 84 71 53 74 84 83 51 79 78 88 82 92 69 74 54 74 69 63 90 92 95 71 57 73 64 50 57 58 81 71 73 91 71 87 100 65 93 54 92 96 52 92 60 51 68 78 86 66 96 51 88 78 55 82 55 63 57 65 52 65 57 52 88 70 96 95 91 52 100 93 99 56 94 71 93 72 85 52 92 89 76 52 70 69 63 73 61 85 59 89 88 82 64 91 98 94 93 80 85 50 68 67 64 87 96 79 53 76 73 67 69 81 82 60 67 85 67 62 58 79 64 73 75 64 100 65 91 64 96 52 
60 87 58 75 76 89 67 59 64 59 51 88 80 71 67 75 55 60 91 80 79 78 76 79 72 98 75 97 66 93 62 69 95 68 99 58 61 66 99 62 70 51 86 88 66 68 74 91 50 86 95 88 77 88 54 93 56 74 58 87 96 50 97 54 100 80 56 59 82 98 81 95 99 55 50 78 94 74 74 52 81 50 62 78 52 92 55 79 84 77 75 59 67 51 50 95 64 84 92 77 71 81 64 97 92 77 79 76 95 89 67 100 59 93 83 54 99 72 57 68 81 95 86 68 100 86 67 86 76 64 62 85 65 85 82 93 58 57 73 96 98 77 51 73 80 86 68 84 86 66 99 64 79 64 68 81 68 86 98 65 87 51 58 63 81 66 76 94 58 97 64 64 60 66 82 60 84 71 69 68 66 59 85 87 69 78 71 92 99 88 57 71 100 93 92 64 54 82 76 72 
84 85 100 60 87 54 81 91 89 82 81 54 81 89 84 94 94 99 93 69 77 53 99 100 83 54 88 92 56 57 66 97 64 64 93 91 98 88 63 84 96 84 97 74 51 72 65 73 73 71 64 88 100 51 93 56 60 96 84 67 58 80 78 86 94 99 57 76 89 71 97 70 79 88 72 53 54 75 99 95 64 64 82 75 77 85 54 81 91 77 52 82 93 50 77 89 58 58 84 90 82 80 61 59 93 83 99 88 59 63 77 88 93 59 64 75 94 64 61 79 71 89 57 79 69 73 85 66 78 60 100 90 68 57 84 67 76 84 62 79 50 96 78 51 88 83 76 90 80 70 85 64 65 88 65 99 50 55 63 70 100 72 60 99 75 60 77 76 72 59 65 59 80 96 89 57 51 93 87 75 82 63 66 50 94 80 56 54 75 96 99 69 98 53 82 66 71 64 88 64 
86 59 60 91 90 69 51 72 65 78 57 87 79 79 52 76 56 94 94 89 67 59 68 56 50 69 53 61 54 59 89 68 55 53 90 77 96 56 66 51 98 59 52 55 83 69 52 56 89 80 66 71 78 53 67 51 53 92 92 70 96 87 56 61 70 83 75 86 97 76 62 53 87 50 61 58 79 70 70 51 51 73 56 50 62 68 68 51 100 73 73 65 61 50 50 78 55 86 92 95 51 99 98 85 51 87 96 97 72 100 51 77 99 99 93 63 81 80 63 57 67 80 90 99 87 51 100 67 57 51 96 99 78 100 89 98 73 77 72 96 100 94 65 96 84 98 53 61 91 70 54 56 89 74 95 99 62 50 62 70 77 89 57 63 53 79 86 68 87 85 54 76 100 95 97 59 79 69 59 71 71 51 69 83 51 76 99 89 67 74 88 90 58 55 50 81 74 94 58 74 
63 79 50 84 90 92 90 83 80 88 75 94 71 53 78 70 80 79 68 86 67 56 67 100 77 57 95 78 60 85 62 100 85 64 57 55 65 65 89 86 70 60 51 98 95 77 64 94 55 60 58 97 51 88 95 80 60 63 74 55 91 51 75 66 95 88 98 87 98 52 83 78 79 55 87 70 93 77 59 82 99 70 72 77 72 67 61 50 68 55 54 62 67 83 73 88 50 68 68 95 98 77 83 61 60 73 78 58 80 60 94 87 93 95 94 65 63 73 63 95 86 91 87 79 82 84 82 82 58 54 65 67 90 67 67 59 57 72 53 82 66 83 96 61 59 96 58 93 60 86 63 62 69 51 53 54 50 65 66 99 68 84 88 53 95 92 94 89 54 70 66 83 97 73 71 55 50 53 57 54 100 70 55 64 87 74 85 59 78 76 100 98 60 89 75 68 59 56 79 72 
65 61 71 90 78 65 96 54 50 88 93 52 74 72 60 78 63 98 82 90 90 93 95 57 68 79 90 100 60 97 95 99 50 58 100 66 88 52 51 90 84 97 90 53 88 100 59 61 67 92 78 85 71 95 65 79 50 61 66 87 83 100 51 54 55 60 68 54 69 56 62 66 51 87 78 78 88 83 69 90 50 55 97 92 92 90 94 100 68 77 55 68 87 64 56 65 78 83 98 68 74 55 78 72 96 89 79 69 76 57 89 54 90 55 51 61 96 76 82 87 62 58 92 63 65 79 96 66 55 56 92 58 76 86 50 96 59 52 68 70 72 60 56 54 71 61 84 74 58 86 67 65 89 89 62 70 98 63 53 86 61 65 71 95 60 70 94 85 71 78 82 91 92 98 78 84 85 68 52 87 72 85 82 65 59 91 87 98 66 100 75 85 52 92 85 55 51 95 66 71 
79 81 55 75 59 86 75 70 73 79 83 91 99 83 55 90 81 92 69 54 61 50 66 96 94 75 75 61 99 61 95 100 51 67 75 81 52 85 74 92 71 64 89 98 56 51 86 83 51 75 58 81 76 57 59 83 90 74 78 60 70 63 81 59 86 94 85 70 63 71 57 99 85 65 50 82 89 86 53 76 86 50 86 58 84 53 95 88 62 74 54 87 78 95 62 61 51 98 56 55 61 96 87 60 87 81 79 65 97 81 62 85 73 74 78 97 77 89 87 58 67 77 86 87 57 87 93 57 95 93 88 88 71 70 92 60 59 50 68 51 73 52 79 54 89 78 55 74 67 61 64 85 81 51 72 59 58 55 69 55 73 57 72 78 76 89 60 96 78 98 75 88 89 51 70 64 53 52 87 63 54 90 79 67 61 69 75 73 52 98 85 71 50 67 58 76 100 61 58 62 
55 64 98 68 56 55 93 84 84 55 78 96 68 67 89 93 86 75 99 91 54 71 66 51 80 74 89 98 97 72 99 59 87 98 59 70 76 56 78 67 97 100 85 79 97 87 96 65 73 66 69 61 62 98 75 62 54 62 57 82 89 90 72 97 78 75 72 79 85 58 51 81 63 89 60 84 96 67 83 75 50 98 59 52 67 68 99 97 55 99 58 72 63 66 73 77 67 89 85 67 98 99 79 82 99 89 77 86 71 85 51 79 98 67 97 63 61 77 57 83 85 68 55 90 71 78 62 80 78 94 76 96 95 59 89 85 86 75 62 99 86 70 53 65 72 97 88 90 98 64 96 60 92 59 66 56 90 83 75 54 67 79 73 100 72 70 52 99 65 77 99 97 99 100 54 87 57 73 72 84 61 67 70 69 85 96 64 92 59 89 68 50 87 72 92 90 71 77 97 60 
88 82 57 55 51 52 52 65 53 93 99 62 52 91 84 71 65 95 100 57 64 96 55 82 96 91 52 85 68 97 72 72 62 96 84 75 95 66 57 73 93 100 84 83 88 58 83 84 80 73 64 70 100 80 74 88 52 83 80 51 82 69 61 82 60 56 99 81 93 98 63 95 72 88 58 65 86 63 95 85 65 51 63 73 72 74 70 87 53 74 79 71 86 90 50 60 77 55 59 68 67 53 98 82 91 70 73 93 56 67 62 85 71 85 66 92 58 70 77 71 88 71 97 66 76 57 60 68 67 55 52 83 75 80 61 70 89 88 76 56 52 56 87 93 93 97 58 71 75 91 89 71 81 60 93 86 51 88 99 94 77 91 63 97 83 70 76 58 51 100 91 78 56 94 83 81 69 67 73 94 58 65 69 82 96 58 71 59 78 80 65 81 93 59 52 53 86 87 91 100 
54 67 67 55 67 89 77 75 70 81 83 96 77 89 51 62 57 66 82 62 92 68 98 77 78 67 51 100 61 51 90 55 68 86 99 59 71 77 50 72 100 60 99 82 59 76 55 79 70 97 76 78 73 77 83 80 99 81 62 56 56 72 68 79 71 71 89 99 96 84 67 51 52 95 76 64 85 91 67 78 76 81 52 79 67 51 89 79 52 73 87 52 63 93 80 90 65 80 67 89 55 97 70 85 81 98 60 71 65 91 100 85 57 77 84 78 90 94 77 63 60 93 99 60 52 71 85 52 83 85 83 65 75 68 89 76 99 81 58 88 97 55 96 67 64 95 92 99 58 94 81 90 68 92 99 52 77 63 81 89 63 76 97 87 98 57 84 96 53 83 68 58 63 77 95 59 85 96 99 51 56 75 58 60 50 90 87 71 53 60 53 70 70 63 50 82 65 84 72 67 
67 92 100 57 92 63 95 78 90 68 80 57 76 85 74 70 57 95 82 50 63 68 51 64 53 81 54 74 80 95 52 75 96 75 64 51 72 99 57 99 55 97 76 95 55 83 78 58 74 88 56 74 83 56 53 85 77 98 54 53 75 57 59 77 54 94 76 95 97 73 100 74 60 52 61 89 98 71 87 64 64 54 88 82 63 92 52 65 72 94 89 63 60 68 76 63 90 98 63 73 61 58 96 74 96 68 99 85 52 72 64 52 57 81 72 96 87 70 93 53 97 52 90 75 67 71 97 86 54 83 52 51 91 86 56 59 87 96 99 76 66 52 94 64 71 92 80 83 89 75 75 87 97 86 93 66 71 53 83 82 98 84 99 70 58 93 59 93 86 90 86 52 65 63 52 95 87 98 77 90 100 53 91 78 90 71 64 97 87 94 69 94 63 66 74 86 76 62 79 84 
88 84 81 57 90 78 54 94 71 72 64 56 98 75 60 54 81 86 97 76 53 65 91 57 100 54 99 56 75 93 97 53 56 72 69 80 53 64 61 55 95 76 61 67 84 94 71 69 90 99 50 80 63 54 72 91 68 96 97 68 74 97 87 60 61 70 50 98 81 99 65 89 72 84 53 54 81 96 78 100 94 78 57 98 98 83 63 94 51 98 98 62 94 88 99 77 64 91 52 95 57 65 84 86 87 71 69 83 56 54 66 54 92 54 51 74 52 95 56 56 76 97 66 65 88 59 53 99 87 74 77 89 96 61 57 72 50 79 69 95 73 89 70 99 66 59 93 79 86 76 95 61 75 68 83 65 66 65 93 90 68 58 53 62 61 67 94 86 52 96 67 67 68 93 100 62 54 90 75 81 61 62 88 80 81 91 66 76 66 94 90 98 84 59 50 60 94 94 69 56 
56 90 74 78 65 75 80 76 97 59 82 100 55 93 98 76 79 81 77 59 52 73 68 81 81 62 85 73 66 76 57 79 80 83 64 88 82 51 60 95 52 81 53 95 82 80 65 76 65 64 96 96 54 55 91 86 75 83 73 86 69 84 74 58 100 54 92 79 70 54 68 88 70 59 52 79 74 81 52 58 77 99 50 85 54 55 76 57 82 93 96 51 67 76 71 87 84 79 53 71 61 59 73 54 99 100 73 81 73 80 88 89 100 54 97 84 99 98 84 81 56 66 67 97 93 55 78 78 54 89 90 60 95 71 62 79 50 51 91 64 85 58 70 69 60 97 88 82 63 92 55 69 67 88 54 62 97 68 87 77 92 87 65 60 82 53 79 97 70 64 76 87 75 89 91 55 66 64 64 56 70 93 76 80 51 68 59 62 81 75 67 66 57 96 55 86 62 82 97 85 
74 95 78 70 98 86 54 99 73 82 80 87 81 83 83 87 80 73 96 57 59 74 83 72 80 59 60 84 53 50 58 80 52 85 52 82 84 77 52 57 92 55 63 64 92 53 76 64 98 90 56 51 53 97 57 71 95 80 87 63 88 59 71 51 85 52 99 65 54 98 86 73 99 56 75 99 95 56 68 81 78 98 92 70 64 63 99 95 70 81 62 59 67 70 53 87 74 94 65 87 92 67 78 90 69 63 92 52 50 96 59 100 98 66 57 89 92 87 90 81 65 70 70 81 98 56 84 77 100 99 82 87 94 76 74 64 58 77 80 67 74 53 81 83 74 81 77 77 62 56 51 93 63 74 88 57 62 85 72 59 58 61 71 81 75 97 95 91 53 95 53 55 51 77 86 65 54 54 72 57 58 79 62 76 92 83 80 92 81 94 76 100 97 60 92 60 51 69 77 56 
71 94 60 82 89 64 79 61 60 68 92 72 72 65 59 51 64 61 94 83 68 80 54 82 84 55 59 91 69 89 52 91 72 64 61 61 71 78 99 88 70 84 58 83 72 64 62 85 90 71 65 64 100 87 85 65 84 75 60 80 65 56 50 73 86 91 100 94 60 64 83 71 58 90 63 81 72 68 61 51 77 92 91 67 57 74 50 99 62 82 77 87 57 58 84 75 93 69 99 74 94 75 69 91 85 84 71 62 93 53 64 59 59 61 80 53 70 53 58 83 67 85 73 94 76 84 60 84 87 64 82 90 96 57 94 56 69 63 61 77 97 61 76 80 51 79 61 82 71 92 68 89 73 52 81 85 81 72 82 72 66 57 73 79 63 64 69 62 67 90 70 76 56 95 63 61 67 77 74 56 70 70 77 58 61 52 64 72 73 80 63 94 95 69 79 89 72 53 92 80 
69 89 81 53 53 66 68 55 78 69 90 58 72 85 56 73 75 53 66 57 95 75 79 60 50 76 86 83 69 50 61 98 70 54 58 83 94 97 54 74 74 53 62 72 84 96 56 51 69 92 58 94 87 93 90 52 56 73 51 73 93 98 50 89 77 93 73 55 71 86 85 83 100 83 83 59 51 57 83 57 94 62 87 61 66 64 63 50 70 93 91 51 83 98 88 68 71 52 58 86 100 86 97 59 56 76 86 83 97 72 98 69 61 58 63 74 50 93 53 60 68 85 51 81 85 58 53 100 90 59 73 56 97 58 100 62 50 55 79 81 85 52 70 78 50 70 75 62 94 58 72 63 91 92 66 57 65 69 53 72 79 68 99 80 54 65 78 61 68 60 89 73 62 83 64 60 94 98 75 69 72 54 78 81 62 90 61 66 100 54 53 88 51 82 67 70 63 54 59 67 
84 87 97 61 51 71 62 83 62 73 98 89 98 83 73 63 50 61 89 57 87 62 76 51 62 95 60 64 66 78 57 62 77 58 52 66 51 55 51 96 79 84 61 75 61 64 72 50 67 84 73 60 82 78 80 61 89 70 70 95 67 73 82 94 98 70 80 81 81 70 94 81 95 62 91 96 80 94 70 88 72 76 68 79 84 73 56 66 79 84 69 83 96 60 71 78 68 59 95 76 97 64 74 91 67 99 92 56 81 51 67 69 85 91 56 71 66 66 69 66 63 95 92 83 67 62 71 97 93 63 62 81 68 76 90 80 61 79 85 87 75 90 86 66 94 70 86 50 65 90 72 84 100 66 62 91 52 89 58 58 86 74 83 51 67 82 63 98 70 59 61 52 94 92 70 92 96 84 56 60 54 62 67 73 71 60 100 95 89 84 78 55 65 95 63 73 77 77 89 88 
56 58 74 83 97 94 67 74 84 60 81 65 71 55 61 95 68 72 62 59 77 80 57 85 93 70 91 88 92 100 73 100 90 96 50 66 96 50 99 84 84 50 59 67 60 71 78 53 64 90 83 67 85 100 79 97 66 83 66 54 54 56 50 89 89 90 67 76 78 84 94 65 99 80 87 80 50 56 99 75 66 98 52 87 76 86 72 59 77 57 91 63 62 71 82 53 55 57 71 71 70 63 69 82 84 62 84 50 50 60 69 79 61 85 61 65 54 70 75 65 72 89 64 58 68 68 91 77 69 53 100 57 81 97 63 61 95 57 66 96 60 50 90 95 97 58 66 69 56 62 82 63 63 80 85 70 52 52 77 57 87 100 64 96 69 92 81 66 84 68 85 71 99 92 61 55 88 90 93 51 74 85 56 62 64 82 100 87 64 54 51 85 58 51 99 59 75 63 68 51 
95 84 56 86 77 92 88 52 77 66 78 93 87 58 96 95 63 58 95 55 88 80 100 84 91 95 81 63 90 100 64 76 92 80 71 83 85 76 83 74 51 72 88 70 67 85 59 88 95 77 76 62 62 70 86 63 88 87 78 75 61 85 55 53 53 98 73 72 81 65 73 51 52 75 64 77 69 86 65 84 60 96 69 80 98 90 96 82 78 62 90 86 88 53 69 50 75 75 73 74 100 68 53 57 67 57 61 88 89 58 90 56 99 65 59 92 67 87 86 79 51 75 96 50 59 55 74 74 93 70 64 56 85 90 58 71 96 64 94 83 89 100 100 60 52 64 67 58 53 74 59 60 99 86 73 84 58 97 73 86 73 99 53 87 86 57 55 97 75 50 85 74 63 90 89 58 51 79 61 54 94 60 64 93 89 100 91 63 52 90 56 79 59 99 59 85 58 84 87 57 
62 69 56 72 92 73 82 99 65 100 54 89 67 73 55 78 57 87 66 77 54 53 86 83 73 84 99 98 66 80 78 60 86 79 73 66 59 69 57 75 57 69 61 72 50 100 75 70 89 72 58 59 70 75 90 99 69 51 82 97 60 71 84 67 52 99 51 52 82 87 60 83 61 82 94 60 59 59 87 57 79 56 52 72 82 78 61 79 78 54 81 74 86 82 83 88 73 82 85 51 85 81 86 93 53 97 79 95 90 64 87 77 79 50 86 77 50 82 72 50 63 80 60 66 97 68 77 83 60 74 99 72 50 83 96 55 68 79 80 83 52 83 62 66 63 61 63 71 92 57 100 90 80 96 100 65 93 98 98 54 76 81 100 96 94 55 99 61 50 51 78 63 85 96 80 57 80 91 58 69 97 74 70 79 91 60 85 72 73 51 67 100 86 82 97 58 66 86 84 69 
89 67 70 99 66 84 88 79 64 83 56 66 64 83 94 95 80 94 60 88 96 79 79 51 50 57 58 78 88 83 100 75 91 62 53 96 67 79 70 63 75 71 57 94 59 59 72 92 84 87 75 85 89 65 70 58 82 83 82 63 75 76 90 67 74 74 63 71 54 68 74 65 80 59 65 55 80 74 91 71 87 93 95 84 53 78 80 83 96 91 75 60 100 58 82 68 76 94 80 53 65 68 88 86 69 56 79 91 68 91 62 61 98 99 53 55 78 100 79 90 91 68 95 93 89 70 77 89 66 64 54 87 78 58 73 58 74 97 54 56 59 93 58 70 54 68 96 53 97 62 57 82 81 86 80 83 86 55 94 86 52 94 61 89 75 76 74 61 68 69 82 78 93 97 75 93 86 54 65 64 87 85 65 78 52 87 92 86 59 88 78 79 95 95 90 73 93 61 60 89 
93 67 87 59 60 52 77 52 80 62 62 89 66 97 69 94 78 57 50 50 62 97 85 87 94 87 75 56 84 79 92 96 58 95 50 65 52 77 79 52 70 100 96 59 58 89 67 96 100 97 67 68 80 56 68 68 66 59 81 69 81 75 64 50 100 99 62 79 100 50 96 82 68 68 67 61 96 85 66 93 92 92 95 50 72 59 87 79 100 90 96 66 93 81 68 76 61 58 71 77 86 63 64 89 51 61 79 75 90 99 83 57 58 70 58 67 86 98 62 88 86 99 86 96 55 94 80 93 92 77 55 85 55 57 66 81 87 78 83 81 80 53 82 60 92 70 82 75 58 76 86 78 53 54 56 75 78 87 89 69 100 74 52 84 50 58 77 65 95 85 71 98 87 69 92 59 78 71 67 92 73 66 56 62 67 77 66 92 70 72 83 89 57 74 96 62 69 57 96 76 
73 50 78 79 57 99 65 80 93 91 97 96 73 88 85 70 78 55 58 54 63 69 87 62 83 81 68 80 99 60 80 67 74 62 71 66 77 66 94 92 76 77 99 82 94 55 88 96 63 97 90 61 97 71 74 87 76 69 64 59 76 71 83 77 68 88 99 97 64 96 92 62 90 95 97 68 98 96 91 91 54 69 83 77 63 56 86 87 78 96 85 86 60 82 74 51 57 100 54 75 92 92 75 54 51 93 69 98 92 66 64 63 58 93 78 78 53 78 93 66 89 78 92 50 60 96 65 81 89 68 89 83 77 67 82 89 63 97 71 57 81 56 71 74 90 70 77 93 64 62 65 92 79 96 77 58 98 65 67 52 73 74 57 52 61 52 57 56 67 76 54 56 67 58 78 64 82 90 70 55 61 80 98 92 98 54 94 81 87 71 83 98 93 54 52 80 66 92 78 92 
79 87 95 61 52 86 64 95 71 68 61 76 81 85 62 58 54 91 58 53 93 82 71 65 68 59 68 73 87 51 70 50 86 82 68 61 80 70 57 62 65 79 95 98 93 92 52 86 66 56 91 66 68 58 89 92 78 97 57 81 82 84 98 80 68 79 81 83 95 73 76 50 64 54 70 84 65 78 76 64 67 59 50 89 56 89 75 63 61 52 72 71 58 63 61 100 51 92 95 86 84 50 87 99 60 51 75 64 91 96 60 83 89 90 89 55 84 54 58 50 56 52 51 54 68 97 50 100 98 74 78 82 57 57 78 71 58 65 94 65 56 71 51 80 77 94 75 88 67 61 88 58 57 85 68 77 57 55 57 58 58 57 97 84 59 97 100 51 73 75 62 65 89 83 63 62 63 61 80 85 51 76 79 53 74 74 61 81 58 56 82 69 95 69 79 89 64 68 52 72 
94 98 82 51 56 80 99 50 100 61 74 81 71 87 63 56 53 70 73 99 66 93 63 88 80 98 78 85 72 67 86 83 53 90 93 51 64 75 84 83 99 71 73 77 78 85 68 90 56 82 100 64 62 57 50 64 70 65 65 77 54 55 86 66 78 57 57 74 79 71 75 84 58 52 99 81 92 93 94 74 92 54 56 68 60 91 67 62 98 78 88 61 59 65 74 50 56 60 70 71 86 65 92 77 89 71 73 69 97 83 76 56 74 80 84 61 69 54 60 50 91 59 95 86 61 67 89 68 88 91 96 63 76 52 90 97 88 75 61 78 62 62 84 83 80 55 59 93 93 78 52 72 67 91 73 96 65 53 83 72 69 92 88 73 88 81 52 54 58 77 75 63 62 86 90 79 77 68 60 93 99 59 90 93 88 84 52 62 89 57 60 94 59 93 84 79 92 84 58 60 
58 58 52 91 53 62 65 66 58 60 67 54 99 64 51 57 97 98 53 53 92 79 53 66 83 67 82 93 71 53 63 79 79 65 67 76 94 50 98 75 93 79 55 89 68 82 81 79 95 86 88 61 69 94 64 72 82 58 56 86 65 53 65 66 83 69 72 81 73 84 90 56 87 84 75 88 94 97 93 82 91 99 82 88 79 91 52 89 70 75 89 96 62 69 95 97 96 91 89 74 50 60 99 92 67 91 85 89 87 93 65 63 95 56 99 61 71 90 67 82 67 94 80 81 64 57 54 88 53 54 68 63 96 95 86 75 63 94 64 79 50 80 63 71 58 70 66 76 56 94 63 60 89 97 91 96 63 89 89 82 85 65 74 74 53 66 96 57 59 90 58 58 61 88 68 68 65 57 99 89 79 50 82 67 92 83 69 63 51 51 77 86 99 75 89 52 52 96 73 67 
67 96 98 66 99 82 69 58 70 56 78 91 84 93 79 59 52 100 82 50 65 79 99 92 52 86 73 81 75 83 57 64 86 99 94 61 99 87 65 98 63 53 82 57 100 68 96 50 62 78 94 81 95 50 98 84 82 83 88 50 52 74 55 87 70 97 76 62 71 61 89 65 91 50 100 95 73 65 89 79 86 61 91 52 50 58 64 57 80 85 56 97 78 75 94 74 68 80 84 74 57 78 85 98 88 93 83 91 69 90 89 83 61 81 55 88 67 92 58 57 84 58 67 60 91 53 53 74 52 72 97 63 66 96 86 92 87 76 55 59 89 64 91 63 59 50 62 99 67 80 73 90 74 90 90 78 66 73 88 63 74 56 85 62 82 88 81 61 96 94 90 51 74 65 61 90 52 89 92 96 68 78 52 80 59 75 72 78 61 65 64 100 76 75 86 87 87 62 74 62 
61 75 82 85 66 58 100 56 94 82 87 92 67 69 94 90 93 66 84 87 74 57 58 61 73 98 64 58 59 52 63 62 86 51 77 81 94 71 78 54 52 85 94 69 84 71 78 84 67 81 68 79 70 93 88 62 99 99 56 70 61 70 80 52 77 75 97 85 98 91 80 56 85 61 51 81 63 86 99 71 74 79 54 68 88 59 59 68 60 64 72 91 59 64 64 93 80 76 90 81 94 71 83 78 80 76 78 93 77 92 56 74 66 88 62 91 70 56 53 58 75 54 54 78 90 78 51 73 53 60 71 56 90 83 54 55 53 94 58 89 79 55 83 61 88 57 65 62 93 51 67 56 89 84 76 91 53 51 93 58 79 98 81 75 56 59 70 62 55 70 82 61 91 87 74 61 86 87 57 64 53 82 53 83 100 84 73 69 74 98 57 90 93 100 83 95 98 76 89 51 
62 84 55 78 66 87 51 92 59 69 69 92 67 82 73 75 50 58 73 96 89 56 92 73 99 88 57 62 67 100 83 66 90 79 61 68 77 84 100 59 53 51 77 58 99 61 87 84 66 98 85 71 99 56 53 57 69 93 83 51 92 82 86 91 53 100 58 68 90 64 84 51 52 72 97 51 68 64 89 79 52 90 67 70 94 96 56 53 70 53 65 62 52 64 76 65 76 89 85 55 79 82 99 94 67 85 76 87 79 96 52 64 83 56 50 72 74 53 89 70 65 77 64 82 99 91 91 65 53 71 87 75 87 82 52 82 91 84 76 72 98 69 69 93 51 84 78 100 53 94 91 91 90 85 93 90 50 67 94 66 55 87 70 53 91 60 97 99 93 73 89 85 98 59 61 86 62 74 77 63 94 62 94 78 71 98 59 100 50 82 87 84 75 74 68 61 65 100 77 65 
61 86 79 91 73 60 77 85 90 75 77 63 98 68 94 80 76 74 52 79 55 69 58 72 63 96 93 53 100 76 57 61 61 72 69 93 78 53 61 63 92 51 78 54 84 69 62 63 54 99 98 59 100 85 62 63 72 79 68 99 83 93 73 81 57 61 61 76 88 66 61 71 62 83 58 59 78 88 63 60 64 90 82 76 96 68 99 56 90 80 78 90 69 69 97 68 57 85 61 55 95 84 94 85 96 92 80 66 51 55 73 51 99 63 82 69 89 90 50 83 86 69 73 100 65 99 53 100 70 97 100 57 51 98 99 95 69 60 97 56 60 53 95 66 58 72 53 100 65 52 88 92 72 77 85 66 57 73 50 77 82 78 85 74 64 61 96 51 78 91 80 57 97 59 71 93 96 75 69 50 94 51 66 60 65 55 97 86 79 92 51 72 82 88 82 60 81 63 71 88 
71 69 72 78 87 58 78 72 52 68 72 57 91 98 97 91 83 87 99 84 53 84 91 61 88 95 99 83 78 77 68 66 91 78 58 61 97 55 92 89 80 67 53 100 98 55 93 78 54 58 94 58 54 92 81 87 84 79 83 96 99 62 90 96 54 70 77 61 69 52 73 98 63 52 69 73 67 93 87 55 77 82 99 64 93 83 100 54 64 93 96 89 77 83 60 81 52 58 61 70 56 54 77 55 64 84 53 99 79 70 56 54 72 56 87 80 97 75 85 68 80 94 63 52 84 88 79 56 73 77 73 86 75 78 81 84 74 57 77 74 96 65 66 70 86 64 88 90 86 100 97 70 70 83 67 62 89 50 79 94 79 84 51 96 72 53 74 71 64 55 64 71 97 66 77 79 94 78 92 60 76 53 98 51 59 60 83 81 66 53 56 62 95 64 53 57 76 93 95 92 
72 74 73 92 76 79 93 96 59 75 59 97 100 76 93 83 62 56 53 99 77 76 89 51 83 80 60 83 82 51 91 79 79 84 54 91 89 63 60 97 81 64 62 87 67 88 92 57 86 90 69 51 57 54 90 64 60 82 64 56 52 92 79 67 97 78 73 54 94 87 91 87 65 66 90 96 60 79 90 88 63 61 78 61 62 59 86 83 84 72 66 90 82 66 88 83 81 88 85 96 84 92 80 69 51 64 97 75 57 69 75 76 50 72 83 56 56 78 79 98 66 74 95 66 75 85 50 50 56 80 55 98 64 72 72 97 75 86 85 67 81 64 91 53 94 71 95 94 86 81 62 58 91 69 55 98 68 68 89 83 80 62 82 58 84 58 91 58 81 57 66 62 77 75 74 92 93 99 100 81 62 87 90 55 72 77 65 66 76 50 92 69 83 53 57 96 91 91 57 62 
82 81 55 94 80 71 63 58 78 62 77 82 65 93 84 98 88 81 53 85 77 54 74 93 90 86 88 51 71 93 83 92 52 99 95 50 66 92 77 58 71 85 61 100 79 96 97 57 81 59 87 97 51 70 57 99 63 92 87 98 51 65 55 51 70 70 64 90 62 68 89 67 65 68 83 72 95 62 62 78 96 52 99 90 54 54 94 62 79 72 78 86 78 51 71 57 93 58 59 99 71 97 72 75 82 91 70 64 55 86 68 88 88 65 66 68 88 66 73 73 58 67 64 68 93 99 56 56 92 85 80 60 50 86 72 77 70 76 92 67 97 89 57 99 66 63 58 74 96 72 98 52 100 50 50 56 73 69 82 68 52 83 70 91 93 61 64 74 83 74 66 65 75 60 83 87 63 89 75 69 86 56 62 73 98 66 82 75 90 78 93 97 97 88 69 99 95 99 55 100 
67 63 69 95 62 78 67 84 78 99 61 56 76 91 78 70 55 65 76 52 60 95 84 75 51 100 89 62 74 76 98 57 89 65 63 92 98 95 72 50 65 87 93 67 97 60 75 59 96 76 100 98 99 94 85 72 62 82 58 59 99 67 58 78 82 66 84 59 80 58 62 53 93 66 69 95 68 73 92 91 93 95 76 83 85 72 77 61 72 69 59 96 55 50 78 55 94 91 64 68 92 82 65 57 55 99 79 92 85 80 50 70 66 64 53 100 75 99 73 57 99 85 87 61 87 94 98 91 92 82 98 89 94 79 96 98 90 54 55 84 87 89 100 75 80 62 61 58 61 88 56 98 60 79 91 75 77 82 80 60 51 63 60 53 62 65 79 100 58 73 56 91 60 58 71 74 62 70 78 79 88 96 72 88 97 73 98 87 72 86 76 75 76 70 90 75 74 66 89 66 
77 60 54 74 99 87 52 50 91 91 70 83 67 88 89 91 99 99 89 72 69 82 55 62 85 71 80 72 94 60 79 92 86 82 80 81 99 75 96 86 94 72 92 99 90 60 66 50 56 58 58 55 81 63 70 73 97 82 52 51 57 92 100 99 70 78 82 67 55 85 68 100 84 69 62 91 62 69 87 72 52 99 51 78 90 56 78 93 100 100 69 61 52 80 100 82 75 75 72 58 85 61 74 67 56 80 50 84 51 91 72 78 90 54 61 100 86 78 79 55 60 94 84 94 50 62 95 84 100 95 97 94 66 59 53 67 70 67 58 81 76 85 70 66 50 83 82 68 50 62 92 66 56 100 63 59 64 53 96 60 76 83 50 82 59 56 76 54 82 74 66 93 66 96 76 100 93 92 73 68 87 64 69 83 51 80 51 69 79 58 57 59 64 50 74 61 83 66 52 76 
67 92 79 91 96 82 95 67 70 67 84 66 99 79 91 61 76 83 69 80 82 77 61 84 69 92 98 61 85 54 64 57 73 97 100 68 60 59 90 85 81 83 76 57 62 61 87 84 100 85 97 88 76 97 97 62 80 59 65 60 67 87 92 88 69 98 72 64 94 66 70 96 93 62 70 85 90 93 69 100 78 66 67 71 61 96 70 52 86 57 63 58 59 67 76 96 59 70 100 57 92 60 56 51 95 87 88 59 87 71 91 52 83 72 95 63 61 66 62 85 52 55 52 85 52 71 79 87 93 77 100 87 56 65 92 79 100 50 72 96 64 60 91 94 88 85 60 75 71 62 56 90 90 100 81 72 65 68 91 65 91 61 73 94 56 76 57 86 80 58 52 83 76 76 54 80 84 97 73 56 100 90 75 86 100 71 78 54 78 80 54 56 75 68 84 58 51 63 89 95 
97 96 96 100 54 89 96 63 58 57 51 52 64 88 54 88 72 74 57 52 74 86 59 87 74 80 84 64 70 73 86 79 90 96 56 51 62 99 87 76 58 59 53 84 82 76 82 81 66 51 76 93 66 89 71 70 100 70 50 69 72 84 95 64 76 79 55 56 73 50 94 92 97 92 83 54 71 88 54 62 51 55 58 98 76 51 98 80 66 85 70 53 94 89 50 84 53 57 65 80 61 86 65 50 87 76 72 75 80 50 54 57 53 85 52 100 80 68 85 50 83 88 64 89 100 50 80 85 99 86 73 58 50 93 68 50 99 71 90 83 94 93 52 59 84 83 69 65 74 95 78 55 59 77 78 58 78 56 85 82 79 67 93 56 62 63 79 74 98 95 64 91 96 67 69 88 62 71 69 72 68 95 56 87 71 55 89 62 83 52 87 78 94 89 93 72 91 60 63 100 
72 70 80 90 95 64 82 100 81 99 89 97 62 69 56 99 99 54 62 82 83 57 55 91 93 84 89 94 59 51 78 88 66 94 79 69 65 78 66 98 89 68 56 56 71 80 58 94 68 68 65 68 51 52 70 94 74 86 59 88 55 66 87 70 86 78 53 53 85 54 69 89 84 78 82 85 80 52 85 78 82 70 72 98 94 75 55 77 78 96 50 62 97 67 51 69 66 83 66 72 92 84 93 60 55 86 100 93 65 58 71 53 97 62 51 64 63 65 75 78 55 92 95 85 89 79 88 51 62 89 65 79 86 73 85 78 85 61 62 99 84 83 95 61 82 97 96 51 97 62 83 84 60 63 62 72 61 59 94 66 70 79 55 61 86 70 92 70 100 66 55 69 65 95 60 54 92 65 84 99 69 95 56 68 82 79 100 90 67 98 63 66 70 50 63 63 79 94 88 64 
85 66 55 51 85 81 68 89 73 57 65 71 68 98 76 76 86 64 54 60 71 51 80 71 57 50 85 72 62 100 99 70 75 95 61 51 87 57 98 65 80 89 94 56 87 74 81 77 87 78 81 94 71 89 52 96 53 89 69 79 95 67 66 70 62 83 54 79 54 83 86 80 72 53 76 80 59 95 63 57 90 98 73 76 92 80 57 70 78 61 72 70 99 88 83 56 98 68 69 90 95 60 73 59 92 87 83 74 99 94 85 52 51 64 82 64 77 94 87 64 76 94 80 79 97 50 82 50 96 88 72 68 51 67 67 97 93 55 56 99 55 87 70 56 89 64 100 62 92 75 94 52 50 99 66 88 77 86 68 72 95 82 84 54 68 55 76 57 61 91 52 68 65 74 96 80 50 60 56 53 57 56 58 69 64 71 92 97 55 52 72 85 71 74 98 99 72 66 51 93 
66 99 72 57 61 60 87 92 51 95 64 53 87 53 70 93 77 62 97 88 97 51 67 80 75 78 85 78 87 84 70 63 62 72 56 67 98 65 76 77 69 74 69 84 56 71 57 69 100 84 100 82 79 76 76 95 71 79 74 63 83 58 61 61 83 96 59 57 89 86 61 70 54 92 77 53 74 99 96 68 88 80 54 53 97 95 90 68 80 59 87 64 55 52 90 74 50 86 78 94 89 60 86 90 74 96 86 62 69 94 56 51 69 85 82 63 89 79 89 84 74 91 62 57 92 65 81 100 51 89 99 93 76 86 94 93 84 74 77 100 59 78 55 60 86 99 95 84 71 51 75 89 76 78 91 80 95 62 71 68 78 100 86 95 52 88 52 88 91 90 77 72 83 75 60 71 73 61 93 95 100 57 56 66 76 90 52 57 65 58 81 96 74 50 85 82 66 93 51 89 
96 94 55 67 81 73 58 62 92 95 87 69 69 59 83 83 55 57 98 91 93 99 55 69 72 61 93 97 71 54 98 67 91 79 59 57 75 92 53 58 91 75 99 88 92 85 66 100 74 77 98 54 96 74 55 71 92 62 84 96 76 50 81 98 70 70 94 74 75 71 63 62 91 50 95 93 93 87 65 71 61 59 84 84 81 71 70 81 64 99 84 61 80 98 99 94 71 53 85 94 95 61 72 71 68 74 79 59 61 53 57 98 70 62 84 54 83 68 85 76 83 91 51 59 99 77 96 66 75 51 89 94 98 69 55 65 66 73 59 60 51 62 90 53 54 65 86 68 60 65 50 70 73 90 53 86 63 90 61 53 86 80 94 98 73 55 69 52 74 79 90 56 81 58 86 89 79 96 86 77 82 97 64 84 86 84 85 79 85 86 97 55 66 79 77 97 69 88 56 77 
52 94 95 94 100 70 50 55 59 95 53 91 97 64 92 56 78 54 65 80 81 86 59 95 66 98 50 67 75 84 53 56 61 86 65 100 86 76 99 78 89 77 79 79 83 60 71 79 54 79 81 80 95 66 64 59 72 77 63 89 57 72 80 79 99 93 60 95 58 67 62 89 87 78 99 99 67 64 76 71 59 76 71 68 60 76 71 93 91 99 67 96 100 78 51 86 83 68 62 50 86 87 52 85 65 63 93 92 54 97 81 97 63 64 79 85 73 58 78 69 66 68 90 86 74 82 50 96 70 77 89 64 86 83 57 86 94 52 98 99 99 87 88 78 78 86 93 57 52 56 74 61 93 82 91 73 51 75 76 54 74 51 70 69 92 60 100 79 95 92 95 94 70 63 87 96 76 60 87 95 94 99 74 78 57 77 65 71 79 69 62 95 100 90 99 62 66 54 59 94 
82 52 87 64 58 91 58 95 51 86 53 52 62 63 89 61 58 65 80 88 78 93 95 57 65 81 100 79 74 58 59 82 62 92 95 93 54 62 74 63 78 65 55 57 61 70 67 65 76 94 87 63 54 72 100 55 67 75 86 73 76 62 57 91 50 89 93 50 99 59 87 76 94 76 54 93 83 92 98 57 81 88 87 94 70 84 83 88 72 97 83 59 69 57 88 67 61 63 81 58 85 93 100 80 61 57 89 67 66 50 77 77 64 73 67 74 90 54 73 61 50 59 83 58 96 65 69 97 95 76 98 99 90 97 68 52 59 74 58 51 63 96 65 92 82 83 86 84 92 93 70 93 76 62 57 58 70 68 63 99 74 57 81 74 55 75 61 86 84 68 61 96 59 73 84 52 98 81 94 66 50 84 90 85 83 69 77 65 73 69 99 55 59 73 56 98 59 91 83 79 
53 93 78 61 96 75 88 55 92 74 76 75 78 52 72 77 78 50 92 57 90 91 90 75 77 75 67 55 71 98 56 63 76 52 65 60 71 74 67 80 91 80 77 56 81 65 90 71 85 90 54 78 92 68 73 96 91 97 92 53 72 100 63 66 77 92 81 65 71 77 88 92 68 59 82 89 61 95 65 87 73 67 83 78 98 51 58 96 75 80 87 84 91 57 93 55 70 57 67 95 65 71 90 77 54 68 78 51 99 100 67 93 75 87 86 84 81 82 84 60 67 92 77 100 60 69 90 97 70 79 78 72 55 77 84 52 93 62 85 67 52 59 75 97 97 92 72 51 88 68 90 92 100 66 56 64 61 58 78 61 65 91 92 54 97 78 84 60 77 60 68 52 79 83 81 91 61 51 68 59 54 84 74 72 57 80 52 87 98 58 54 67 98 54 83 58 94 65 87 52 
59 89 85 90 52 81 90 77 62 90 92 61 64 92 56 76 99 51 63 99 79 75 72 90 90 55 71 68 84 96 70 98 87 59 88 99 93 86 50 53 72 92 70 66 72 61 77 63 83 80 83 92 56 69 50 50 98 93 58 93 69 50 96 97 78 58 88 57 80 100 62 56 50 69 93 84 56 62 51 78 76 84 64 66 75 76 56 86 100 71 57 87 76 83 88 59 97 83 97 70 78 80 71 51 91 85 97 59 59 73 56 57 56 52 90 62 57 84 63 96 68 56 91 52 80 65 97 76 93 55 50 100 97 55 50 95 90 59 92 89 94 76 68 85 85 54 84 64 74 86 64 80 83 55 89 73 84 61 96 66 64 96 81 93 55 65 74 50 92 100 95 73 70 76 69 75 78 62 54 89 87 60 66 99 82 50 83 71 79 83 53 70 97 53 65 60 72 89 96 94 
90 91 84 88 73 88 100 54 78 75 96 89 69 92 93 58 63 96 81 88 91 62 81 57 82 54 79 78 56 63 95 95 84 51 93 77 92 80 85 76 75 73 89 89 94 54 66 87 81 60 84 54 85 85 71 53 96 57 58 62 87 83 71 78 56 87 74 64 61 59 89 58 55 72 73 50 68 50 67 67 55 94 94 100 67 100 84 78 58 62 74 78 51 76 64 78 60 81 51 79 67 96 53 100 76 61 73 88 55 79 83 74 60 77 76 99 80 92 61 52 67 67 56 52 99 84 95 65 66 52 57 92 64 63 64 82 92 85 75 59 83 73 62 53 81 72 61 72 96 73 60 75 86 96 60 69 58 88 90 56 85 51 52 87 52 97 57 88 72 100 51 98 64 70 65 66 86 90 87 89 73 59 98 91 54 72 67 97 62 68 83 60 80 61 82 59 50 87 89 55 
54 97 86 97 58 97 84 92 83 69 55 72 95 93 85 68 81 73 70 84 99 58 90 87 54 63 76 62 58 94 51 83 78 67 86 79 87 77 70 77 57 50 100 71 55 77 94 63 71 71 61 97 86 97 59 63 78 84 55 66 69 90 71 63 79 93 74 94 81 83 54 97 83 89 82 80 57 79 97 100 73 55 99 73 65 86 93 70 70 99 97 70 72 55 90 69 84 71 70 90 77 72 60 100 90 80 93 79 88 64 85 80 86 73 73 89 99 62 74 94 98 52 79 97 82 62 78 75 88 52 63 81 96 73 66 93 64 52 94 68 87 61 67 63 92 55 96 84 81 69 59 96 82 99 91 73 60 74 70 71 73 100 82 59 74 78 62 70 62 96 62 62 95 58 81 51 84 62 71 78 50 62 98 53 90 92 68 70 77 50 82 82 89 56 61 74 57 69 73 57 
90 78 60 74 95 88 94 99 57 54 84 94 83 83 73 75 81 50 99 80 51 57 91 79 93 91 81 91 50 58 91 100 68 89 79 92 68 50 90 59 71 90 53 60 72 98 69 87 90 57 85 50 73 95 57 75 52 99 75 55 58 82 83 95 54 63 51 69 57 83 79 53 92 74 94 52 74 88 65 51 80 91 73 82 73 90 100 84 51 50 99 89 74 96 97 89 90 66 58 93 91 55 91 51 98 81 78 82 93 98 87 81 76 95 92 74 63 92 54 71 71 57 83 72 98 81 60 57 65 80 72 51 67 62 66 82 82 89 53 56 72 86 98 73 65 61 64 57 76 94 63 59 67 77 60 69 63 98 51 56 77 65 78 65 78 70 64 58 54 72 91 72 51 98 74 76 67 79 81 71 98 81 82 56 57 85 89 92 92 83 63 99 93 79 95 70 86 98 88 85 
67 61 77 94 96 72 84 87 57 94 52 66 60 100 96 77 73 73 90 92 99 58 99 57 76 60 82 65 75 67 93 69 91 50 91 55 77 52 60 75 68 86 52 52 91 64 82 94 66 54 56 87 65 55 97 65 97 97 100 76 84 86 98 88 71 82 77 80 90 77 63 93 89 89 85 52 77 79 74 92 66 82 64 62 69 76 66 83 63 54 81 52 57 67 61 51 81 88 64 66 96 87 80 69 83 94 97 74 98 85 53 99 66 78 97 94 56 97 81 86 52 99 58 82 82 90 100 50 55 90 100 74 58 69 52 77 70 57 88 62 78 79 52 75 86 96 90 93 73 63 78 95 63 76 73 69 61 73 75 95 100 63 90 90 64 88 82 64 95 94 52 78 73 68 99 81 51 51 71 91 57 56 87 91 50 92 95 86 91 71 96 100 75 67 95 60 60 72 68 61 
67 74 66 81 78 52 60 66 94 79 74 50 65 83 66 84 96 83 62 79 99 56 72 86 57 92 98 96 81 99 95 93 99 55 61 74 73 76 63 53 60 97 70 91 99 83 65 90 63 94 69 59 75 51 64 72 75 54 76 62 57 78 53 94 77 100 76 93 75 99 57 92 57 79 63 85 63 90 53 93 89 58 82 54 70 91 96 60 85 72 71 59 83 99 64 78 93 54 62 61 83 57 82 94 71 88 60 86 72 54 80 75 95 63 88 74 53 73 97 74 68 86 98 86 77 76 69 58 69 54 59 73 92 96 55 93 54 78 58 99 74 80 94 100 89 87 59 60 55 91 82 67 71 88 93 70 82 59 57 83 96 59 54 66 62 63 87 71 69 82 62 97 96 55 63 72 65 84 55 88 56 82 54 82 93 74 92 76 86 98 70 80 74 74 60 70 67 79 93 67 
92 85 65 67 92 78 69 83 77 80 73 69 76 52 76 63 54 93 69 99 64 51 96 56 88 90 75 65 93 61 55 61 71 92 65 66 95 86 86 98 78 60 90 74 74 71 61 55 97 77 53 75 76 95 92 60 92 57 79 71 92 50 84 68 56 89 77 80 94 85 77 83 78 95 95 89 52 79 54 71 94 82 50 72 54 51 65 98 79 57 70 64 65 78 54 51 67 67 62 91 69 67 81 58 66 55 76 80 74 55 63 50 90 59 68 97 95 71 60 98 89 68 60 83 83 75 91 86 75 65 58 78 60 86 65 67 84 57 63 95 67 68 82 62 73 95 93 96 82 53 91 98 66 51 73 88 54 81 50 64 71 85 87 56 89 97 64 81 97 50 58 50 82 68 58 56 66 84 53 96 75 81 59 89 82 81 59 79 74 60 71 67 70 68 75 98 83 67 94 78 
56 97 59 84 94 74 100 70 94 93 60 96 100 99 56 86 56 99 89 72 78 50 71 100 85 97 77 93 60 71 89 51 94 75 70 51 53 93 96 82 72 70 65 52 66 91 92 100 54 54 76 60 55 100 67 52 77 70 55 87 67 54 97 96 82 53 63 67 100 72 86 60 63 71 61 65 72 100 52 85 60 61 62 85 99 85 79 96 77 67 57 91 59 66 97 58 78 52 83 74 86 84 93 82 78 81 58 77 79 53 91 50 71 81 68 78 62 76 71 60 98 93 51 58 55 88 63 61 65 51 68 97 79 80 89 85 89 61 59 97 66 74 79 74 57 62 82 97 94 62 83 80 76 71 52 100 50 71 85 55 61 83 77 69 77 81 64 98 65 82 79 86 71 51 55 79 67 58 55 60 79 91 51 52 92 52 67 92 100 64 93 88 72 67 70 55 64 66 60 88 
79 100 69 94 93 77 62 72 70 73 68 67 97 80 84 81 86 62 52 71 100 84 52 53 82 62 70 99 70 60 89 56 53 70 68 57 82 76 86 82 79 61 81 90 77 68 80 70 57 83 92 52 75 98 97 71 84 50 78 52 68 66 94 53 69 84 52 70 62 57 67 60 81 100 58 94 95 57 100 92 67 55 82 98 88 61 91 94 76 88 69 94 72 85 94 92 57 53 96 67 78 70 73 60 91 70 79 93 53 84 50 83 52 84 76 58 82 93 90 96 64 53 59 62 95 58 81 86 54 99 69 83 93 53 51 58 51 83 80 55 92 63 60 53 64 66 100 88 85 85 50 61 91 60 90 56 95 97 52 65 70 87 97 93 97 91 95 95 91 60 100 92 98 56 90 51 55 73 61 70 56 85 51 96 85 60 99 51 100 87 94 77 70 69 59 81 92 99 89 79 
64 87 74 79 96 77 69 51 91 97 59 72 77 58 97 94 60 50 82 92 68 71 98 69 64 66 52 59 79 55 56 92 81 54 59 87 70 57 56 85 86 59 95 50 97 74 52 100 61 56 92 84 55 70 94 53 74 91 81 100 50 67 87 50 82 74 91 59 99 68 65 53 97 58 69 58 57 61 68 96 66 65 83 90 96 77 66 93 81 59 58 96 84 73 81 56 77 81 86 61 88 96 76 72 56 94 57 96 99 83 91 70 96 69 85 52 58 90 78 83 63 80 55 61 62 76 85 72 62 98 71 88 99 70 73 98 84 79 70 72 84 50 93 50 51 95 58 63 68 87 65 77 90 75 92 90 56 63 50 60 97 90 94 60 60 63 100 55 91 64 95 87 93 50 80 100 73 78 64 91 97 72 86 90 53 51 81 87 76 89 90 84 52 90 76 72 94 62 58 63 
59 88 86 63 96 73 56 83 69 57 68 81 62 62 94 87 87 92 73 76 90 86 59 81 72 78 100 59 75 50 72 52 51 66 58 61 88 63 89 65 93 62 71 62 69 67 86 59 85 93 93 80 92 72 53 83 91 57 56 80 85 86 68 59 96 70 77 93 88 79 57 72 70 52 77 75 63 65 63 78 88 50 66 67 88 82 93 60 71 90 87 70 62 70 98 74 87 81 97 54 53 70 59 82 92 51 51 57 54 97 67 84 81 87 79 83 95 65 92 57 71 78 84 82 50 86 100 96 69 54 72 85 99 70 90 68 98 99 93 55 90 65 79 75 56 77 51 95 65 54 50 51 51 87 68 62 94 88 81 57 51 70 77 54 82 100 99 67 74 88 90 94 61 66 91 72 56 87 75 61 70 67 58 50 52 92 68 80 70 74 70 99 84 58 85 71 90 74 54 70 
50 58 96 60 77 82 62 62 65 72 68 68 67 58 100 68 52 78 57 56 81 93 79 79 100 54 68 77 91 64 89 100 72 81 94 82 74 57 98 85 85 97 63 85 54 74 63 66 94 76 82 60 92 97 71 72 87 68 60 98 60 73 79 90 78 78 86 94 100 86 79 52 81 73 69 61 87 69 58 74 65 88 50 69 98 86 73 88 99 72 85 53 96 91 79 56 55 70 61 74 51 87 59 96 75 84 52 75 58 76 96 93 76 66 91 99 84 87 86 70 97 91 98 87 77 71 89 94 68 97 88 92 73 57 52 81 65 93 56 85 56 77 58 75 51 91 100 91 92 93 93 91 67 51 95 74 51 73 54 61 67 82 91 100 70 85 76 97 74 70 94 84 72 85 73 79 87 79 61 81 83 70 63 85 64 59 69 78 76 89 85 54 77 60 87 67 62 65 61 59 
68 69 50 83 55 52 58 64 80 89 97 51 86 52 63 75 76 80 88 55 73 91 52 62 53 74 73 65 62 57 76 70 55 78 60 97 67 88 56 86 76 61 88 64 63 71 63 63 96 70 92 56 79 66 61 75 62 89 62 70 70 63 58 59 54 52 53 50 63 67 87 87 60 80 88 75 83 95 87 60 80 67 89 82 77 66 88 94 92 73 92 57 95 99 73 85 65 59 54 75 66 88 98 94 50 64 56 68 89 61 62 70 64 75 91 96 75 78 84 88 93 76 87 63 73 89 99 91 63 80 72 72 59 53 95 60 86 87 77 100 82 75 51 89 58 52 66 84 61 71 69 50 79 89 51 83 69 90 79 53 95 77 77 61 82 98 50 69 54 50 57 96 66 76 97 64 55 79 65 98 87 76 97 82 85 52 52 74 85 94 83 68 61 75 54 90 75 89 78 65 
95 66 96 51 56 64 70 85 59 83 60 67 57 64 66 54 87 57 51 85 97 58 75 78 74 52 52 96 97 97 67 76 78 71 68 61 96 54 79 56 60 54 73 51 61 83 80 82 94 64 66 65 51 80 82 83 94 61 58 54 61 100 57 85 84 71 53 57 70 75 57 74 90 61 82 54 95 71 59 75 59 79 62 83 71 81 61 74 87 76 54 98 52 92 97 53 72 64 95 69 100 90 54 94 80 72 86 50 70 93 85 69 92 60 92 67 64 51 69 53 55 82 65 97 91 100 97 84 61 52 95 65 52 100 69 85 78 79 58 64 78 81 78 76 66 53 92 84 70 58 90 67 97 92 68 87 66 64 54 82 65 97 88 77 92 75 66 74 69 81 56 62 96 66 55 77 76 53 87 63 61 73 78 68 60 92 69 69 61 62 55 100 79 83 63 59 83 85 61 97 
58 62 75 74 63 99 65 88 78 95 64 75 83 53 74 70 61 80 67 87 85 85 60 76 77 81 55 99 92 59 50 83 77 54 90 94 67 65 89 53 78 65 87 77 76 98 72 95 97 96 88 79 74 91 83 67 95 63 69 52 83 70 66 81 97 63 56 98 58 61 76 80 89 81 84 67 69 60 87 81 52 51 99 70 86 71 54 63 57 61 53 56 97 100 61 62 62 82 63 94 97 54 100 91 55 62 89 96 95 53 60 62 74 65 69 86 52 79 54 68 63 67 79 58 67 94 64 92 87 79 59 87 76 100 100 55 51 63 87 92 98 82 77 79 82 99 78 57 86 57 84 75 73 98 54 78 82 67 66 87 100 55 68 75 53 95 84 75 95 98 83 94 86 89 54 56 80 64 88 96 92 78 68 61 61 62 55 65 55 52 100 100 76 71 89 79 99 65 84 89 
69 75 65 100 63 90 94 76 61 80 78 82 57 74 51 63 62 61 100 76 75 88 64 77 81 73 82 68 63 67 77 75 82 58 79 72 81 50 62 88 53 51 91 83 66 89 54 86 95 90 100 60 83 66 75 66 74 90 89 65 64 88 86 75 61 95 75 78 94 66 90 62 80 93 96 66 80 88 79 64 86 55 90 65 84 58 59 97 64 91 57 58 58 76 87 91 85 59 69 94 85 70 78 91 58 69 88 57 95 63 61 93 81 71 80 66 75 73 50 72 62 53 58 74 87 98 57 77 52 78 62 85 100 99 84 99 67 72 51 67 65 54 76 51 57 69 93 81 55 100 63 79 62 85 89 70 88 100 70 97 61 74 76 80 73 83 89 68 58 51 98 75 64 82 71 61 56 97 81 73 50 81 56 66 53 51 68 80 60 54 83 88 53 99 84 54 71 79 84 70 
76 61 85 75 74 90 100 87 56 73 67 91 73 91 97 66 76 82 77 66 95 54 67 55 65 78 82 64 68 100 97 70 51 58 76 73 95 76 77 67 50 93 60 75 98 77 81 92 72 59 90 74 91 56 100 86 69 54 57 64 51 79 53 62 87 66 78 67 55 73 77 74 60 83 82 87 55 52 95 93 83 71 51 74 91 57 96 93 96 76 53 95 65 76 60 91 75 68 62 59 75 52 73 80 89 99 76 78 82 85 52 77 64 54 97 62 52 60 98 80 63 64 62 75 82 87 59 51 57 88 100 94 92 89 81 57 61 57 97 70 51 85 70 82 56 66 81 98 82 80 84 88 93 54 84 71 54 89 76 73 98 86 75 81 74 54 72 84 67 66 92 59 74 75 76 92 85 96 68 80 75 63 58 72 57 67 95 66 88 61 90 78 63 73 64 69 64 98 51 58 
81 99 71 51 59 73 82 61 99 88 56 81 66 90 54 92 52 80 74 78 93 50 65 55 68 87 70 56 57 93 60 83 52 70 59 51 53 71 50 52 50 96 91 79 80 63 90 79 84 57 53 75 62 82 58 77 83 100 90 89 93 90 62 64 86 57 82 84 68 88 94 54 69 81 71 88 61 59 95 66 77 67 94 79 87 83 98 79 88 68 78 51 62 88 100 61 61 98 88 93 56 92 51 50 82 93 91 57 91 76 75 59 100 63 59 65 75 98 82 85 84 95 89 53 89 78 99 80 55 79 55 98 81 77 76 59 94 50 76 75 96 55 66 86 93 57 71 54 70 94 77 83 71 51 82 83 97 57 71 91 98 63 79 73 67 77 87 84 100 61 79 60 80 99 50 59 75 92 71 98 52 63 71 52 72 82 51 77 86 73 74 68 65 95 70 52 57 57 65 91 
95 93 87 87 54 74 88 90 99 78 91 60 51 70 70 87 62 60 78 56 95 66 100 92 73 51 64 67 82 87 68 50 51 92 80 66 55 71 77 69 94 66 52 78 82 62 72 76 65 64 62 67 53 97 73 67 61 65 53 96 72 81 65 68 89 71 71 97 97 67 83 66 87 70 65 53 56 56 89 78 87 86 96 67 93 76 95 93 65 63 71 54 82 85 86 100 66 87 72 73 56 92 75 58 50 97 51 87 56 59 90 84 75 70 91 93 90 95 55 82 100 83 86 58 87 73 52 60 78 77 56 56 90 71 50 64 57 77 57 99 52 98 100 74 64 98 74 67 70 64 88 74 87 76 86 69 85 86 76 88 93 76 70 91 75 92 75 88 99 95 74 75 79 75 64 58 100 86 85 53 71 74 59 81 90 72 63 60 79 66 87 83 92 62 71 52 75 51 90 54 
86 65 77 71 55 78 91 87 70 51 88 62 96 93 87 90 67 74 81 96 51 76 96 69 53 94 84 68 92 78 63 94 90 94 80 90 76 68 70 52 82 81 77 74 60 58 85 69 99 73 57 73 70 78 94 97 94 70 52 74 83 58 75 97 58 91 100 81 98 98 90 82 99 83 58 50 89 50 99 89 97 78 55 50 56 58 51 80 73 63 91 55 82 99 89 69 87 86 62 81 93 76 81 51 64 86 56 53 81 99 75 58 95 56 80 99 65 70 90 53 90 50 53 99 78 91 80 56 87 73 67 89 64 68 78 86 69 55 63 73 81 62 86 58 86 96 85 88 90 84 82 63 72 82 56 63 68 68 81 63 78 64 98 58 93 92 90 50 69 70 99 57 64 50 83 78 95 88 63 96 57 69 55 53 55 85 65 72 85 69 87 81 92 89 78 57 52 90 90 68 
84 81 89 65 76 79 81 53 50 95 82 84 100 71 96 70 71 55 69 98 81 78 83 66 60 95 91 74 51 54 60 67 61 94 85 83 56 67 73 52 51 76 91 60 54 82 72 88 89 57 67 78 51 55 91 59 61 67 77 89 60 91 98 84 53 74 69 93 58 74 76 79 88 69 59 55 99 83 56 79 59 74 77 82 59 80 92 53 78 96 98 91 52 56 79 52 69 73 81 91 69 81 51 99 100 85 79 93 64 50 77 89 52 61 79 82 56 91 70 65 76 73 71 91 53 92 84 78 95 79 54 59 93 71 67 59 58 75 50 52 72 90 95 77 90 65 80 99 71 75 57 60 89 84 72 72 82 72 58 99 96 63 77 92 76 74 95 76 88 57 97 94 98 73 52 77 75 76 66 97 82 79 80 79 59 97 90 83 100 50 80 69 53 100 73 64 69 64 59 79 
96 50 67 77 96 59 50 55 54 88 83 67 59 57 68 50 69 60 82 69 52 62 79 99 91 79 62 82 65 84 52 60 50 58 82 69 86 95 78 79 86 99 99 90 59 97 71 76 52 80 90 59 90 77 100 66 90 53 92 54 51 82 57 53 70 89 79 89 53 75 100 99 51 95 56 65 86 88 52 72 84 58 87 56 50 81 53 53 98 82 87 71 59 95 77 96 59 62 71 70 99 89 74 51 72 75 55 53 65 89 56 62 100 79 66 66 62 61 51 71 66 74 58 94 53 80 81 93 94 92 85 98 72 86 55 57 57 99 89 84 67 79 52 60 68 52 87 96 97 84 91 51 68 96 94 70 55 86 81 91 89 87 100 95 73 75 80 52 72 58 86 57 80 75 57 58 72 50 77 81 57 74 85 85 89 81 76 94 58 51 58 78 94 80 71 60 77 87 56 66 
57 80 90 53 72 90 78 94 67 65 82 82 82 81 52 58 98 77 99 58 80 75 57 98 62 99 71 100 56 76 71 85 82 90 67 68 84 80 55 54 52 58 52 57 88 76 76 65 72 77 63 82 60 77 51 77 60 88 68 50 55 85 56 79 94 88 76 70 66 73 51 85 80 97 66 63 77 82 77 100 98 82 91 57 99 89 64 94 84 79 64 65 98 87 89 80 98 89 83 65 59 60 73 83 72 96 51 79 56 75 89 73 75 79 76 70 59 99 53 71 99 86 72 88 73 94 76 76 54 81 66 59 77 51 75 79 67 50 96 68 88 92 92 99 76 64 53 62 73 76 97 64 55 78 56 59 83 61 83 95 67 62 68 80 89 91 65 55 90 99 97 88 56 84 82 75 95 65 56 74 71 77 94 50 88 73 59 68 55 71 88 81 74 65 62 69 93 90 70 89 
93 68 57 66 56 64 84 75 65 50 53 67 80 69 91 54 61 81 95 84 67 66 87 92 88 66 82 82 58 71 75 90 82 77 52 72 63 70 79 93 84 60 67 66 70 67 80 86 72 89 69 77 52 61 72 61 83 89 81 51 73 77 60 73 84 52 80 92 50 64 60 72 54 91 64 89 98 65 54 64 84 78 55 69 68 67 62 59 67 67 100 99 52 99 65 78 65 87 74 59 95 52 56 66 97 68 74 54 52 54 87 94 71 74 86 88 65 72 79 60 69 92 59 91 50 85 97 89 77 98 100 52 72 57 98 87 63 99 63 100 51 67 63 54 62 71 93 72 54 91 75 88 61 68 85 84 76 92 100 57 78 60 97 79 82 74 87 96 53 55 86 90 52 78 55 73 71 67 95 93 50 62 69 96 98 99 98 63 59 85 75 78 55 82 57 64 86 64 99 98 
62 65 64 75 66 56 90 89 87 93 71 67 60 53 56 50 50 52 91 86 73 94 85 97 82 68 87 94 85 95 71 70 57 58 85 71 82 91 77 82 84 66 63 79 71 72 63 85 90 57 69 100 57 82 54 78 67 89 52 77 62 73 62 77 82 84 96 67 91 58 80 54 68 68 55 74 69 74 73 81 100 100 69 93 87 64 58 78 63 70 100 65 71 55 87 55 98 76 74 96 56 61 50 98 80 78 82 64 98 92 80 72 92 99 54 89 68 73 91 90 83 99 51 68 89 98 84 80 51 85 80 76 53 59 67 85 70 57 58 96 95 92 97 84 73 70 73 80 71 75 89 95 97 93 55 55 75 88 99 52 74 77 51 69 86 53 64 95 77 64 65 91 74 99 58 80 53 75 56 61 66 57 79 65 100 60 84 69 76 95 85 87 50 88 59 99 98 65 59 68 
54 88 71 53 68 66 85 58 96 91 83 70 52 53 85 72 96 79 53 60 67 90 85 76 84 70 66 54 66 77 62 50 67 57 63 58 67 65 76 77 66 66 84 84 91 93 78 99 77 76 62 61 100 60 99 78 54 56 73 72 75 84 60 92 58 75 80 51 77 77 68 85 62 99 78 93 63 62 88 58 82 80 54 67 90 97 97 80 73 76 78 56 99 58 73 81 93 90 55 89 62 72 60 56 73 92 71 83 79 67 53 97 54 84 57 54 98 86 81 66 75 94 59 73 58 70 67 82 95 71 93 97 74 57 77 56 78 83 96 99 87 62 81 84 52 69 95 54 93 70 79 93 68 88 55 85 69 88 100 73 80 91 100 54 71 91 57 70 76 63 71 97 81 55 57 95 75 90 86 75 59 92 60 69 68 71 90 100 54 70 81 66 54 63 87 76 69 77 69 75 
64 98 66 67 75 70 99 55 88 98 85 80 57 100 61 57 52 82 71 67 69 55 99 52 61 85 54 83 66 57 64 86 61 80 73 73 100 51 56 69 78 85 92 99 81 88 50 51 78 66 79 80 64 57 88 96 72 95 75 89 67 57 64 65 76 52 56 77 53 68 63 99 92 73 87 65 94 62 56 61 51 74 65 60 84 51 78 78 99 66 71 60 88 62 76 71 82 100 86 58 57 99 89 97 72 55 73 67 71 57 85 79 90 55 64 94 94 71 64 99 98 78 75 60 52 77 96 80 77 83 70 69 76 51 77 75 69 71 77 79 69 59 93 57 59 53 77 62 90 66 63 63 50 65 50 50 57 68 71 73 80 69 58 75 98 83 78 68 56 93 88 86 56 52 69 64 60 57 73 86 83 72 76 71 60 75 70 53 81 51 78 77 85 95 100 79 67 90 51 83 
56 68 51 54 55 89 96 68 85 64 92 73 80 63 67 81 94 93 63 66 53 94 60 100 68 69 85 84 63 59 81 50 80 65 79 69 99 71 88 94 87 94 75 62 56 53 97 96 50 90 68 61 87 88 79 52 96 88 87 86 84 52 77 51 79 56 86 56 62 82 66 66 66 82 64 60 87 60 90 81 73 69 57 53 99 80 67 66 73 93 64 58 60 88 80 95 94 55 62 71 76 77 97 62 83 72 62 96 74 90 97 65 67 77 91 71 70 100 96 66 55 66 66 64 51 64 57 85 59 52 77 79 97 66 79 58 92 73 87 62 60 79 56 72 86 50 72 55 57 92 96 65 58 76 79 59 55 83 97 89 81 94 62 54 78 97 94 66 81 81 57 59 86 58 100 70 52 74 66 51 63 65 96 93 73 56 70 64 70 91 57 66 80 67 57 87 97 66 90 95 
62 85 76 69 98 98 82 83 95 59 52 92 62 58 55 58 95 94 99 77 66 52 76 78 89 89 85 81 72 78 93 91 89 77 86 72 60 76 55 66 62 70 96 89 56 97 50 52 72 70 85 63 55 80 73 97 83 89 84 75 92 63 97 74 78 59 90 66 85 95 54 89 70 64 89 62 61 51 58 92 70 94 73 85 100 99 96 54 62 84 87 67 64 96 81 82 70 87 80 52 82 70 89 80 82 56 60 59 93 69 79 61 84 68 91 61 64 57 71 87 91 57 87 75 65 58 64 57 73 51 82 60 73 58 50 67 56 94 89 78 85 71 74 59 71 53 57 50 95 69 74 97 72 58 63 70 87 52 86 78 64 66 87 79 72 84 79 50 90 85 94 66 63 80 80 65 61 53 67 90 61 62 83 53 63 81 73 94 95 62 97 97 69 57 68 89 95 70 85 66 
63 61 93 78 72 54 79 78 53 53 70 50 100 75 97 62 68 76 55 92 52 98 65 52 60 87 91 71 96 50 54 86 94 93 91 87 88 85 86 58 77 80 99 50 73 99 51 85 89 78 97 84 81 63 75 99 81 93 51 68 74 76 62 86 54 93 54 99 90 84 92 63 80 67 99 94 50 81 74 57 58 94 78 52 82 51 51 89 59 57 95 78 53 100 80 62 73 54 84 78 53 81 89 58 76 57 100 69 91 93 93 77 59 63 91 66 79 87 72 77 93 58 81 67 74 50 77 72 73 87 76 100 82 70 92 99 73 53 77 75 96 72 77 59 82 65 89 67 94 66 82 76 90 99 80 56 67 77 84 96 98 64 73 89 61 70 94 93 62 50 90 95 52 78 90 68 66 85 66 95 80 85 100 57 81 81 96 52 68 83 65 91 69 52 85 79 81 67 73 58 
61 53 87 65 93 88 82 100 71 53 63 94 75 72 80 59 72 50 61 89 94 87 68 76 79 77 99 66 68 93 66 52 58 95 89 86 59 52 77 76 63 50 80 59 60 63 89 86 81 67 81 66 52 65 68 77 84 71 96 60 92 65 78 61 93 61 96 73 97 88 69 50 54 86 83 50 89 95 86 87 57 99 51 92 89 82 76 54 57 58 95 85 75 93 93 96 60 89 93 79 56 50 88 84 73 73 55 65 54 56 100 59 87 92 64 77 99 92 65 60 54 57 58 91 63 59 61 62 51 75 79 87 98 85 97 63 65 93 84 65 90 98 74 86 51 58 54 92 77 76 58 51 70 66 51 87 94 88 60 50 83 85 90 86 66 96 77 76 100 96 83 83 56 50 58 76 80 93 68 100 62 96 68 96 72 85 99 86 66 51 92 69 54 84 79 99 85 88 65 91 
55 65 76 99 66 61 74 57 87 79 51 70 100 56 88 84 70 64 65 79 54 100 73 53 81 69 54 65 80 52 60 65 95 89 57 63 76 66 91 100 63 95 87 69 53 72 75 57 66 80 71 87 53 62 93 92 75 89 77 54 100 52 82 58 59 92 87 96 66 76 68 86 75 78 86 64 66 61 95 72 51 56 84 99 66 83 98 51 95 96 61 84 94 92 86 99 93 68 86 70 61 58 86 93 59 78 70 69 59 90 86 71 59 99 90 70 75 80 89 59 82 90 68 90 96 72 100 66 55 91 88 64 50 71 89 85 58 79 93 69 86 65 56 62 52 88 99 52 80 72 70 81 56 60 70 97 71 61 78 92 97 73 69 57 78 83 53 82 100 57 65 86 51 63 68 81 54 93 82 65 71 61 92 58 73 73 94 89 59 70 77 77 53 97 99 52 90 96 86 68 
63 70 84 64 52 67 71 85 73 55 60 58 55 57 79 50 67 60 83 57 69 88 100 93 71 57 76 84 98 94 75 76 85 86 52 87 91 64 65 72 57 87 84 63 95 76 75 67 92 97 83 53 83 51 89 66 94 74 73 95 91 95 98 57 72 64 50 51 59 87 68 80 86 63 58 65 96 68 82 60 71 70 88 82 67 70 78 59 92 52 53 68 68 54 77 70 79 61 84 78 70 62 59 96 98 66 97 79 65 61 85 66 81 62 73 50 56 97 84 58 70 63 92 88 84 54 81 92 62 83 96 60 72 55 60 96 85 68 59 76 75 50 94 76 67 92 66 59 84 51 52 73 57 86 52 52 97 88 96 97 76 89 85 98 78 90 94 71 69 59 81 68 87 60 63 69 52 68 91 67 97 70 79 87 78 60 90 52 72 53 57 100 81 60 77 78 57 79 89 65 
79 74 55 67 90 88 70 98 58 53 72 91 66 63 76 89 67 80 72 62 91 67 70 50 90 50 93 86 68 100 75 92 71 56 71 82 94 98 51 61 56 86 69 96 99 70 92 82 73 90 99 82 75 64 60 60 99 63 96 58 57 52 63 81 89 96 54 89 87 100 71 88 54 51 91 81 80 86 83 76 69 68 67 69 74 81 98 71 96 73 55 79 90 58 53 94 96 96 62 73 55 59 75 100 69 63 50 76 89 62 64 78 79 78 61 65 53 58 58 84 99 57 95 76 91 65 85 87 55 58 56 96 90 69 81 99 58 74 61 66 92 65 92 97 92 80 98 72 79 58 65 81 73 85 74 78 82 71 66 95 57 73 100 79 54 72 69 60 85 70 87 78 79 66 76 59 96 100 74 54 50 56 69 84 63 84 98 63 66 80 98 56 51 80 91 60 81 76 74 70 
94 58 99 98 63 100 51 62 72 69 68 91 77 95 95 71 51 67 94 83 99 77 74 61 89 90 50 53 63 88 78 76 53 100 79 61 52 53 62 87 52 77 99 79 98 66 89 65 53 54 93 55 88 72 64 97 97 88 52 63 55 90 90 70 90 67 96 85 62 86 82 68 50 65 78 54 99 63 78 91 96 70 58 54 78 62 74 51 69 90 70 58 73 53 64 73 84 74 76 90 85 85 75 60 85 92 54 61 71 50 79 59 64 75 87 99 89 59 96 77 75 85 88 71 57 55 62 70 82 68 80 92 62 57 81 64 54 92 61 100 98 84 60 54 87 67 72 67 95 99 89 87 80 65 58 60 85 67 59 51 69 59 96 72 77 64 97 68 58 64 63 87 71 93 83 88 73 66 86 98 92 87 54 74 54 81 91 73 71 79 56 66 84 98 66 71 63 68 63 85 
64 90 68 53 71 71 50 66 80 87 76 51 80 77 78 84 82 63 51 82 62 59 54 77 58 84 90 53 50 54 99 57 62 54 69 58 73 62 54 79 93 61 53 99 78 83 57 89 100 61 55 57 80 76 68 95 84 89 74 99 85 54 84 54 68 80 98 71 71 96 62 82 73 91 56 51 71 94 93 60 60 74 64 98 82 83 86 80 54 58 90 78 75 89 86 55 58 63 94 94 56 94 99 52 97 73 84 71 75 56 86 70 79 80 70 95 62 74 81 94 93 72 82 51 70 89 79 75 59 79 64 85 57 81 63 100 72 58 81 50 77 84 66 86 100 53 53 75 61 99 89 99 100 65 69 76 99 69 87 62 81 64 64 85 57 71 55 72 97 63 56 69 67 92 92 51 81 70 64 89 72 97 67 98 70 70 92 63 94 72 70 58 64 93 80 56 87 61 59 81 
71 68 99 52 57 56 62 88 62 69 53 54 76 58 78 64 81 86 94 59 93 88 96 73 52 92 72 62 91 85 65 62 53 95 52 88 55 55 59 71 90 65 72 56 62 92 67 100 61 50 94 55 100 75 68 86 89 80 84 59 83 62 91 52 98 89 59 56 59 67 54 89 98 78 62 84 71 98 92 73 74 93 64 66 64 100 100 85 90 78 56 78 52 77 97 95 66 72 65 94 88 68 98 89 63 73 94 71 71 60 72 88 94 86 79 100 70 96 66 53 58 89 89 54 83 90 88 85 80 90 56 60 73 62 51 92 85 56 83 55 84 71 50 87 62 98 84 70 69 62 53 51 72 66 53 53 81 63 59 99 77 89 60 55 81 93 54 96 53 99 91 62 93 56 81 61 69 55 95 80 88 91 95 60 69 67 91 81 78 95 81 72 69 79 76 87 58 72 68 89 
79 90 71 63 89 59 82 59 69 67 94 52 98 77 75 100 85 82 77 66 59 57 87 65 68 92 67 69 69 81 53 55 88 83 61 90 93 74 59 55 87 68 68 91 71 76 70 60 97 83 51 59 86 59 54 78 64 79 64 81 75 84 92 54 76 83 59 84 93 90 52 63 63 92 68 84 62 77 62 55 64 69 91 61 57 67 61 98 96 95 73 83 73 52 67 71 69 87 99 52 72 59 57 86 88 85 93 66 88 66 61 80 50 81 69 82 54 64 67 85 95 76 89 87 82 93 57 85 51 74 94 58 92 95 53 82 89 57 85 98 88 88 83 64 53 99 85 62 93 86 91 71 60 58 66 93 100 92 72 76 59 59 76 92 85 58 64 93 98 52 65 60 75 95 88 92 79 59 66 66 80 70 80 97 95 72 73 66 57 53 88 90 58 77 65 57 96 67 70 86 
67 94 57 75 94 78 59 60 83 95 62 99 72 63 100 81 75 68 98 73 80 73 98 86 82 97 94 61 82 82 52 85 94 55 50 69 73 79 73 77 85 99 84 60 92 83 67 73 55 99 54 58 95 62 95 92 77 94 51 80 53 53 85 87 80 75 76 89 94 55 84 58 93 89 73 58 97 69 86 51 85 61 94 83 75 85 92 94 71 66 58 100 96 73 53 92 88 80 65 54 65 87 83 83 94 82 94 88 94 95 92 54 95 57 98 68 75 60 67 95 64 52 77 60 98 53 95 65 65 55 57 80 90 92 78 63 74 55 83 87 82 53 73 97 88 64 93 60 69 55 77 83 72 70 61 72 61 52 91 73 80 78 86 87 90 62 81 67 63 67 80 80 50 53 88 97 60 99 82 59 75 90 94 99 93 61 91 98 55 53 89 90 100 70 99 58 70 59 76 56 
56 92 97 86 93 99 98 94 86 86 79 89 89 93 86 74 80 95 65 51 86 88 95 72 89 72 70 59 51 80 77 94 80 66 87 82 72 85 68 77 91 55 95 50 94 55 100 73 59 73 88 75 97 97 88 50 81 76 80 60 52 90 67 51 75 87 99 95 93 76 75 56 90 51 59 53 88 74 87 50 95 59 94 79 64 50 79 67 88 86 69 89 92 98 70 85 52 53 57 52 51 51 73 60 68 52 57 70 96 81 98 60 80 73 57 92 93 88 82 83 79 63 61 76 69 90 58 81 98 99 94 60 70 65 92 91 57 53 85 69 73 56 66 53 53 52 75 54 55 55 53 91 67 66 60 50 75 92 86 73 82 51 81 81 79 67 56 92 91 68 79 96 95 94 74 72 81 100 77 72 82 100 50 84 85 84 97 80 52 91 69 52 56 60 92 100 56 91 51 80 
94 53 75 65 85 73 83 51 79 80 62 70 77 68 89 69 68 99 58 90 58 59 73 67 79 88 58 90 95 70 51 77 83 72 92 79 78 69 74 74 81 63 65 78 80 72 53 74 78 73 50 59 92 53 96 66 78 81 97 57 68 91 53 60 56 99 52 64 59 58 97 97 55 66 63 97 60 77 100 86 93 60 98 87 67 99 100 55 53 100 75 100 62 77 67 52 88 83 78 93 69 61 93 53 71 86 100 95 80 67 64 86 99 88 53 67 65 67 81 91 91 94 91 72 60 72 61 99 95 75 59 60 58 68 65 66 53 51 50 75 55 77 79 68 57 66 99 54 78 79 77 68 63 82 54 74 70 65 66 87 85 69 75 66 93 81 67 93 99 100 78 91 98 90 79 88 91 94 72 81 82 96 76 87 52 58 73 64 54 58 68 89 72 82 98 73 75 56 56 97 
62 67 80 51 100 55 90 95 75 56 95 58 71 76 62 97 92 58 60 70 72 79 77 56 82 81 66 84 73 51 82 93 92 65 81 73 85 54 69 79 87 98 63 66 81 90 63 71 99 85 65 96 67 62 69 98 83 100 67 84 87 51 57 64 85 62 84 66 95 59 85 97 89 53 86 54 54 85 81 94 68 62 83 99 64 85 66 73 95 79 85 90 52 85 64 99 75 59 55 78 96 90 70 73 70 61 67 62 71 94 54 93 60 59 74 92 51 83 58 82 52 70 88 83 75 92 99 77 63 99 91 94 63 94 50 64 77 95 83 89 93 74 97 79 70 91 87 74 83 85 55 54 89 91 64 63 75 84 94 58 60 54 85 70 76 64 62 79 77 88 72 68 98 100 89 85 66 86 81 73 70 77 72 67 96 93 80 61 51 77 90 51 73 96 73 95 52 93 56 89 
86 72 69 68 95 57 73 66 61 89 56 97 72 90 73 61 51 77 65 81 65 57 76 93 94 71 88 77 50 66 69 93 54 82 80 70 90 98 82 56 54 96 92 59 95 59 67 56 52 78 91 85 71 80 94 82 75 70 85 66 74 72 72 73 90 86 93 83 59 55 81 70 50 98 85 63 77 56 91 95 77 61 75 57 95 77 94 99 93 51 71 80 92 61 78 70 54 80 82 78 69 91 100 68 90 70 57 91 88 76 76 64 82 70 80 99 89 73 97 50 85 53 86 56 54 93 57 73 52 60 95 79 86 86 72 81 96 97 73 94 61 81 84 90 62 79 52 80 90 86 90 67 92 69 73 67 95 53 91 60 88 93 68 50 88 87 65 59 99 82 69 52 51 87 71 91 75 80 81 69 79 72 51 82 95 71 79 100 97 80 64 89 58 82 63 52 81 87 100 77 
78 96 84 68 69 77 68 68 76 95 80 99 72 77 75 53 54 85 60 70 57 62 96 55 70 83 79 68 67 91 57 81 90 69 72 70 92 83 56 96 99 88 96 53 78 52 62 98 85 92 77 99 80 89 82 66 58 51 99 67 82 53 79 81 65 83 93 67 61 66 87 96 82 51 99 67 60 64 77 80 99 57 65 65 59 68 92 56 78 85 61 66 94 63 87 87 84 82 61 77 56 94 88 76 94 78 55 67 95 79 84 57 70 92 57 68 65 80 94 60 75 55 93 81 63 96 71 78 62 73 83 65 57 64 53 95 76 64 64 80 66 97 74 100 94 61 77 53 54 86 93 59 89 52 97 73 62 59 100 87 94 94 95 98 54 97 77 67 96 95 60 73 78 60 53 63 54 76 99 99 89 75 98 63 67 68 94 76 75 98 96 86 60 82 61 75 85 87 63 89 
88 63 90 92 54 66 75 54 72 70 77 100 69 75 94 58 91 50 56 68 52 65 62 88 94 53 91 96 86 89 70 72 88 92 72 54 68 80 94 54 82 54 58 70 91 85 95 67 91 88 71 71 97 89 71 54 81 56 55 84 67 98 88 65 50 73 95 58 72 87 82 66 72 92 76 97 50 69 97 50 76 84 61 85 74 64 73 71 87 82 69 81 96 54 97 97 86 79 84 92 53 66 79 59 81 89 66 89 63 52 64 93 85 99 94 79 58 90 82 78 74 89 67 72 86 66 52 96 69 100 88 58 56 53 68 55 95 51 93 92 52 64 54 98 95 94 66 71 60 68 94 73 56 80 70 71 78 58 60 84 85 70 88 52 97 52 68 71 99 96 64 95 55 79 67 86 80 83 65 89 69 69 87 57 80 51 91 69 90 99 86 70 69 94 71 55 75 57 64 98 
52 63 73 50 80 98 82 88 86 53 69 77 55 66 91 68 50 89 96 90 77 96 74 94 60 70 73 64 71 65 97 95 59 51 83 100 75 74 91 57 96 91 59 54 96 52 54 59 65 100 84 54 50 90 82 75 70 95 97 53 89 62 98 51 88 58 55 83 57 79 59 57 85 99 79 60 86 57 54 53 87 50 94 100 58 65 54 88 70 93 67 63 68 78 68 56 86 69 96 77 55 60 92 86 54 90 70 61 98 54 82 75 61 98 84 81 74 84 96 50 57 65 92 58 65 70 74 89 83 71 55 71 72 91 97 59 91 62 99 85 53 73 52 95 98 88 54 67 63 93 79 98 99 51 53 98 88 99 100 65 72 74 58 95 58 68 88 55 80 88 85 90 92 97 75 82 90 80 95 57 54 52 54 92 97 65 67 99 67 51 65 53 72 84 82 51 59 87 54 62 
87 69 97 90 75 71 67 94 58 53 71 55 81 78 66 52 54 87 52 96 73 64 99 83 60 81 53 97 55 88 84 96 64 73 74 53 85 51 50 51 63 83 89 84 54 97 53 72 82 58 91 78 63 95 84 100 65 95 50 68 72 51 56 76 62 52 99 76 76 77 72 83 61 79 69 78 89 61 68 51 70 53 73 83 60 96 99 91 90 70 73 100 64 94 78 71 94 77 53 63 72 52 96 81 89 88 86 81 75 56 91 73 91 50 82 64 100 85 87 52 86 51 69 71 52 82 76 92 81 69 74 81 84 77 91 58 70 83 89 62 65 73 70 84 95 88 80 52 86 68 73 72 57 76 90 100 84 89 87 88 88 63 86 61 51 73 94 94 73 77 50 55 52 56 90 66 100 56 57 51 50 93 54 97 88 67 93 62 73 100 96 76 62 80 90 65 66 91 69 54 
54 98 90 61 76 99 61 73 71 63 70 91 51 54 92 85 75 98 69 75 61 70 71 69 76 88 71 75 66 75 80 57 86 94 97 60 97 90 92 70 67 63 93 61 52 86 63 62 97 62 87 66 59 69 74 78 67 94 95 73 50 70 83 90 87 58 79 74 64 73 71 75 71 76 86 50 72 50 90 97 78 55 96 90 96 95 82 56 80 96 96 69 93 50 94 90 78 82 70 67 98 61 92 91 86 78 84 98 92 73 53 98 55 55 91 92 81 91 74 100 60 77 95 82 50 79 87 59 57 77 72 76 80 82 62 51 86 82 93 88 57 94 54 54 64 67 78 85 51 99 63 84 57 79 95 62 61 75 61 53 63 97 85 56 80 97 85 95 87 58 51 95 83 68 70 80 77 97 75 72 84 86 55 86 62 61 84 95 85 72 51 77 62 95 89 99 68 71 68 75 
