50 100 200
12
15
20
10
14
11
13
13
19
18
10
17
10
11
10
13
10
18
11
19
14
11
19
17
10
12
13
19
14
19
15
15
11
15
17
12
15
20
18
15
20
14
15
13
11
12
18
15
19
15
20
15
16
17
13
20
18
19
11
18
10
10
17
20
20
15
11
19
11
10
18
16
19
10
20
19
11
15
15
17
12
10
14
18
12
15
14
20
18
15
16
17
10
12
17
19
17
15
19
10
20
16
13
13
11
16
10
10
20
20
15
11
18
12
17
13
14
14
12
12
16
10
19
10
14
19
15
13
16
18
13
13
13
18
18
20
13
11
17
11
20
11
13
20
18
13
11
15
20
20
20
12
14
17
12
12
13
12
16
15
20
18
14
10
18
19
13
19
19
12
18
12
13
11
18
15
12
16
20
17
19
16
19
13
14
13
18
15
17
20
10
12
16
15
20
19
12
19
17
14
1493 24044
1329 29089
950 25786
1029 20288
997 28281
1436 27532
1351 24595
1268 24313
1196 24131
1371 20381
1464 20499
1162 21304
1107 29779
1146 23641
1346 28333
958 27801
1449 22784
1165 29788
1286 28921
1365 20293
1469 28795
1346 26133
1507 24230
1062 23072
905 22327
1235 20017
1290 24547
1125 28355
1152 23611
1157 26729
1019 26574
1223 21634
1163 22591
1002 24271
1451 27777
1375 28951
1137 25384
1239 25681
1415 25677
1139 25643
1136 20226
1199 29665
1069 26395
1027 27963
1301 23537
1494 23154
1187 25143
1170 22032
1141 22694
1142 25895
40 38 37 36 37 39 42 39 37 40 35 36 36 42 39 38 38 45 42 41 36 40 41 37 35 41 36 35 44 40 43 43 44 45 43 41 36 43 40 38 38 35 40 39 44 45 44 42 45 35 38 43 37 45 38 38 42 35 35 42 35 41 38 36 44 40 45 40 42 39 45 41 35 38 39 39 44 36 40 45 39 41 40 38 35 45 36 38 43 41 40 44 35 36 35 36 35 43 39 43 
37 38 39 35 41 41 43 39 41 35 37 35 41 39 36 36 38 39 41 36 45 45 35 44 38 41 42 39 36 38 42 36 45 35 35 42 35 43 45 36 40 38 35 35 37 45 39 42 37 37 37 36 44 42 42 45 40 40 44 41 43 40 40 39 44 40 38 37 39 37 36 35 38 37 44 36 39 43 42 37 45 35 36 45 40 44 40 42 40 45 40 38 38 40 35 40 39 36 38 37 
43 39 40 38 38 40 38 36 38 37 44 45 37 44 35 37 39 45 36 44 35 40 36 44 45 45 42 44 40 39 38 43 44 45 40 36 37 35 38 35 37 42 43 44 42 39 36 43 40 42 39 43 44 37 42 35 45 43 40 36 44 45 41 37 39 41 35 38 43 40 39 40 43 36 45 40 41 45 35 40 38 44 39 45 37 41 44 38 37 36 42 41 35 42 42 39 42 41 37 35 
35 38 40 36 35 44 39 39 36 39 39 45 40 39 43 39 40 44 45 42 45 44 35 35 35 40 37 42 42 40 35 44 43 45 45 42 43 41 38 45 38 45 44 39 41 35 36 38 44 42 38 35 42 37 37 35 35 36 42 35 38 40 39 35 39 38 42 36 38 44 39 43 36 38 35 39 40 39 36 36 44 44 44 35 42 44 37 39 35 45 38 45 36 41 35 39 38 37 36 37 
38 45 36 36 44 38 35 40 35 36 35 42 35 40 37 43 36 37 37 44 40 35 45 38 39 43 45 45 39 35 41 37 41 39 35 44 40 44 37 41 44 38 42 35 40 38 43 40 38 35 44 41 42 41 44 35 37 44 39 44 37 40 37 44 42 41 40 42 42 36 36 45 39 37 45 43 45 43 41 38 38 36 38 45 43 43 44 44 38 41 36 41 43 44 43 40 38 36 35 41 
35 42 41 43 36 43 41 35 44 44 36 40 43 42 39 40 39 43 36 39 43 42 36 38 44 37 38 36 41 43 40 37 43 43 45 37 43 43 39 37 36 38 45 39 40 43 45 37 38 43 42 42 41 44 36 45 45 44 45 40 44 41 38 37 36 45 43 40 45 42 39 37 39 42 36 44 36 44 43 43 37 44 38 38 45 39 43 42 42 41 43 35 45 38 38 38 41 43 42 43 
42 39 38 41 38 42 41 38 37 35 44 43 35 42 40 41 42 37 37 36 45 43 38 40 38 35 41 36 41 44 42 35 39 42 40 45 43 36 36 39 36 42 44 42 41 38 42 44 36 43 45 37 44 43 36 44 37 40 43 37 37 38 42 36 38 45 35 44 39 45 35 41 39 36 42 42 38 40 38 42 35 38 42 43 44 44 41 44 37 44 42 45 42 35 35 41 44 38 40 44 
37 37 40 43 39 38 42 37 37 42 38 43 43 38 37 35 38 37 45 36 35 42 42 43 38 36 36 40 41 44 38 37 43 45 37 35 39 45 36 43 44 39 39 45 40 44 40 44 45 37 45 42 39 35 41 36 45 38 36 38 37 42 35 38 35 35 37 43 38 41 43 43 42 40 37 40 38 39 42 35 37 39 42 41 39 38 36 42 38 41 38 39 38 43 43 36 42 44 39 42 
41 42 41 40 38 35 36 45 40 37 38 44 41 39 44 35 44 37 40 45 41 40 39 41 43 39 44 40 37 36 42 43 39 37 41 39 35 40 37 43 38 42 43 39 42 35 44 41 43 40 42 43 37 42 44 42 42 36 36 41 42 45 41 38 44 42 42 41 44 37 40 38 41 40 37 42 41 37 37 43 37 40 37 39 40 36 45 45 40 39 39 36 42 38 37 41 44 36 36 42 
38 41 40 43 37 38 36 45 41 44 35 37 45 43 38 42 40 39 36 39 40 35 44 44 44 35 35 43 42 41 37 42 37 38 38 40 35 45 39 38 36 43 37 44 38 36 35 45 43 36 42 37 41 42 44 42 45 41 41 42 44 38 39 41 45 39 43 44 45 43 35 40 43 45 38 45 39 41 44 40 35 41 39 41 41 39 43 41 39 36 37 41 35 37 42 45 45 35 42 42 
38 43 43 42 36 45 40 41 45 45 45 40 42 41 39 37 35 40 39 36 35 40 37 45 41 36 38 37 35 40 36 42 38 36 42 43 42 38 40 38 43 36 36 45 37 44 37 40 35 37 42 35 38 37 44 36 40 43 43 43 36 36 44 37 42 39 36 43 35 45 36 45 37 45 36 39 37 45 36 44 44 44 42 45 36 37 42 39 38 38 45 45 38 38 41 45 37 42 36 44 
44 45 41 45 44 43 39 43 40 41 38 39 39 41 38 39 44 38 35 38 38 39 38 38 35 42 45 42 37 43 44 38 38 44 43 38 39 38 35 38 37 42 36 45 40 35 35 43 43 44 36 38 45 41 44 36 36 45 40 42 38 35 43 42 45 35 41 45 43 42 40 40 42 44 39 43 35 35 37 43 41 40 41 39 40 37 38 42 38 39 45 35 38 44 43 35 38 36 45 38 
42 41 42 38 42 43 38 37 35 42 36 35 45 41 40 44 38 42 35 45 37 42 45 42 38 45 37 35 45 41 39 37 40 44 40 41 36 43 42 38 36 40 43 42 40 40 45 40 43 41 40 45 40 44 38 45 37 39 42 35 44 43 41 37 45 35 42 36 39 45 40 43 35 35 43 45 39 40 37 43 36 36 41 40 39 36 43 36 45 40 45 39 40 44 39 44 38 41 41 45 
44 39 43 38 43 39 36 43 40 41 40 38 42 35 44 37 38 35 42 43 35 45 40 41 40 44 43 40 39 39 38 43 41 42 41 39 44 41 43 35 45 36 44 38 41 35 37 44 37 35 36 36 43 45 43 43 36 44 39 36 35 41 43 40 36 36 40 37 38 42 41 40 39 44 38 35 36 45 43 37 45 37 39 44 42 45 43 42 44 41 45 41 36 36 38 35 45 40 36 39 
38 43 43 40 38 42 40 43 41 45 40 41 36 39 35 45 42 42 44 35 44 45 36 45 43 36 41 43 35 35 37 36 45 38 39 36 42 41 41 45 45 36 42 35 36 41 38 37 39 39 38 41 39 41 43 41 36 38 40 40 35 43 43 42 37 41 45 44 42 41 39 42 37 40 43 36 44 41 45 39 41 36 41 36 45 43 44 40 45 35 38 37 36 38 38 40 38 45 41 41 
35 36 36 44 39 41 40 41 40 41 45 44 44 43 40 40 39 45 45 39 35 43 42 45 45 44 38 40 43 40 40 41 44 44 37 38 40 42 40 41 38 37 41 45 36 44 42 37 44 44 44 41 43 40 42 35 40 37 42 35 45 42 43 35 40 45 44 39 43 37 42 37 39 43 42 43 45 41 44 41 39 45 44 37 37 38 45 40 35 37 37 43 38 42 40 44 38 40 38 39 
37 39 36 43 39 39 40 41 45 39 40 39 39 35 42 40 39 44 40 38 42 36 37 37 45 37 39 35 44 35 37 38 44 35 40 42 37 43 35 40 36 40 36 39 45 42 42 43 42 41 41 41 39 43 43 44 39 36 35 42 39 45 40 38 40 41 42 43 43 37 35 40 45 45 42 40 38 43 41 38 38 41 43 35 37 44 42 36 39 35 36 38 38 36 41 36 43 39 35 40 
36 41 40 43 41 42 45 37 39 42 38 35 36 39 39 41 45 40 38 42 35 44 41 44 36 36 36 45 40 37 35 44 45 35 36 38 39 35 42 36 35 43 40 35 44 45 38 39 35 39 38 40 44 40 42 41 42 38 42 44 44 44 36 43 38 35 39 40 39 35 43 35 37 44 41 35 35 37 40 37 36 35 39 35 39 45 39 44 43 37 39 45 41 39 39 42 45 41 38 44 
40 35 35 43 42 45 38 39 37 42 42 44 36 42 38 44 42 42 35 45 41 40 37 42 41 35 41 37 35 36 37 35 41 36 42 38 41 40 40 39 37 40 41 35 37 36 43 39 37 40 43 36 43 37 41 43 38 41 36 45 37 45 42 43 40 45 38 43 39 35 36 41 39 35 40 39 39 38 42 41 41 35 45 40 38 39 44 36 41 41 38 43 38 40 40 35 35 41 45 44 
45 36 43 42 43 35 39 41 39 35 41 39 35 39 39 38 43 45 41 38 42 39 39 36 35 42 40 41 36 43 42 43 41 44 42 40 38 41 44 35 41 41 41 36 42 37 36 39 39 44 35 42 35 45 37 35 45 35 38 37 39 41 38 44 44 38 43 43 39 40 41 43 42 42 36 37 36 41 37 44 40 42 38 35 35 43 38 44 40 43 45 44 45 45 38 39 35 43 37 43 
40 45 42 43 45 42 37 37 37 41 41 41 43 42 38 40 37 35 37 39 39 36 36 44 36 36 45 36 36 40 43 40 40 41 45 41 37 35 38 36 38 35 42 44 43 36 38 42 45 45 37 37 37 44 37 43 37 38 44 38 40 45 36 41 39 40 38 37 37 45 37 35 42 41 44 44 44 40 40 43 41 38 36 37 41 38 35 42 38 36 43 40 39 37 36 36 39 37 40 40 
37 43 36 37 36 38 41 42 41 42 39 37 35 40 41 41 37 35 38 45 42 43 39 41 39 38 38 39 39 37 36 35 37 39 40 42 42 41 43 45 39 38 39 35 40 40 35 43 40 39 39 36 43 38 36 36 44 44 43 42 42 35 38 45 38 39 45 38 38 38 44 36 41 39 44 45 37 45 42 43 43 37 39 44 41 35 43 35 44 43 38 35 37 43 45 44 40 40 40 41 
36 38 36 43 41 36 38 45 39 35 40 37 36 37 39 45 45 40 36 40 35 41 45 45 44 38 39 43 42 37 39 36 41 36 45 40 43 44 42 41 44 41 35 37 38 40 44 45 35 43 45 35 41 45 43 35 36 36 43 38 35 44 41 41 43 37 45 44 38 44 36 44 35 35 43 39 35 44 35 41 37 45 36 39 38 37 41 36 37 35 38 43 40 38 38 37 40 37 44 39 
36 36 42 45 38 41 40 43 36 36 45 45 39 37 41 45 35 39 36 44 35 37 45 44 37 44 41 35 41 37 40 43 40 45 39 43 38 45 36 40 44 39 39 40 44 35 42 45 37 39 39 41 38 36 39 39 39 41 40 43 45 38 39 37 38 42 36 41 37 36 42 44 42 45 38 40 35 36 42 41 44 35 42 39 43 40 44 40 43 37 43 35 35 44 42 41 36 42 44 44 
43 37 44 35 42 37 37 38 38 39 37 43 43 40 37 35 35 45 43 44 36 45 41 40 36 45 39 38 40 36 36 42 35 45 40 45 45 42 41 38 35 43 42 42 40 38 42 42 40 37 41 42 37 43 39 35 40 35 39 39 36 35 45 35 35 42 43 42 41 37 44 45 45 43 44 42 44 35 40 39 38 45 43 37 44 41 44 44 35 43 38 41 41 41 35 40 35 38 35 37 
37 39 38 38 37 36 43 37 44 39 40 41 38 43 37 37 45 37 37 37 37 44 43 35 37 39 35 37 40 41 38 41 36 38 45 41 39 45 38 35 43 44 40 45 40 41 39 41 38 39 39 41 37 43 35 43 42 39 39 45 40 35 44 37 41 36 39 37 43 42 37 35 42 39 35 42 43 38 38 35 43 40 37 40 42 44 35 37 45 40 35 40 38 43 36 42 45 35 39 37 
39 35 40 38 44 45 40 38 44 39 37 42 44 38 45 41 37 43 40 45 44 38 36 36 44 45 37 37 45 45 40 38 35 44 45 45 44 41 38 35 39 41 41 44 39 35 38 41 40 42 45 45 40 44 35 38 38 38 37 40 41 35 44 35 38 38 37 38 42 44 37 39 39 36 45 43 39 42 43 40 43 40 38 40 44 41 36 36 45 35 35 41 37 44 38 35 39 35 43 36 
35 36 36 37 45 43 40 35 42 44 42 44 41 35 42 43 38 35 43 39 38 44 36 39 37 39 36 39 44 39 37 41 39 35 40 35 42 45 38 45 40 43 42 36 45 45 37 38 35 45 36 40 41 43 45 44 41 44 35 42 40 45 44 37 35 43 44 45 44 42 38 35 36 41 43 41 45 35 41 36 42 43 42 38 43 45 37 41 35 36 43 37 37 41 44 45 40 39 42 38 
45 38 42 40 40 36 36 41 36 36 39 43 44 37 45 37 42 36 40 43 38 37 44 44 36 44 39 38 39 35 41 40 42 37 41 37 45 40 35 35 35 37 35 41 44 39 44 44 41 44 45 36 36 37 44 35 39 44 35 43 36 40 43 40 43 43 38 45 37 36 45 40 43 39 37 45 39 36 44 38 43 35 40 42 37 45 39 45 39 38 38 43 41 42 40 35 36 45 40 35 
44 43 36 43 44 35 37 35 45 36 42 35 42 44 45 45 42 35 43 42 35 37 42 35 37 38 40 38 40 37 45 35 38 40 45 43 41 43 45 37 36 38 39 44 41 43 40 39 44 42 41 42 35 43 36 44 40 40 40 45 40 39 44 44 42 35 37 43 39 44 41 43 40 39 38 44 35 37 45 42 37 35 43 44 45 41 42 42 36 35 43 36 37 42 44 42 44 41 37 45 
45 45 36 35 36 42 43 40 37 44 39 44 36 37 37 43 43 41 41 36 41 36 38 43 39 36 41 41 37 40 45 36 43 36 40 37 39 39 44 45 37 40 44 44 41 37 41 42 36 45 41 38 36 37 36 35 40 38 36 45 38 36 44 38 40 43 35 44 45 37 41 41 44 38 36 40 44 40 44 37 45 44 40 38 41 38 37 41 36 45 39 40 40 35 37 43 42 39 39 38 
43 37 41 39 42 41 45 37 38 39 42 42 41 41 43 39 41 40 40 41 36 40 44 45 45 44 41 39 43 44 44 35 37 45 42 40 36 35 41 35 35 41 37 41 36 41 44 35 38 35 42 44 35 42 37 44 44 45 44 35 36 37 39 40 37 40 41 42 44 39 39 42 45 36 41 44 38 36 45 36 43 38 42 44 39 43 41 38 44 36 41 39 42 41 35 39 42 40 42 41 
35 45 43 45 36 38 37 39 40 43 36 40 43 41 43 38 40 40 41 41 42 37 44 44 40 40 39 42 36 36 43 39 39 36 44 45 38 39 36 41 44 41 45 44 44 41 42 38 44 38 37 41 38 42 44 35 43 37 44 43 40 38 36 45 43 45 39 38 43 43 39 41 44 36 36 40 41 43 41 41 41 36 39 43 44 40 35 40 35 42 37 39 45 45 36 39 41 37 44 44 
36 40 41 40 36 41 35 38 42 41 36 41 40 43 43 41 42 44 37 43 43 43 35 43 41 41 40 40 38 45 42 40 39 40 45 42 37 35 37 35 43 43 39 42 45 45 38 44 42 36 42 44 43 40 42 45 35 37 38 44 35 42 38 39 39 35 45 44 41 37 42 36 36 43 45 41 45 37 45 42 38 40 43 38 44 37 36 45 38 35 41 39 35 44 40 42 36 37 35 36 
35 35 44 44 38 36 37 37 35 43 38 43 35 36 39 35 43 43 43 35 42 37 44 36 36 41 45 39 40 45 41 37 42 40 39 40 44 36 44 44 38 44 38 40 44 42 39 35 40 40 45 38 42 45 44 44 36 45 36 38 37 37 39 41 40 39 42 41 40 41 41 38 42 37 35 37 45 38 42 41 43 38 36 41 41 37 44 40 40 45 38 35 36 42 45 41 42 35 42 40 
43 45 37 37 43 37 36 39 38 43 41 41 38 42 37 43 37 36 36 35 43 40 39 35 36 42 40 45 44 35 43 37 44 43 44 45 36 40 44 37 37 45 40 38 41 41 35 40 38 39 36 42 35 40 37 35 43 39 42 37 45 37 40 35 35 38 37 35 40 42 36 44 36 45 39 45 42 36 42 45 38 41 45 35 45 42 39 35 42 42 40 42 40 39 35 36 43 42 45 44 
40 35 36 39 40 41 37 39 45 44 38 43 42 43 39 37 36 41 38 36 43 40 44 42 41 38 42 40 45 41 37 45 41 39 38 42 40 45 40 41 45 37 38 36 35 35 44 36 37 44 35 39 41 39 39 43 45 45 43 35 40 43 42 37 38 42 40 35 45 43 39 42 45 39 40 43 40 43 43 39 37 39 43 43 42 35 40 36 45 43 39 43 37 40 44 40 41 40 37 43 
36 42 41 36 37 35 44 43 38 37 44 41 41 39 38 43 35 39 37 41 39 39 36 45 39 37 38 40 41 43 40 39 43 38 42 35 37 41 37 35 43 43 39 45 41 44 40 40 35 35 36 37 36 45 44 41 43 44 42 39 41 41 42 39 37 44 43 36 39 42 40 42 42 39 39 42 35 39 36 43 43 37 37 44 35 41 45 41 45 38 44 36 41 35 36 43 41 44 43 44 
38 35 42 35 36 44 38 40 41 42 42 38 38 45 37 38 41 38 45 45 45 42 35 45 41 36 42 38 42 39 36 38 44 44 35 37 36 45 41 45 43 37 41 36 44 40 39 40 42 37 37 40 36 40 43 38 44 36 44 40 41 42 39 43 40 36 45 35 45 41 35 37 40 37 35 43 40 43 41 43 43 38 39 45 44 39 45 39 45 35 36 36 38 36 38 37 43 42 45 38 
35 42 41 39 37 41 39 42 40 44 38 35 44 36 44 38 39 42 35 37 39 38 44 35 36 45 44 37 41 36 45 45 43 42 43 41 45 35 36 43 39 38 44 41 45 45 36 38 39 41 43 38 41 40 38 44 45 37 44 39 43 43 43 41 43 40 45 41 37 40 38 39 41 45 40 37 43 37 43 38 38 38 44 42 37 43 44 41 36 36 40 35 37 39 37 42 36 38 42 36 
39 39 40 38 41 38 38 38 40 41 39 39 36 39 40 38 45 36 41 36 44 41 43 35 43 41 45 37 45 37 41 40 35 37 41 45 40 38 40 38 39 35 45 40 35 45 44 36 41 36 36 43 37 38 42 36 39 42 38 43 43 40 37 42 36 41 39 44 43 38 36 37 44 41 36 42 41 45 36 36 45 44 39 45 39 40 40 35 44 41 36 42 37 40 42 35 43 39 39 42 
39 35 37 38 40 45 44 36 43 45 35 35 44 41 43 39 35 40 36 38 35 44 39 38 36 37 45 44 40 43 39 36 40 37 39 43 41 43 39 42 37 45 45 43 38 42 36 45 45 44 38 38 44 35 45 38 42 42 43 38 42 38 36 38 43 43 35 43 36 44 43 42 43 43 42 42 36 41 36 43 43 39 41 43 44 37 43 37 41 42 41 44 42 36 35 39 36 39 41 44 
45 45 37 43 37 44 41 37 42 41 35 39 38 42 44 35 42 42 36 41 45 45 38 38 43 35 36 44 42 42 40 40 42 35 36 41 40 39 41 39 36 39 37 44 36 45 40 39 40 39 37 38 45 37 40 36 41 38 36 42 38 38 40 38 44 43 40 37 39 35 39 35 42 38 35 35 41 42 40 37 39 37 35 37 36 40 37 41 43 36 41 45 39 35 38 36 41 42 42 39 
40 36 43 42 38 41 37 45 45 45 42 41 45 45 45 36 36 43 35 39 36 35 39 36 37 42 44 40 42 44 44 40 35 44 42 45 35 45 38 43 38 44 39 39 39 40 41 42 45 38 36 45 38 35 36 42 39 37 45 35 42 42 45 42 43 39 44 44 35 42 35 40 41 40 40 36 38 43 45 36 39 36 42 42 35 39 35 42 40 39 38 40 37 44 42 38 43 44 39 39 
40 37 35 36 45 39 36 41 45 40 43 35 39 35 35 37 42 35 44 38 42 43 42 43 36 44 39 35 36 42 39 45 45 40 35 45 38 45 38 40 44 42 40 44 45 38 44 43 36 35 41 45 35 44 37 38 40 40 36 38 41 44 44 43 45 41 40 42 36 43 37 43 39 39 43 44 43 36 41 36 38 45 35 36 40 41 43 35 36 42 43 43 36 43 38 42 37 38 39 44 
39 37 39 42 41 35 40 38 41 43 37 44 36 42 38 41 39 38 43 44 45 41 44 37 36 45 36 39 44 42 45 36 41 44 39 38 39 37 43 40 37 42 43 43 36 37 40 38 36 44 35 36 42 35 35 37 44 37 44 41 44 43 39 36 36 45 35 45 43 44 45 42 37 41 38 35 45 38 39 37 39 43 39 35 38 36 41 44 40 37 40 37 37 45 40 43 44 44 35 36 
38 35 41 41 43 40 36 41 43 37 41 39 45 43 38 38 45 44 45 39 37 45 39 43 41 35 36 43 35 40 44 37 41 39 37 40 38 37 44 36 39 36 43 45 40 36 43 37 39 44 39 37 39 42 40 39 38 40 37 45 42 38 44 38 43 40 43 42 43 38 45 37 43 41 35 35 40 35 42 41 44 35 45 38 44 43 42 36 41 40 42 44 44 43 43 45 45 44 45 38 
43 38 40 44 43 44 39 41 40 43 39 42 41 35 35 43 41 44 45 42 38 35 40 37 37 37 42 36 40 35 39 37 39 40 45 36 35 38 45 42 35 40 36 38 39 43 43 35 42 42 40 35 36 45 36 39 41 43 38 44 39 38 42 45 35 43 42 45 42 40 39 36 40 36 42 37 37 41 41 44 37 45 41 42 37 43 45 45 41 39 37 39 37 43 35 35 37 45 40 40 
40 45 37 44 41 40 35 35 44 43 45 37 42 43 37 40 40 41 39 43 45 42 35 42 41 39 37 40 42 35 45 39 44 40 42 37 36 42 45 36 36 36 41 36 39 42 40 36 44 39 38 37 43 38 40 44 41 35 38 36 44 44 37 36 35 44 38 36 45 40 40 45 37 44 36 42 35 41 44 42 39 35 37 35 44 35 43 35 44 42 44 41 35 41 38 35 44 45 44 41 
37 38 44 40 39 40 40 36 44 37 39 38 38 36 36 35 42 36 40 36 38 43 39 39 44 39 38 38 36 44 39 39 45 41 38 36 42 45 43 35 43 44 36 36 38 39 37 45 37 43 38 44 39 37 40 40 43 36 43 37 43 42 37 40 44 38 44 39 45 37 38 44 44 37 36 36 38 40 44 38 41 40 39 45 38 36 39 35 36 38 43 45 42 43 39 42 35 39 36 41 
468 11348
520 8215
489 8996
588 8323
465 11002
753 8573
673 10675
666 10435
565 10646
535 8995
531 9773
556 10084
723 10754
510 8751
658 9011
716 9282
478 11395
697 11370
679 10186
613 8455
661 8520
539 8714
725 11707
507 11774
573 8667
653 10939
753 10974
697 9229
511 10549
741 8077
665 9339
750 11175
485 10516
754 11292
507 10674
607 8816
744 10575
515 9474
646 9940
647 9012
547 10153
512 8706
662 8849
553 11743
464 11629
473 8539
720 8754
633 8456
465 10086
585 10136
741 10221
611 8235
699 11994
467 8742
633 9702
580 8558
673 9674
593 11915
638 9918
621 8259
588 8131
675 11613
715 11183
523 11929
724 9211
488 8496
509 9890
710 9584
714 8164
542 10817
477 11803
728 10987
510 9661
604 10879
472 11876
528 11739
612 10231
545 9909
633 10337
474 11201
651 11146
455 10277
691 11793
698 9885
472 11287
725 9261
556 8008
717 9958
688 11059
461 10571
668 9480
670 8761
479 9093
545 11831
696 11692
591 9277
593 9239
726 9513
688 8696
751 9386
993 974 837 851 831 991 927 955 868 991 822 818 946 897 971 876 927 907 900 968 950 957 877 836 826 810 829 809 979 867 895 871 894 997 890 938 819 935 876 823 945 828 803 978 898 869 829 809 906 834 888 919 891 956 920 987 989 939 952 933 998 811 917 993 995 886 980 852 902 851 827 981 825 996 884 900 968 954 987 851 816 883 886 856 856 965 850 982 877 944 805 829 851 887 931 981 831 804 822 963 983 937 942 878 933 802 944 805 860 919 997 982 866 845 842 899 870 825 872 814 912 927 868 823 1000 930 827 833 848 915 878 924 875 933 923 889 956 896 976 925 850 909 809 975 824 997 921 883 860 976 872 967 924 828 949 839 875 990 967 892 875 927 926 967 936 922 803 838 948 954 870 844 984 889 972 930 931 977 914 862 892 925 848 868 893 913 982 957 915 870 937 810 926 940 836 832 986 934 834 858 
845 947 872 983 999 951 1000 946 866 865 805 931 980 848 926 876 937 834 859 937 989 995 954 835 848 847 899 968 946 895 869 976 955 837 830 952 890 970 893 995 982 890 826 839 859 904 996 875 933 917 878 956 907 911 814 964 805 848 960 803 862 874 924 816 961 986 825 836 995 949 899 957 839 848 935 907 904 987 802 874 967 817 975 914 927 948 907 996 958 957 983 934 977 848 961 844 817 853 804 977 984 945 807 890 922 985 834 875 987 957 803 907 865 861 806 968 867 864 869 870 946 955 905 878 819 878 810 956 834 973 880 863 843 844 871 817 904 892 977 875 961 966 981 828 873 955 818 853 900 822 941 966 952 820 956 892 814 891 828 901 943 844 903 925 975 801 944 944 869 869 852 879 813 874 870 937 823 833 980 843 956 908 984 993 822 870 804 908 877 842 980 806 954 843 901 812 967 919 956 905 
990 912 805 834 980 803 939 876 820 973 849 896 883 912 998 957 898 919 991 950 848 847 932 916 931 921 803 923 940 928 948 987 865 983 884 932 900 890 940 823 848 832 816 924 965 920 881 862 940 937 927 874 935 950 866 824 968 833 992 866 974 991 829 997 885 983 809 903 808 939 902 887 851 996 935 931 848 849 840 913 922 915 969 903 896 885 929 980 893 948 821 815 939 828 897 844 910 905 955 812 984 894 828 886 979 990 986 925 999 845 883 837 963 825 800 828 803 964 971 959 842 814 944 935 983 818 806 803 978 825 973 970 845 844 804 837 883 897 920 935 944 901 935 905 983 881 842 976 852 815 929 914 919 976 899 848 941 975 995 824 966 895 960 841 838 867 882 934 806 951 895 801 994 990 983 825 902 951 944 967 846 938 841 919 815 856 842 973 870 988 980 874 949 841 961 833 837 916 984 941 
999 848 987 854 801 890 958 839 868 923 909 899 892 819 930 988 994 968 931 816 979 804 852 861 997 806 881 847 999 843 838 994 840 890 914 828 840 876 915 964 917 838 856 870 973 943 803 813 858 911 832 934 993 989 825 899 980 992 890 906 825 834 873 804 917 982 825 889 965 901 941 847 888 804 993 986 817 820 919 936 801 973 968 876 858 858 953 1000 896 866 965 919 875 897 846 889 999 854 857 892 960 953 951 823 838 904 845 904 979 840 889 962 990 989 999 916 829 843 973 875 952 811 964 989 989 845 819 872 920 888 862 992 911 916 877 809 811 998 951 874 945 980 950 814 919 988 805 887 970 993 882 922 991 944 992 959 927 817 839 935 879 975 937 849 850 805 832 826 964 945 828 991 923 859 946 837 993 907 854 815 986 930 994 925 817 955 914 873 906 991 852 953 855 845 876 845 997 997 858 903 
855 864 953 801 968 921 927 905 897 884 888 841 942 948 925 932 974 897 946 947 947 832 992 862 967 863 927 905 819 923 897 906 858 803 897 930 862 800 922 949 927 939 985 951 988 848 967 958 963 865 958 962 919 981 981 825 929 816 976 948 884 819 989 990 988 902 824 895 979 916 952 948 943 990 982 863 924 974 992 886 861 904 928 845 946 901 941 994 837 913 960 908 878 805 820 839 854 877 915 962 810 951 942 968 880 882 990 843 862 854 815 979 867 974 965 848 881 841 905 919 925 801 817 800 918 876 907 957 884 859 886 822 818 951 806 803 924 944 826 870 920 975 862 834 995 886 860 980 930 845 906 995 856 941 866 814 887 867 880 939 917 968 820 832 979 857 804 807 846 862 894 829 938 912 856 996 874 997 930 892 860 818 895 928 958 874 878 985 989 903 945 997 817 841 810 848 845 927 955 950 
941 879 839 852 929 847 908 803 985 969 887 951 921 900 803 916 991 905 931 926 897 825 800 826 872 896 946 875 814 950 970 816 812 959 907 993 927 867 991 898 813 869 936 914 886 957 940 967 898 977 921 929 832 888 802 857 958 829 835 964 996 947 853 971 888 824 953 872 930 998 1000 851 975 810 930 905 817 887 932 991 821 957 884 883 967 830 982 808 802 835 845 843 895 971 905 911 812 949 980 894 942 910 850 837 976 807 928 806 985 908 851 983 961 949 959 824 909 922 946 990 954 875 901 888 820 880 969 854 873 827 836 917 904 916 975 830 821 844 927 933 999 966 949 909 949 858 808 922 967 958 869 981 974 857 883 904 890 914 921 932 908 954 985 952 877 869 982 818 876 950 818 830 887 988 944 806 825 908 865 891 984 863 864 863 971 848 939 948 892 931 825 913 861 901 956 876 884 890 855 952 
848 869 937 824 853 953 891 900 971 809 997 921 835 837 972 840 847 895 1000 925 899 963 976 891 839 896 944 877 935 896 802 834 920 846 900 938 990 815 892 976 955 922 820 839 988 813 808 847 924 861 847 947 857 878 810 968 949 905 930 922 805 914 956 859 888 928 858 848 865 838 866 954 946 996 948 804 900 866 911 940 860 884 883 953 823 841 882 861 880 889 865 813 802 982 908 857 931 981 826 987 857 993 925 811 946 823 987 963 906 961 855 907 915 839 904 951 938 905 810 928 935 851 822 841 960 836 817 857 940 802 926 885 990 852 997 976 844 837 864 859 972 993 909 842 982 803 835 996 928 970 881 838 919 952 842 866 831 976 876 926 832 818 852 826 958 932 970 879 945 810 955 855 928 892 857 826 831 941 901 974 889 862 879 803 932 880 836 905 927 807 895 946 818 800 826 904 851 823 945 883 
936 975 834 808 952 859 852 998 864 952 978 843 950 929 965 822 865 908 962 961 817 847 907 962 992 938 891 839 865 984 887 836 858 944 853 883 882 801 961 853 830 925 975 881 974 956 825 969 824 822 903 811 999 881 896 926 816 953 958 986 834 802 900 823 876 937 809 933 991 856 927 842 886 842 878 857 848 841 923 863 927 822 883 913 886 947 902 993 948 972 967 886 904 978 916 986 877 972 875 861 838 890 968 981 824 973 840 901 877 991 820 804 994 850 991 826 962 801 948 954 895 917 972 818 999 803 814 878 989 930 900 942 997 966 914 954 890 909 972 877 980 939 848 882 897 883 953 965 881 830 991 892 946 951 869 933 887 939 924 848 890 916 991 976 906 973 862 990 859 864 845 802 950 880 940 997 852 907 939 867 949 954 845 803 837 985 845 983 986 929 808 888 967 944 817 915 877 827 876 849 
977 972 826 951 834 951 861 926 860 863 877 918 843 947 809 904 986 995 904 909 859 950 828 836 891 896 923 998 928 825 832 941 810 803 906 997 996 840 938 801 980 918 922 934 875 962 824 911 891 943 914 918 944 804 887 950 888 897 841 1000 949 874 983 948 849 948 896 899 822 874 935 883 813 896 934 932 804 917 912 951 929 968 877 896 816 895 877 851 960 967 977 884 830 891 858 800 828 833 922 885 891 963 884 949 997 862 972 817 968 983 811 969 839 807 871 911 945 865 982 805 950 911 822 926 821 854 830 859 811 860 827 809 951 881 984 978 962 811 998 970 995 825 976 885 972 889 939 808 966 956 904 807 881 875 852 891 844 939 837 954 953 929 857 964 991 976 972 921 941 801 874 868 858 948 981 914 813 903 891 869 875 926 927 842 870 938 869 850 834 916 855 890 899 858 997 861 963 856 984 808 
840 949 832 902 903 957 870 837 856 838 804 950 921 884 870 901 823 840 964 920 914 912 903 918 890 991 901 988 865 972 847 877 977 872 995 833 845 865 995 850 881 805 945 953 863 871 895 963 801 944 980 949 909 953 818 971 824 894 833 949 982 800 987 817 999 921 825 837 927 990 924 981 996 821 800 913 973 898 897 808 923 803 851 912 810 969 823 914 936 907 901 837 869 805 801 978 858 935 968 907 884 924 857 985 965 908 914 903 978 957 867 1000 838 969 933 817 994 889 827 872 924 978 945 873 998 942 870 943 903 857 848 939 862 939 926 972 833 828 892 981 989 907 805 892 919 941 873 935 942 864 995 858 916 856 874 924 871 942 992 861 949 804 835 853 924 866 903 975 833 986 855 858 840 866 929 840 937 883 875 871 863 836 940 947 875 911 882 966 996 951 829 883 998 970 967 858 815 926 903 887 
935 939 998 841 947 818 922 961 956 928 922 819 922 956 934 974 976 993 969 877 908 812 994 1000 932 815 952 968 824 831 865 985 857 857 971 964 989 951 852 935 982 935 988 897 805 890 862 891 892 885 857 952 997 805 972 826 841 981 935 867 831 919 911 942 975 995 830 904 956 882 988 879 914 950 888 814 818 899 994 979 856 855 926 902 907 939 816 923 964 907 809 929 971 801 907 956 833 832 934 958 926 920 845 836 972 931 996 951 835 852 906 952 970 838 858 900 976 858 846 918 884 955 829 917 875 894 939 864 913 839 1000 961 873 830 935 869 902 936 848 915 800 984 913 805 951 931 902 960 921 879 939 858 859 950 859 996 800 822 852 879 1000 890 840 993 901 840 907 903 887 837 859 838 920 981 957 828 805 973 948 900 929 853 866 802 977 919 826 816 900 981 994 875 989 814 926 863 884 856 952 855 
942 836 842 963 960 878 807 887 860 910 829 949 915 917 807 904 825 973 977 954 867 838 872 824 802 876 814 846 817 838 957 874 821 815 961 909 983 823 864 805 990 839 808 820 933 877 809 826 954 919 864 885 911 812 869 804 814 967 968 880 985 948 825 845 881 933 900 945 988 905 847 811 946 803 847 833 915 881 879 805 806 891 825 803 849 873 873 804 1000 892 893 862 844 800 801 912 823 944 969 979 804 994 992 939 804 947 983 987 890 997 806 907 993 995 970 851 923 921 853 829 870 921 960 993 948 804 997 870 831 806 982 994 912 1000 956 989 891 908 888 983 1000 977 862 983 937 991 812 844 964 880 818 827 954 895 980 994 848 800 849 881 906 957 831 853 814 914 944 871 946 939 817 906 999 979 989 836 917 877 838 885 886 806 877 932 806 902 994 957 870 894 950 957 833 820 801 924 895 974 833 896 
851 917 802 934 961 968 960 933 921 950 898 973 884 813 911 879 921 915 871 941 867 824 869 1000 908 829 978 912 840 938 848 997 938 858 827 819 859 859 956 942 881 841 803 990 979 910 855 973 821 841 835 988 806 952 980 919 841 852 897 821 962 806 901 865 978 951 992 946 992 810 931 911 915 821 946 882 969 909 836 929 994 882 889 910 888 870 846 802 871 821 819 850 867 933 894 950 800 873 872 977 990 909 930 846 839 890 913 834 920 839 974 947 973 980 974 860 853 890 852 978 941 964 948 917 927 936 927 929 834 815 861 868 958 868 867 837 830 890 815 929 864 931 981 844 836 981 834 969 840 942 853 848 877 804 813 819 800 861 864 993 873 936 951 813 980 966 975 954 817 881 866 933 985 893 885 820 801 813 831 817 997 881 821 858 946 894 938 836 911 905 1000 989 840 956 899 873 838 824 915 887 
862 845 884 959 911 860 983 818 801 951 969 811 898 887 839 914 852 992 927 958 959 971 978 830 872 914 960 1000 841 988 978 996 803 832 998 864 953 809 807 957 934 986 958 814 951 998 839 847 869 965 914 938 884 979 860 918 802 846 866 946 931 1000 805 817 822 841 871 818 875 825 848 866 807 946 912 913 953 931 876 961 803 823 986 968 966 959 973 998 872 908 821 871 946 856 825 859 911 931 992 871 897 822 912 888 982 954 915 877 903 829 955 818 960 823 806 845 982 903 927 947 847 833 966 854 859 916 981 865 820 825 967 832 905 944 800 981 835 808 872 881 886 843 824 815 883 845 937 897 833 943 869 861 953 954 848 881 989 854 813 943 847 859 886 978 840 880 975 940 886 913 930 964 966 990 912 937 940 871 808 947 888 938 927 859 838 961 949 992 863 1000 900 939 808 966 940 821 804 979 864 885 
916 923 820 898 838 942 900 881 890 917 932 962 995 931 822 960 925 966 874 819 846 803 863 983 975 900 900 843 997 843 978 998 806 868 902 923 809 938 895 967 885 856 956 990 827 805 944 933 804 899 833 924 903 828 836 930 957 894 912 842 881 852 925 838 945 974 939 882 851 884 829 994 939 860 802 927 957 942 813 905 944 801 945 834 937 815 977 952 849 897 819 946 911 980 850 846 805 991 826 819 843 984 946 842 947 923 915 860 986 924 851 940 891 897 912 988 907 955 949 834 870 907 944 948 828 949 972 827 979 970 950 950 886 881 967 842 837 800 871 804 891 808 916 817 956 911 819 895 868 847 856 939 922 807 890 836 832 820 878 821 894 827 888 911 905 956 841 981 911 993 898 951 956 804 879 855 812 811 946 851 818 960 917 867 847 877 898 893 810 992 938 885 803 868 834 905 997 846 833 848 
822 855 991 874 824 821 970 937 937 820 913 984 873 867 955 970 942 902 994 965 819 885 864 806 920 896 956 993 988 887 993 837 947 989 837 882 903 827 912 869 985 997 939 914 986 948 982 861 893 865 877 846 849 991 900 850 815 848 831 928 955 961 887 987 912 898 889 917 938 834 805 922 854 954 842 934 983 868 933 899 803 992 837 808 867 874 993 987 820 995 834 888 854 864 891 906 868 955 937 869 991 996 917 927 995 953 907 945 883 941 805 915 992 869 986 853 843 908 828 933 940 872 820 959 886 913 847 919 913 974 906 981 979 835 953 941 944 899 847 995 945 879 812 861 887 985 953 959 989 858 983 839 969 838 866 824 957 933 901 819 870 915 893 997 887 878 808 995 860 908 996 987 996 1000 816 948 827 893 887 934 847 870 879 875 939 982 856 968 839 956 871 802 947 888 968 958 884 909 987 841 
950 927 830 821 805 809 808 860 814 972 996 851 810 965 937 882 862 978 998 830 857 983 820 928 983 963 808 939 873 985 889 887 850 981 937 901 980 863 828 892 971 998 936 930 953 831 932 934 918 893 858 880 998 920 894 951 811 931 919 806 927 877 845 927 842 827 994 925 973 991 853 979 888 950 834 861 943 854 980 939 859 807 851 894 888 896 881 949 812 898 916 885 945 961 802 840 907 823 839 871 870 814 989 927 963 878 891 970 824 867 849 939 884 938 863 966 833 880 909 886 952 885 988 865 902 829 839 874 870 821 810 933 901 918 843 879 954 950 902 823 810 824 949 971 969 988 833 883 899 964 954 886 925 840 970 943 806 951 996 975 909 962 854 986 931 881 905 835 804 999 964 911 827 976 932 924 877 868 892 975 832 862 878 928 981 832 883 837 913 921 861 924 972 837 809 814 942 947 963 999 
816 868 869 822 868 954 907 902 879 924 930 981 908 956 806 850 831 864 926 847 967 871 990 909 913 867 805 999 845 807 959 821 871 942 996 835 886 907 803 889 998 841 994 927 837 905 823 915 878 986 903 910 890 909 932 918 995 924 849 824 825 889 873 915 884 883 954 996 984 936 869 807 811 978 902 858 939 962 869 912 904 924 811 915 868 806 954 917 809 894 949 808 851 971 920 960 861 920 868 956 821 987 882 939 922 990 839 883 860 963 1000 939 831 908 935 914 960 976 908 853 841 972 993 841 811 883 940 810 930 941 933 860 901 872 957 903 994 925 831 953 986 821 984 870 858 978 969 996 834 974 925 960 871 968 996 811 908 854 924 954 852 905 988 949 992 828 935 984 814 932 871 832 854 909 981 836 939 982 996 804 824 902 832 840 800 960 948 883 812 839 813 880 881 853 803 926 862 937 888 868 
868 968 997 829 969 853 979 911 960 872 919 831 904 939 898 878 831 980 929 803 854 872 804 857 814 924 818 897 921 979 810 900 984 900 856 807 888 995 828 996 823 988 905 979 821 931 911 832 895 952 825 895 933 823 814 941 907 989 817 815 902 831 836 910 819 975 902 979 986 893 997 894 842 807 846 955 992 883 947 857 855 818 952 927 854 967 811 861 887 974 953 854 840 871 905 851 958 989 853 894 844 833 985 896 983 873 993 939 811 889 856 808 828 925 889 983 945 881 971 813 985 810 961 900 868 885 988 942 819 933 810 804 962 943 826 837 947 981 996 906 863 810 976 857 883 969 918 932 955 898 900 949 987 942 970 863 884 814 933 926 990 936 996 880 833 971 836 973 942 958 943 810 861 852 810 981 948 989 908 961 1000 815 963 911 959 884 855 986 946 976 875 976 854 864 894 942 905 848 915 936 
953 936 925 829 960 912 818 974 884 889 857 823 990 901 842 819 925 944 988 903 811 859 963 828 998 815 993 823 902 972 985 812 824 888 875 920 813 856 846 823 979 903 844 869 936 976 886 877 960 994 801 920 852 816 888 961 872 984 988 871 896 988 947 842 846 881 803 990 922 996 861 957 887 934 812 817 925 981 910 997 973 912 831 990 992 930 854 974 806 992 991 848 975 951 996 909 857 961 809 979 827 861 936 942 947 886 877 933 827 819 866 819 968 817 807 897 809 978 826 823 903 985 864 859 951 838 812 996 948 896 906 956 982 846 829 889 803 914 878 979 891 957 880 996 863 838 971 915 944 903 978 844 898 874 933 859 865 861 972 960 874 834 814 848 845 868 973 945 809 981 867 868 873 969 997 850 817 958 901 923 847 850 950 918 924 963 864 903 866 975 958 992 936 837 803 839 977 977 875 824 
827 961 896 914 862 899 920 902 987 836 927 997 820 969 990 903 917 925 910 837 810 894 874 922 924 850 941 893 864 902 829 916 919 931 858 951 929 806 842 978 811 924 814 979 927 919 862 904 861 858 981 981 819 821 964 941 898 932 893 944 875 934 897 835 1000 817 968 915 879 815 874 951 879 836 808 916 898 924 809 834 908 993 803 941 819 822 904 829 927 972 983 804 868 906 885 947 936 915 815 883 843 835 892 818 994 1000 892 925 894 921 952 956 998 818 987 936 995 990 937 925 827 864 870 988 970 820 913 912 816 953 958 842 979 883 850 915 802 807 963 856 941 833 880 876 841 988 952 927 852 967 821 875 868 952 817 850 987 873 945 907 966 948 863 841 926 815 917 987 879 856 903 948 899 954 961 820 866 856 858 826 882 972 906 920 805 873 838 847 922 899 869 864 827 983 820 942 848 928 988 939 
897 977 910 880 991 942 817 995 893 927 918 948 922 933 931 948 918 893 984 829 835 897 932 886 919 835 840 937 812 801 835 919 811 939 810 929 937 907 810 831 966 821 853 855 967 812 904 859 992 958 826 806 812 989 829 884 979 919 948 854 952 836 885 804 940 811 996 862 818 992 942 891 996 824 900 994 981 826 874 925 910 991 966 881 858 854 994 979 882 925 847 837 869 879 814 947 897 976 859 948 967 868 911 961 878 854 966 808 803 983 837 999 990 864 829 955 968 945 960 924 859 880 882 924 992 823 937 908 998 994 929 948 973 903 898 856 833 907 920 868 897 814 925 930 895 923 909 909 848 826 807 971 854 896 953 830 847 938 889 835 832 844 882 925 898 986 981 963 814 980 812 820 805 907 944 861 819 817 886 830 834 917 848 906 967 932 919 968 924 974 903 997 987 840 967 840 807 875 907 827 
886 975 841 926 955 856 916 844 841 873 965 886 886 859 835 807 857 846 976 931 873 922 818 929 936 821 836 964 876 957 810 964 887 855 846 846 886 912 993 952 882 937 835 930 887 855 850 938 959 883 859 858 997 948 939 861 934 901 842 918 861 826 803 892 945 961 999 976 842 855 932 884 831 959 852 923 887 874 847 807 908 968 964 869 830 897 803 993 850 928 906 947 829 832 935 901 973 876 995 896 975 901 876 962 940 937 886 848 973 813 859 836 836 846 920 814 879 812 831 931 867 940 893 976 903 936 840 935 948 858 929 961 981 829 977 825 878 853 845 908 986 844 905 918 806 917 846 928 884 968 873 953 893 810 923 939 923 888 929 888 864 828 891 917 855 855 875 847 867 959 881 905 825 979 853 847 868 909 895 826 880 879 908 834 845 811 858 889 890 920 854 976 980 877 915 954 889 812 968 920 
877 953 925 813 813 864 874 822 911 875 959 835 890 940 826 894 899 814 864 829 980 898 915 842 802 902 942 932 875 800 846 989 881 815 832 930 975 988 816 897 897 812 848 889 936 982 826 807 877 968 833 974 947 969 960 811 827 892 805 891 969 989 801 956 908 972 891 821 883 944 941 933 997 931 930 837 807 830 932 830 973 848 946 843 863 856 853 803 880 970 962 807 932 990 950 872 883 808 833 945 999 944 985 836 827 903 941 933 985 887 989 878 844 835 854 898 800 969 815 840 873 939 806 922 939 833 813 997 959 835 894 826 987 834 997 848 803 820 916 923 938 810 880 911 803 880 901 849 974 833 887 852 965 967 864 827 862 877 814 888 915 873 995 921 818 860 912 845 873 839 957 894 851 931 856 840 977 991 898 876 887 818 911 923 848 960 845 863 998 819 814 953 806 929 869 882 853 815 839 870 
934 948 987 844 805 886 847 933 849 893 989 956 990 933 891 851 800 847 957 828 946 847 905 807 848 979 839 856 863 913 830 847 906 835 811 864 805 822 806 981 918 935 845 901 846 857 887 801 867 936 894 841 929 910 919 844 957 879 880 980 870 892 927 974 990 882 921 925 924 879 975 924 980 848 962 982 918 973 878 953 890 904 874 917 935 893 826 866 918 937 878 930 983 839 883 913 874 837 979 905 986 857 897 964 867 995 968 823 922 805 868 877 941 962 823 884 863 866 876 866 853 978 966 931 867 847 884 988 972 854 849 924 871 905 959 921 845 915 940 945 901 960 943 864 973 882 945 803 861 958 888 935 999 866 847 963 810 956 833 832 945 898 933 804 869 929 854 991 882 835 846 808 977 967 880 968 983 936 824 840 816 848 868 893 884 843 999 980 956 937 910 821 862 978 851 890 906 909 956 950 
824 831 897 930 986 977 869 896 935 843 922 862 883 820 846 978 871 888 851 837 908 921 830 939 972 879 964 952 967 1000 894 1000 960 984 800 866 982 802 993 937 934 803 838 870 842 884 910 811 858 959 931 867 939 997 916 985 865 932 863 818 816 824 800 955 953 958 867 904 911 936 975 859 995 920 946 919 802 827 995 901 865 990 809 948 906 943 889 838 908 827 962 852 850 882 928 815 822 831 886 884 882 852 876 927 934 850 936 802 801 842 878 915 843 941 843 859 816 878 901 861 887 954 857 834 870 872 963 909 878 815 998 830 923 986 854 844 978 830 866 983 842 801 960 980 988 833 865 877 825 848 929 852 851 920 938 879 811 811 908 828 946 997 855 983 876 968 925 864 936 871 938 882 996 969 847 820 952 957 970 805 898 941 825 849 857 926 997 948 856 817 804 938 835 805 995 837 901 852 871 807 
978 937 824 942 907 967 950 811 907 864 914 971 946 832 983 978 851 835 980 820 950 918 1000 937 964 978 925 853 958 997 856 904 968 918 886 933 940 904 932 896 804 887 951 878 867 938 836 951 977 906 902 848 847 880 942 853 950 948 913 901 846 941 823 814 814 991 891 888 925 862 893 805 810 900 857 909 875 944 860 936 840 983 876 918 991 957 982 926 914 848 959 943 951 812 875 802 899 900 891 898 1000 874 815 827 867 831 845 950 954 833 958 824 996 861 839 966 867 946 941 917 804 899 983 801 838 821 895 895 972 879 856 827 940 958 835 885 984 857 975 932 955 1000 999 841 811 856 867 832 814 894 838 841 995 944 891 936 831 986 894 942 893 994 812 946 942 831 822 985 901 800 940 897 852 960 956 834 805 917 845 817 976 839 856 970 956 999 964 854 809 961 823 917 836 996 838 940 833 937 947 828 
849 876 824 890 965 891 928 993 863 1000 815 956 868 891 820 914 829 948 865 908 818 815 944 930 892 934 994 991 866 921 913 842 944 915 892 863 838 877 831 900 830 878 843 888 801 997 899 880 954 888 834 835 882 900 960 995 877 804 926 986 843 886 935 870 809 993 806 810 926 949 843 932 844 928 975 842 839 838 948 828 914 824 809 887 926 914 843 917 913 816 923 895 943 928 930 950 891 929 941 807 938 923 942 972 815 987 914 979 957 858 946 909 916 803 942 906 802 927 887 803 851 920 839 864 986 874 907 932 841 898 993 889 801 931 981 820 872 917 922 931 809 931 850 865 852 843 852 885 966 829 998 960 918 984 997 859 972 989 990 817 903 925 997 981 976 821 993 845 800 805 910 854 940 983 919 828 921 963 831 876 985 896 880 918 962 840 939 888 892 804 868 998 943 928 989 831 864 944 937 874 
954 868 882 995 866 936 951 917 858 932 825 863 856 930 974 978 918 974 840 950 981 917 917 807 803 828 832 914 952 930 1000 900 964 849 813 984 867 917 880 852 900 885 829 973 837 839 887 966 936 948 898 940 957 861 881 833 929 933 928 852 898 904 958 870 895 896 852 883 817 872 897 860 920 836 861 821 922 894 964 886 947 970 981 937 814 911 919 932 984 962 899 840 999 832 927 872 903 975 918 812 862 873 950 942 878 826 915 965 871 962 848 846 991 995 813 820 910 997 917 960 964 873 980 970 956 879 908 956 863 855 819 949 913 833 892 831 897 988 818 825 837 972 833 881 816 874 983 813 988 848 828 928 924 942 922 931 944 820 973 944 810 977 844 955 899 903 897 846 873 877 928 910 970 987 900 972 944 816 860 858 949 940 860 913 808 949 967 944 838 950 913 916 979 977 958 890 970 844 841 953 
970 867 945 835 841 807 908 810 919 851 848 954 866 987 878 974 911 829 801 801 848 985 939 948 976 947 900 827 937 916 967 984 832 978 801 861 808 907 914 809 881 997 982 838 834 955 869 983 997 987 869 871 918 825 872 872 865 837 922 878 924 899 857 802 1000 994 848 915 1000 801 984 929 871 872 868 845 983 941 865 973 966 966 980 800 890 836 946 916 997 958 984 865 972 925 871 903 847 834 884 910 944 854 857 955 806 846 915 901 961 996 931 828 833 881 833 869 943 990 848 953 943 996 944 985 821 975 918 969 966 909 822 941 822 829 865 925 947 913 931 923 918 813 928 839 966 880 928 899 832 905 944 913 812 817 824 900 913 945 955 875 1000 896 809 935 801 834 906 859 977 940 883 990 946 876 968 836 914 885 870 967 891 864 825 849 870 910 864 966 879 889 930 955 827 894 984 849 874 828 982 903 
893 800 910 914 830 996 862 919 970 962 987 984 892 950 940 880 910 822 833 816 854 876 947 848 932 923 871 922 996 839 920 868 895 848 883 864 909 863 975 968 904 907 994 928 977 820 953 983 851 986 959 844 987 883 896 947 905 876 858 836 904 883 931 908 873 952 996 987 856 983 965 848 958 981 987 874 990 983 961 965 816 875 932 906 851 823 942 946 913 983 940 944 841 929 896 804 828 997 816 901 965 968 899 819 805 970 875 990 968 863 856 853 833 972 911 911 815 912 970 865 953 912 969 802 840 982 860 924 955 873 955 930 907 868 929 953 851 988 883 829 922 826 883 898 958 878 906 972 858 850 859 967 915 985 907 834 989 862 868 808 891 896 830 808 844 811 828 825 867 905 819 824 868 833 912 857 926 961 882 821 847 920 989 966 989 818 975 922 948 883 933 990 970 817 810 920 863 966 912 967 
916 947 979 845 809 944 855 980 885 873 846 904 923 939 848 832 817 962 833 813 969 926 884 862 871 837 872 893 948 806 879 803 944 929 873 844 921 882 827 850 862 915 980 991 970 967 809 942 864 826 963 864 871 832 953 968 910 987 829 923 927 935 990 918 871 917 923 931 978 893 905 802 856 818 879 937 862 911 904 858 868 838 802 954 827 956 900 854 847 811 887 884 835 854 846 1000 804 968 979 943 936 803 947 994 841 805 899 858 965 981 840 932 957 958 956 820 937 818 831 802 827 810 807 818 874 987 801 999 992 897 913 928 827 829 912 885 831 860 976 862 825 883 807 920 909 975 899 951 867 846 950 835 831 940 873 906 829 821 827 833 834 830 987 934 835 986 997 805 891 899 850 860 957 931 854 850 851 844 921 938 807 903 916 813 897 896 844 924 832 827 926 878 978 875 914 955 857 873 809 889 
976 991 928 807 824 921 996 800 1000 845 897 922 884 946 854 824 815 880 892 995 866 972 854 953 920 989 912 939 889 869 945 931 814 958 971 805 857 901 935 930 996 885 890 906 910 938 871 958 824 927 998 857 848 828 803 856 882 860 862 906 818 822 943 866 911 831 830 897 917 885 900 935 834 811 993 923 967 972 974 896 965 817 827 872 841 961 867 850 992 913 949 844 838 859 897 803 826 839 880 886 943 862 968 907 954 886 891 877 988 930 904 824 896 920 937 844 876 819 839 803 965 837 979 941 847 869 955 874 950 965 981 855 904 811 959 989 952 899 845 911 848 848 935 933 919 820 837 971 971 910 810 889 868 964 890 982 862 812 932 888 878 969 951 892 952 922 809 815 831 906 900 854 848 943 960 916 909 871 842 972 996 838 958 970 951 934 809 849 954 828 840 973 835 969 936 916 968 936 832 840 
832 834 809 965 813 850 861 866 834 841 870 817 996 858 803 831 985 990 814 813 966 917 813 865 930 870 928 970 884 812 853 918 915 862 870 905 973 800 991 901 971 918 820 954 872 929 924 914 980 942 952 845 877 977 858 888 926 835 827 944 861 812 861 863 931 878 890 924 890 934 959 826 948 937 899 951 974 987 969 926 963 994 928 952 916 963 810 953 879 901 956 983 848 876 977 988 983 963 957 897 800 842 994 968 869 963 941 954 946 972 862 854 978 826 994 845 886 960 869 928 867 974 921 924 855 830 815 951 815 818 873 855 981 977 945 898 851 973 858 916 803 921 854 884 834 882 866 902 826 976 853 839 957 988 963 981 852 955 955 926 941 861 894 895 814 866 981 829 838 957 832 832 845 952 872 871 860 828 995 956 916 800 926 868 966 933 877 851 805 804 907 944 993 901 956 811 811 985 894 868 
869 982 990 865 996 928 877 833 878 827 912 964 936 971 916 836 810 997 927 800 860 917 994 965 811 943 894 925 901 933 829 856 945 996 974 846 994 947 859 992 853 813 926 829 999 873 984 802 849 914 973 925 980 801 991 936 927 930 953 802 809 896 822 946 881 988 904 851 884 843 955 861 962 801 998 980 890 862 956 916 945 845 963 809 803 834 858 830 919 938 823 986 912 900 974 894 871 918 936 898 830 911 940 991 953 971 931 963 876 959 954 933 845 922 820 951 867 967 832 831 934 833 868 841 963 812 812 896 810 889 987 852 863 982 943 967 946 905 823 838 956 858 963 854 835 803 850 995 870 921 892 960 896 958 958 911 863 890 950 853 896 826 941 847 928 951 922 847 983 975 959 804 897 862 844 958 811 956 965 985 874 914 810 922 837 902 888 910 844 860 857 1000 905 902 945 946 945 850 897 850 
844 901 929 938 864 833 999 826 974 926 949 968 867 878 975 957 970 866 935 949 897 831 831 845 891 992 857 834 836 809 852 848 944 807 906 922 976 886 913 818 808 939 975 878 937 885 911 934 868 922 872 917 881 971 951 849 995 995 825 881 845 881 919 811 908 901 988 939 989 965 921 826 939 843 806 924 852 944 996 885 896 915 816 874 951 835 837 871 841 857 888 964 835 858 857 971 921 906 961 925 975 886 933 913 921 905 912 970 906 965 826 895 863 953 847 965 878 826 813 831 899 819 816 913 960 910 804 893 812 840 884 826 961 932 818 821 813 976 832 957 915 819 932 844 951 831 859 848 969 804 867 826 954 934 903 963 813 804 972 832 914 992 925 900 826 835 879 850 823 881 926 845 965 945 896 845 945 947 831 858 815 928 812 931 998 937 894 875 895 991 829 958 970 997 932 980 991 903 954 806 
851 935 820 913 865 949 804 968 837 877 876 966 869 928 891 898 800 834 893 983 956 825 967 893 993 951 828 848 869 998 932 863 958 916 845 871 906 935 997 838 815 806 909 832 993 844 947 937 863 989 939 884 994 825 811 830 877 972 930 804 968 927 942 963 812 999 833 871 960 857 934 806 809 888 986 805 873 857 955 917 811 958 869 880 976 984 823 815 880 813 859 850 810 855 904 860 903 955 939 821 917 929 996 977 870 941 904 948 916 982 809 856 932 825 802 890 898 814 955 879 860 906 859 926 993 964 962 859 814 885 947 901 948 927 809 928 961 936 902 890 991 878 876 969 804 937 914 1000 815 974 961 963 958 939 971 958 801 869 974 863 820 947 879 813 965 840 985 995 971 894 955 939 989 835 845 944 850 897 908 853 976 849 976 913 885 992 839 999 803 928 948 936 900 895 873 843 862 999 906 859 
844 944 917 963 893 841 910 941 958 900 908 851 989 872 974 920 906 897 809 916 822 877 832 888 854 981 971 813 999 903 829 843 846 888 878 971 913 813 844 853 968 807 910 816 934 877 849 852 818 996 991 837 999 940 851 851 890 916 874 993 932 972 890 922 828 845 846 903 950 865 847 884 850 931 832 838 912 949 852 843 856 960 927 904 983 872 993 826 959 921 912 961 877 876 987 872 828 940 844 820 980 936 977 938 984 967 920 863 805 823 892 806 996 852 928 878 957 958 802 930 942 878 893 997 860 993 812 999 882 986 997 831 807 992 994 979 875 842 988 826 841 815 978 865 832 890 813 999 861 809 953 968 889 909 941 863 829 891 803 907 926 911 940 895 857 846 982 806 910 962 921 829 988 838 883 971 982 901 878 802 976 807 864 843 862 822 986 943 916 967 803 887 928 951 927 840 923 854 884 952 
882 876 890 914 947 831 913 887 808 871 888 830 964 990 988 965 930 947 994 937 815 936 963 844 952 978 996 930 913 909 873 864 962 911 835 846 988 823 966 956 919 870 814 998 992 819 969 913 819 833 974 833 818 967 924 949 936 916 930 984 994 848 958 984 816 882 906 844 875 809 893 992 854 811 877 893 870 972 947 822 909 926 994 855 970 932 998 818 858 972 982 956 907 933 841 923 810 835 846 880 824 818 906 822 858 936 811 995 916 880 823 818 888 824 946 921 987 900 938 871 919 976 852 809 936 950 916 827 891 909 892 945 901 911 925 934 897 830 910 898 981 862 865 880 944 858 952 959 942 999 986 880 878 933 870 850 957 802 915 974 914 935 804 982 888 814 896 883 857 821 858 884 985 864 908 915 975 911 966 841 905 812 990 805 839 842 930 922 865 814 824 848 979 855 812 831 904 971 979 969 
889 897 891 968 903 917 972 984 838 900 838 989 999 906 972 933 848 827 812 997 908 902 955 805 932 921 841 932 928 807 963 917 917 934 817 963 957 852 839 987 925 856 849 948 868 952 967 831 943 958 876 805 830 816 960 855 840 929 858 824 808 967 916 868 986 911 891 817 976 948 964 947 860 864 958 983 840 915 957 950 854 846 912 844 849 838 944 933 934 890 863 960 929 866 951 931 925 949 940 981 934 965 921 878 806 857 986 900 829 877 898 906 800 888 933 824 826 910 914 990 865 896 978 863 898 940 801 800 827 921 821 990 858 887 887 986 899 942 939 869 923 858 963 815 976 883 980 974 942 924 847 832 963 877 823 992 873 872 954 933 921 851 929 832 937 834 963 834 922 829 864 851 906 900 895 967 972 994 998 924 847 949 961 823 888 909 860 863 902 801 967 875 931 812 829 982 965 962 831 849 
929 924 822 973 920 883 853 835 910 847 907 927 861 969 936 989 950 924 814 939 910 818 896 970 961 945 950 804 884 973 932 967 808 996 979 801 863 966 908 833 886 938 845 998 914 984 987 828 924 838 946 985 806 879 830 993 851 969 945 990 804 860 821 805 880 879 856 959 850 872 953 867 861 874 932 886 978 850 848 911 982 807 994 961 819 816 976 848 918 889 912 944 914 804 882 829 971 832 838 993 884 987 888 899 928 961 879 857 822 942 870 951 951 861 864 871 951 866 890 891 834 870 856 872 970 995 827 826 967 939 918 840 800 943 887 908 880 905 966 867 986 954 828 994 864 854 831 897 983 888 990 811 998 802 800 827 893 874 926 872 807 933 881 965 973 844 858 897 932 895 864 862 902 839 931 949 853 956 900 876 943 825 850 892 989 864 928 899 959 911 972 987 987 951 878 996 978 996 822 999 
869 854 876 979 848 911 870 935 913 994 843 825 905 964 912 882 822 860 902 808 840 979 937 898 805 998 955 851 897 903 993 829 957 862 852 968 992 981 888 802 862 946 972 867 987 840 901 837 983 902 999 989 995 974 939 888 850 928 833 837 995 868 832 912 927 866 936 836 919 834 850 811 972 863 876 980 874 891 967 965 971 981 905 932 940 887 907 844 888 878 838 985 820 802 913 822 974 963 859 873 967 929 860 830 823 993 917 968 938 919 803 881 863 858 813 997 902 996 893 827 996 940 947 844 947 975 992 964 967 926 989 956 977 914 982 990 961 818 821 935 947 954 998 902 920 850 844 833 846 953 825 989 841 915 963 900 906 929 920 842 806 852 841 812 848 860 914 998 832 891 825 961 840 833 884 896 849 879 910 914 952 984 886 950 987 892 992 949 886 943 905 901 903 882 958 901 894 865 954 863 
909 840 816 897 993 946 811 802 965 963 881 933 868 950 956 963 993 996 955 890 876 930 820 850 939 886 920 889 976 841 915 968 943 928 919 923 995 900 981 945 976 889 968 993 959 841 864 803 824 833 833 822 924 852 879 892 985 927 811 805 830 967 998 994 880 911 926 868 823 940 871 1000 935 876 849 965 847 878 947 890 808 993 805 911 959 827 911 973 1000 999 876 843 810 921 1000 928 902 901 886 834 940 843 898 867 825 918 803 934 807 963 890 912 959 816 843 1000 943 913 914 822 839 976 935 974 801 850 981 936 1000 978 986 975 863 836 815 870 880 869 835 925 904 938 879 865 803 932 927 874 800 849 965 866 824 999 853 837 857 813 981 842 902 933 800 926 836 823 903 818 929 894 864 972 865 981 903 998 971 968 893 873 949 857 877 931 807 921 804 877 914 835 828 838 855 802 898 845 930 865 810 906 
867 967 917 963 984 927 978 870 880 870 934 866 996 917 965 846 905 930 878 919 927 909 843 934 876 968 992 845 940 817 857 829 892 987 998 873 839 836 960 939 924 930 906 831 849 846 948 934 999 941 988 950 903 987 988 848 918 838 860 841 867 946 965 951 876 991 889 857 976 864 881 982 970 848 882 941 958 970 875 998 911 864 867 886 846 984 879 810 945 830 853 835 835 870 904 985 836 879 999 829 966 841 827 805 978 947 953 838 947 885 964 808 933 889 977 853 844 866 849 941 811 820 810 940 808 884 917 946 972 906 998 947 827 860 969 917 998 802 890 982 858 841 962 976 952 941 840 899 885 851 827 960 957 999 925 888 860 872 964 859 965 843 890 976 824 904 828 942 919 833 810 933 905 903 817 921 935 986 893 824 998 958 900 944 998 882 912 817 912 918 819 824 901 872 934 831 804 853 955 977 
987 981 984 1000 818 954 981 854 834 827 806 809 858 950 816 950 886 895 830 810 897 944 838 948 896 920 936 856 881 893 943 915 961 984 824 805 849 994 949 905 833 838 815 936 929 903 927 926 864 807 905 972 866 954 884 881 999 882 801 877 886 934 981 857 905 914 823 824 893 801 973 966 985 966 931 818 886 949 816 848 806 822 832 992 904 806 992 920 866 938 881 814 976 956 802 935 811 828 859 918 845 944 860 802 946 904 888 900 919 803 817 828 814 939 809 998 921 873 940 801 932 949 857 957 1000 802 918 939 994 942 894 833 803 972 873 800 993 885 958 933 974 971 809 837 935 933 876 859 895 979 912 822 839 908 911 835 912 826 939 926 916 868 972 824 850 851 914 896 991 981 858 965 984 867 876 950 848 885 878 888 873 978 823 947 882 820 957 847 931 811 948 911 975 954 972 889 962 841 851 998 
888 882 918 959 979 857 928 999 922 993 956 986 850 877 825 996 994 818 850 928 932 830 819 965 971 937 955 973 835 805 910 951 864 976 914 875 860 911 863 989 954 871 823 827 886 920 834 974 874 873 859 874 805 808 880 973 894 944 836 953 822 863 946 882 944 913 813 814 941 818 875 955 936 910 927 940 920 808 941 912 929 881 888 989 976 899 820 909 910 981 803 847 987 867 807 876 863 933 866 886 967 934 971 843 819 945 997 971 862 835 884 814 987 848 805 856 854 859 902 913 822 968 979 940 954 918 951 805 850 956 859 917 944 892 939 913 939 843 850 996 935 931 981 846 926 987 983 804 989 847 933 935 841 852 849 887 844 838 975 863 879 917 820 847 944 879 969 881 1000 866 821 875 861 977 842 817 966 862 934 993 878 981 826 873 926 916 998 957 870 991 852 866 879 802 852 852 917 974 953 855 
938 863 820 807 939 922 873 955 893 830 860 885 874 989 905 905 944 857 817 839 886 807 919 886 831 800 941 886 848 997 993 880 901 978 844 804 946 830 991 861 921 954 976 824 948 897 922 909 948 910 923 975 885 955 809 984 812 954 876 918 981 870 866 879 851 932 816 917 815 932 945 919 890 814 905 921 837 979 854 827 960 990 891 903 967 920 828 881 912 843 886 882 996 951 930 825 992 871 875 961 978 842 892 836 967 948 933 897 994 977 941 811 806 857 926 857 909 976 948 859 905 973 921 918 986 800 928 802 982 951 889 873 807 867 870 988 970 819 823 996 822 947 881 827 955 857 999 849 965 900 973 807 802 995 864 953 906 945 874 887 979 929 934 818 874 823 905 828 846 964 810 871 862 896 981 918 800 839 825 813 828 825 833 875 856 884 967 988 821 811 888 940 886 897 991 995 888 865 805 970 
863 995 887 828 843 842 945 965 805 979 858 811 948 812 880 971 906 847 988 952 989 806 867 919 899 912 940 913 948 934 878 853 850 887 826 870 991 862 903 908 875 895 878 934 825 882 829 876 997 935 999 926 914 905 904 978 883 917 895 853 933 834 846 844 932 984 838 829 954 944 844 881 819 966 910 813 895 993 983 873 950 918 818 812 986 978 958 873 921 836 947 857 820 810 959 897 800 944 911 974 955 840 944 958 898 984 944 847 875 976 827 807 874 940 927 854 957 917 956 936 895 963 849 828 968 862 925 998 807 955 995 969 904 943 974 970 936 898 908 997 836 911 822 839 945 996 979 936 884 804 899 956 903 911 963 918 978 847 885 874 912 999 942 980 811 950 811 952 962 960 908 890 930 901 840 885 892 844 973 980 1000 828 824 864 903 958 809 828 862 833 924 981 895 802 941 926 864 970 806 956 
982 975 823 870 925 893 834 851 966 978 948 876 878 838 932 932 823 829 990 964 972 995 820 875 890 844 971 989 884 817 990 868 962 918 837 831 899 968 813 832 964 901 994 951 967 941 865 1000 898 906 990 816 981 897 823 884 965 849 935 983 905 801 922 989 881 880 974 896 901 883 851 850 962 800 978 972 972 946 862 883 845 836 934 934 923 884 882 923 858 994 934 844 918 990 994 975 883 813 938 975 980 843 887 885 871 895 917 838 845 812 830 990 882 850 935 816 933 871 940 906 931 962 805 837 996 906 983 864 901 806 956 976 991 875 820 861 866 893 837 842 805 849 961 815 818 860 945 871 839 860 802 882 892 960 813 942 851 959 843 812 943 921 975 990 891 819 874 811 895 916 961 825 923 832 944 954 916 983 942 909 926 986 857 937 942 937 941 915 938 944 988 822 865 917 908 987 878 951 826 909 
809 975 980 977 998 880 800 820 837 977 815 961 988 857 967 827 914 816 861 918 924 944 835 979 864 992 800 870 898 937 814 824 844 943 861 1000 945 904 994 913 957 906 916 917 931 841 883 914 817 915 922 918 979 863 856 837 889 907 852 956 830 890 921 916 996 970 840 979 832 869 850 954 948 914 996 996 867 855 902 886 838 902 883 874 842 904 884 971 961 993 867 984 999 912 806 942 930 872 850 803 944 946 808 940 861 854 972 966 817 985 924 985 853 856 915 939 891 832 913 878 863 874 957 942 895 929 803 985 880 908 954 857 943 933 828 944 973 811 990 993 996 948 950 911 912 943 973 829 809 824 897 843 971 927 961 890 805 900 903 818 895 805 880 876 966 842 999 915 980 967 977 974 882 854 948 983 902 842 948 979 976 993 894 910 831 908 861 884 917 876 850 980 1000 958 994 848 863 819 836 976 
930 811 946 857 833 962 833 979 803 945 815 808 847 854 956 846 832 862 921 952 911 969 981 827 861 922 997 914 894 831 837 926 849 968 978 971 819 849 896 854 911 860 819 830 846 881 868 859 905 975 946 854 815 889 997 821 868 902 945 891 904 847 828 964 800 955 973 800 996 836 948 902 977 905 815 971 930 968 991 827 923 953 946 976 879 934 930 950 887 988 930 839 875 830 950 868 844 852 923 832 940 972 998 920 843 827 956 867 864 800 908 906 855 891 867 897 959 817 891 845 800 838 933 832 984 859 878 988 978 905 992 996 961 985 873 809 836 898 833 804 851 984 860 965 927 930 941 934 965 973 880 971 905 847 831 832 879 873 852 993 895 830 925 898 823 900 845 943 935 871 846 982 837 892 935 810 991 925 975 865 801 935 961 941 932 878 907 861 893 878 993 821 836 892 826 990 836 962 931 915 
814 970 913 845 982 898 949 820 968 896 902 898 911 811 887 906 910 801 966 830 960 963 959 900 909 900 870 820 886 989 826 852 903 809 859 842 886 895 867 920 964 918 907 826 924 861 960 884 940 959 818 910 967 872 891 982 962 988 968 815 888 997 851 863 910 965 923 860 885 907 951 967 871 838 929 954 845 978 860 946 894 868 930 910 991 804 831 982 899 919 949 936 964 831 970 820 880 828 868 979 861 885 959 906 816 872 912 804 994 1000 867 971 898 947 942 936 924 928 936 843 868 969 907 998 842 878 959 987 879 915 912 890 823 906 937 810 969 848 939 867 811 838 902 985 988 966 889 807 951 874 959 968 998 865 824 857 845 833 911 844 859 961 966 817 985 910 937 843 910 840 873 808 915 933 924 962 845 804 872 835 818 936 896 888 829 920 811 948 990 832 816 868 990 818 931 832 973 859 948 808 
836 954 940 958 810 924 960 907 848 959 965 846 856 968 825 902 996 806 854 993 916 901 888 958 960 821 884 872 935 981 882 989 948 835 952 996 969 944 803 812 886 965 881 866 890 844 908 853 932 918 933 968 825 874 801 801 991 973 832 971 877 802 983 988 914 832 951 827 921 1000 849 823 800 876 972 934 824 849 806 911 903 936 856 866 898 902 823 944 1000 886 827 946 902 930 953 836 986 933 989 881 912 919 884 806 961 941 987 836 837 892 825 828 826 809 957 847 831 936 854 984 874 824 963 811 919 860 989 905 972 821 802 998 987 821 800 978 961 837 967 955 976 905 871 938 940 818 934 858 895 943 858 919 931 821 957 891 934 845 984 866 858 983 922 972 822 861 897 803 968 998 978 891 881 905 878 901 912 847 818 955 949 842 863 994 929 800 931 885 915 932 814 879 986 814 863 839 887 954 981 975 
957 962 934 951 890 950 1000 818 912 898 983 954 875 966 970 832 855 981 922 951 964 850 923 828 927 815 917 912 826 851 981 979 936 804 971 908 968 921 939 904 899 892 956 954 975 817 865 949 922 839 937 816 941 939 883 813 982 828 831 850 947 932 886 910 824 948 895 858 844 837 954 832 820 890 893 802 874 800 870 869 821 975 976 1000 869 1000 936 910 835 847 897 913 807 905 857 912 842 922 807 917 870 983 814 998 906 843 891 952 821 916 933 896 841 909 905 996 921 967 844 810 870 870 827 811 993 935 979 859 866 811 830 968 855 852 856 928 969 941 901 838 931 890 850 815 922 887 845 889 983 891 841 900 941 984 840 876 833 952 960 827 941 807 808 947 810 989 829 952 888 1000 806 992 859 880 860 864 944 958 945 957 892 835 989 964 817 889 867 985 847 871 931 842 920 845 929 838 803 948 954 820 
817 988 944 987 832 986 935 966 931 877 820 889 979 971 941 871 925 893 879 936 994 834 961 948 817 851 906 847 832 973 806 933 912 868 943 916 945 907 881 909 829 802 998 885 820 909 975 853 886 885 847 987 942 988 838 852 912 935 820 865 876 957 886 852 917 973 896 976 924 933 816 985 933 956 927 921 829 914 987 997 894 820 993 891 861 944 973 880 882 995 987 878 887 820 958 875 936 883 881 959 908 887 841 999 959 920 969 914 951 856 941 919 944 893 891 955 993 849 896 976 990 811 915 986 928 849 914 900 951 810 853 923 981 891 863 973 857 808 976 871 949 844 870 853 967 819 982 934 924 876 837 984 928 996 965 892 839 895 882 886 891 997 926 835 895 912 848 879 848 984 847 847 980 834 923 804 937 847 886 912 801 849 989 814 960 967 873 881 907 802 926 927 955 825 845 895 827 876 892 828 
960 911 840 897 978 950 973 994 828 816 934 974 931 932 894 901 922 803 995 920 805 827 963 917 973 965 923 962 800 835 962 997 872 955 914 966 872 801 959 839 885 958 814 841 888 990 875 947 959 829 938 801 891 978 828 900 810 994 900 820 833 926 933 979 817 854 807 877 829 931 917 812 966 895 974 811 897 949 859 807 920 962 893 927 894 957 998 936 804 803 994 956 896 983 986 954 959 866 834 970 961 820 962 807 991 923 912 929 970 990 949 922 906 979 967 895 855 968 817 884 886 829 931 888 991 923 841 829 861 919 889 804 867 849 865 928 929 954 812 826 887 944 991 893 862 847 858 829 902 977 852 839 867 909 842 875 853 992 807 824 906 861 914 859 911 879 858 834 816 887 964 889 806 989 897 905 868 917 925 885 991 926 929 826 828 939 956 968 966 931 853 995 970 918 980 881 945 992 952 938 
868 843 909 974 982 888 934 945 829 974 811 866 842 999 982 909 893 892 960 969 994 834 995 828 905 839 928 860 900 869 972 876 965 801 965 822 907 808 839 898 870 943 809 809 962 857 928 975 865 819 827 946 860 823 988 862 988 988 999 904 937 943 991 952 885 926 909 922 960 908 853 972 954 955 938 809 909 917 897 965 864 927 858 849 877 906 863 933 854 817 922 810 829 868 843 804 924 951 858 865 981 946 921 877 932 974 987 896 992 941 812 994 863 912 988 976 826 985 922 944 810 996 833 928 927 960 1000 803 821 959 997 898 833 877 809 908 879 831 949 850 910 916 810 899 943 982 960 971 891 853 913 980 854 904 892 878 843 891 899 979 1000 854 958 958 858 951 929 856 981 976 809 910 891 871 994 922 805 805 885 965 827 826 947 963 801 967 977 945 963 886 982 997 898 870 979 843 842 889 871 843 
869 896 865 923 912 810 842 866 976 916 897 800 859 932 865 937 982 931 850 914 996 826 889 945 830 969 992 985 925 993 977 972 996 822 847 895 893 902 853 812 841 986 879 963 994 933 859 960 853 974 876 838 902 804 857 887 902 818 903 850 828 913 814 975 906 997 904 971 901 996 830 965 828 915 853 941 854 958 812 970 954 831 926 819 880 962 984 842 940 887 884 836 932 993 857 912 971 816 850 845 931 828 928 976 885 951 842 942 889 816 919 898 978 851 949 897 815 893 986 897 873 945 991 945 909 905 878 834 874 818 837 894 965 983 823 971 816 912 832 996 895 922 976 997 956 946 838 842 820 962 929 869 882 952 971 881 926 837 828 930 982 837 818 866 851 854 947 885 877 928 847 987 984 819 853 888 859 935 821 951 823 926 819 929 970 898 966 905 942 991 881 921 895 897 842 881 868 916 972 870 
965 938 861 869 966 913 875 933 907 921 894 878 903 811 902 852 817 972 878 993 856 806 983 826 952 958 899 861 973 845 823 846 885 967 862 863 979 945 944 991 910 840 958 896 897 885 843 823 988 907 814 901 905 980 966 841 967 829 916 882 968 801 935 874 827 954 908 919 975 940 906 933 913 979 980 955 811 914 817 885 976 927 802 889 817 804 862 991 915 827 882 855 860 914 816 806 868 867 849 964 877 867 924 834 863 821 905 921 897 822 851 802 958 839 874 985 980 883 839 989 955 873 842 931 933 902 962 944 900 860 834 913 841 943 859 870 937 827 854 977 870 874 928 847 894 980 971 983 929 813 964 992 866 807 894 952 818 925 802 855 884 940 946 824 954 985 858 924 988 801 835 801 928 873 833 825 866 937 814 981 902 922 836 956 926 922 837 918 898 841 883 867 881 873 901 992 933 870 977 913 
825 989 836 935 974 898 999 880 976 969 840 983 999 996 826 943 824 993 955 890 912 801 883 998 940 987 906 969 842 883 954 804 974 901 881 805 812 970 983 928 889 881 862 808 864 962 965 997 816 818 904 840 823 997 868 808 908 879 823 947 867 817 986 983 927 812 851 868 997 889 944 840 854 886 845 859 889 1000 808 940 843 845 850 941 993 939 914 985 909 870 830 963 837 863 985 834 911 811 930 898 944 934 973 927 911 924 831 910 916 814 963 801 885 925 871 914 850 902 886 843 989 972 805 835 822 953 854 843 860 805 873 985 915 920 956 939 954 846 838 985 864 896 914 895 828 850 927 986 976 849 932 920 902 883 809 999 803 884 938 823 844 930 909 875 910 924 858 992 859 929 917 943 885 803 821 915 870 832 822 841 917 964 805 809 965 808 869 969 997 855 969 950 886 867 882 822 857 866 839 950 
915 998 875 976 970 909 849 888 879 891 872 870 988 920 935 926 942 848 811 884 997 934 810 812 928 850 882 994 881 841 956 825 812 882 871 830 927 902 945 927 915 845 923 960 909 871 918 880 828 933 966 809 899 992 989 885 936 803 912 809 874 866 977 813 876 935 808 881 850 829 870 842 922 1000 832 976 979 830 999 968 869 821 929 990 953 846 962 977 902 953 875 974 888 939 973 968 830 813 982 870 913 879 891 841 964 881 915 973 814 934 802 932 811 934 904 831 929 971 958 984 858 812 837 849 977 835 923 943 816 995 877 932 970 815 807 832 805 930 921 820 965 852 842 813 856 866 997 951 938 941 803 847 962 841 961 825 977 989 809 860 879 949 987 971 986 965 978 977 962 842 997 966 991 826 960 804 822 891 847 879 823 940 806 982 938 840 995 806 997 949 974 906 880 877 835 925 966 995 957 917 
857 946 896 916 981 910 875 805 963 988 836 888 908 835 988 974 840 803 927 967 871 884 990 875 858 866 809 836 915 821 825 967 922 818 839 947 882 829 826 941 942 835 978 803 988 895 810 998 845 823 967 935 823 880 975 812 898 964 922 997 802 868 946 801 929 896 964 838 993 871 859 815 986 832 877 832 828 846 874 984 866 860 931 958 981 906 866 970 924 837 834 982 934 891 925 826 907 924 943 844 952 984 902 888 823 974 830 982 993 930 962 879 985 877 941 809 832 960 912 931 853 921 822 844 851 905 941 887 849 992 883 950 993 881 890 991 935 915 881 886 934 802 973 803 807 981 834 851 872 948 859 909 959 900 967 958 825 851 800 842 986 960 973 840 842 853 997 822 964 856 979 947 970 802 921 997 892 911 858 962 985 887 944 959 812 807 925 946 905 956 959 937 811 959 905 887 975 849 833 853 
837 951 941 853 983 891 823 933 876 829 872 922 851 849 975 946 948 967 893 903 957 942 836 923 888 910 999 838 899 803 888 811 807 863 832 845 950 854 954 862 970 848 886 849 875 870 944 837 941 973 970 918 968 887 811 932 961 830 827 919 941 944 873 838 983 880 909 972 953 916 828 889 882 810 910 898 854 861 855 912 953 801 866 868 950 927 971 841 882 960 949 878 850 881 991 897 948 924 987 818 812 882 836 928 968 806 804 828 816 989 867 936 922 948 914 932 978 860 968 830 885 910 937 927 801 943 1000 983 877 819 890 938 996 882 958 874 989 994 971 822 960 860 916 900 825 909 806 978 862 819 800 806 806 946 874 847 975 953 925 831 805 882 909 816 926 998 995 867 898 953 958 975 844 866 961 888 826 945 901 845 881 868 833 801 810 967 874 918 881 896 881 995 935 831 940 885 959 897 818 882 
803 834 983 841 908 929 848 847 859 887 874 871 869 831 1000 872 809 914 830 827 923 972 915 916 1000 819 872 909 965 857 957 998 888 925 974 927 895 830 990 941 940 988 851 939 817 895 853 863 973 904 927 840 965 988 885 887 946 874 839 989 842 892 917 959 910 911 942 974 997 943 915 807 922 892 876 844 946 876 833 896 861 953 801 877 990 945 891 951 994 886 938 812 982 964 917 826 821 881 844 895 804 947 835 984 899 934 808 899 834 904 981 973 905 866 962 993 934 949 942 879 987 964 990 946 906 884 956 974 873 987 951 967 892 828 811 922 859 972 825 939 827 909 833 901 804 964 998 962 966 972 970 964 868 805 979 898 807 891 818 843 867 928 962 998 879 938 903 987 896 881 975 935 889 938 894 918 949 915 846 924 933 882 854 940 857 835 878 911 904 955 938 816 907 839 947 869 850 862 846 836 
873 875 802 933 821 810 833 855 920 955 987 807 943 810 852 902 905 918 951 822 893 963 807 850 815 896 890 860 848 831 905 879 821 912 841 986 870 953 825 944 904 847 949 855 851 885 852 854 982 881 968 825 918 863 843 901 848 954 848 878 878 854 832 835 817 810 812 802 851 868 946 946 842 919 951 901 931 977 948 842 918 867 953 927 907 866 952 975 967 894 969 830 981 995 892 940 859 835 817 900 865 952 990 973 802 856 826 873 956 845 849 879 856 902 963 982 901 912 934 950 970 906 947 854 893 956 993 962 851 921 889 889 835 815 978 842 943 947 908 999 927 901 807 956 833 810 865 936 844 885 877 800 914 955 807 933 875 959 914 814 977 907 908 844 928 992 803 876 815 800 830 981 864 903 988 858 821 917 860 992 948 904 985 928 937 809 810 896 939 975 932 873 846 901 819 959 900 956 910 861 
979 864 981 807 824 856 880 938 837 930 841 867 827 857 864 816 947 829 807 938 987 834 899 911 895 811 808 981 986 987 870 906 912 885 874 845 982 817 916 826 842 818 890 804 846 932 918 928 974 856 865 862 804 919 926 930 976 844 833 817 844 998 829 940 935 883 812 830 881 901 830 896 961 844 927 816 981 885 837 900 837 914 848 930 884 922 847 895 948 902 816 990 808 968 986 812 889 855 978 876 998 961 818 975 918 889 945 802 879 970 939 876 965 842 968 869 856 805 876 813 821 929 862 985 965 999 986 937 846 810 981 859 811 999 876 941 911 918 834 856 913 924 910 904 863 813 965 937 881 832 959 867 987 966 873 948 866 858 818 927 861 985 950 908 966 900 866 895 878 924 825 849 984 863 821 907 903 812 949 853 843 893 912 873 843 967 877 875 847 849 823 1000 916 931 852 837 933 938 845 987 
835 850 900 896 852 993 862 953 910 977 858 899 933 815 897 881 844 919 868 948 941 940 840 905 908 924 819 995 966 839 800 930 906 815 958 975 867 859 955 815 914 862 946 906 903 992 887 979 985 983 952 916 897 963 932 867 977 852 877 808 931 881 863 924 987 854 825 991 833 845 902 918 956 922 935 869 878 843 947 925 809 805 995 882 945 885 816 851 830 843 812 827 986 997 846 850 850 929 854 977 986 817 1000 962 822 847 955 984 979 812 841 849 895 862 878 943 809 915 817 872 855 869 915 833 868 975 855 967 948 914 838 949 904 997 997 820 806 853 949 968 992 928 909 916 929 994 914 828 943 827 937 900 893 991 819 911 928 869 863 949 997 822 874 902 813 980 935 898 977 989 933 977 945 955 816 824 919 855 953 982 967 914 872 845 846 849 820 859 823 808 997 1000 903 884 955 917 995 861 937 957 
875 898 861 1000 851 960 974 903 846 918 913 927 829 896 807 852 848 845 997 904 898 949 855 908 924 891 926 873 854 870 906 898 926 832 917 890 924 801 850 951 813 804 963 930 865 955 817 942 978 958 997 841 933 866 899 866 895 958 957 862 855 953 942 900 846 979 900 911 975 863 960 847 918 971 984 866 919 950 916 858 944 822 958 861 936 835 836 988 856 964 830 831 834 904 947 961 940 839 875 973 939 882 913 962 834 876 949 829 978 854 845 971 924 886 921 863 900 891 802 889 850 812 831 898 946 991 828 907 808 910 848 938 999 994 934 996 868 887 804 867 863 818 904 806 828 875 971 924 820 999 854 915 850 940 956 882 953 998 878 987 843 897 904 920 891 932 954 871 832 807 992 899 855 928 883 844 826 985 925 893 802 924 826 866 814 805 873 921 841 817 931 951 814 995 937 819 885 917 937 880 
903 844 939 899 896 959 999 948 825 893 869 963 892 962 987 863 904 926 909 863 979 818 869 821 861 912 926 855 872 999 987 881 806 833 905 891 978 903 908 867 802 973 840 898 990 909 926 968 890 839 959 894 963 824 997 945 877 815 829 859 805 915 812 847 946 864 910 870 821 891 909 897 839 933 929 946 820 808 981 971 932 884 806 898 963 827 984 972 982 905 813 978 861 903 841 965 899 872 848 837 899 811 892 919 954 993 904 912 927 938 811 907 857 816 986 850 811 841 989 920 852 857 851 900 927 946 835 807 831 953 998 976 965 955 924 830 845 830 985 882 806 940 879 929 827 864 925 991 929 918 935 952 972 819 935 885 817 955 905 891 989 941 899 924 897 817 889 935 870 864 967 836 894 899 903 965 941 983 872 921 898 853 832 889 830 867 980 866 952 846 959 912 854 891 856 877 855 992 806 831 
923 996 884 807 838 893 927 844 995 953 824 924 864 959 817 966 809 918 897 910 969 802 860 822 873 946 879 823 829 973 841 932 808 881 835 807 814 884 803 809 800 985 962 914 921 854 959 916 936 830 813 898 849 928 833 907 930 999 960 956 970 959 849 855 943 830 927 937 871 950 974 818 876 923 884 950 844 836 978 864 909 869 973 917 946 930 990 914 952 872 910 804 847 953 1000 843 845 989 951 970 825 965 805 801 926 969 964 828 961 903 900 836 999 852 835 862 898 989 928 939 934 979 953 814 955 913 994 920 821 914 820 990 923 906 903 835 973 803 905 899 983 820 864 943 970 830 883 818 880 974 908 933 883 804 928 933 986 828 884 965 992 854 917 893 868 906 946 936 998 845 914 842 919 996 802 837 901 967 884 990 809 854 882 809 888 930 806 908 943 893 894 871 862 980 880 811 830 829 862 963 
981 971 947 948 817 894 949 959 996 913 964 841 804 880 879 949 847 841 911 826 979 865 997 967 894 806 855 867 928 947 874 800 807 969 920 863 823 885 910 876 973 864 810 910 926 849 887 905 860 856 851 867 814 987 893 870 843 861 813 984 888 922 862 874 954 883 884 988 988 868 931 866 946 879 862 812 827 826 954 911 949 945 984 867 969 905 979 972 860 851 883 816 928 939 945 999 865 947 890 890 825 966 900 831 800 987 805 948 827 835 959 935 901 882 963 972 960 979 823 929 1000 932 945 834 946 892 808 842 911 906 823 826 959 883 803 856 829 906 830 993 811 992 1000 897 856 990 895 870 878 856 951 898 945 905 942 875 940 944 904 953 970 905 881 963 900 965 900 951 993 980 897 902 915 900 859 833 999 943 939 812 882 895 837 925 960 886 852 839 914 865 946 933 966 847 883 807 901 805 960 818 
945 862 909 886 820 912 961 949 882 806 952 849 984 972 946 958 868 895 924 983 805 903 985 878 811 974 934 874 966 913 853 973 959 974 920 959 903 873 880 811 928 925 909 895 840 832 940 876 996 894 829 891 879 911 977 986 976 880 808 898 931 831 900 986 833 962 999 925 991 992 959 926 993 932 833 803 955 803 996 956 988 912 822 800 826 833 804 920 894 851 964 821 929 993 955 876 948 942 848 923 970 905 924 804 858 945 826 814 922 993 898 834 980 823 918 995 859 879 959 815 959 801 814 996 913 964 919 824 948 892 868 956 857 873 911 943 877 821 853 894 925 849 943 835 945 982 938 949 959 936 926 851 887 929 824 851 871 874 925 853 910 857 989 833 972 966 958 803 877 881 994 830 856 800 933 913 980 952 854 984 830 878 822 812 820 940 862 887 941 877 947 923 968 956 912 830 808 958 960 873 
937 923 957 861 904 916 925 815 803 980 928 937 998 883 984 881 883 821 876 989 922 911 933 866 840 981 963 896 805 816 842 867 844 974 940 930 823 869 891 808 804 903 962 843 819 927 887 950 956 828 870 912 806 822 963 837 846 867 907 954 840 962 992 934 815 894 877 972 833 895 903 915 950 875 839 821 995 930 824 916 837 895 909 929 837 920 968 815 911 981 991 964 810 824 916 808 877 892 926 963 877 925 804 995 999 940 916 972 856 801 907 957 808 844 917 927 826 962 881 859 905 892 884 965 813 968 937 913 978 914 817 838 972 882 867 836 833 902 802 809 887 959 978 908 961 860 918 994 883 901 831 840 954 935 888 890 926 887 835 996 984 854 908 967 903 895 979 904 951 830 988 974 990 891 811 910 901 903 864 986 929 917 919 916 836 985 960 931 1000 802 920 878 813 998 892 858 878 856 836 916 
983 802 868 909 982 835 803 820 818 950 931 870 835 829 874 803 875 843 926 875 811 848 915 994 964 918 849 928 860 936 811 843 802 835 928 877 941 978 912 916 943 993 996 958 837 988 885 905 810 918 959 835 960 909 999 866 960 814 967 818 804 926 829 813 882 954 915 957 815 900 998 994 807 981 824 859 945 953 810 888 934 835 946 827 803 923 815 812 990 927 946 884 839 980 909 982 836 850 884 879 996 955 895 806 889 898 822 813 861 957 824 849 1000 916 866 866 850 846 804 885 866 895 835 975 814 920 923 971 976 965 939 992 888 945 822 831 831 993 955 937 870 915 811 842 871 810 947 984 988 937 962 807 871 982 976 881 821 944 923 964 956 948 1000 978 893 900 919 808 888 833 942 828 918 898 829 834 889 801 907 925 830 894 940 939 956 925 902 973 832 805 833 913 975 918 886 842 908 949 827 863 
830 921 960 814 887 958 910 974 868 862 926 926 929 925 810 832 990 908 995 833 920 901 830 990 849 993 885 999 825 904 885 939 926 958 869 874 935 921 823 816 810 832 808 830 953 904 903 861 889 908 853 928 840 908 807 906 843 952 873 803 821 939 826 915 976 950 903 879 866 891 806 940 919 986 864 854 907 928 906 999 990 927 962 828 994 954 858 973 936 915 856 862 989 948 957 922 993 957 931 859 836 839 894 931 889 983 806 917 824 902 954 893 900 915 902 881 835 995 815 883 996 942 888 952 892 975 904 906 817 925 866 836 907 806 898 914 868 802 984 871 951 966 965 993 905 857 814 848 891 904 987 856 823 910 824 836 933 847 933 978 868 847 872 919 954 962 861 823 959 993 987 949 824 935 926 898 980 860 823 897 883 907 976 802 952 892 837 871 821 886 951 923 894 859 848 877 970 959 881 956 
970 872 830 864 823 856 935 901 859 803 815 869 918 875 962 818 844 925 978 935 869 864 946 966 952 863 929 929 833 883 899 958 926 909 808 888 853 879 915 972 936 841 867 863 879 870 920 942 890 956 875 906 809 844 889 847 931 953 924 805 893 907 840 893 934 808 918 969 801 857 840 890 817 963 856 956 990 861 817 858 937 913 822 876 873 869 847 837 869 868 999 994 811 996 861 913 860 948 896 835 980 811 826 866 986 872 895 818 809 815 946 976 885 897 944 952 860 889 918 841 876 966 838 965 802 940 988 955 906 990 1000 811 888 829 990 947 854 996 853 999 806 867 853 816 849 885 972 886 818 963 901 949 844 874 939 937 904 966 997 830 910 839 987 916 928 897 947 982 814 820 945 961 808 913 823 890 886 870 979 970 800 849 878 982 990 993 992 853 837 940 898 913 823 929 828 855 945 857 993 992 
848 859 857 900 866 826 957 955 946 969 882 867 841 813 823 801 803 808 965 942 894 975 940 985 929 873 947 975 941 978 884 882 829 834 941 886 928 961 908 926 935 863 851 914 885 890 852 938 961 830 878 999 828 927 819 913 870 955 808 908 847 893 848 908 929 935 982 870 964 834 919 818 874 872 823 897 876 898 891 923 1000 997 878 972 947 857 833 910 852 881 1000 859 883 820 946 821 992 902 896 981 827 845 801 992 921 911 927 856 989 967 921 889 967 996 818 955 872 890 964 959 932 994 807 872 957 991 934 921 805 938 919 902 814 837 870 941 879 830 831 982 978 967 988 935 892 878 893 922 883 900 954 980 986 972 821 822 898 953 996 808 895 910 807 874 943 813 858 978 906 857 860 961 895 993 835 921 815 900 826 846 866 827 916 861 997 840 934 875 903 978 940 947 803 952 837 993 991 860 836 873 
818 950 884 812 873 863 941 833 981 961 930 882 810 815 941 890 981 917 814 840 870 959 939 902 935 881 866 817 866 907 847 803 868 831 854 834 869 861 904 908 866 865 936 936 962 972 913 994 909 904 847 846 999 842 994 914 819 824 891 889 899 936 842 969 835 900 919 805 906 910 872 940 848 996 913 970 852 848 950 835 927 919 819 869 961 985 985 918 892 905 911 826 993 834 892 922 972 958 820 955 849 889 839 824 893 965 884 932 917 868 812 988 815 937 830 818 991 943 923 863 899 977 838 891 833 880 867 927 977 884 971 985 894 831 906 826 913 930 982 996 948 850 924 935 809 878 977 816 971 880 914 973 872 951 820 940 877 950 999 891 920 961 1000 817 884 963 830 882 903 851 885 987 925 820 828 977 901 961 945 902 835 969 841 878 873 885 960 998 816 882 926 865 817 852 946 904 878 906 875 899 
856 993 863 870 902 881 995 823 950 991 941 919 829 998 844 828 808 927 883 869 877 820 993 810 846 939 816 931 866 828 857 942 844 920 893 891 1000 805 825 876 911 938 968 993 922 952 800 805 912 866 918 920 855 828 951 983 889 977 901 956 868 829 858 861 903 808 825 909 813 872 851 994 966 890 946 860 976 849 824 846 805 895 862 840 937 806 913 913 995 863 885 839 953 850 902 885 928 998 943 833 828 995 955 986 890 820 894 870 884 828 938 917 961 822 858 976 977 884 855 996 990 913 898 842 809 907 982 921 907 933 881 875 904 806 910 899 876 885 907 914 878 837 971 830 836 815 908 848 960 863 851 851 800 862 800 801 828 871 886 891 921 876 832 899 989 930 911 871 825 970 953 944 827 809 875 858 840 827 891 941 930 886 903 883 840 898 879 813 923 806 914 908 940 977 998 917 868 958 804 932 
826 871 805 816 821 955 981 874 939 855 967 892 920 852 867 925 973 971 853 865 815 973 842 999 872 875 939 936 851 836 924 803 921 859 916 878 993 883 952 974 946 974 899 847 826 814 986 984 801 959 871 845 948 952 915 811 985 953 948 944 937 809 910 806 917 826 942 826 850 929 865 863 866 927 857 839 946 842 960 924 891 876 830 814 995 920 868 865 892 971 858 834 839 952 919 978 976 823 847 885 904 906 985 848 932 888 849 983 895 959 987 859 867 909 964 883 881 1000 982 866 821 863 864 856 806 857 831 939 836 810 908 917 986 865 917 831 969 891 948 850 843 916 825 889 945 801 890 820 828 967 984 859 833 906 917 838 821 932 985 954 924 976 849 818 910 985 974 863 925 924 828 836 943 831 1000 878 810 898 866 806 853 859 983 972 894 826 882 858 881 963 829 866 919 869 828 947 988 865 961 977 
849 941 903 878 992 992 926 933 979 838 810 968 847 834 822 834 979 973 995 909 866 809 903 911 955 955 940 922 890 912 972 962 957 907 944 889 840 904 820 866 850 880 983 957 825 987 801 808 888 880 938 853 820 922 891 989 931 957 934 900 966 854 987 897 911 839 958 866 938 980 816 954 882 857 956 850 844 804 831 967 879 975 893 939 1000 995 984 816 849 936 949 868 857 984 922 926 880 946 920 809 928 882 954 922 928 826 841 836 972 877 917 844 937 874 961 843 857 827 886 947 962 830 947 899 862 832 856 829 894 807 927 839 891 831 800 869 826 976 953 910 938 885 896 837 885 812 829 800 980 876 896 985 889 832 854 879 946 809 942 910 857 865 947 917 890 934 916 801 959 941 974 863 853 920 920 859 844 813 867 959 845 851 932 814 853 922 891 975 980 850 987 987 876 829 873 954 981 882 940 864 
853 845 970 913 886 816 915 913 814 814 878 800 1000 901 985 847 873 905 819 967 809 992 863 808 841 948 964 885 981 800 816 944 973 969 964 947 949 938 945 835 907 921 996 802 894 994 804 940 953 913 986 936 925 851 899 993 922 971 804 874 894 903 848 944 819 972 816 997 959 937 966 853 921 870 993 973 802 923 897 828 832 976 911 809 929 807 806 953 838 830 977 910 815 998 919 848 894 816 936 912 811 925 957 835 905 828 999 876 962 971 971 907 839 853 963 866 917 949 888 906 972 832 923 869 897 803 908 888 892 949 905 998 926 882 968 995 891 815 907 898 981 888 908 839 928 861 956 868 976 864 927 902 959 995 919 825 869 908 936 983 989 859 894 955 843 878 975 970 847 802 959 977 808 912 961 871 866 940 866 978 922 938 998 827 924 924 982 811 874 933 861 962 878 809 939 916 922 870 893 832 
843 814 946 861 973 951 926 998 883 811 852 973 898 887 921 836 887 802 845 955 976 946 872 903 916 907 993 864 874 972 865 808 833 979 954 944 837 809 908 905 853 802 918 836 843 852 955 943 924 870 923 865 810 863 873 907 935 886 981 840 967 859 912 843 971 846 985 892 986 951 878 803 818 943 932 800 956 980 945 949 830 995 807 968 954 926 904 816 829 835 978 939 901 971 969 982 839 957 970 916 824 800 953 934 893 894 823 861 818 825 997 836 946 967 855 910 993 969 861 839 818 828 835 962 854 836 844 848 805 899 915 948 992 941 986 853 860 969 935 862 960 992 894 945 804 832 816 967 908 903 833 805 881 866 805 946 977 950 841 803 931 939 957 944 864 983 909 903 1000 981 932 933 827 803 832 905 919 971 872 998 847 984 872 981 887 941 994 942 864 806 967 877 817 937 916 994 941 952 861 962 
823 860 906 993 866 844 896 830 949 916 804 881 999 824 950 936 881 858 861 916 818 997 892 815 923 874 818 859 919 809 840 862 977 954 831 852 905 866 965 999 854 979 948 877 814 888 899 828 864 919 886 946 814 847 972 965 899 954 909 816 1000 811 926 833 838 967 946 981 865 902 872 944 902 911 944 856 863 844 980 887 805 823 935 995 865 931 990 806 980 983 845 936 974 966 942 995 972 873 942 881 846 832 943 973 838 911 882 878 837 958 943 883 838 994 957 881 900 920 956 838 928 959 874 961 984 889 999 863 819 963 952 857 801 885 954 939 833 915 969 877 945 860 825 850 810 951 996 808 918 888 881 925 826 842 882 987 883 845 910 966 988 893 874 830 914 930 813 926 1000 829 861 944 804 854 873 925 819 970 927 860 886 845 967 834 893 893 975 957 836 879 909 909 812 989 996 810 958 982 944 871 
853 879 934 857 811 868 886 941 893 822 839 833 822 829 917 800 870 842 931 829 876 952 997 972 884 830 903 935 992 975 900 904 940 944 808 947 964 858 862 887 830 948 937 855 979 905 902 867 967 986 932 812 930 807 955 866 976 894 892 980 965 978 990 829 890 856 803 805 837 946 871 919 942 853 832 859 982 874 926 840 883 879 950 930 867 880 912 835 966 808 814 874 873 819 907 881 914 843 937 911 881 850 838 982 989 866 985 915 860 843 939 864 922 850 892 802 827 988 934 833 881 854 969 951 935 816 923 967 847 932 981 840 888 822 843 981 941 872 839 906 899 803 976 906 867 967 866 838 936 806 809 892 829 942 810 808 987 951 984 986 905 956 938 990 914 959 974 883 876 838 922 871 948 842 851 875 811 873 963 870 985 880 914 946 911 843 961 810 888 815 827 998 922 842 909 912 830 917 954 862 
915 895 821 869 959 951 880 989 835 814 889 962 863 851 906 953 868 921 890 850 964 868 882 802 959 803 971 944 873 1000 900 969 884 824 884 927 974 992 805 844 826 943 875 983 994 882 966 926 892 960 995 927 899 857 842 839 996 852 983 833 831 808 852 925 955 984 819 955 948 998 886 950 817 807 961 924 921 942 932 903 877 872 867 876 897 924 992 884 982 892 822 915 960 831 813 977 981 982 849 891 823 838 901 999 875 854 800 903 956 849 858 913 915 911 845 862 812 833 833 936 994 830 979 902 965 859 941 948 821 833 827 983 960 875 925 993 833 896 844 865 967 860 967 985 965 922 991 890 917 832 860 922 893 941 895 912 927 884 863 980 829 891 998 917 817 888 875 843 939 879 946 910 914 863 904 836 985 999 897 818 801 825 877 934 851 937 989 854 864 920 991 824 806 920 965 839 923 902 894 879 
975 834 996 992 854 998 806 849 890 878 874 963 908 979 977 884 806 867 974 933 993 908 898 844 955 959 801 812 852 952 911 902 813 999 915 843 808 812 850 946 808 908 994 915 991 866 955 861 814 819 972 821 950 888 856 986 989 952 810 854 821 957 958 882 961 869 982 941 849 944 926 873 800 860 914 816 997 851 914 963 984 878 831 817 913 849 896 806 878 958 880 833 891 815 858 893 937 896 903 957 941 939 901 842 940 968 818 846 885 800 916 838 858 901 949 993 956 839 983 909 899 940 953 885 828 821 848 882 927 873 921 965 849 830 923 858 818 968 843 1000 992 934 841 818 947 868 890 870 979 994 955 948 919 862 834 842 939 867 836 803 876 838 983 888 909 857 985 871 834 856 855 949 886 971 930 951 891 864 942 992 966 947 816 894 817 925 964 891 883 917 824 865 936 991 863 886 853 872 852 940 
857 960 872 813 885 886 800 863 921 947 905 807 921 910 912 935 929 851 805 926 850 837 815 909 832 937 957 812 803 817 994 829 847 816 876 831 890 847 816 917 973 843 812 995 912 932 828 954 1000 846 822 829 920 904 872 978 935 956 895 996 937 819 935 819 871 920 992 883 884 984 849 927 892 964 826 807 882 976 970 840 841 896 859 989 928 931 944 919 817 831 958 911 899 954 945 823 834 851 977 974 826 975 996 809 986 893 935 884 901 827 943 882 918 919 880 980 847 897 924 976 970 889 928 807 882 956 914 899 836 917 855 940 830 923 851 1000 888 834 925 800 907 936 864 944 999 814 814 899 846 993 956 993 998 862 876 902 994 877 947 849 925 857 858 940 830 883 820 890 985 854 827 875 870 966 967 805 923 881 858 955 889 985 870 989 882 881 968 854 974 889 881 834 858 970 918 825 947 845 837 923 
886 873 995 811 831 826 847 950 850 878 812 816 905 832 911 856 922 943 976 838 970 952 984 894 809 966 890 849 964 938 861 850 814 979 811 950 819 822 838 883 960 862 889 826 849 966 869 999 846 802 977 821 999 900 873 943 955 921 934 839 933 850 961 807 990 956 838 824 839 868 818 955 989 911 849 934 883 992 968 891 895 972 856 863 855 999 999 938 960 913 826 911 809 906 987 977 865 887 860 973 952 873 991 955 853 893 977 882 885 841 889 952 976 943 916 998 882 981 866 811 831 956 957 818 932 957 951 941 921 961 826 840 891 851 805 967 938 826 933 819 935 885 800 949 847 990 935 879 877 849 813 807 889 865 814 812 925 851 837 996 909 954 839 820 924 972 818 982 814 994 964 849 972 825 922 845 877 821 978 920 953 964 979 840 874 869 965 926 911 979 924 888 875 914 903 948 832 890 871 956 
917 960 885 853 955 837 928 838 877 868 976 808 993 908 902 1000 941 927 906 864 839 829 946 860 874 968 870 875 878 925 815 821 952 930 844 958 969 896 838 821 946 873 872 964 885 903 879 843 987 930 807 838 945 836 817 911 856 917 859 922 901 934 969 817 903 931 835 936 973 959 811 853 851 969 873 937 849 910 850 820 857 875 965 844 828 869 843 991 982 980 891 930 893 810 870 884 876 946 993 809 888 835 830 945 950 940 971 863 953 864 846 920 802 924 877 926 817 857 869 939 979 904 956 948 929 972 830 940 806 897 976 834 967 978 814 928 955 829 940 991 950 952 930 856 813 996 940 848 970 943 964 885 841 834 865 970 1000 965 887 902 835 835 905 968 938 834 856 971 990 809 859 842 899 981 952 967 917 836 866 866 921 879 919 985 980 890 894 864 828 813 950 960 834 909 861 830 982 868 881 943 
867 973 829 902 973 910 836 842 932 979 850 995 887 852 1000 924 898 873 992 893 919 893 990 944 929 989 974 847 926 929 808 938 975 822 803 875 894 917 891 909 939 993 937 840 967 930 869 893 823 996 818 835 980 848 978 965 908 975 805 919 812 815 941 948 921 899 904 957 975 823 936 835 971 956 893 833 986 878 943 803 939 846 976 930 898 939 966 974 884 865 834 998 981 894 815 966 951 921 860 818 861 948 932 932 974 926 975 950 975 979 966 818 980 829 991 871 900 842 867 978 857 810 909 842 990 813 981 862 860 822 831 920 960 968 914 851 894 820 933 947 926 813 892 986 953 856 970 841 876 822 907 933 888 880 846 889 843 808 961 893 921 911 942 946 959 850 924 870 851 868 921 919 803 811 951 986 842 995 926 835 900 960 974 993 969 843 963 992 821 811 953 959 999 881 994 832 879 838 903 826 
826 965 985 944 972 994 992 975 942 943 915 954 957 972 943 896 921 980 859 806 944 953 980 888 955 888 882 836 805 919 910 976 921 864 947 926 887 941 874 909 962 820 980 801 975 821 997 893 837 892 953 901 985 988 953 803 924 904 921 840 809 957 867 806 899 945 994 980 969 905 900 824 959 807 837 814 950 894 947 801 980 835 975 916 855 803 916 869 950 944 875 956 966 989 878 938 808 811 827 811 806 805 890 842 874 810 829 879 983 925 991 841 920 893 830 966 971 952 926 933 914 853 845 904 877 959 832 924 992 995 977 840 881 860 966 964 830 812 941 876 890 827 866 814 813 808 902 819 820 820 813 964 868 865 843 800 899 967 944 894 927 806 923 922 915 867 825 969 964 872 915 982 979 974 897 890 923 999 908 889 929 1000 800 934 939 937 986 921 809 962 876 810 824 841 968 999 824 963 804 921 
975 812 902 863 939 891 933 807 917 918 848 880 906 872 954 878 871 994 833 960 835 836 894 867 915 953 831 958 979 879 804 908 930 888 968 915 914 875 894 896 925 851 861 911 921 887 814 897 913 894 801 838 969 815 984 866 911 922 987 829 874 962 811 841 825 995 808 858 836 834 987 985 820 864 853 989 842 906 997 942 970 842 993 945 867 996 997 823 811 999 902 997 849 909 869 808 949 930 913 970 876 845 969 812 883 942 999 979 920 867 858 944 995 951 814 868 859 867 923 961 964 973 964 890 839 890 843 994 981 899 839 840 832 872 862 865 813 805 801 900 820 907 915 873 828 866 994 815 913 917 910 873 854 928 818 896 878 861 865 948 941 877 899 866 973 923 869 971 994 998 914 964 992 961 916 951 964 973 886 924 927 982 905 949 809 835 894 858 816 833 874 956 886 928 993 890 898 824 825 988 
850 867 921 805 997 823 959 981 898 825 977 834 883 905 849 985 967 832 842 882 889 916 909 827 929 925 864 935 892 804 926 973 967 861 922 894 939 817 876 915 947 990 852 866 922 959 852 884 993 941 862 984 870 847 876 992 931 997 867 935 949 805 828 858 941 849 935 863 979 836 939 986 954 813 945 816 815 940 922 976 873 848 930 996 857 939 863 891 977 917 939 961 808 940 857 995 901 838 821 912 984 960 879 891 880 846 868 848 886 974 816 971 840 836 898 969 806 933 833 929 809 880 952 933 901 966 994 908 854 994 964 976 851 975 803 857 908 978 933 956 973 894 988 916 882 963 949 898 931 939 821 816 955 965 856 851 901 936 974 831 840 815 940 882 905 856 851 915 910 953 886 872 991 997 957 938 866 942 924 893 880 909 890 870 981 969 919 844 805 907 959 805 893 981 892 980 810 970 826 956 
944 890 875 874 979 831 891 863 845 957 827 987 888 958 892 844 805 906 861 923 861 830 905 970 975 885 952 907 802 863 877 969 817 927 920 878 961 991 926 826 818 982 968 837 979 838 868 825 808 910 964 941 882 919 974 928 899 882 941 866 895 888 889 892 961 944 972 933 839 819 922 881 800 991 938 854 907 823 962 981 908 844 902 828 980 906 974 996 969 806 883 919 965 846 912 882 819 918 929 914 877 964 998 872 958 880 828 962 950 903 906 856 929 880 919 995 953 893 987 803 939 814 944 824 817 971 831 893 808 840 979 915 945 945 887 925 982 985 894 976 845 924 935 958 850 914 811 921 958 945 960 869 967 874 892 870 978 813 963 842 951 969 871 800 952 949 860 836 996 926 877 811 804 949 885 963 902 921 922 875 917 890 805 926 980 884 917 997 988 918 856 955 834 928 853 808 924 948 999 909 
911 982 934 871 875 908 872 871 902 980 920 995 889 909 899 813 816 941 841 882 830 847 984 821 880 933 914 871 869 963 829 924 960 875 890 879 969 931 823 982 994 952 982 813 911 808 850 992 938 969 906 993 921 956 929 863 831 803 996 867 929 815 917 923 860 930 969 868 843 864 947 984 930 805 996 870 841 858 909 920 996 829 862 861 838 871 968 824 910 941 846 866 973 852 948 948 935 928 844 909 827 973 950 906 974 911 821 869 979 917 937 828 882 966 830 874 859 921 974 841 902 822 971 923 853 984 883 912 848 891 932 862 831 858 812 977 904 855 856 919 866 986 898 1000 975 844 909 814 815 943 971 838 953 808 987 891 849 836 999 947 975 973 978 991 818 988 910 868 983 980 840 893 911 841 814 854 817 902 995 996 957 899 990 853 870 871 975 904 900 992 983 944 840 926 845 899 938 945 855 955 
953 851 958 968 816 866 900 818 886 882 908 998 878 898 974 834 962 803 826 871 809 860 848 952 975 814 964 982 944 956 880 887 950 966 887 817 871 919 975 818 930 818 831 880 965 939 980 870 962 951 885 886 987 954 884 819 925 827 822 936 867 989 950 859 800 892 977 833 888 949 927 863 890 966 904 988 802 875 988 803 902 934 845 938 897 855 890 886 945 929 877 922 981 817 988 985 943 914 934 967 812 865 917 836 922 953 863 956 851 808 855 971 938 993 975 918 834 961 928 913 897 956 870 887 942 864 810 983 876 998 952 833 826 812 874 820 978 804 972 969 810 856 819 992 978 975 863 883 840 871 976 892 824 919 882 885 913 833 842 935 940 881 952 809 985 810 871 884 996 984 857 978 821 918 867 943 922 932 860 957 878 877 946 830 919 805 964 877 958 995 944 880 876 974 886 823 898 829 855 990 
809 853 893 801 918 992 926 953 943 815 878 907 821 866 963 873 801 956 982 960 907 981 898 974 841 882 894 857 885 859 988 980 838 806 933 1000 898 898 964 827 984 964 837 819 985 810 818 837 862 999 935 817 802 958 929 899 882 978 987 812 953 849 989 804 951 832 820 931 831 916 839 831 941 995 916 839 942 828 818 815 946 803 973 999 835 861 818 951 881 971 868 852 874 913 874 824 944 878 983 910 820 843 968 945 816 959 881 845 991 819 926 899 846 991 934 925 897 935 981 802 830 860 968 834 862 879 897 956 933 884 821 884 890 963 986 838 963 850 994 941 814 894 808 978 992 953 818 870 851 971 917 991 993 804 812 990 951 996 1000 861 889 897 833 978 834 872 952 821 921 950 939 958 968 986 898 928 960 919 979 829 817 811 816 968 986 860 869 993 869 806 859 814 887 935 926 804 837 948 817 847 
947 876 987 959 901 886 867 976 834 815 886 822 924 912 863 808 818 947 809 985 892 858 995 931 839 922 813 987 820 949 936 983 857 892 895 815 940 807 802 807 853 933 955 936 816 989 815 890 929 832 964 912 852 979 937 998 859 977 802 872 888 805 826 902 849 811 994 904 906 908 887 932 847 915 875 913 954 846 871 806 881 813 891 933 840 984 993 963 961 882 892 1000 856 975 911 886 973 910 815 854 888 811 984 925 957 949 944 922 901 823 963 890 964 800 927 858 997 940 948 809 942 804 875 884 810 926 906 968 923 877 897 924 937 907 965 831 880 933 956 849 860 891 880 934 979 953 919 810 942 871 891 889 828 903 958 999 936 954 947 950 950 855 945 844 805 892 973 976 891 907 802 822 808 826 958 864 997 826 829 806 803 970 819 987 950 868 971 850 894 1000 984 905 848 920 959 860 865 965 875 818 
818 990 959 846 904 994 846 892 884 855 882 961 805 819 967 939 900 991 877 901 843 879 884 875 904 953 886 902 865 901 918 829 944 975 985 842 987 961 967 880 868 851 972 845 811 945 855 850 988 847 948 865 838 876 895 912 870 976 979 894 803 881 930 960 947 832 915 896 857 891 884 900 883 904 945 801 889 800 959 987 911 820 984 959 981 979 928 825 918 982 984 876 970 801 973 958 914 928 880 867 991 843 968 963 943 910 935 989 968 892 814 990 823 820 963 969 922 961 895 998 839 907 979 926 802 916 948 837 831 909 890 903 920 929 847 805 943 927 971 951 827 975 816 817 858 868 913 939 806 996 855 935 828 916 978 850 843 900 843 814 853 988 939 825 921 988 939 978 949 831 807 977 932 874 882 918 908 988 901 890 937 942 820 945 850 846 934 979 941 890 805 909 848 978 953 994 871 885 873 899 
