50 100 200
14
12
14
16
17
11
10
10
18
11
16
15
11
11
16
10
10
11
12
12
10
18
18
15
16
13
20
12
11
18
13
18
11
12
20
19
12
20
11
18
20
11
12
20
12
19
17
18
13
13
14
17
19
10
15
15
17
18
11
17
15
16
20
20
15
18
12
19
12
15
11
19
18
16
14
19
11
13
13
15
14
10
10
16
19
12
11
20
17
17
20
10
15
18
15
12
15
18
12
16
14
19
15
15
17
14
11
16
15
19
12
17
17
19
15
15
17
11
14
13
19
10
12
10
11
18
17
15
20
17
20
14
10
11
11
15
14
18
15
18
19
17
14
20
12
14
17
18
15
14
19
14
16
20
19
14
20
19
14
18
14
11
16
10
17
13
14
19
12
14
17
13
15
12
11
18
14
13
14
10
13
14
18
20
17
10
17
18
16
14
15
18
14
12
14
19
19
13
15
10
587 21066
465 28633
482 28680
392 25433
518 22421
395 26297
481 21892
419 21469
366 21196
496 20572
415 25750
341 21956
299 24668
478 20461
478 27499
488 26701
404 24176
492 29681
583 23381
492 25440
419 23192
327 24199
598 26346
566 24608
299 28491
395 20026
586 21820
313 22531
483 20416
337 25093
384 24861
386 22452
491 28888
371 26407
555 21664
349 28427
321 28077
398 28521
379 23516
473 28465
471 20339
518 29498
421 24592
539 21944
444 25306
588 24732
509 27715
496 23049
325 29042
325 23843
63 50 95 58 90 84 98 55 67 64 79 83 88 100 55 71 74 73 79 72 84 61 98 70 79 97 88 78 64 89 55 59 67 71 58 92 61 55 88 50 51 77 59 58 92 69 91 99 69 78 100 60 91 98 73 50 51 81 78 74 52 91 97 82 88 90 96 87 77 54 68 73 53 74 56 56 65 88 63 99 54 92 63 76 50 74 62 74 86 67 62 65 50 88 78 60 82 58 83 58 
94 99 56 81 92 72 55 52 97 51 65 78 66 83 58 60 74 58 95 57 72 68 78 67 72 93 75 54 87 52 100 58 98 81 50 78 54 56 73 87 61 51 81 55 68 96 78 52 92 91 69 83 93 53 76 97 89 88 63 72 85 87 64 54 68 90 100 67 82 67 82 50 76 90 65 62 53 56 75 68 96 54 62 74 65 90 88 54 65 75 62 50 52 63 55 85 83 85 98 93 
55 84 85 98 75 61 74 57 100 69 93 73 94 87 52 89 58 74 58 66 78 66 59 66 97 70 100 67 61 81 76 55 91 95 89 60 68 79 74 78 66 76 55 63 100 57 87 81 64 75 55 58 91 91 54 81 68 60 86 62 63 71 94 66 83 70 79 50 80 87 56 90 57 62 69 85 69 74 50 90 100 64 78 95 70 69 92 76 91 59 52 94 76 74 75 59 100 70 95 56 
56 73 65 59 78 90 83 81 63 55 56 74 90 56 56 80 85 65 70 79 97 67 55 79 54 63 89 73 100 85 81 64 60 99 95 78 80 97 72 100 96 70 90 53 72 81 86 74 92 73 73 56 51 66 64 78 53 84 79 78 51 60 54 53 79 50 51 60 71 88 83 57 88 75 54 53 64 57 61 89 89 90 64 76 75 88 91 58 78 74 74 97 86 91 80 54 50 64 82 92 
50 74 86 89 66 73 75 59 54 57 78 99 55 87 66 57 83 90 92 91 66 77 73 98 54 61 73 72 56 80 92 91 92 55 80 91 86 62 90 67 88 52 73 79 85 71 85 88 98 50 91 92 79 92 93 76 68 62 55 65 66 65 65 66 51 95 63 50 100 58 86 73 80 67 97 80 74 55 71 74 74 58 72 70 57 83 63 62 98 97 59 72 85 88 85 65 76 86 54 70 
78 79 92 81 88 58 72 79 91 63 87 62 82 50 79 61 57 82 61 56 82 53 63 74 62 64 51 85 72 82 65 96 85 82 73 67 56 57 53 68 61 71 72 56 86 58 97 95 52 87 54 79 69 64 61 75 73 67 75 61 90 95 72 66 62 96 61 86 95 75 80 69 80 50 87 66 88 65 55 57 90 64 72 50 100 54 60 77 73 69 56 51 72 96 97 97 70 56 53 58 
50 54 72 94 50 78 98 72 91 50 88 57 78 51 90 94 75 69 96 57 69 56 73 63 100 51 69 84 94 62 99 77 58 76 85 70 56 57 61 80 85 75 63 76 94 77 53 90 89 55 69 95 92 61 57 67 90 62 80 70 66 100 75 87 99 98 52 88 79 96 79 92 58 89 76 75 99 59 97 52 80 100 99 80 66 88 92 93 67 62 75 95 100 79 81 73 90 100 87 92 
90 69 87 83 80 74 75 91 94 76 50 58 81 50 67 50 51 95 68 86 54 52 78 55 100 87 59 61 92 66 76 64 85 99 89 55 53 73 86 85 65 53 81 72 91 92 87 93 71 69 95 79 83 51 67 57 94 97 86 70 69 74 75 99 76 79 68 86 50 92 58 58 75 87 68 59 98 80 77 53 66 78 54 67 58 100 87 52 74 94 75 84 50 60 83 87 51 65 55 75 
69 77 93 90 76 80 61 100 62 68 75 64 66 82 65 55 90 66 90 72 69 89 82 93 57 81 90 64 93 87 53 86 80 67 69 54 52 62 67 84 99 51 57 82 100 52 87 68 59 59 75 82 69 51 92 54 52 62 86 66 77 74 73 97 65 52 52 93 88 94 61 74 66 88 92 78 98 92 69 56 70 90 69 81 62 60 69 95 85 80 52 62 78 73 68 71 92 56 59 74 
71 70 84 60 90 99 58 98 72 62 54 66 97 80 50 75 86 57 89 84 84 50 67 61 90 53 77 56 79 69 92 100 94 99 97 89 53 99 81 97 84 56 68 67 71 88 82 72 83 62 54 65 95 76 87 74 96 72 70 76 67 97 54 72 70 79 60 90 70 56 78 84 85 98 70 69 53 92 61 61 54 96 79 72 92 57 61 68 58 87 95 70 50 95 52 71 74 80 98 79 
71 60 58 77 58 68 65 94 95 100 100 61 52 69 80 90 82 88 80 87 77 62 92 99 70 83 72 66 79 87 86 50 51 60 77 82 100 72 61 100 60 88 83 74 93 89 92 89 56 93 51 53 76 92 63 85 59 56 54 56 63 88 62 66 99 52 85 81 80 97 59 71 66 99 83 54 69 71 59 67 88 66 79 100 83 69 77 79 100 99 96 69 74 71 93 96 90 78 59 89 
93 70 93 69 64 80 80 57 64 72 50 58 52 98 75 53 88 75 50 76 77 80 50 51 78 99 70 99 64 81 67 72 98 92 82 100 81 76 52 75 66 54 84 95 87 53 54 83 83 87 82 76 73 72 91 88 82 71 63 100 76 77 57 74 95 50 96 68 84 77 88 60 76 63 56 61 79 79 64 60 67 90 97 78 63 93 97 100 73 78 68 80 74 89 61 54 75 85 98 71 
50 97 53 74 99 57 97 91 55 50 61 82 74 94 88 66 99 99 50 96 65 98 94 52 75 98 67 56 95 68 83 65 88 65 87 93 83 82 78 50 84 63 86 78 64 85 100 89 56 95 62 99 65 64 97 69 65 77 80 76 90 85 94 95 97 82 75 58 79 97 65 81 54 78 56 96 79 84 90 85 83 62 66 65 56 57 83 60 100 91 75 53 62 92 53 87 76 72 93 72 
87 55 60 75 86 82 82 56 90 71 86 99 50 78 68 91 50 53 73 56 81 96 62 69 64 68 61 87 55 82 100 61 92 51 96 53 94 67 86 53 97 58 61 75 69 51 91 88 66 82 61 84 57 72 58 61 84 91 54 89 51 93 58 62 85 83 91 67 74 53 71 90 79 62 98 80 61 70 56 65 74 70 83 66 53 100 84 52 66 70 98 96 87 83 71 76 75 59 62 83 
76 57 56 90 75 79 87 84 69 95 88 93 83 57 77 73 52 79 62 53 88 94 86 100 60 88 71 61 56 82 69 86 96 52 81 85 75 94 96 97 98 88 100 78 62 71 52 89 81 80 75 92 80 69 81 68 63 74 87 64 78 58 80 100 90 67 98 94 73 66 53 76 95 65 59 88 63 70 72 53 72 83 95 88 71 85 64 89 69 50 99 64 85 51 50 62 98 98 92 67 
50 63 59 89 82 67 88 93 60 95 71 87 89 84 88 63 52 70 71 81 76 85 75 94 96 88 72 90 59 66 65 66 68 63 96 98 61 74 91 67 77 68 68 99 61 64 76 95 92 64 92 70 56 87 74 56 84 64 79 56 94 74 80 77 62 100 62 82 60 66 54 64 81 58 74 85 95 73 62 73 58 69 62 89 91 50 99 61 50 94 69 85 51 100 86 68 52 89 72 55 
90 53 61 82 81 83 60 68 94 57 61 79 82 53 76 64 83 63 91 51 75 57 94 95 69 66 58 52 62 81 65 96 65 54 87 100 95 56 82 65 62 64 57 78 70 76 50 55 78 68 92 72 55 85 81 62 77 83 80 52 58 96 86 71 86 70 73 60 80 91 55 63 73 97 53 59 75 82 97 51 73 94 86 53 89 92 74 85 82 54 88 97 73 60 97 86 55 82 55 63 
59 92 65 56 96 53 95 94 54 52 73 77 85 54 53 71 69 60 74 100 51 66 71 90 85 85 87 99 59 67 77 67 71 82 88 72 59 79 51 88 55 87 63 76 61 69 74 54 55 53 76 88 92 61 73 94 100 99 75 63 66 65 59 57 97 78 81 60 53 77 55 75 68 62 72 54 81 67 60 95 83 77 56 77 58 97 55 92 57 95 78 73 96 53 55 77 74 70 77 67 
85 53 79 81 50 69 51 78 90 53 73 63 57 77 71 89 78 73 53 97 92 60 65 74 67 51 69 91 52 82 94 54 97 87 99 98 72 60 60 53 69 63 98 50 65 86 83 82 93 86 82 63 56 89 70 58 98 70 59 98 89 95 100 80 88 71 74 81 57 56 61 68 78 56 86 52 79 98 51 91 98 53 97 84 100 83 90 59 68 94 98 57 77 61 89 80 53 93 73 91 
96 88 83 51 81 51 79 97 84 77 73 83 82 79 78 97 84 74 92 71 52 78 54 62 56 54 87 95 86 57 52 80 94 88 99 62 100 69 90 77 69 71 97 87 99 65 59 53 79 65 77 99 82 98 92 51 98 79 97 94 79 93 76 66 90 72 59 81 79 63 70 80 74 100 86 91 62 71 66 62 61 99 99 76 76 85 76 68 91 61 68 94 94 72 76 52 77 86 90 60 
61 98 51 57 95 74 65 70 65 68 69 67 57 52 71 87 64 53 68 55 57 63 87 90 88 89 100 87 59 91 56 89 86 71 98 92 70 56 97 87 99 80 52 88 82 61 76 78 72 94 64 90 68 65 68 59 70 100 63 51 89 71 86 67 78 85 73 95 90 73 64 54 51 68 88 62 90 90 87 61 70 71 88 89 72 52 78 73 99 83 57 63 79 69 84 86 55 91 90 65 
67 57 57 68 57 75 69 51 92 76 84 69 76 90 95 93 66 77 72 97 73 86 53 97 84 100 74 80 54 66 62 55 69 78 85 77 79 94 55 72 80 100 53 56 64 84 52 83 86 57 78 59 82 96 58 86 91 90 83 54 99 81 76 95 74 58 98 74 97 100 91 61 66 79 66 74 70 75 51 57 55 95 58 91 66 50 80 76 63 59 99 81 94 57 71 91 65 65 90 66 
63 100 85 87 96 59 71 71 58 51 63 94 59 92 53 74 100 65 88 66 53 96 70 95 62 73 82 55 75 89 78 87 73 58 70 66 59 65 99 95 87 96 77 93 73 88 92 98 75 85 74 50 92 100 86 53 57 58 86 73 80 91 96 94 55 64 94 67 99 67 88 93 78 76 55 53 81 63 56 70 65 94 87 52 97 66 72 59 96 79 75 56 61 98 50 67 61 90 90 82 
59 87 54 96 76 72 90 86 85 57 72 99 55 68 72 73 50 80 60 62 50 66 96 64 90 88 98 54 70 92 84 60 90 70 80 57 97 98 88 86 64 53 82 91 93 53 53 72 70 53 83 92 70 85 52 57 58 68 89 60 100 73 80 68 73 75 59 92 93 88 52 93 53 74 72 91 78 87 80 96 93 51 79 84 86 89 93 86 85 67 55 77 52 62 100 92 88 74 90 91 
81 66 88 77 78 70 70 96 72 55 95 81 80 89 92 53 79 94 55 90 83 95 95 59 87 68 78 76 66 84 82 50 53 72 64 96 73 75 68 71 54 54 79 54 59 98 100 51 86 70 72 51 65 87 79 78 85 77 81 78 60 75 98 75 79 53 54 100 92 92 68 100 74 81 90 74 67 55 91 56 72 94 80 92 91 72 88 93 55 57 76 91 93 94 82 85 50 71 54 66 
93 80 73 74 92 83 57 90 68 53 59 96 71 85 66 95 96 90 70 95 69 89 84 54 91 52 55 90 85 71 75 95 60 74 73 72 52 74 71 79 86 65 85 71 88 72 83 94 98 81 84 98 63 55 51 81 79 80 53 74 89 78 92 66 93 85 80 67 85 78 92 51 74 84 53 78 84 97 97 50 80 86 64 88 79 67 78 90 73 63 50 89 75 81 83 74 97 76 53 93 
53 54 91 77 63 100 85 71 63 79 65 51 64 52 69 97 95 58 63 71 63 97 85 60 65 70 91 93 71 96 85 73 77 64 97 99 64 73 50 80 80 96 67 91 79 54 72 96 59 100 73 99 65 67 54 99 99 75 66 88 67 79 66 79 73 98 89 71 75 87 91 56 80 59 73 57 55 77 61 88 85 86 76 65 89 72 84 82 73 56 80 67 89 88 74 55 57 77 61 58 
51 60 58 66 97 57 86 52 54 63 73 91 98 82 50 85 97 80 55 84 73 87 57 83 92 84 85 78 62 78 95 67 54 55 87 81 75 69 97 95 59 87 50 86 95 95 89 97 54 75 83 62 94 58 75 66 96 89 51 98 63 98 64 64 50 80 68 71 66 51 50 53 83 97 61 67 74 81 95 83 80 56 50 73 80 99 66 91 52 87 81 93 64 71 87 97 63 81 77 76 
100 100 52 66 85 84 83 98 63 84 80 60 90 70 74 65 54 87 63 56 52 66 66 89 83 89 58 100 55 53 68 89 79 70 68 68 69 62 76 51 77 92 52 92 65 78 91 89 67 65 74 61 62 94 92 55 56 64 76 60 62 91 55 87 55 81 76 72 64 61 94 89 58 79 92 99 80 86 68 76 55 50 64 51 64 70 53 95 83 97 77 86 72 77 87 51 85 69 90 77 
67 85 58 55 87 79 95 55 97 59 53 81 77 67 95 68 79 52 80 77 51 66 53 51 94 99 61 96 89 90 73 56 71 63 74 86 95 81 96 66 86 71 57 67 66 81 59 56 61 73 72 76 79 60 88 66 60 61 91 94 61 53 64 62 77 55 67 84 52 62 94 80 88 55 100 63 52 92 72 99 69 77 60 64 72 68 50 78 57 50 60 84 92 73 64 54 64 70 65 73 
71 71 86 52 62 100 57 86 96 92 79 65 59 92 89 80 83 70 72 57 69 63 71 61 82 61 97 66 92 85 96 83 83 85 64 96 83 84 62 75 65 61 66 89 67 68 66 74 57 94 72 77 84 68 61 81 90 72 87 97 96 62 88 72 64 81 76 62 94 70 67 70 93 73 83 90 87 65 62 64 68 64 60 98 69 100 94 95 83 98 52 86 62 51 90 55 74 78 81 100 
85 93 96 58 99 66 70 69 71 81 73 78 92 68 81 52 68 62 85 67 86 66 88 98 97 87 72 54 80 63 87 54 95 74 75 90 85 76 67 50 79 94 95 71 59 71 62 82 50 75 53 93 76 99 94 89 93 72 65 79 57 69 57 91 70 64 68 77 68 52 82 51 68 86 70 88 75 86 99 63 58 98 51 66 81 61 72 96 65 57 93 84 54 96 77 78 50 87 76 69 
80 68 57 98 62 75 66 77 90 83 84 62 85 93 85 74 86 62 72 72 75 68 65 90 61 65 83 50 88 87 80 79 52 88 67 100 77 54 86 70 66 91 70 66 64 69 50 73 88 100 70 67 72 100 93 82 57 70 89 57 59 74 83 98 80 95 79 76 80 58 84 71 88 63 82 89 92 86 69 91 94 57 83 58 90 66 55 84 80 50 90 52 69 71 84 82 66 92 67 87 
85 90 94 65 59 69 80 75 76 69 83 69 91 82 83 96 74 68 90 83 83 80 76 86 92 67 65 64 76 95 52 89 54 65 100 75 91 81 70 75 58 60 83 50 99 98 71 66 73 85 79 92 86 91 99 100 50 64 76 89 55 80 50 58 54 54 99 67 96 64 79 63 62 83 70 95 97 64 75 100 50 59 60 77 92 94 61 96 73 79 67 80 80 91 86 74 60 64 75 86 
56 78 67 66 77 62 92 90 79 56 50 56 81 59 55 78 83 85 86 76 51 66 88 58 82 94 100 81 64 99 95 91 78 86 82 65 91 63 93 88 73 67 98 88 67 76 58 76 90 86 71 51 75 100 93 63 88 71 88 50 66 95 52 96 62 55 79 98 60 93 92 99 52 95 53 69 73 98 99 95 55 72 86 67 72 95 61 61 89 69 99 76 60 79 71 97 77 81 53 84 
61 99 90 94 81 66 59 55 71 61 70 70 77 100 91 83 64 86 58 78 84 61 56 77 63 75 63 68 93 76 56 69 62 86 64 94 57 91 68 69 66 74 65 76 68 71 78 87 97 81 86 51 50 62 92 77 87 57 79 95 71 69 59 52 52 77 65 79 85 50 63 91 57 73 78 73 53 88 51 74 75 94 97 55 70 79 84 80 99 78 64 52 65 53 81 85 58 98 99 64 
88 78 85 57 88 92 95 79 72 92 76 86 73 86 55 91 87 96 71 85 60 85 94 79 96 98 52 64 100 72 91 100 67 79 51 77 62 72 87 67 94 90 71 59 77 80 92 63 92 90 56 83 72 83 57 59 73 97 55 76 90 61 79 69 76 75 59 76 99 85 56 100 99 78 91 84 90 85 84 77 65 77 55 60 76 51 59 87 95 84 56 57 91 85 91 64 91 65 65 58 
86 54 95 58 69 51 62 55 73 66 65 70 93 53 75 81 79 80 65 97 79 78 57 72 55 70 76 65 66 61 62 81 56 98 53 50 65 94 66 79 57 56 82 100 94 64 86 60 77 51 60 92 82 69 91 96 86 65 79 78 95 71 73 81 91 63 55 61 83 99 62 50 75 78 57 73 51 55 63 87 85 89 91 66 52 68 69 94 75 96 91 86 68 76 60 54 94 66 84 91 
51 53 51 50 83 90 75 66 66 100 52 52 74 71 95 73 92 99 99 70 94 99 78 75 72 83 78 100 52 54 59 72 67 67 81 90 87 74 97 99 59 90 96 61 62 65 56 61 77 91 94 61 86 89 59 72 93 87 62 89 69 73 81 60 90 62 73 54 99 73 81 67 62 69 77 55 87 86 72 57 57 77 80 96 90 58 97 58 72 78 83 83 99 61 73 64 82 76 99 99 
79 54 67 55 64 68 81 77 87 91 74 51 92 82 91 76 55 73 55 66 59 71 65 54 63 71 93 94 70 63 98 97 57 99 86 69 100 56 83 82 83 74 61 93 100 68 58 96 84 96 81 73 70 88 72 61 73 68 92 82 60 60 56 93 59 60 73 70 90 91 77 59 71 74 66 68 59 64 55 72 71 71 92 78 94 61 89 67 63 82 64 80 93 57 69 74 85 75 50 89 
83 84 86 73 70 97 50 98 64 68 81 58 58 79 86 99 74 60 67 58 65 69 86 76 86 93 100 65 70 68 70 84 55 89 94 73 62 71 62 99 55 82 74 85 77 75 65 84 97 62 63 56 92 73 74 57 81 100 51 84 54 64 66 50 62 94 55 92 54 72 62 93 90 92 63 51 95 72 60 59 97 90 53 96 54 60 85 76 64 67 87 75 92 89 51 76 59 84 82 98 
58 55 65 75 60 73 68 63 81 71 53 79 88 71 58 80 81 91 86 96 80 92 58 72 84 92 69 90 90 55 57 58 88 91 57 81 71 55 53 77 64 97 98 60 98 52 58 71 94 68 71 96 65 54 69 100 50 99 57 97 78 99 86 51 58 56 82 84 58 92 55 75 82 61 98 74 57 72 58 80 59 83 68 80 67 69 60 67 97 99 93 63 76 86 54 52 62 58 95 64 
99 72 66 85 89 67 71 70 79 94 82 81 50 79 87 50 74 76 63 71 72 100 77 97 81 77 62 66 77 50 60 85 79 50 58 93 60 53 71 78 84 56 70 63 88 94 87 58 63 57 68 51 97 92 63 62 68 70 60 51 51 99 85 76 67 85 64 89 82 77 56 50 52 97 55 55 67 76 60 89 80 95 78 64 84 89 67 69 81 59 97 74 81 56 99 59 92 99 73 78 
65 85 59 98 98 96 66 73 72 72 73 67 96 100 70 84 58 80 50 82 86 79 54 62 67 50 65 89 53 64 91 59 52 63 76 100 51 95 74 57 72 63 52 84 58 63 98 53 97 99 59 95 50 50 86 50 81 69 95 81 79 50 70 79 83 82 64 92 56 76 77 61 68 65 87 88 74 80 98 63 84 85 50 50 78 55 77 53 64 84 76 85 93 89 73 76 82 91 57 79 
59 92 79 61 94 55 61 97 74 62 82 75 56 79 77 65 54 54 91 50 74 80 78 80 88 91 53 77 85 74 53 96 71 86 52 75 77 74 74 62 61 54 88 90 74 98 92 55 87 76 72 99 81 93 66 99 89 84 58 96 72 66 93 85 74 98 60 74 84 85 90 61 81 84 59 62 81 86 66 82 97 71 79 60 60 67 57 56 82 74 80 81 87 55 75 73 93 99 59 67 
80 64 57 73 66 76 90 97 97 81 91 88 62 51 51 97 55 75 82 89 97 95 90 92 63 74 57 83 67 74 94 84 93 89 81 71 83 93 84 65 93 100 61 80 61 63 60 72 87 92 56 61 51 56 82 92 90 65 89 70 89 60 57 59 59 70 55 73 55 91 97 98 94 69 96 78 97 99 84 90 79 82 83 76 71 84 66 62 85 95 87 65 95 74 85 81 63 91 78 60 
50 80 70 94 80 87 89 93 58 69 98 83 74 84 74 73 94 91 73 55 69 94 57 81 96 79 61 85 81 90 87 91 93 83 95 64 98 92 64 83 83 63 84 99 66 83 57 69 82 67 53 70 57 79 59 82 97 64 95 97 50 72 67 98 58 90 61 51 80 97 99 94 82 98 54 50 65 54 99 72 89 51 69 77 93 80 100 82 97 91 75 89 65 59 59 75 70 66 75 74 
82 51 85 92 56 62 78 94 85 84 54 76 69 50 79 56 92 87 98 100 74 75 59 94 95 68 73 83 60 52 78 70 84 64 74 86 81 98 94 74 76 88 61 77 80 58 83 56 78 74 64 52 63 74 60 58 97 85 73 88 83 71 73 70 51 80 99 97 76 65 83 87 65 84 74 65 93 92 94 62 64 100 67 53 90 55 70 71 67 78 94 83 93 56 56 82 91 70 65 88 
88 70 67 88 94 62 56 76 61 59 73 92 77 84 89 60 91 67 83 56 95 53 56 51 72 53 90 60 78 75 74 55 89 60 54 66 88 100 96 57 60 58 96 85 83 50 85 87 87 52 74 69 58 52 61 90 92 81 98 87 64 62 67 82 50 88 75 84 98 86 63 95 65 67 60 99 52 95 91 100 56 55 67 51 62 79 83 78 92 53 62 98 54 92 77 82 62 98 91 70 
65 96 61 86 77 86 64 88 91 70 82 77 97 63 58 79 79 89 66 87 99 81 54 57 93 81 51 51 61 68 55 53 99 91 75 62 78 72 57 78 80 91 62 61 99 54 70 97 65 57 98 93 53 93 62 87 61 60 86 69 85 78 93 64 65 75 90 56 69 64 71 89 88 89 61 57 50 86 87 75 73 62 54 96 71 84 53 78 58 76 86 96 73 61 58 76 81 83 62 95 
236 9022
275 10324
177 9494
251 8485
159 10503
223 8860
163 10012
158 11652
234 9969
211 9493
284 10660
151 9125
200 8130
192 11127
152 9517
195 11923
244 9092
181 9054
243 9279
269 8683
154 10781
290 9071
202 9559
190 11661
239 9000
224 10409
223 8460
181 11845
193 11823
214 10116
232 8009
221 8762
249 9774
299 10938
265 8010
265 11225
216 11863
271 10212
219 10910
295 11518
220 11230
269 9060
230 11274
224 11615
158 9443
240 10810
274 9131
209 8684
234 9129
248 11205
214 9331
268 10353
258 9990
160 11114
284 8553
169 8837
239 10511
254 11872
212 10877
275 10389
251 8197
164 11419
270 10775
278 11893
277 11817
251 8744
192 10835
191 10376
269 8246
216 8225
167 9703
280 10480
267 8491
187 10318
164 9813
206 9608
193 9346
294 10864
209 11505
165 10801
222 10719
226 9415
252 11689
182 10828
239 10930
277 9892
226 8012
196 10938
174 8587
156 11857
160 10221
160 9142
244 9640
294 11747
256 11538
177 11916
179 9859
278 10270
174 9044
297 10079
72 90 89 69 87 71 98 83 50 97 58 57 80 87 64 53 73 65 62 63 81 59 79 63 85 53 86 79 92 75 60 51 60 74 84 77 57 50 53 58 79 60 76 92 61 50 61 79 64 88 58 95 59 58 95 70 96 77 82 75 100 79 94 98 73 57 67 95 63 69 60 67 59 73 56 88 63 57 95 94 81 81 57 97 96 62 69 68 53 53 52 86 95 57 99 68 87 77 84 86 68 51 53 79 75 76 79 77 98 95 74 68 75 92 66 87 51 85 52 55 92 73 75 84 75 99 60 88 68 94 54 72 53 75 96 58 58 86 91 72 94 91 79 91 59 99 96 81 98 66 52 62 71 60 81 90 78 71 62 59 53 73 98 88 50 96 51 64 81 83 51 92 94 84 89 74 100 66 93 99 59 97 94 75 60 67 93 58 93 51 76 79 72 77 89 87 69 50 88 97 
67 80 52 94 100 82 100 54 75 100 52 100 93 68 72 53 76 88 98 76 96 99 83 88 94 93 87 63 54 60 76 91 58 64 87 57 84 89 85 99 94 84 85 64 72 89 73 78 75 94 54 83 65 67 55 61 77 93 60 51 99 53 71 81 60 70 59 64 73 81 87 84 90 93 50 90 89 95 76 52 62 56 65 93 72 80 65 99 59 84 68 50 91 93 60 66 82 95 77 92 69 79 52 84 70 69 88 78 96 58 51 90 74 98 77 63 75 74 50 76 54 83 64 79 57 79 79 58 88 90 80 73 66 66 77 56 64 85 91 53 86 62 93 86 52 58 56 95 88 58 52 62 82 83 84 85 55 84 86 88 53 92 89 72 65 76 54 79 76 51 69 80 80 78 76 77 59 88 67 66 58 65 69 72 84 76 51 91 53 91 67 77 83 91 63 54 62 70 83 64 
71 92 77 62 93 51 77 53 83 90 68 61 81 92 100 84 61 95 72 56 93 93 100 68 100 70 76 96 52 73 55 95 74 94 56 74 88 58 78 84 68 87 81 71 62 70 55 99 78 51 98 78 50 81 100 59 63 88 72 100 90 72 61 74 57 68 53 89 78 77 89 83 95 73 50 99 93 94 65 67 71 93 88 64 86 56 73 67 85 81 58 55 52 60 87 92 66 90 83 80 94 60 60 82 92 96 95 72 75 67 56 89 86 59 50 86 76 86 89 85 66 55 79 75 94 82 52 51 92 59 64 63 92 66 77 64 81 61 70 50 79 63 50 64 94 80 66 91 95 81 99 93 95 66 62 93 78 65 73 59 87 86 85 65 90 50 55 50 78 56 60 75 73 71 94 59 89 56 79 88 67 51 91 95 56 71 91 90 51 96 67 52 81 65 60 88 64 94 94 52 
100 93 95 96 76 58 84 65 76 71 66 62 59 57 74 96 73 63 99 56 92 77 69 98 99 78 80 93 74 66 64 72 91 59 68 60 65 53 93 61 94 64 71 76 65 79 77 80 72 66 88 50 98 96 85 87 67 72 84 90 85 63 78 51 69 93 59 58 62 63 78 93 83 51 97 95 82 83 95 51 75 90 88 53 72 72 57 100 61 100 87 70 78 61 93 58 74 70 97 85 85 82 82 58 90 64 67 89 92 90 84 61 97 71 100 68 86 91 90 53 57 79 86 96 71 92 57 52 95 83 73 72 67 94 53 53 54 100 56 78 54 93 81 55 69 70 77 57 64 72 81 96 71 79 72 59 72 82 64 50 80 91 51 68 69 77 62 85 61 79 86 97 97 72 80 64 97 65 70 81 95 74 72 97 82 83 93 52 90 71 95 83 96 92 79 92 74 74 97 63 
96 74 57 75 88 70 98 64 61 82 83 65 78 80 97 100 90 87 54 55 80 87 72 73 62 74 98 64 57 71 61 90 97 76 87 74 73 75 96 81 73 52 69 82 96 93 88 59 86 75 84 86 70 93 68 59 73 81 66 81 82 57 96 97 96 63 84 60 92 94 56 80 79 71 68 74 71 65 72 82 98 89 73 67 54 63 52 98 89 93 85 65 79 77 83 90 70 53 68 60 54 56 53 62 80 81 97 66 99 70 55 92 50 91 62 68 80 65 90 95 97 76 56 50 95 79 65 58 82 97 82 58 82 82 77 76 71 79 60 76 70 91 99 62 99 82 73 67 74 67 90 98 97 78 100 81 83 75 55 52 69 63 83 87 92 97 51 53 93 99 85 86 77 67 97 73 78 74 74 59 98 82 86 98 59 78 54 95 70 89 79 99 56 91 79 94 67 98 58 56 
52 54 90 95 73 68 65 76 94 63 83 82 70 88 76 68 71 64 100 98 86 59 50 60 52 86 80 78 80 56 89 81 80 85 90 98 73 75 71 87 80 76 50 68 82 58 77 62 87 92 70 99 62 83 76 71 84 86 88 61 99 80 96 89 58 59 57 52 99 100 75 69 65 79 74 90 82 57 74 71 58 84 56 56 62 61 68 53 51 63 92 66 86 64 90 66 80 81 67 85 78 66 94 89 91 52 99 77 69 65 69 68 85 81 85 84 66 96 80 71 57 53 88 83 83 55 88 96 77 85 63 94 64 68 91 61 58 67 73 100 74 62 55 66 81 72 53 96 62 59 76 67 90 97 81 89 58 93 96 100 65 57 69 82 79 76 94 57 53 81 82 87 83 96 79 77 85 91 74 84 69 74 74 99 89 93 77 80 59 100 85 67 99 63 58 53 56 59 96 57 
94 76 76 59 95 57 84 62 64 53 74 70 88 89 64 65 93 86 100 97 88 86 66 59 90 86 79 79 50 86 76 63 70 93 88 77 71 55 85 66 83 71 57 90 96 55 78 93 72 73 93 80 71 54 54 88 81 90 74 71 52 68 58 98 83 98 72 68 75 90 100 57 80 99 55 51 88 100 67 52 73 56 56 82 58 91 81 98 55 58 74 80 76 94 91 71 74 68 60 70 71 72 97 54 80 59 70 86 64 85 96 90 68 64 89 82 77 90 53 98 75 95 83 91 85 89 56 71 78 50 98 56 71 95 74 66 66 89 74 72 64 72 91 91 94 51 63 73 73 89 80 64 69 82 91 100 61 66 78 97 62 82 95 85 84 100 89 80 80 53 58 96 73 85 71 85 61 78 63 65 84 73 54 76 100 55 64 90 98 52 86 54 56 50 85 64 69 84 54 56 
51 65 88 53 82 72 95 99 100 56 92 66 56 73 61 84 74 91 60 60 81 68 91 86 97 77 84 90 100 94 57 89 72 54 70 81 81 50 60 70 87 97 91 80 65 58 59 89 59 58 63 79 74 80 86 72 56 82 84 69 63 50 62 58 53 76 79 100 97 96 98 66 82 91 54 97 93 65 71 74 98 84 81 67 82 55 88 98 80 90 88 82 64 92 94 95 79 64 53 98 90 84 88 68 84 65 90 88 79 97 57 51 72 69 97 85 60 50 81 83 86 94 90 56 100 76 55 80 96 74 88 53 74 62 68 83 84 91 64 54 67 77 68 81 87 81 82 87 55 61 72 85 80 56 50 75 57 52 97 93 84 94 97 91 64 90 99 71 72 100 67 50 56 80 52 74 69 65 52 50 81 57 92 76 64 95 67 94 95 99 78 58 88 53 56 93 79 60 79 68 
66 90 60 82 63 56 73 72 98 99 53 69 66 80 53 64 70 99 89 66 98 81 60 63 84 86 96 74 98 59 88 78 53 76 90 74 73 65 77 50 93 69 71 50 78 60 59 67 84 78 93 95 79 77 57 81 83 61 91 100 55 78 94 80 68 81 86 62 83 52 76 56 55 86 75 100 77 94 92 82 73 88 79 86 81 60 79 69 60 88 66 56 87 59 72 75 86 88 71 57 59 86 82 55 74 99 64 82 63 94 79 88 90 78 77 66 79 100 94 52 81 66 58 72 83 96 87 98 79 98 86 53 56 55 69 92 86 54 74 64 98 59 91 82 90 58 77 53 88 58 89 53 55 78 70 84 66 51 64 57 57 99 97 87 71 91 90 96 52 76 52 50 97 55 93 93 55 89 84 50 53 97 73 66 76 77 76 69 88 94 71 59 62 72 99 73 61 96 94 53 
65 81 87 63 63 84 76 64 96 64 77 81 70 56 76 88 58 65 87 95 68 67 89 69 58 97 63 96 100 64 68 54 92 77 99 62 92 75 98 94 55 52 79 82 74 51 86 86 50 54 93 56 66 82 82 89 84 60 62 81 68 75 95 82 100 96 59 64 98 71 71 93 73 83 50 67 65 87 87 53 96 76 94 67 54 88 84 93 50 91 62 89 76 51 76 66 97 75 88 65 56 71 97 95 87 91 93 89 66 84 75 75 64 89 100 82 98 84 86 77 97 66 54 77 74 53 51 79 89 71 68 51 99 77 98 90 62 86 85 68 71 65 52 85 70 78 52 50 78 100 73 72 68 97 52 72 51 78 97 73 81 77 63 70 97 100 89 91 88 95 71 97 65 100 73 65 51 56 78 77 99 64 52 55 53 92 81 87 99 56 86 56 99 63 88 72 56 72 89 83 
76 52 74 65 80 82 96 60 58 98 96 82 71 58 50 90 91 98 89 79 91 54 98 100 100 81 57 63 84 61 74 95 97 97 64 61 96 56 69 50 68 76 70 61 77 58 73 59 59 82 97 82 99 77 90 85 91 68 75 50 62 95 66 78 65 73 61 89 83 56 96 80 93 56 58 81 82 62 73 67 71 96 72 88 65 77 56 96 87 90 79 99 64 50 65 84 62 62 75 59 72 70 92 63 90 74 99 82 63 69 90 82 63 90 97 88 91 72 93 69 56 58 61 69 78 60 77 99 67 90 75 60 52 87 76 50 63 50 94 93 75 94 93 52 82 74 89 85 70 54 77 72 98 56 72 73 50 84 69 54 100 84 65 72 63 90 65 63 83 64 72 89 95 68 84 86 77 90 55 88 99 70 75 76 91 95 85 56 62 68 98 78 96 55 72 99 56 71 82 71 
53 89 91 61 59 79 78 83 98 66 61 81 94 69 78 64 59 90 66 83 75 90 77 84 76 79 55 93 56 90 58 52 83 55 85 66 94 59 99 77 97 64 78 83 100 79 53 60 57 95 100 82 92 54 76 77 55 62 88 80 94 55 85 92 80 75 62 79 70 64 93 54 54 51 93 62 93 55 54 77 52 59 85 51 94 52 77 77 100 85 85 99 92 75 50 92 84 53 63 67 51 98 97 77 51 80 94 95 84 99 77 90 98 73 89 95 97 70 70 86 76 70 60 98 81 51 74 51 87 52 68 98 67 100 58 96 84 65 83 94 75 91 73 68 76 97 54 67 61 55 82 60 83 60 93 98 94 75 94 55 65 84 87 95 80 93 54 77 54 77 82 90 75 67 70 89 69 53 64 82 57 52 79 100 52 89 72 84 51 60 81 84 88 83 50 72 86 65 88 86 
95 69 76 50 60 63 85 100 70 81 62 90 81 80 92 80 70 68 77 53 50 59 76 75 65 61 92 92 90 77 68 74 51 97 86 57 98 72 58 78 81 91 51 97 67 91 71 90 58 65 88 70 52 82 67 69 65 95 61 83 60 52 63 100 66 82 97 80 97 53 74 66 93 83 80 55 89 91 89 73 72 55 84 66 58 76 67 76 51 58 82 94 50 100 60 56 50 52 77 66 96 66 99 67 90 59 67 88 70 65 90 80 90 67 91 98 95 59 69 66 53 87 80 69 98 51 98 99 88 56 98 76 84 75 50 89 61 84 81 73 74 99 93 66 89 93 63 89 91 53 70 68 54 51 80 82 50 98 74 98 77 50 56 80 67 88 65 83 82 81 100 100 95 60 57 83 50 55 61 56 99 55 83 97 54 86 77 63 66 64 75 71 90 84 62 78 64 59 94 57 
73 67 82 59 92 98 68 57 76 56 89 79 87 57 90 67 69 97 72 59 59 89 92 87 51 68 59 100 91 96 92 99 51 87 100 99 57 53 78 59 50 69 59 55 82 100 64 67 76 62 67 51 82 67 98 94 50 93 75 80 74 75 52 82 58 91 51 56 78 59 93 100 78 80 92 93 82 74 79 85 51 58 95 88 62 59 65 100 77 65 83 77 80 71 59 98 67 100 72 77 61 84 67 58 94 57 68 79 89 61 83 82 59 58 77 67 94 63 72 54 68 88 62 96 98 94 68 74 83 59 62 62 90 79 50 68 63 78 52 81 57 91 84 56 81 92 76 87 88 53 51 73 83 57 93 55 96 96 55 78 93 72 57 66 90 80 65 52 57 93 99 87 62 96 92 76 52 77 78 80 58 51 72 72 90 60 55 97 74 75 62 52 78 87 52 58 77 67 74 82 
94 71 57 62 90 53 88 55 84 94 100 86 99 100 84 85 72 62 53 82 93 51 99 94 65 62 88 66 73 66 66 74 52 76 63 96 53 77 86 62 82 71 84 96 60 52 54 75 77 87 88 71 63 60 63 74 84 60 92 91 81 95 97 90 54 90 52 55 95 82 61 98 52 98 51 98 84 78 54 64 54 50 54 88 76 81 92 82 68 61 82 80 92 93 69 67 77 97 60 57 92 69 54 91 55 71 68 98 95 71 94 78 84 87 92 96 91 58 55 88 51 65 79 55 86 55 90 60 67 89 56 81 57 55 62 91 64 75 51 51 59 78 94 56 84 92 57 86 76 67 97 77 71 78 84 63 62 57 54 83 60 60 58 92 64 83 91 68 66 97 87 81 58 51 80 96 54 54 54 95 82 85 69 75 67 79 62 59 54 72 51 57 76 50 63 90 74 93 62 93 
84 96 71 78 84 58 89 76 51 83 93 69 52 50 83 89 78 88 98 61 57 56 74 77 70 86 84 97 96 83 72 89 80 71 89 55 89 60 67 50 69 99 52 93 70 81 68 73 59 100 54 93 94 97 88 69 56 93 87 73 83 85 57 70 92 62 58 94 77 63 77 71 96 57 91 75 94 75 75 87 76 72 64 53 75 52 98 96 57 73 63 83 96 74 59 65 76 83 51 76 71 99 69 98 98 83 90 79 56 78 77 94 97 51 70 70 92 65 60 75 78 51 83 85 57 67 93 95 93 65 90 93 67 63 83 78 79 62 93 98 54 80 80 98 83 69 57 85 96 97 68 90 63 64 100 84 59 100 63 82 76 68 60 74 57 54 78 98 98 91 99 70 99 100 56 55 60 59 83 50 67 76 54 78 77 93 71 88 90 83 51 76 80 83 63 84 82 91 95 91 
81 73 61 58 77 79 78 72 55 64 99 94 54 61 51 81 99 92 100 86 97 68 57 73 94 61 53 77 78 95 84 83 94 93 76 63 93 99 86 85 64 100 76 74 82 87 100 50 69 85 97 80 99 95 86 56 54 74 70 52 98 54 67 98 91 85 98 97 90 71 70 92 58 81 88 73 78 70 67 52 72 52 69 85 58 61 80 55 54 87 94 57 54 60 76 65 65 58 64 77 76 81 96 73 86 54 84 64 84 75 94 77 56 77 74 62 88 55 91 57 82 57 70 100 63 61 90 78 76 58 79 75 88 69 66 54 57 81 89 59 54 59 55 64 63 70 88 81 87 87 83 82 72 90 89 53 52 82 73 65 91 61 70 95 99 80 90 63 77 100 61 66 85 91 75 97 54 76 59 91 62 99 79 73 68 87 56 89 93 70 73 72 90 89 79 55 78 55 61 74 
56 76 50 83 50 83 65 88 54 97 99 68 91 84 78 69 61 74 98 93 88 77 96 66 67 75 51 100 67 78 85 83 77 53 99 63 57 65 76 84 74 65 72 73 64 64 58 94 54 95 63 66 59 91 100 95 98 97 94 59 59 58 77 68 56 56 57 99 69 76 76 52 54 66 89 97 52 86 76 67 89 71 54 93 50 77 83 94 53 85 81 78 95 89 95 85 98 96 76 83 83 95 81 52 71 71 90 56 98 86 100 77 87 65 76 67 60 91 65 95 65 64 98 91 54 56 77 79 74 78 100 98 63 77 84 89 98 72 87 82 95 83 69 51 97 67 63 99 63 65 97 85 51 63 99 79 65 70 97 57 95 90 70 81 72 60 76 94 80 100 51 87 70 66 93 89 52 94 99 77 84 88 87 91 50 60 55 56 80 65 80 80 55 95 51 72 99 76 58 76 
76 88 99 61 88 95 67 92 60 77 95 87 64 52 61 54 87 93 73 51 70 77 51 71 81 71 56 87 70 67 79 62 94 62 71 52 58 98 86 99 58 70 64 67 58 74 92 87 60 57 59 86 75 59 55 52 65 71 56 81 63 87 63 91 82 91 63 93 95 60 74 86 91 53 93 83 97 81 55 97 96 57 57 98 70 62 79 73 57 91 57 70 65 51 64 69 59 96 95 60 92 88 69 86 94 52 98 52 79 83 71 53 60 97 84 69 54 55 64 54 69 79 85 62 76 56 96 78 82 100 53 77 86 79 60 89 55 68 73 90 74 54 91 72 81 88 95 75 83 62 62 55 95 78 89 74 81 55 75 72 96 76 73 80 62 89 89 90 78 84 79 53 73 95 54 67 55 71 65 60 100 55 86 66 85 56 71 95 54 65 53 91 70 74 86 53 64 93 94 50 
82 50 97 86 60 67 82 90 56 84 97 59 71 88 91 82 72 54 96 89 80 98 61 61 100 81 72 84 63 90 69 54 84 83 78 95 80 71 93 58 67 89 66 76 50 66 82 79 85 73 76 95 69 81 83 60 51 94 96 77 61 70 80 91 93 81 76 97 96 73 73 84 57 50 54 56 72 68 92 99 65 67 87 71 97 99 70 65 52 97 97 68 65 82 99 66 97 86 79 92 86 73 50 53 80 82 54 75 60 82 100 57 88 82 52 61 79 92 85 84 89 95 100 98 82 90 54 99 55 86 90 84 68 93 61 84 51 68 79 92 59 58 80 99 99 90 64 68 54 63 67 67 87 78 75 72 100 98 64 85 78 63 55 93 67 50 90 54 79 93 50 76 77 63 99 94 56 59 63 96 93 69 81 69 71 61 74 63 75 91 59 97 51 64 76 65 91 91 53 59 
85 85 86 67 99 62 70 63 95 89 98 99 83 63 71 89 94 72 66 64 79 85 52 71 97 69 78 85 74 89 86 94 95 74 72 82 99 78 66 92 79 72 80 67 98 69 99 64 98 72 68 93 82 58 61 78 62 100 60 53 53 75 87 88 75 56 63 94 80 56 52 56 54 63 78 94 61 97 78 63 91 72 76 78 57 83 89 86 98 64 68 77 76 90 57 80 51 68 81 56 66 63 59 82 98 75 59 72 85 96 56 58 74 56 70 76 99 96 51 72 60 100 76 70 89 83 67 67 56 57 59 91 92 56 69 93 51 52 61 71 52 88 55 79 65 70 57 98 69 62 83 78 50 82 56 69 70 77 54 65 62 55 73 65 72 81 94 70 54 96 63 55 62 83 86 57 100 96 72 60 55 64 64 70 77 78 64 93 71 87 51 74 86 94 57 53 94 73 96 77 
61 66 66 55 97 53 82 73 60 98 95 55 71 75 74 55 95 59 69 61 63 86 100 57 69 89 90 76 54 50 63 69 54 52 53 73 76 91 53 61 87 83 95 71 62 80 64 72 97 59 85 78 80 70 61 56 92 95 55 70 56 89 56 77 77 54 73 99 57 72 78 59 99 84 62 73 93 60 52 72 92 71 62 55 97 70 98 67 55 72 68 89 50 80 80 55 61 66 72 81 62 76 92 85 79 70 62 53 76 68 64 75 97 99 86 83 88 80 59 97 72 80 55 71 72 59 76 65 74 98 99 55 65 89 87 71 62 65 95 50 61 55 97 99 86 97 91 91 68 85 52 64 70 61 82 61 68 51 84 63 62 92 56 72 62 95 67 61 55 93 54 57 77 65 79 98 82 56 83 61 63 94 93 90 62 74 95 88 97 65 89 99 70 65 62 90 78 78 65 60 
57 91 91 98 58 96 94 66 65 77 87 57 83 72 63 78 97 67 91 74 77 96 82 99 76 58 89 61 53 84 79 61 83 71 67 67 82 92 72 56 55 51 88 99 57 96 69 51 59 81 98 72 99 55 52 98 50 63 66 95 73 59 76 85 79 86 100 66 91 96 100 56 87 85 69 71 83 52 93 78 65 63 87 76 61 87 51 98 69 73 90 55 86 62 50 63 64 53 73 61 91 88 79 60 52 51 82 93 64 55 72 89 64 67 70 81 80 80 87 74 75 52 85 91 89 51 65 76 55 97 99 60 93 61 91 59 54 95 92 65 69 66 64 95 77 94 93 73 56 88 78 57 60 79 96 77 71 58 99 58 74 60 59 69 70 96 78 93 75 59 81 90 85 92 70 93 75 66 60 59 55 54 91 88 92 54 72 58 84 70 96 91 93 79 68 57 83 80 88 95 
54 57 97 55 80 74 78 58 92 53 59 88 58 52 59 60 87 80 100 61 67 62 68 91 50 63 78 100 53 75 67 96 80 81 62 99 65 70 81 61 61 54 93 58 76 68 60 78 53 62 62 91 80 89 60 54 85 85 52 84 63 71 50 83 91 90 59 58 81 54 52 100 99 99 99 64 78 87 74 86 65 93 80 66 74 97 70 76 80 63 60 78 74 71 81 51 56 53 62 54 100 54 95 64 60 89 78 75 69 57 71 79 66 63 96 87 75 89 81 65 78 52 77 71 77 62 80 99 59 89 85 85 70 63 74 68 76 83 94 71 77 54 55 92 51 80 63 68 90 62 83 95 87 88 74 60 99 79 80 83 94 77 99 70 82 98 67 92 77 90 84 60 69 74 97 90 91 71 87 53 57 57 66 71 93 60 67 99 100 57 80 82 52 73 50 81 70 81 64 76 
75 81 70 66 77 82 93 100 68 85 96 83 97 100 59 95 50 93 84 86 80 68 64 52 94 92 65 96 74 67 87 68 90 63 54 100 52 83 52 68 94 50 92 63 67 97 83 50 50 76 60 65 73 66 69 67 58 80 80 93 51 59 73 65 71 81 70 72 97 80 65 72 67 94 86 68 69 90 54 82 58 89 52 94 50 59 85 100 94 51 54 74 68 90 81 67 52 64 92 90 69 72 61 61 50 98 63 59 96 77 75 79 52 86 84 82 99 75 53 100 70 67 88 74 50 93 82 96 90 96 68 97 77 64 59 70 67 68 77 80 88 85 79 100 90 55 79 76 98 84 83 50 75 100 68 86 54 83 88 87 79 61 100 77 76 73 70 97 81 63 93 78 91 62 80 63 68 50 59 65 56 68 50 59 56 91 100 67 84 51 92 58 99 92 69 84 65 66 58 81 
84 87 87 99 70 66 76 86 50 91 71 73 81 83 67 92 51 83 94 89 91 70 87 77 90 80 86 82 62 75 85 75 85 69 50 75 68 76 98 51 50 51 90 76 91 82 92 80 97 59 100 50 77 99 94 95 75 74 99 57 81 59 50 83 83 85 50 64 66 51 65 72 73 95 80 95 76 85 98 62 74 71 53 55 64 79 58 64 91 86 61 70 94 56 73 55 84 61 82 56 81 70 79 98 50 94 76 76 50 91 54 68 92 78 92 98 81 54 63 98 83 57 71 63 51 52 61 66 79 81 100 87 71 95 96 92 67 61 75 68 66 75 60 93 70 62 74 79 85 93 99 69 69 95 77 54 54 54 65 86 80 74 71 94 79 63 97 74 76 51 51 81 73 63 93 83 56 84 89 77 87 52 85 94 71 98 99 80 96 56 51 77 88 52 98 89 88 69 51 52 
66 76 59 53 90 62 56 79 90 74 93 89 54 87 94 67 69 88 67 57 56 69 75 51 87 92 72 70 59 74 71 89 63 95 57 100 78 89 100 86 51 83 81 80 50 51 63 82 92 90 89 94 93 54 53 95 81 55 67 88 67 52 58 80 81 71 59 83 97 73 59 77 54 62 71 66 78 79 72 50 90 68 79 69 97 84 68 72 93 93 59 53 56 80 53 51 62 88 84 61 75 78 81 86 75 61 92 81 83 62 84 59 73 73 64 88 75 54 53 69 77 87 94 50 64 58 86 86 90 80 71 60 78 59 88 82 69 71 91 100 58 75 74 91 54 71 75 87 55 60 89 91 98 79 84 50 87 95 60 53 85 73 80 54 78 87 58 69 62 50 52 87 69 85 83 63 52 94 92 56 66 90 71 89 58 74 61 96 53 60 59 69 63 99 64 52 88 76 55 61 
68 79 84 84 62 84 98 72 99 75 56 58 50 84 83 67 61 55 100 65 57 55 79 74 59 75 72 72 75 96 67 66 54 68 59 99 64 79 87 88 87 79 92 83 50 74 62 80 83 58 88 63 81 62 85 99 54 51 98 95 91 57 50 76 53 98 78 53 72 81 66 74 66 73 91 91 90 64 81 60 68 59 53 83 98 93 66 69 67 56 96 86 53 98 99 56 59 73 52 78 51 71 53 90 55 95 68 92 84 97 80 66 68 51 78 65 50 72 57 51 69 70 65 99 70 78 91 75 65 61 72 58 50 74 93 83 52 94 96 100 79 74 94 100 95 66 95 82 87 61 100 85 69 69 99 98 64 96 96 82 89 97 99 68 66 83 72 67 75 52 92 70 52 68 69 86 70 61 62 53 69 61 55 94 86 65 77 58 85 77 50 99 79 73 70 62 74 79 51 78 
83 76 81 98 75 76 56 69 72 74 59 99 71 74 65 66 95 91 91 81 93 94 94 52 76 86 62 93 82 74 100 62 86 69 55 69 75 94 55 95 62 57 61 90 64 90 57 62 76 55 87 78 84 98 81 88 99 100 98 69 87 64 59 76 86 61 69 81 56 77 61 98 95 63 98 83 96 60 86 57 80 63 93 51 55 92 95 100 94 86 87 65 100 62 98 52 63 65 95 54 99 78 81 78 79 85 93 87 77 86 68 67 72 98 80 57 66 74 94 85 86 77 93 89 84 54 65 58 99 71 57 81 67 88 59 87 61 70 82 59 89 90 88 55 56 52 68 55 70 68 60 99 97 78 96 74 79 83 90 79 53 91 67 83 87 63 87 67 52 53 73 92 64 95 88 90 54 81 72 97 81 77 98 67 53 81 62 79 90 56 67 68 67 66 84 84 89 66 65 57 
89 75 54 89 91 53 65 53 69 94 68 57 100 95 79 65 92 61 50 50 68 95 51 55 66 55 62 60 51 68 88 69 87 92 50 73 78 90 68 53 80 74 68 90 88 83 50 69 74 96 50 77 95 85 52 77 74 89 71 54 97 62 97 51 100 73 94 94 75 76 69 99 51 52 75 67 94 52 75 64 87 62 67 75 84 89 54 94 74 59 69 100 90 72 77 64 93 63 82 66 53 70 72 83 77 93 94 88 60 73 100 86 88 55 62 76 53 71 93 82 53 99 79 94 83 65 69 63 87 91 84 78 83 86 100 97 55 67 74 97 69 80 98 90 62 55 98 87 88 90 79 67 80 56 59 62 93 54 83 53 75 86 79 50 50 88 65 72 66 52 56 96 54 53 88 89 93 57 51 88 84 74 85 68 76 91 74 88 80 58 99 83 60 60 69 94 53 86 93 64 
59 50 66 68 61 73 73 70 64 60 96 69 85 56 52 80 92 58 88 81 96 79 55 68 74 96 51 70 99 90 95 50 60 68 56 100 91 74 91 88 64 65 73 73 91 57 82 94 69 70 59 66 95 56 61 80 64 53 97 89 89 56 74 91 52 56 99 96 97 94 62 94 84 67 95 52 71 68 86 87 81 53 74 90 69 84 53 80 67 68 78 79 91 73 86 51 86 99 81 63 62 88 62 57 77 89 78 71 63 99 97 70 62 90 92 92 55 92 63 100 83 92 88 51 90 68 73 71 58 52 83 74 90 50 73 83 69 70 56 86 96 59 81 87 85 54 90 64 97 69 98 88 68 94 65 88 71 99 50 78 59 61 61 78 67 79 60 85 75 64 57 84 76 62 67 71 98 85 55 58 67 95 96 87 96 57 65 71 81 81 75 97 89 82 54 70 74 62 67 88 
94 55 67 67 79 79 71 67 82 77 93 89 96 77 93 87 82 60 62 80 63 98 56 73 77 64 52 60 81 52 54 76 54 73 78 92 96 55 86 69 73 68 93 71 64 88 53 78 100 85 86 100 51 87 57 88 92 96 61 97 98 50 96 95 51 94 71 74 92 85 64 51 97 82 54 76 99 92 64 72 50 90 76 83 85 84 88 70 93 54 83 82 63 70 67 75 77 62 92 78 50 51 80 98 91 52 62 72 61 93 90 74 84 84 58 57 76 56 62 51 85 79 52 57 78 70 76 74 72 87 93 73 60 61 67 82 62 98 91 99 59 56 52 70 66 91 62 56 75 67 56 63 61 77 52 65 86 58 86 62 63 61 70 75 63 69 74 52 59 62 94 73 84 74 70 94 69 92 70 77 78 89 68 80 87 61 92 97 62 85 72 79 92 78 93 58 97 77 53 58 
91 97 73 78 59 70 73 75 100 67 61 96 56 80 70 59 81 55 85 73 100 64 96 57 95 71 67 52 83 50 54 74 81 59 89 77 71 62 50 99 73 57 84 90 92 51 77 59 59 72 99 97 94 86 51 96 81 72 99 65 56 84 79 75 92 61 61 61 69 57 62 75 63 54 98 71 62 90 65 61 62 56 60 77 65 60 75 69 72 67 56 92 64 98 61 76 85 65 80 57 79 99 88 65 57 57 84 54 96 99 64 84 86 70 76 67 53 82 90 51 61 64 67 78 93 76 58 78 81 87 93 96 64 54 59 70 56 62 92 92 68 93 75 100 69 57 89 64 89 66 54 58 50 61 84 68 73 80 100 58 79 63 82 85 82 71 79 81 62 90 62 96 68 53 85 68 66 51 91 90 99 64 59 89 82 50 78 68 57 86 90 65 63 89 76 68 63 51 87 65 
62 63 79 61 80 69 73 75 63 91 51 56 73 97 51 87 95 96 81 80 62 94 54 74 99 51 73 63 56 54 70 69 94 73 51 64 90 75 71 88 89 69 57 57 77 73 97 68 67 53 82 67 79 66 72 58 72 88 85 79 99 54 73 99 100 54 58 71 84 75 85 60 81 51 62 82 90 70 63 72 86 73 73 82 68 86 54 57 80 62 84 94 94 53 92 96 68 61 58 87 75 66 98 63 76 86 52 57 54 64 99 96 92 60 98 67 57 85 76 73 75 65 70 97 96 61 56 56 55 56 52 96 68 66 54 87 69 90 97 68 51 96 96 82 88 81 100 63 85 91 70 65 58 70 61 68 69 58 83 98 52 73 60 86 55 100 68 86 90 59 62 88 67 82 52 77 72 60 98 58 68 75 72 76 87 100 54 95 52 51 65 79 98 88 83 79 54 69 85 76 
76 68 71 100 99 98 53 88 54 60 67 86 50 89 94 89 53 99 98 75 72 69 73 62 54 78 85 97 88 75 61 71 54 73 65 67 73 80 98 97 95 55 98 86 100 52 94 50 68 67 90 97 93 76 97 76 98 74 57 51 79 61 83 80 55 96 64 69 82 66 83 73 86 50 74 93 59 73 84 68 54 67 61 79 51 88 97 61 70 77 59 69 92 62 90 86 77 69 51 87 87 92 78 71 82 64 74 61 78 59 57 100 67 96 83 82 50 62 62 61 75 88 50 91 61 80 80 61 79 84 70 95 74 93 79 88 80 64 58 64 58 72 86 96 89 51 94 73 76 70 59 85 86 59 84 92 99 59 81 95 86 85 52 93 98 56 96 93 69 91 85 77 61 73 92 59 54 84 87 94 78 67 79 96 89 88 58 66 92 98 71 75 64 63 54 80 80 94 61 94 
66 88 99 51 99 62 100 60 65 72 55 88 50 54 91 59 63 100 50 55 87 61 87 92 59 97 71 63 64 53 95 93 79 52 65 71 91 57 67 82 53 52 91 79 51 82 66 75 50 71 52 94 80 64 56 68 73 98 59 55 67 55 69 54 65 63 96 52 96 87 96 60 77 66 52 97 69 79 73 57 61 68 56 52 82 63 64 77 65 97 83 87 89 97 71 64 70 64 60 72 65 82 100 93 70 90 67 89 90 87 85 60 99 82 93 87 54 85 55 87 87 57 81 67 85 92 77 60 80 90 56 59 60 74 57 58 80 91 62 58 94 83 75 92 56 87 72 93 89 51 75 85 83 50 63 86 55 51 89 62 68 97 97 62 85 63 80 69 58 55 98 67 61 54 86 67 79 80 87 72 81 73 80 100 99 51 60 78 86 97 61 84 89 99 74 93 71 64 57 52 
69 76 57 93 100 55 51 63 64 54 79 62 76 98 84 87 75 88 60 68 58 59 88 85 72 56 60 93 76 99 74 99 59 94 92 51 90 75 99 64 81 78 91 87 72 66 80 51 74 96 51 56 98 59 80 61 54 90 99 77 63 98 53 61 54 100 62 77 85 71 50 52 53 83 95 77 78 72 83 69 79 84 76 55 91 69 84 55 80 80 98 94 79 96 64 98 89 58 77 58 94 99 99 91 51 78 64 55 68 68 53 71 74 59 50 84 87 55 58 54 72 65 97 98 72 61 86 72 80 82 55 88 81 98 53 73 60 51 63 84 71 79 79 63 51 76 93 75 81 65 60 86 84 77 89 84 50 50 90 74 57 80 80 55 87 65 69 73 89 85 58 77 96 63 92 79 69 87 65 95 91 69 91 93 56 97 90 100 51 98 55 51 88 60 77 66 73 100 65 72 
67 53 94 86 59 65 66 78 84 88 65 69 71 77 65 95 64 87 53 94 84 54 87 83 70 93 89 80 74 63 61 92 93 83 79 64 93 80 66 70 88 52 92 56 50 53 94 69 82 99 72 89 74 77 94 69 84 94 78 98 100 90 59 71 86 67 67 89 81 75 93 56 69 100 87 64 67 81 95 91 97 59 73 89 68 52 72 85 59 96 67 60 79 78 95 77 86 52 92 57 93 50 91 77 94 88 95 99 51 84 59 78 73 70 73 79 58 84 51 99 78 54 60 74 98 98 80 100 81 70 99 61 78 72 98 67 78 66 96 60 65 55 92 74 87 58 55 100 73 53 57 88 58 66 78 99 86 84 51 90 98 66 52 86 97 93 68 52 66 60 96 61 96 64 56 64 94 88 79 76 91 78 74 91 99 58 70 79 68 88 51 83 73 56 98 65 71 70 82 56 
56 53 58 67 55 87 93 57 78 77 58 87 87 71 96 87 99 55 98 51 81 51 86 92 57 92 99 99 67 66 77 74 86 66 88 93 96 84 62 58 69 76 55 99 72 83 63 67 82 62 90 88 57 88 97 55 50 94 99 69 72 94 84 94 81 55 90 92 53 53 85 97 70 54 79 60 76 90 55 84 91 98 73 96 89 100 74 57 72 90 94 84 91 100 65 71 53 63 67 54 59 82 90 83 72 76 54 73 68 80 59 57 58 59 80 70 95 88 77 77 70 91 95 79 76 56 68 85 59 91 59 79 88 92 72 50 87 87 66 87 93 73 75 55 53 97 57 59 78 100 70 80 80 75 76 69 84 76 94 90 93 76 77 93 58 55 61 81 97 58 72 56 69 99 65 68 91 92 87 65 90 54 96 51 90 66 99 71 74 80 59 68 92 71 54 61 89 64 67 63 
84 61 84 88 63 69 90 69 90 62 64 70 100 90 90 100 68 85 80 73 91 63 83 52 100 96 65 75 98 78 86 94 94 50 56 61 84 69 90 70 97 97 68 81 50 82 62 61 53 84 53 51 61 56 60 96 65 99 97 84 53 88 94 76 70 66 84 56 66 80 61 54 72 74 59 94 90 93 59 81 70 67 92 66 94 90 53 100 50 58 74 60 73 75 82 99 97 56 77 68 75 62 70 54 52 97 70 88 86 53 87 64 50 83 100 59 85 92 68 97 74 61 92 74 87 78 50 75 60 70 58 97 72 83 83 69 62 78 77 51 96 97 86 81 91 56 67 90 78 72 93 87 86 79 84 97 52 77 83 75 70 69 73 87 76 63 61 88 71 61 74 69 90 88 61 88 64 98 100 71 68 81 60 58 83 91 72 99 63 50 62 53 74 54 61 68 87 86 87 68 
73 71 58 90 70 56 96 63 66 93 65 72 98 89 51 96 81 97 80 77 91 57 86 64 60 79 81 51 56 90 74 62 78 99 92 50 74 62 91 88 57 77 67 74 68 94 70 60 71 64 54 95 52 80 87 98 69 88 54 71 51 98 83 77 55 54 97 85 69 77 57 75 73 52 100 57 92 94 93 67 68 78 73 85 57 56 66 93 69 58 67 54 67 77 81 61 64 88 64 72 56 95 83 87 73 86 54 97 84 78 77 82 56 73 74 77 82 100 84 84 63 51 96 52 64 73 85 60 88 52 69 91 50 79 83 65 55 64 88 50 69 57 86 98 74 96 87 61 68 58 71 79 100 76 75 85 60 53 98 52 53 75 55 87 64 92 97 86 100 60 74 73 88 90 74 55 95 84 88 53 53 59 69 85 71 99 73 62 85 66 64 95 95 82 79 99 92 99 58 74 
76 70 79 67 68 66 51 50 67 73 92 59 64 61 67 55 84 73 63 53 65 67 51 62 77 99 58 94 61 63 97 61 58 73 69 88 72 67 83 50 73 80 90 50 70 90 63 89 68 89 100 96 99 91 51 58 69 98 88 89 98 75 87 92 98 75 76 89 70 88 94 54 64 74 79 93 78 59 62 87 64 93 64 74 78 83 90 92 58 79 90 69 57 50 67 58 65 61 72 77 62 99 72 86 84 98 69 88 51 70 76 80 99 97 55 74 88 73 85 86 73 78 55 92 54 65 72 87 88 72 96 83 91 68 93 71 60 82 58 50 55 83 100 88 70 69 92 62 67 57 85 71 91 93 61 88 90 73 95 66 77 69 65 80 94 73 68 74 87 59 85 86 90 88 56 61 94 54 66 93 56 94 83 81 70 85 97 81 83 53 90 88 63 81 59 88 60 74 57 74 
91 91 81 61 98 54 79 50 61 61 55 100 76 56 58 86 72 73 83 84 79 99 83 94 77 82 95 84 66 65 68 63 53 98 95 71 98 62 93 54 65 58 63 72 85 91 100 51 59 88 88 84 97 95 80 85 95 72 54 52 87 62 74 73 80 92 72 75 84 52 51 100 50 53 68 61 93 79 55 84 78 72 52 92 85 60 66 90 75 100 79 92 54 96 100 73 88 63 83 88 78 92 87 50 59 69 51 75 52 61 84 92 85 56 66 100 79 67 93 58 90 91 76 90 50 94 67 76 100 92 95 91 99 89 55 76 80 50 63 72 64 77 54 74 76 74 98 78 50 69 87 100 59 74 96 64 71 80 68 91 89 75 75 72 89 84 89 82 99 86 100 64 74 93 63 74 64 63 85 52 55 71 79 100 78 96 77 54 93 63 60 89 71 51 61 67 74 75 79 64 
75 88 94 86 94 73 66 76 80 51 75 75 73 94 87 93 90 74 79 95 98 91 92 75 53 63 97 92 77 56 71 86 85 96 74 77 90 63 85 77 97 99 64 61 68 67 80 50 74 52 96 81 89 95 96 93 95 64 73 91 50 54 87 56 53 71 84 97 91 99 55 94 63 68 81 52 59 63 53 74 66 74 50 82 93 94 80 79 79 86 95 63 89 76 89 69 89 54 75 61 87 65 85 52 66 80 57 64 55 82 87 53 100 84 92 70 66 75 69 52 54 83 54 52 53 56 94 54 90 90 74 54 85 98 63 94 74 76 84 68 72 91 60 66 56 52 90 87 82 69 85 60 84 100 97 83 98 52 87 98 61 92 84 66 84 89 60 78 95 88 54 75 90 63 82 70 76 69 85 84 100 59 62 53 100 56 67 82 67 69 82 84 63 77 75 62 51 70 58 92 
96 68 69 75 56 83 93 96 88 60 52 53 97 81 56 81 57 86 87 79 86 53 64 55 61 70 50 97 80 85 53 68 60 94 59 77 68 72 55 89 62 64 55 76 99 63 98 97 99 78 90 90 100 57 81 55 100 81 75 79 83 75 67 71 90 93 84 84 59 50 90 62 95 62 99 82 57 56 56 68 52 58 87 72 64 52 72 95 100 51 81 55 91 58 76 76 80 60 98 95 92 79 98 51 54 89 83 88 95 76 56 60 55 77 53 74 70 78 77 76 100 56 71 58 100 76 95 52 73 78 85 88 76 90 78 50 72 82 59 100 65 89 79 64 76 75 53 98 86 92 67 83 90 65 66 88 92 60 52 98 94 50 64 84 94 69 68 61 71 67 97 87 94 75 53 56 68 82 79 83 77 92 84 55 56 83 84 93 100 79 55 92 65 83 90 58 86 91 95 100 
83 81 69 85 67 72 99 100 71 72 83 95 94 79 85 99 72 82 94 99 74 61 83 61 89 76 83 90 63 51 92 56 74 91 93 53 98 92 74 71 57 77 59 85 57 70 63 90 78 78 98 52 51 53 55 65 86 79 63 82 84 74 80 81 53 67 80 81 52 82 53 83 76 66 98 52 70 53 78 92 73 81 58 71 66 62 83 91 66 93 51 93 70 75 78 53 99 100 100 83 88 75 89 66 57 54 99 89 99 63 81 55 95 94 77 71 70 72 63 67 58 88 67 52 57 94 56 51 69 58 72 69 54 85 52 67 77 66 94 99 76 74 93 67 98 95 94 77 96 93 75 75 91 95 69 83 67 90 91 99 80 69 83 67 53 54 88 80 75 75 58 53 99 66 66 56 87 99 75 98 79 67 85 52 98 94 99 59 51 71 95 75 54 76 69 95 69 65 57 71 
77 99 83 78 77 96 77 83 60 87 98 82 78 96 90 90 54 71 56 90 57 78 95 57 87 75 78 83 68 99 98 80 88 67 92 77 54 87 97 73 70 83 91 59 80 61 96 91 80 66 71 65 82 83 79 94 54 83 53 69 93 76 100 54 94 100 81 69 56 100 54 69 84 81 64 96 64 92 70 86 60 71 84 89 88 95 86 81 67 92 83 81 99 56 99 85 72 51 53 60 67 91 85 63 62 55 100 87 98 91 78 79 52 97 72 72 66 66 81 72 90 90 96 94 95 75 99 76 94 82 58 77 78 75 51 70 89 83 84 73 58 80 55 85 58 71 74 94 87 62 65 53 50 98 100 82 65 79 52 83 92 73 50 56 78 58 90 60 67 87 54 51 99 61 68 69 50 90 59 80 60 85 88 78 96 56 88 70 83 54 58 52 57 61 72 73 83 74 52 89 
74 73 83 60 92 66 54 62 77 92 72 80 81 80 80 89 90 68 70 56 96 77 75 95 87 92 52 93 81 75 54 70 94 57 60 51 71 73 89 65 53 60 79 75 85 56 86 53 74 76 74 98 93 64 64 66 81 69 60 70 100 62 93 92 100 94 64 61 57 54 67 55 82 62 91 55 86 98 94 52 56 95 57 80 70 92 84 52 70 63 80 97 83 79 59 87 75 79 92 91 83 65 79 84 87 69 54 93 78 66 85 52 78 77 98 70 84 69 83 51 60 61 94 86 63 99 97 74 78 58 73 63 89 53 65 63 76 87 91 99 63 92 84 90 79 99 67 51 56 77 87 84 63 92 61 69 67 93 82 78 92 75 53 67 79 81 79 57 86 60 91 58 99 63 90 82 59 92 64 67 100 86 84 74 63 84 53 86 99 88 97 68 60 76 78 98 100 89 52 58 
68 91 84 76 97 85 88 94 87 92 81 53 54 90 100 100 58 61 71 86 64 99 83 53 84 66 89 70 82 56 96 76 60 94 64 87 87 63 80 87 61 88 98 81 88 52 74 75 61 65 97 81 68 61 84 82 62 68 50 68 64 76 96 96 55 55 90 86 63 81 95 69 86 50 67 90 64 80 99 56 92 89 50 50 97 56 81 71 72 98 75 67 69 97 73 91 81 80 77 91 67 92 57 82 77 86 69 90 67 80 87 71 81 69 76 56 75 51 52 90 74 60 77 64 73 65 94 74 88 52 83 91 72 78 83 98 75 85 64 66 51 94 60 81 56 98 54 51 65 98 50 81 85 60 55 78 69 59 66 54 53 96 65 97 59 57 78 79 86 68 60 59 71 87 79 83 68 68 53 91 98 69 71 76 78 76 52 94 51 53 96 84 75 94 65 96 79 81 59 91 
79 91 67 91 100 80 50 83 89 92 55 60 70 97 62 85 67 56 73 69 71 79 89 92 74 72 50 51 87 76 80 84 66 79 99 75 54 64 72 93 58 90 94 69 99 91 56 68 56 68 71 69 92 74 71 64 58 90 95 83 87 84 70 69 73 64 65 67 62 50 94 57 55 67 73 73 75 71 63 57 90 89 81 78 91 89 56 64 60 98 50 94 74 67 52 78 74 52 94 51 79 80 53 77 73 96 90 62 56 95 97 69 95 71 68 77 84 87 67 54 99 78 84 53 86 99 76 69 80 91 57 71 53 100 61 79 65 79 96 72 99 55 56 92 67 79 90 86 79 84 61 66 64 98 86 59 77 88 89 82 86 77 54 79 87 91 100 68 93 62 92 65 55 70 55 94 63 66 55 92 66 72 86 66 61 91 73 82 69 79 94 93 75 59 98 94 99 57 64 91 
99 79 80 97 88 86 88 67 51 54 81 53 68 70 58 93 88 99 70 57 92 63 67 86 73 71 74 93 60 87 64 72 68 88 66 64 82 68 61 70 92 98 83 61 93 80 76 98 90 91 54 70 56 84 99 58 76 88 54 84 89 68 86 61 75 83 64 75 99 89 81 89 66 64 56 89 74 88 97 86 96 82 54 66 80 75 74 81 83 96 74 90 78 61 56 50 66 95 71 87 77 64 99 70 66 60 84 50 100 50 65 65 96 59 75 61 59 82 84 67 50 64 100 62 69 72 54 96 66 90 97 99 60 95 77 53 63 61 88 77 69 69 98 62 73 74 53 75 87 90 55 64 64 93 87 87 80 78 95 72 60 87 97 61 84 62 92 53 50 51 93 93 64 59 50 79 97 97 91 74 76 76 85 52 74 79 65 73 59 79 98 58 89 59 85 96 64 60 100 68 
55 63 67 67 94 87 81 83 88 61 63 62 92 79 83 65 66 75 87 87 85 86 85 62 66 88 51 57 57 71 85 95 64 78 98 66 82 60 50 70 86 69 91 59 97 98 85 82 52 59 82 66 62 77 84 93 60 96 88 81 83 74 95 99 66 87 71 98 82 65 56 62 77 64 73 57 67 92 73 80 60 76 99 66 71 51 87 93 88 95 55 76 61 61 63 57 80 86 75 92 98 82 85 90 81 77 92 51 98 100 50 64 87 80 78 50 97 73 50 91 76 88 90 74 91 54 59 95 54 93 67 58 58 90 51 79 63 68 77 50 79 64 88 69 96 87 84 78 82 52 59 63 74 74 59 72 67 62 66 92 98 86 62 82 69 66 76 91 91 90 52 78 68 75 97 60 67 51 52 63 82 50 86 58 61 95 79 55 71 62 81 50 71 82 100 62 65 72 55 53 
89 83 52 84 79 72 85 65 94 85 87 93 71 63 85 89 99 52 96 98 68 63 58 84 85 83 56 77 76 68 81 71 55 63 57 73 89 53 76 80 57 87 80 75 84 92 91 95 100 95 100 88 59 53 76 75 97 90 88 64 79 76 94 96 67 87 82 60 70 75 94 59 50 79 64 50 59 68 78 92 63 76 71 75 62 63 59 79 100 82 60 54 63 99 82 89 69 75 70 55 67 70 56 52 60 78 95 63 89 59 59 60 85 53 84 93 87 76 70 94 78 84 61 79 95 98 70 90 64 58 76 100 95 83 50 92 85 64 88 83 91 90 51 77 52 56 75 97 86 79 72 70 100 58 84 84 75 92 69 75 72 68 96 64 58 73 61 76 63 100 92 59 55 64 79 88 67 68 57 58 81 66 99 98 73 75 74 82 93 100 55 54 95 81 73 90 83 83 68 65 
59 86 50 56 84 56 75 82 92 87 68 57 53 62 63 87 70 68 71 82 87 69 71 60 98 81 94 92 59 69 93 67 76 51 89 91 88 70 52 89 87 85 84 83 65 82 100 81 96 65 51 81 52 52 81 55 68 86 87 69 80 74 57 92 85 55 60 72 67 89 83 62 83 84 60 76 78 75 51 50 83 91 66 100 76 75 76 66 88 93 86 67 78 90 72 67 91 71 78 69 51 68 81 99 64 92 59 56 58 94 75 61 91 66 64 73 70 88 67 79 76 76 85 54 72 76 67 72 75 79 61 63 71 95 97 99 63 52 88 64 100 84 94 81 71 83 92 58 94 84 91 88 53 69 65 53 62 56 85 60 78 78 78 80 79 96 86 82 83 75 78 72 72 54 72 100 79 84 54 58 85 63 71 61 56 84 75 69 68 77 74 91 70 92 99 64 76 55 83 57 
82 70 53 96 62 95 76 87 100 53 83 84 67 64 52 51 72 85 80 50 98 63 85 55 81 69 90 93 62 90 77 100 67 50 79 94 80 65 55 66 61 76 100 56 83 66 91 95 57 57 67 70 78 70 90 69 92 50 83 100 53 59 57 69 69 90 61 66 97 100 81 69 100 84 73 70 86 68 95 99 60 83 98 84 98 53 64 80 81 98 95 80 57 57 59 78 51 81 55 85 91 83 91 74 59 96 63 93 81 71 78 95 54 85 59 83 98 68 86 91 71 54 68 70 73 94 67 88 56 54 95 96 68 84 74 90 71 78 66 51 81 67 76 70 88 57 93 50 97 79 89 69 73 99 61 59 65 86 81 57 84 99 98 89 60 92 93 80 94 94 68 93 67 88 97 77 76 93 82 67 50 68 71 55 85 62 77 81 65 50 72 72 58 59 67 86 86 79 85 60 
85 92 65 61 92 81 65 98 60 56 50 91 99 75 85 88 96 51 99 70 77 60 86 94 64 87 97 60 75 88 60 99 77 58 93 62 77 50 59 90 82 84 55 91 83 96 78 80 85 61 77 76 59 66 86 62 79 98 88 83 88 98 100 67 82 70 52 79 61 100 94 80 87 86 91 79 87 56 98 78 95 60 60 98 60 59 74 50 51 51 73 58 86 68 69 83 59 75 88 89 60 83 60 52 97 71 67 99 63 71 55 96 90 92 88 60 96 88 56 82 57 86 99 58 72 71 65 61 73 95 58 51 75 94 74 98 99 83 80 85 83 79 97 85 99 67 72 61 63 91 69 90 75 91 66 78 70 97 52 59 65 98 67 72 67 54 72 63 56 57 87 84 52 96 87 90 50 94 97 56 97 97 99 59 60 51 58 63 87 100 70 98 63 69 67 55 79 72 57 51 
75 92 66 65 68 83 75 54 61 65 54 75 91 74 68 91 85 85 85 88 73 63 73 86 64 90 73 98 62 76 64 53 61 76 87 84 65 53 90 62 51 53 78 79 60 97 98 91 100 57 60 54 73 84 96 99 70 96 74 89 76 79 71 57 82 98 66 96 85 91 95 64 57 83 77 53 66 94 61 87 99 72 97 68 79 90 74 100 96 56 96 54 61 50 66 51 71 56 97 74 93 54 70 79 100 91 96 61 72 52 54 73 99 67 70 66 60 69 96 79 53 73 88 98 98 85 75 76 58 85 99 61 62 54 53 91 54 61 81 94 66 94 79 62 53 68 60 64 59 70 93 93 96 89 85 54 92 84 62 67 75 96 59 59 72 82 73 71 67 91 78 66 84 51 73 71 52 52 57 61 86 59 55 86 76 62 66 54 61 57 93 74 62 51 92 66 66 84 51 92 
50 86 100 96 92 79 65 75 91 94 61 75 72 74 74 51 93 74 94 93 99 85 84 79 86 63 97 94 72 72 92 90 99 84 93 60 60 89 96 80 91 69 80 61 73 75 72 60 95 65 53 64 63 77 71 83 88 56 89 69 60 67 80 65 90 99 64 89 63 99 61 62 60 68 95 52 70 84 80 89 57 87 98 57 80 86 94 91 77 83 82 89 74 72 71 67 64 56 69 67 100 60 73 66 82 56 66 53 84 56 70 62 92 69 81 87 81 59 95 87 78 54 71 79 66 64 79 63 53 56 64 60 87 94 58 64 56 67 62 99 86 96 91 99 58 80 90 66 83 60 99 50 56 82 64 80 98 89 86 99 93 89 56 100 69 96 55 82 54 99 93 70 94 57 95 83 72 50 83 56 59 98 82 99 89 61 62 64 53 71 55 70 86 86 66 55 50 68 64 76 
62 77 98 51 87 67 78 75 65 96 85 79 89 54 89 69 56 64 54 98 71 78 68 85 56 84 62 73 90 92 84 67 82 88 99 99 67 79 79 97 66 90 84 86 87 82 66 58 96 65 81 63 64 67 62 91 88 61 68 81 63 50 50 52 60 83 91 69 65 78 90 75 93 92 93 58 54 93 82 82 66 73 76 58 82 51 73 97 68 60 55 96 98 93 81 77 75 50 68 87 53 75 97 62 99 58 64 70 61 58 95 76 59 90 78 95 93 56 65 96 83 77 91 74 100 63 60 54 88 72 63 93 91 53 72 51 76 86 70 92 51 78 99 68 60 93 64 94 99 55 61 97 75 78 60 82 57 72 76 96 56 52 54 84 57 69 97 71 96 76 88 75 99 78 88 59 100 51 55 93 88 71 63 83 72 96 64 69 61 65 56 75 55 52 63 72 100 76 66 93 
59 96 89 50 65 61 74 80 66 63 90 68 74 73 59 53 59 98 58 84 92 76 56 74 52 70 90 89 91 81 83 77 90 63 55 77 80 64 68 98 58 81 99 53 100 86 62 74 56 82 89 65 84 74 76 78 65 80 58 54 50 56 70 94 72 80 95 75 99 58 79 65 70 57 67 98 84 100 53 52 91 92 94 52 72 51 68 69 91 51 61 86 89 99 95 88 66 54 99 61 79 75 90 98 67 71 87 66 94 80 61 76 82 97 77 67 94 89 57 91 71 90 77 63 58 82 96 66 98 77 78 69 93 95 83 52 57 67 90 69 74 61 93 60 86 94 73 69 91 94 75 95 89 56 79 74 51 82 77 84 92 99 91 78 66 71 72 72 98 73 94 53 57 51 58 68 76 87 58 65 94 61 77 53 87 53 76 63 99 96 89 81 83 75 81 58 71 100 65 81 
94 100 78 91 63 91 94 58 54 59 77 51 96 70 76 97 53 94 54 56 74 50 53 54 98 94 81 98 55 65 84 85 80 81 51 61 73 89 79 72 68 67 96 85 66 51 69 80 60 75 87 53 62 72 70 57 76 51 92 53 52 75 91 55 53 50 53 81 69 86 76 66 71 75 87 91 67 87 100 62 76 58 99 97 82 93 60 66 89 82 53 65 58 52 65 88 61 80 68 76 93 80 59 65 86 55 68 90 55 50 50 75 79 50 64 87 99 89 84 94 97 54 64 68 66 63 96 79 56 98 54 74 89 81 52 62 52 99 96 83 87 70 91 80 71 100 74 82 77 52 76 93 60 91 60 59 66 70 79 73 80 55 95 89 70 87 92 66 86 66 99 87 72 60 85 51 58 84 67 80 84 52 77 68 77 65 98 77 99 81 90 65 80 79 89 97 62 99 84 94 
97 80 86 68 93 91 78 77 86 70 63 58 65 63 70 91 65 51 72 62 51 82 71 78 72 100 53 63 68 58 59 88 71 82 64 80 55 61 59 52 78 89 67 76 70 60 53 74 92 59 62 76 58 55 65 80 87 61 96 99 50 76 80 50 99 86 61 90 72 77 72 81 95 87 54 87 86 67 78 94 100 73 100 84 93 90 100 63 97 64 88 68 75 84 72 85 65 71 53 66 57 69 89 83 84 90 86 94 98 99 86 54 94 79 78 79 87 85 67 74 70 96 83 66 94 64 78 57 68 72 81 56 98 55 84 97 50 93 80 57 75 50 90 51 52 93 63 69 52 81 98 91 59 62 88 59 59 69 75 66 69 85 65 90 91 95 99 58 87 71 92 55 63 76 96 99 85 66 97 60 95 83 54 85 80 78 72 80 64 84 85 51 54 85 90 57 65 94 88 95 
64 82 78 70 94 84 84 75 53 61 52 96 69 68 91 80 55 62 60 64 84 78 89 97 83 66 74 64 87 51 58 54 78 74 87 92 56 70 57 73 63 68 57 94 53 76 79 89 52 64 63 69 63 57 54 74 60 61 85 95 78 79 52 90 69 55 91 64 57 69 61 84 81 53 66 62 70 73 70 93 82 75 75 76 56 73 64 65 81 85 55 54 94 55 71 61 81 72 70 57 54 55 89 73 88 52 77 60 81 96 75 50 96 55 68 100 66 72 88 87 57 66 76 73 76 53 75 94 79 82 84 77 99 55 84 52 71 98 64 58 85 72 68 88 85 91 78 92 99 82 75 77 77 54 78 68 65 82 97 61 77 81 66 81 98 74 98 50 61 57 84 65 92 100 86 83 85 54 63 92 55 50 62 76 53 88 78 95 81 61 81 73 50 62 78 56 59 61 82 81 
51 88 94 91 91 99 94 68 72 83 78 51 50 62 75 52 79 67 61 85 96 64 68 69 75 82 77 91 61 97 58 100 83 97 91 98 60 61 97 78 78 96 95 51 82 86 95 74 90 64 98 65 62 96 82 57 54 52 90 71 91 85 69 59 66 92 53 65 74 53 94 53 96 85 79 67 54 53 88 61 73 57 50 53 71 79 59 56 72 83 51 54 68 61 69 85 83 55 66 60 51 55 63 69 62 50 78 62 63 89 68 90 90 75 60 72 75 81 78 80 70 87 97 80 65 82 58 65 78 70 82 62 85 60 54 96 72 64 85 77 60 65 62 88 77 61 74 86 62 64 63 86 76 52 92 61 78 59 82 92 50 73 86 74 54 51 63 70 61 81 65 75 84 77 85 94 81 68 93 71 100 81 70 78 97 89 79 92 89 58 77 81 65 90 55 50 69 99 93 89 
52 53 76 75 58 79 88 96 95 58 95 52 79 54 70 88 90 69 82 58 85 61 78 94 55 61 59 98 68 61 64 54 58 67 65 69 51 57 59 53 64 67 81 71 69 82 95 70 68 55 63 85 69 74 66 63 94 83 94 80 80 96 62 63 56 79 80 76 69 50 54 54 66 70 82 88 99 66 55 91 69 75 83 73 90 100 57 91 88 60 63 61 67 73 59 78 98 63 82 62 100 57 97 65 50 97 85 77 58 67 94 80 71 88 86 93 88 92 50 81 89 64 55 70 60 58 98 86 69 96 83 58 63 55 66 66 53 55 91 100 73 88 78 58 88 54 100 51 66 82 54 50 93 58 52 75 78 59 93 80 92 65 65 92 73 97 51 53 81 75 61 68 99 63 70 72 83 69 98 72 55 89 69 98 51 53 54 61 77 91 100 77 67 88 57 85 62 84 66 98 
92 74 93 78 59 71 80 51 89 74 91 50 86 72 74 81 80 86 52 77 70 63 88 92 60 79 78 93 95 70 76 90 67 56 78 92 68 56 94 60 91 56 84 51 93 75 69 99 90 71 100 99 77 70 98 74 91 92 62 82 67 74 86 78 76 56 54 87 55 88 61 61 60 92 72 81 67 82 64 62 89 68 94 74 56 96 93 60 55 63 81 71 78 63 95 80 58 71 92 53 99 85 82 65 69 58 54 76 54 89 52 53 62 91 88 51 96 77 53 55 58 99 73 69 61 74 69 76 67 53 93 98 79 100 53 52 66 94 63 97 67 97 66 64 99 80 62 51 55 62 85 75 70 87 52 55 75 72 56 98 98 95 56 91 87 88 100 60 79 97 85 94 94 74 58 90 89 54 55 70 66 85 92 77 66 88 53 78 67 94 84 75 68 100 69 64 75 77 92 70 
88 69 62 86 95 72 73 82 66 66 97 87 100 55 87 55 66 70 76 55 78 78 91 90 65 97 57 73 62 64 75 99 90 81 84 65 50 72 58 81 93 99 54 65 89 97 57 67 69 94 56 94 87 86 100 50 66 69 79 53 74 55 74 97 96 70 85 97 88 67 89 95 58 96 50 76 79 66 55 72 79 51 73 81 79 57 81 95 86 92 54 60 69 74 67 69 94 73 70 91 95 56 75 86 84 68 58 69 92 80 91 94 60 73 79 79 79 68 82 77 96 76 68 88 76 91 96 88 80 68 90 81 89 99 74 57 77 70 81 63 97 73 66 94 99 72 93 60 53 60 51 62 60 71 82 92 98 50 99 81 74 58 78 88 80 67 50 62 92 71 100 66 79 83 56 59 69 96 57 68 62 67 52 92 67 94 57 72 58 78 74 100 64 56 83 69 73 73 76 58 
53 87 98 75 95 85 65 89 67 95 67 98 61 61 52 95 94 92 99 64 87 56 96 65 97 59 72 52 96 76 65 87 98 62 69 58 72 76 94 56 80 77 86 74 100 83 82 53 67 84 99 65 75 100 87 100 60 84 58 73 71 82 53 88 67 67 62 67 65 74 60 68 69 89 69 75 95 56 68 72 79 58 84 98 50 88 89 70 97 61 61 62 88 89 55 86 52 90 78 90 77 55 93 86 88 53 81 61 66 96 67 64 72 82 96 99 88 84 76 58 94 80 87 61 80 71 86 90 53 92 93 51 74 98 50 99 50 83 77 50 99 82 64 78 86 53 64 97 83 74 70 68 94 52 84 55 57 100 54 95 66 61 64 95 59 100 57 51 88 78 97 87 71 73 56 92 59 69 72 85 76 72 85 75 81 77 52 70 91 81 74 82 81 98 51 82 82 69 76 80 
89 66 52 87 61 85 74 81 59 60 76 86 59 60 70 74 64 98 91 74 67 56 76 83 98 92 98 96 51 75 95 55 52 88 90 84 66 89 65 50 76 90 90 87 71 66 72 88 58 90 85 86 61 59 99 79 54 56 61 72 52 68 80 68 80 99 92 51 58 59 66 87 90 75 99 80 83 53 67 64 74 82 77 61 61 60 94 64 93 90 55 66 99 89 65 61 62 52 93 89 62 54 85 70 83 72 64 92 72 51 79 91 71 56 70 69 79 65 71 70 95 72 94 88 73 54 89 52 87 82 100 66 87 58 97 86 67 87 95 81 52 52 54 73 85 100 72 71 99 95 76 82 90 57 75 82 82 58 90 84 96 78 62 97 61 82 58 50 76 74 62 63 86 62 63 87 78 68 77 70 87 95 62 84 61 75 67 75 56 67 59 67 96 59 71 53 71 72 52 62 
71 99 81 78 90 59 73 66 98 82 84 97 74 59 56 62 53 69 61 92 63 76 98 84 77 80 54 84 86 64 65 100 53 80 63 78 81 82 51 79 75 94 86 93 96 70 59 94 76 87 80 62 94 99 62 65 99 100 60 84 63 85 68 71 78 87 98 51 51 81 90 82 79 96 82 56 92 89 67 100 66 76 65 94 80 99 71 93 82 52 66 77 68 57 75 66 92 71 81 64 59 62 77 50 72 63 61 60 86 63 88 64 100 70 63 99 62 96 98 77 75 67 57 55 83 93 98 95 58 93 57 71 97 65 89 63 65 51 90 87 68 83 100 53 89 87 81 82 80 90 91 100 56 51 73 75 69 86 56 87 97 70 94 85 50 90 80 76 74 92 93 91 95 99 51 64 63 88 56 97 79 96 56 78 83 73 52 65 79 85 86 77 99 67 55 54 61 86 73 86 
93 89 55 55 82 86 56 85 73 93 61 91 77 54 54 55 68 91 92 60 92 100 99 62 60 52 71 75 73 80 78 50 78 88 70 74 84 57 66 53 90 74 79 92 72 94 57 64 73 96 94 75 81 70 60 51 92 98 55 94 83 71 99 78 57 81 56 96 70 50 100 100 80 80 99 54 60 60 83 92 55 54 94 75 89 64 92 90 98 95 81 81 98 52 54 75 100 55 58 59 59 87 88 62 75 70 52 55 60 89 59 76 88 81 61 90 85 67 58 99 100 75 79 88 80 59 78 91 67 90 84 60 85 56 76 96 61 65 87 98 54 72 100 61 96 96 86 51 54 96 56 61 54 64 78 78 52 79 89 57 63 90 55 86 62 62 62 82 72 93 87 88 93 62 97 62 100 53 52 54 81 60 89 72 59 83 95 65 68 74 80 75 62 93 81 53 62 52 60 82 
79 73 91 57 83 92 60 81 55 52 82 68 94 90 80 59 50 86 71 94 52 63 94 54 80 90 50 52 62 93 95 90 59 65 95 85 64 77 80 54 73 97 91 60 90 87 78 53 73 60 86 84 54 67 91 70 91 80 78 87 100 87 62 95 62 86 74 97 97 97 85 72 98 75 62 51 58 51 99 58 96 92 83 75 60 88 51 70 85 95 61 58 73 72 83 79 55 78 68 71 63 64 71 77 97 54 60 55 71 98 87 63 67 84 69 98 98 54 85 55 59 50 81 99 93 61 95 84 55 59 75 83 71 77 66 53 54 83 95 85 72 94 53 88 54 68 77 56 85 50 98 95 57 73 84 95 51 52 72 95 66 71 96 88 64 62 59 51 79 80 98 61 97 75 100 67 93 57 70 69 87 79 58 80 57 52 73 57 52 79 80 96 88 84 92 87 78 59 60 77 
51 96 84 99 89 94 97 55 51 67 73 76 74 56 69 55 81 58 79 96 71 67 75 75 91 67 86 61 77 56 66 50 92 90 52 99 84 76 84 78 51 64 86 91 82 73 83 81 84 60 51 92 52 58 86 89 67 75 90 57 90 86 72 75 55 60 79 90 62 61 89 93 56 53 90 58 98 74 84 94 64 60 66 73 89 70 88 55 92 93 71 61 53 84 68 78 53 59 97 61 53 97 51 73 100 78 94 64 71 50 65 84 78 66 94 72 60 86 55 72 64 85 82 61 80 88 51 93 67 93 56 64 64 81 50 89 62 88 76 53 57 85 67 91 60 73 95 73 56 88 87 65 83 76 83 84 98 57 63 73 94 70 91 88 63 60 67 64 82 87 70 91 71 59 54 66 88 63 99 70 73 94 70 68 89 95 85 99 75 76 70 79 80 74 85 72 79 71 63 94 
68 76 76 91 94 89 76 83 82 56 74 76 63 61 78 76 78 66 72 78 79 68 68 73 87 94 94 98 98 76 54 66 51 88 98 79 53 92 67 94 79 98 99 84 64 96 82 90 79 69 59 89 85 91 74 100 85 55 88 82 51 98 61 55 55 57 68 84 55 62 100 98 78 67 84 72 79 82 79 58 50 88 80 60 51 96 55 80 97 73 54 56 64 93 66 68 89 69 56 80 73 83 86 52 58 87 58 80 73 58 84 68 75 94 75 75 94 93 51 56 100 86 63 65 55 70 71 89 91 87 77 72 58 79 84 61 87 72 83 51 51 94 79 91 51 54 80 94 70 51 60 52 51 94 66 81 58 79 71 61 58 80 100 67 59 88 69 78 83 88 78 60 69 62 61 88 84 50 65 97 87 60 52 77 58 72 63 65 87 77 62 93 65 95 82 91 65 55 85 99 
87 96 85 55 57 59 92 65 50 73 72 72 99 97 53 62 96 65 73 88 96 63 87 97 68 98 56 100 85 89 82 52 98 84 50 52 75 70 58 81 54 62 53 87 82 89 89 73 58 65 95 73 90 65 52 65 66 57 77 51 83 52 85 93 66 81 89 54 100 84 52 52 69 95 74 96 65 98 90 74 97 98 60 60 98 83 72 65 50 68 71 73 96 55 84 70 72 84 74 72 63 65 85 74 58 68 77 94 59 88 83 85 88 68 89 81 63 73 55 56 99 78 58 57 85 91 64 64 81 97 100 63 65 52 62 93 50 76 94 77 56 88 62 98 90 97 80 93 84 64 70 71 58 92 84 63 100 93 100 92 50 68 51 70 83 86 73 84 59 72 95 56 84 50 98 62 67 72 84 61 56 90 91 76 56 59 89 77 83 57 56 71 60 72 93 54 89 85 81 58 
63 77 87 74 59 71 50 88 72 51 55 76 69 78 60 82 66 72 67 50 76 100 80 62 57 74 99 73 62 81 87 84 98 91 53 83 95 54 68 90 76 91 75 74 80 76 95 78 84 58 78 90 78 67 58 67 100 83 71 77 60 65 65 85 50 53 95 88 50 97 90 84 56 61 71 83 97 73 56 97 51 67 84 53 77 76 68 64 76 76 100 73 79 73 73 93 98 80 61 63 67 54 85 75 70 51 60 57 78 56 80 66 82 61 79 82 72 84 94 91 53 87 64 61 50 77 96 57 65 96 100 54 83 86 71 80 96 99 70 75 52 75 95 81 94 57 90 57 82 86 88 81 92 78 77 76 89 87 74 87 92 65 70 68 73 87 80 68 80 83 79 85 53 67 58 59 82 76 67 63 75 94 54 93 71 72 72 70 89 52 87 93 58 73 60 96 54 71 98 97 
68 72 97 88 100 59 59 83 54 63 56 50 65 80 84 76 51 78 87 53 85 91 52 69 73 52 80 65 52 92 56 81 61 88 78 82 98 86 91 72 75 74 69 93 82 84 95 77 85 86 79 100 60 98 82 67 76 83 78 65 93 60 93 65 73 76 68 76 87 88 95 82 78 77 58 86 79 61 59 71 100 99 54 64 55 71 62 66 95 55 100 72 81 57 54 83 72 89 61 68 60 92 76 97 70 67 73 71 71 88 70 58 62 73 57 83 52 59 87 59 100 72 52 52 84 97 75 96 51 77 95 89 55 64 51 78 80 61 87 94 67 62 96 76 85 80 60 96 81 88 83 93 70 90 58 84 62 82 73 78 60 91 78 53 79 55 97 66 90 71 98 60 60 98 88 96 55 62 85 93 75 60 68 98 99 65 50 78 89 66 77 80 51 82 89 98 71 72 63 52 
56 81 82 54 52 74 52 62 68 86 74 55 54 55 78 58 93 94 55 65 51 85 77 63 50 55 75 82 75 91 93 51 50 61 70 88 76 98 64 65 75 74 50 76 86 90 67 73 91 89 68 93 74 66 98 67 57 84 59 84 62 51 91 88 88 62 95 77 90 66 52 78 93 73 67 89 69 68 56 63 72 69 82 50 85 95 69 95 59 64 92 60 72 63 59 71 89 84 83 83 69 58 90 59 85 87 56 74 94 50 80 96 56 51 61 56 71 53 71 74 87 91 90 59 62 54 75 98 66 82 89 69 86 87 90 85 67 99 68 99 55 94 71 76 79 79 92 56 89 54 68 90 52 56 83 52 54 56 100 84 70 60 75 56 56 86 61 81 63 95 57 95 72 57 60 66 88 60 79 63 89 88 91 79 52 82 85 99 56 81 72 100 82 95 80 89 79 65 78 62 
71 72 99 51 88 80 99 58 81 97 52 70 86 99 92 60 53 98 56 50 79 83 98 53 67 77 81 74 75 60 97 78 92 70 85 84 75 77 59 78 92 51 88 72 71 82 75 77 67 100 69 70 96 86 82 94 84 92 63 84 50 86 72 99 63 53 59 91 80 52 95 98 62 84 54 73 91 68 59 93 77 61 73 90 76 78 93 67 98 74 57 65 57 94 89 82 98 100 79 62 86 73 58 69 58 83 85 51 82 86 77 94 60 84 72 91 66 56 96 99 97 67 87 91 53 65 68 70 65 75 81 53 64 78 66 87 53 57 91 93 79 89 64 61 89 81 91 68 85 99 95 95 50 73 75 76 60 51 57 59 70 53 88 87 71 74 92 51 85 89 57 54 60 79 78 97 91 86 84 53 99 83 63 56 65 62 54 80 97 52 93 91 52 66 74 94 76 59 77 75 
85 51 77 56 58 58 68 52 51 96 88 59 70 95 50 97 65 64 70 100 81 90 91 75 77 78 52 50 69 89 71 76 96 98 94 79 72 81 56 65 80 90 62 68 60 81 69 69 76 59 77 92 80 56 68 79 69 82 80 79 76 53 91 77 69 85 78 85 94 73 74 99 75 73 97 65 54 66 85 97 84 53 86 55 73 70 76 100 85 64 72 88 65 56 95 66 66 84 68 82 89 90 69 68 75 83 68 68 60 59 70 72 75 91 61 81 55 100 93 100 83 74 99 96 77 97 61 52 89 79 91 69 95 100 69 87 88 59 81 94 91 68 85 84 79 50 58 57 86 62 69 98 62 90 94 64 83 100 69 83 71 91 94 82 92 69 90 99 72 72 86 89 53 87 100 80 79 61 100 77 70 98 94 90 60 60 55 72 55 86 86 75 69 51 60 80 70 100 60 92 
68 78 63 54 97 72 98 100 67 90 54 63 68 88 58 63 67 65 98 91 100 53 63 92 58 83 78 96 58 67 64 86 58 65 54 58 65 89 83 75 69 55 68 58 59 70 50 53 83 80 51 96 83 70 59 70 74 58 75 62 62 70 95 87 92 64 59 100 51 67 81 83 81 71 58 69 66 77 87 62 80 91 60 77 75 73 94 56 94 76 81 76 97 69 71 72 55 54 70 79 98 81 57 96 73 60 91 89 90 79 69 67 76 52 86 92 71 60 57 55 86 87 55 62 99 62 97 61 60 78 98 65 59 62 50 50 60 66 57 66 77 82 61 89 82 54 86 50 93 79 86 95 58 87 70 54 80 53 53 92 97 100 80 94 58 75 94 76 85 78 90 99 95 95 70 72 92 55 75 85 92 69 100 80 70 96 84 91 93 69 70 95 78 61 52 83 67 81 77 100 
95 92 89 93 83 81 68 93 80 55 54 75 75 63 95 68 78 90 57 88 78 72 73 53 91 55 61 57 68 75 56 54 90 63 87 55 56 77 54 63 65 70 73 51 85 72 51 52 57 67 70 50 72 69 87 72 96 89 51 52 60 63 94 53 57 90 81 73 59 51 62 70 96 76 72 65 51 96 87 60 62 91 66 53 73 78 77 83 90 61 92 66 55 100 95 68 85 56 50 67 54 97 58 88 64 60 75 53 86 64 89 65 64 70 61 75 69 81 58 65 90 87 71 50 87 51 65 83 59 55 64 100 98 55 88 98 59 81 65 87 93 83 91 90 98 98 58 50 91 100 98 63 85 73 70 59 50 91 76 94 96 72 85 58 66 80 65 89 93 51 59 92 53 92 85 77 100 78 75 66 96 51 99 60 72 71 94 54 78 75 73 61 79 79 77 68 71 76 85 62 
66 80 80 98 64 56 98 74 81 54 95 90 62 83 70 64 83 76 92 58 66 80 77 89 68 91 98 100 78 90 74 53 62 92 57 53 89 79 91 90 70 51 69 89 91 70 58 53 97 51 96 74 79 99 77 65 50 82 93 90 88 98 67 66 64 93 69 59 95 82 79 51 82 78 100 50 84 67 54 81 61 98 78 63 57 98 64 56 86 63 92 77 63 64 63 93 65 58 64 94 84 75 57 50 60 60 58 73 82 59 74 64 80 62 71 66 72 63 73 90 57 60 88 86 70 63 92 68 77 87 68 80 72 52 69 95 98 63 50 73 60 72 86 54 51 62 56 88 91 63 88 52 55 75 52 54 91 81 65 76 99 52 59 79 74 68 91 63 100 68 75 100 60 51 87 64 70 64 52 74 68 69 52 68 83 52 98 78 99 77 62 79 56 51 94 72 52 57 73 86 
84 73 64 98 75 92 61 87 55 94 77 81 100 84 56 76 55 72 98 94 82 99 85 81 97 53 57 72 70 78 65 99 92 83 61 95 64 75 87 74 70 67 55 53 55 58 87 60 74 69 82 54 80 93 90 62 87 83 66 56 100 79 72 62 64 88 54 68 100 89 51 54 88 66 54 96 74 67 67 83 77 84 50 73 74 74 96 77 93 68 92 76 90 62 53 98 64 77 53 80 93 87 53 90 64 92 81 54 89 59 78 56 90 73 59 55 62 95 58 89 99 59 78 85 69 83 100 99 57 86 57 97 50 56 57 77 88 68 89 54 79 73 59 69 54 56 99 53 95 58 55 72 60 91 55 96 81 67 66 62 96 85 53 87 67 74 55 98 100 86 73 53 77 96 77 72 57 64 98 72 82 67 62 63 85 85 91 84 63 54 66 91 80 70 99 79 59 68 79 77 
95 54 50 71 54 76 57 52 85 58 65 88 58 86 69 50 76 91 74 61 79 57 74 64 82 61 64 76 72 65 62 89 77 79 78 55 87 97 73 57 86 55 51 96 92 90 88 75 62 69 100 54 99 52 83 75 66 60 85 67 87 92 97 61 84 71 76 77 89 54 51 95 53 70 62 98 93 78 98 65 81 80 81 73 75 55 67 89 62 53 80 52 77 57 90 55 93 92 76 92 81 94 64 93 96 100 95 93 73 66 51 99 96 94 59 76 85 70 50 88 55 70 63 56 76 56 71 62 68 74 93 90 83 58 66 68 78 77 64 64 62 76 91 90 75 88 100 64 50 78 53 59 61 53 54 78 95 81 69 69 64 83 51 96 67 59 90 81 53 90 71 77 55 66 69 78 79 52 61 76 95 80 68 80 66 91 60 53 58 55 86 74 96 66 91 92 61 94 57 99 
68 86 83 50 59 56 80 96 88 81 84 86 99 69 90 83 75 70 58 94 87 76 81 76 59 51 89 79 52 100 88 88 82 84 56 98 91 72 51 67 85 53 78 94 98 81 62 72 85 85 99 98 87 97 66 90 73 95 94 88 87 53 69 72 83 94 82 83 55 99 57 81 56 78 60 97 96 78 100 63 54 52 75 79 86 97 97 82 94 59 58 93 85 62 54 66 68 94 68 84 58 64 63 74 53 96 50 89 58 94 97 93 93 92 67 99 54 88 88 76 98 86 67 89 87 98 78 80 83 88 60 68 85 53 97 98 62 61 92 75 62 73 88 95 87 96 71 84 69 62 98 71 59 52 86 92 73 82 99 67 61 84 100 94 56 57 53 91 77 80 54 92 93 74 89 63 69 100 86 82 76 59 53 75 69 51 71 96 99 70 97 84 52 95 87 90 96 89 86 80 
65 63 99 72 70 74 77 68 84 79 78 86 91 67 92 56 78 50 90 100 98 65 61 92 58 59 50 80 70 56 67 63 80 74 68 66 78 54 94 54 53 65 98 94 97 75 83 73 80 57 64 83 56 58 71 95 70 82 53 96 83 84 84 81 60 76 93 78 94 53 98 78 50 98 67 56 73 95 67 86 94 54 87 82 67 68 86 52 54 85 80 88 59 55 72 60 51 86 89 59 78 52 63 91 77 88 82 93 82 75 68 90 72 88 55 72 58 90 68 91 62 78 57 82 60 83 68 81 72 52 96 87 68 61 71 72 56 62 92 100 72 50 65 82 80 75 84 76 92 98 83 55 69 73 88 91 77 50 89 77 53 64 68 83 65 97 69 77 88 71 70 81 82 89 74 82 59 74 78 97 87 55 81 86 82 72 61 84 56 69 84 74 50 97 99 82 95 51 69 77 
97 85 77 80 56 57 75 99 70 55 89 52 96 91 67 75 99 69 77 98 94 64 56 91 87 51 59 80 51 56 73 61 68 81 79 62 59 93 81 69 90 66 80 73 67 74 60 57 100 93 58 61 95 89 77 66 50 58 60 99 77 57 50 57 51 95 97 56 82 94 68 98 85 61 59 52 81 66 63 65 65 61 97 71 98 100 79 95 56 87 84 67 88 83 79 84 88 95 66 91 85 91 99 53 70 60 50 56 88 85 53 55 69 70 80 93 68 61 97 91 89 84 73 52 55 58 93 62 89 94 96 52 87 71 95 100 83 88 97 75 65 50 74 79 100 81 81 62 67 98 84 98 100 73 79 63 98 54 54 94 97 71 97 78 61 81 57 58 69 96 85 53 76 87 62 77 96 81 72 83 83 95 51 96 55 80 88 70 65 58 55 88 72 89 95 85 80 67 89 71 
82 52 98 79 87 85 68 81 69 54 80 81 64 87 66 97 71 53 91 64 63 57 94 60 79 87 58 68 87 51 73 69 80 67 54 81 57 84 90 81 85 99 58 85 68 62 50 74 93 50 66 83 74 62 52 79 58 70 50 64 100 69 60 53 71 58 90 59 90 50 56 58 96 66 68 50 81 72 88 84 86 90 96 99 96 75 75 77 59 67 85 66 53 65 96 92 74 83 98 65 57 78 97 58 70 60 66 56 57 65 58 57 91 78 94 99 81 68 100 54 87 83 84 82 75 84 56 78 96 85 60 65 59 69 51 62 77 60 100 83 50 82 75 55 68 71 50 80 79 94 80 78 83 100 81 80 72 69 89 99 66 57 65 57 71 90 57 94 55 72 61 94 90 85 96 92 54 83 67 96 57 61 92 90 53 51 87 72 67 92 72 83 53 68 89 55 87 58 77 58 
69 60 56 95 58 64 99 90 54 50 66 53 97 65 88 100 78 98 90 100 90 61 54 98 52 88 76 78 79 97 81 83 82 74 66 59 63 86 64 83 54 52 77 61 82 89 54 91 95 74 52 90 54 89 56 67 97 94 97 71 88 50 63 82 63 100 89 76 64 85 54 70 95 63 78 51 68 91 69 57 97 53 61 66 60 51 92 72 68 93 59 99 60 53 51 56 78 80 98 79 83 89 87 79 56 52 89 74 82 74 67 96 76 97 79 72 56 71 76 77 67 64 58 55 73 64 86 52 52 87 66 88 88 67 80 98 58 86 78 71 56 57 74 96 80 99 77 93 89 53 61 82 65 63 100 89 75 62 57 89 89 63 64 88 51 63 71 64 71 79 72 66 62 67 56 88 69 89 100 75 96 80 95 69 93 84 60 100 60 55 81 59 63 66 98 61 93 76 80 79 
75 90 86 63 90 66 89 66 74 92 94 73 57 95 100 71 62 78 72 85 95 60 97 79 73 70 65 67 98 73 53 77 91 84 76 53 85 94 59 91 77 98 51 91 62 99 50 85 84 99 82 63 67 94 66 87 91 65 77 69 80 81 78 55 70 87 64 84 91 58 76 88 89 58 85 62 69 79 53 51 52 67 66 74 87 77 87 65 56 75 88 100 93 60 55 88 82 96 98 82 73 55 100 100 65 98 91 56 65 67 62 82 93 61 71 51 88 66 75 92 97 79 91 91 71 54 93 99 98 58 87 70 85 88 93 95 86 57 75 55 98 55 59 69 57 96 63 91 78 58 65 100 83 80 67 84 92 78 60 59 96 66 53 54 85 69 71 76 95 75 70 95 76 54 56 95 91 98 98 63 62 60 65 98 63 92 86 72 83 80 57 85 100 55 72 87 54 90 64 60 
85 87 69 79 64 98 72 91 53 53 68 57 58 90 53 86 70 67 98 78 54 82 67 58 58 83 81 63 77 95 91 66 96 74 55 72 83 52 52 91 86 83 67 76 65 83 74 85 64 59 57 88 95 96 57 76 71 64 70 90 53 59 75 77 62 80 73 93 63 64 88 84 85 52 64 55 81 60 80 50 93 89 65 94 96 51 94 50 81 79 53 58 87 96 54 77 78 80 60 79 78 52 59 91 52 79 86 80 94 97 97 91 95 59 61 87 64 82 98 75 68 70 67 64 79 59 88 97 97 98 66 90 81 73 62 87 61 80 52 53 84 60 75 80 55 78 88 82 83 83 55 61 50 74 66 50 87 88 54 85 72 77 97 96 93 50 85 63 87 77 94 94 67 90 61 84 71 74 91 83 73 100 75 75 77 51 95 70 53 86 78 79 59 91 88 100 59 61 77 96 
65 80 63 99 77 84 75 78 94 69 93 80 65 52 57 79 77 98 62 85 88 64 85 50 68 82 62 59 67 80 77 65 99 83 63 93 67 78 86 61 97 69 73 66 96 57 55 87 93 85 50 90 63 81 69 75 66 71 96 61 52 60 80 65 59 73 78 72 89 88 95 69 83 100 70 96 91 90 74 78 89 91 97 80 50 99 74 84 80 100 63 74 94 66 76 53 56 99 93 64 79 92 89 54 81 53 74 67 95 50 72 54 98 56 80 76 98 75 71 86 61 65 87 58 65 58 92 98 67 62 90 65 87 52 73 74 55 77 76 62 57 65 93 78 86 100 72 81 93 94 66 52 96 73 82 61 54 73 74 80 52 79 62 100 64 71 76 64 98 99 93 87 72 60 94 56 87 65 83 72 98 68 64 81 78 63 85 72 56 62 52 83 83 73 97 84 62 59 59 70 
69 50 96 77 74 58 85 67 87 59 66 63 56 64 94 69 62 87 91 81 58 94 66 60 73 72 74 76 59 51 98 64 62 99 96 60 77 56 79 94 80 96 70 100 96 59 70 56 72 52 73 69 76 68 53 72 100 99 50 50 81 52 60 97 78 68 75 99 67 89 77 95 83 55 54 81 81 52 96 91 52 68 74 99 97 52 74 59 66 69 52 85 78 52 97 99 63 90 83 67 94 85 80 59 55 93 75 94 82 90 81 64 90 63 87 63 52 75 88 73 79 55 82 75 88 62 98 65 70 72 61 66 69 65 76 97 91 66 100 83 90 60 70 94 81 86 81 61 100 51 58 56 58 61 97 95 63 76 65 62 90 81 52 81 64 71 94 68 66 57 83 77 71 99 58 51 75 53 72 60 54 66 84 76 68 63 69 66 51 65 59 52 85 93 85 93 54 63 85 83 
79 84 53 78 67 61 84 74 67 84 85 70 83 59 85 67 52 65 98 71 73 87 90 89 65 57 82 90 51 74 79 89 56 72 70 80 85 97 98 85 56 93 63 64 67 64 76 85 53 66 86 78 56 95 65 99 62 55 52 100 86 58 84 59 85 79 64 75 90 83 71 55 75 97 51 70 65 59 86 67 91 66 88 86 93 65 65 73 63 52 81 95 62 93 92 81 82 95 99 67 79 61 100 77 84 55 86 60 81 89 90 71 73 55 69 98 57 85 70 76 52 80 54 85 82 89 87 60 78 65 92 68 79 79 57 97 94 95 60 66 67 97 50 84 69 68 79 96 59 79 85 51 88 78 85 51 92 55 61 91 56 89 51 75 82 81 98 63 99 98 53 79 77 55 56 86 63 70 71 53 94 58 52 98 93 56 94 99 70 95 96 58 62 73 95 53 97 55 100 66 
92 68 75 77 78 65 52 77 63 67 70 98 58 66 87 80 56 78 65 81 61 68 94 58 55 100 68 77 50 86 86 72 85 53 58 54 63 99 59 93 73 57 68 80 92 78 94 97 51 63 90 98 96 84 73 74 62 51 99 50 73 55 69 96 73 74 63 50 66 74 55 69 99 77 99 76 65 97 91 70 99 86 99 73 90 51 88 84 66 52 67 100 65 70 55 55 76 98 92 66 60 90 56 90 91 92 58 51 92 94 76 60 55 62 86 78 72 70 91 91 88 58 64 96 95 69 81 92 68 84 100 99 87 97 80 66 89 96 71 95 100 70 61 100 65 67 91 55 56 79 89 90 83 53 70 84 68 64 75 80 65 90 92 97 82 96 66 50 94 93 91 60 92 65 55 70 56 63 73 99 84 62 71 70 76 51 65 64 88 72 94 53 65 98 67 62 77 54 96 58 
82 95 59 88 56 100 62 57 57 81 91 74 54 87 90 88 60 76 85 51 78 98 68 57 91 80 61 93 53 84 55 83 81 87 83 82 77 95 65 56 73 57 62 55 61 77 93 76 60 56 57 57 95 57 56 57 97 85 58 76 50 71 56 72 50 85 92 62 83 81 98 99 58 62 89 96 50 53 70 51 89 75 92 51 61 71 59 82 54 73 54 71 93 82 70 95 79 68 50 88 54 100 69 63 96 57 74 58 69 78 96 64 77 72 65 69 63 60 73 67 87 58 51 57 78 74 53 68 53 74 82 88 60 54 78 83 67 77 64 63 79 97 57 72 66 91 74 56 65 51 66 59 59 95 81 56 93 62 66 50 52 55 82 53 95 79 77 56 73 69 97 67 83 94 75 79 96 74 98 58 79 54 80 87 70 51 61 79 59 73 79 54 53 90 82 84 62 61 96 71 
53 70 59 75 69 72 72 57 79 81 54 90 58 100 86 52 75 58 68 60 90 93 61 91 91 55 85 71 57 98 70 67 64 77 75 100 87 61 87 86 69 86 64 82 69 53 56 89 73 74 50 82 50 59 99 62 55 92 95 54 57 68 71 77 82 87 57 100 87 94 64 61 78 98 68 65 53 60 82 55 54 51 65 100 88 73 57 82 55 64 50 69 52 67 78 59 54 54 68 66 83 91 88 54 81 85 55 67 97 57 98 87 67 71 50 97 61 50 68 51 87 98 62 88 73 54 87 84 75 56 58 82 58 86 69 64 61 69 73 52 81 85 53 92 72 57 82 51 69 64 94 97 98 51 80 71 82 99 100 73 83 61 88 67 88 51 82 58 70 81 51 59 63 70 87 98 85 70 92 61 82 54 56 88 95 72 51 72 50 77 98 55 57 50 98 51 64 55 56 93 
55 79 95 85 88 82 75 66 88 55 57 58 97 67 99 78 56 55 53 94 59 97 98 99 65 96 54 70 57 56 51 94 97 59 60 81 78 78 51 78 95 75 58 50 81 96 81 84 99 62 87 67 69 92 76 99 98 66 76 77 83 52 85 89 68 79 98 89 64 91 57 100 67 93 53 67 57 93 77 78 81 80 84 100 90 94 98 61 60 55 85 75 71 91 92 57 65 91 55 70 83 54 94 72 84 56 53 71 63 84 86 84 61 75 73 97 74 52 80 53 78 51 53 82 53 98 90 63 71 79 61 71 51 65 61 87 55 75 58 68 73 59 55 50 67 57 69 53 53 51 84 58 60 89 84 100 76 83 80 56 81 96 79 66 77 59 90 91 59 65 76 84 53 85 84 99 74 85 61 77 51 89 82 95 56 50 64 94 85 100 94 64 94 95 85 98 74 87 78 82 
82 71 85 93 89 98 93 59 82 70 55 86 52 57 62 77 62 71 79 88 92 80 82 53 89 82 82 63 100 88 95 86 79 65 95 91 95 60 88 54 76 95 64 92 54 79 70 69 70 93 81 74 64 53 60 67 51 91 67 85 51 80 74 60 80 87 93 86 71 84 82 88 56 89 79 50 84 50 59 95 67 57 69 59 68 67 98 85 69 94 94 78 63 76 90 59 67 73 80 75 72 92 88 86 79 92 76 71 88 59 81 71 84 57 61 88 96 86 60 74 90 65 92 72 76 68 55 89 87 66 84 89 95 99 68 77 79 98 89 56 86 65 56 82 72 50 67 77 52 99 96 50 60 68 92 94 66 62 92 55 70 96 77 85 96 96 52 92 81 87 52 92 100 52 81 95 65 96 63 84 51 78 57 54 69 67 50 67 52 58 52 66 68 66 57 73 51 56 52 62 
