50 100 200
14
12
14
16
17
11
10
10
18
11
16
15
11
11
16
10
10
11
12
12
10
18
18
15
16
13
20
12
11
18
13
18
11
12
20
19
12
20
11
18
20
11
12
20
12
19
17
18
13
13
14
17
19
10
15
15
17
18
11
17
15
16
20
20
15
18
12
19
12
15
11
19
18
16
14
19
11
13
13
15
14
10
10
16
19
12
11
20
17
17
20
10
15
18
15
12
15
18
12
16
14
19
15
15
17
14
11
16
15
19
12
17
17
19
15
15
17
11
14
13
19
10
12
10
11
18
17
15
20
17
20
14
10
11
11
15
14
18
15
18
19
17
14
20
12
14
17
18
15
14
19
14
16
20
19
14
20
19
14
18
14
11
16
10
17
13
14
19
12
14
17
13
15
12
11
18
14
13
14
10
13
14
18
20
17
10
17
18
16
14
15
18
14
12
14
19
19
13
15
10
293 21066
219 28633
229 28680
175 25433
251 22421
176 26297
229 21892
191 21469
159 21196
238 20572
189 25750
144 21956
119 24668
227 20461
227 27499
233 26701
182 24176
236 29681
290 23381
235 25440
191 23192
136 24199
299 26346
280 24608
119 28491
176 20026
292 21820
127 22531
230 20416
141 25093
170 24861
171 22452
235 28888
163 26407
274 21664
149 28427
132 28077
178 28521
167 23516
224 28465
223 20339
251 29498
193 24592
264 21944
206 25306
293 24732
245 27715
238 23049
134 29042
135 23843
37 35 44 36 43 42 45 36 38 38 41 42 43 45 36 39 40 40 41 39 42 37 45 39 41 45 43 41 38 43 36 36 38 39 36 44 37 36 43 35 35 40 37 36 44 39 44 45 39 41 45 37 43 45 39 35 35 41 41 40 35 44 45 42 43 43 45 43 40 35 39 39 35 40 36 36 38 43 37 45 35 44 37 40 35 40 37 40 42 38 37 38 35 43 41 37 41 36 42 36 
44 45 36 41 44 39 36 35 45 35 38 41 38 42 36 37 40 36 44 36 39 39 41 38 39 44 40 35 43 35 45 36 45 41 35 41 35 36 40 43 37 35 41 36 39 45 41 35 44 44 39 42 44 35 40 45 43 43 38 39 42 43 38 35 38 43 45 38 41 38 42 35 40 43 38 37 35 36 40 39 45 35 37 40 38 43 43 35 38 40 37 35 35 37 36 42 42 42 45 44 
36 42 42 45 40 37 40 36 45 39 44 39 44 43 35 43 36 40 36 38 41 38 37 38 45 39 45 38 37 41 40 36 44 44 43 37 39 41 40 41 38 40 36 37 45 36 43 41 38 40 36 36 43 43 35 41 39 37 42 37 37 39 44 38 42 39 41 35 41 43 36 43 36 37 39 42 39 40 35 43 45 38 41 44 39 39 44 40 43 37 35 44 40 40 40 36 45 39 44 36 
36 40 38 37 41 43 42 41 37 36 36 40 43 36 36 41 42 38 39 41 45 38 36 41 36 37 43 40 45 42 41 38 37 45 44 41 41 45 39 45 45 39 43 35 39 41 42 40 44 40 40 36 35 38 38 41 35 42 41 41 35 37 36 35 41 35 35 37 39 43 42 36 43 40 35 35 38 36 37 43 43 43 38 40 40 43 43 36 41 40 40 45 42 44 41 36 35 38 42 44 
35 40 42 43 38 39 40 37 36 36 41 45 36 43 38 36 42 43 44 43 38 40 40 45 36 37 40 39 36 41 44 43 44 36 41 43 42 37 43 38 43 35 40 41 42 39 42 43 45 35 43 44 41 44 44 40 39 37 36 38 38 38 38 38 35 44 38 35 45 36 42 40 41 38 45 41 40 36 39 40 40 36 39 39 36 42 37 37 45 45 36 39 42 43 42 38 40 42 36 39 
41 41 44 41 43 36 39 41 44 37 43 37 42 35 41 37 36 42 37 36 42 35 37 40 37 38 35 42 39 41 38 44 42 41 40 38 36 36 35 39 37 39 39 36 42 36 45 44 35 42 35 41 39 38 37 40 39 38 40 37 43 44 39 38 37 45 37 42 44 40 41 39 41 35 42 38 43 38 36 36 43 38 39 35 45 36 37 41 40 39 36 35 39 45 45 45 39 36 35 36 
35 35 39 44 35 41 45 39 43 35 43 36 41 35 43 44 40 39 44 36 39 36 40 37 45 35 39 42 44 37 45 40 36 40 42 39 36 36 37 41 42 40 37 40 44 40 35 43 43 36 39 44 44 37 36 38 43 37 41 39 38 45 40 43 45 45 35 43 41 44 41 44 36 43 40 40 45 37 45 35 41 45 45 41 38 43 44 44 38 37 40 44 45 41 41 39 43 45 43 44 
43 39 43 42 41 40 40 43 44 40 35 36 41 35 38 35 35 44 39 42 36 35 41 36 45 43 36 37 44 38 40 38 42 45 43 36 35 40 42 42 38 35 41 39 43 44 43 44 39 39 44 41 42 35 38 36 44 45 42 39 39 40 40 45 40 41 38 42 35 44 36 36 40 43 39 37 45 41 41 35 38 41 35 38 36 45 43 35 40 44 40 42 35 37 42 43 35 38 36 40 
39 41 44 43 40 41 37 45 37 39 40 38 38 42 38 36 43 38 43 39 39 43 42 44 36 41 43 38 44 43 35 42 41 38 39 36 35 37 38 42 45 35 36 42 45 35 43 38 36 37 40 41 39 35 44 35 35 37 42 38 40 40 39 45 38 35 35 44 43 44 37 40 38 43 44 41 45 44 39 36 39 43 39 41 37 37 39 44 42 41 35 37 41 40 38 39 44 36 36 40 
39 39 42 37 43 45 36 45 39 37 36 38 45 41 35 40 42 36 43 42 42 35 38 37 43 35 40 36 41 39 44 45 44 45 45 43 35 45 41 45 42 36 38 38 39 43 41 39 42 37 35 38 44 40 43 40 45 39 39 40 38 45 35 39 39 41 37 43 39 36 41 42 42 45 39 39 35 44 37 37 36 45 41 39 44 36 37 38 36 43 44 39 35 44 35 39 40 41 45 41 
39 37 36 40 36 39 38 44 44 45 45 37 35 39 41 43 41 43 41 42 40 37 44 45 39 42 39 38 41 43 42 35 35 37 40 41 45 39 37 45 37 43 42 40 44 43 44 43 36 44 35 35 40 44 37 42 37 36 36 36 37 43 37 38 45 35 42 41 41 45 36 39 38 45 42 36 39 39 36 38 43 38 41 45 42 39 40 41 45 45 45 39 40 39 44 45 43 41 37 43 
44 39 44 39 38 41 41 36 38 39 35 36 35 45 40 35 43 40 35 40 40 41 35 35 41 45 39 45 38 41 38 39 45 44 42 45 41 40 35 40 38 35 42 44 43 35 35 42 42 43 42 40 40 39 43 43 42 39 37 45 40 40 36 40 44 35 44 39 42 40 43 37 40 37 36 37 41 41 38 37 38 43 45 41 37 44 45 45 40 41 39 41 40 43 37 36 40 42 45 39 
35 45 35 40 45 36 45 43 36 35 37 41 40 44 43 38 45 45 35 45 38 45 44 35 40 45 38 36 44 38 42 38 43 38 43 44 42 42 41 35 42 38 42 41 38 42 45 43 36 44 37 45 38 38 45 39 38 41 41 40 43 42 44 44 45 41 40 36 41 45 38 41 36 41 36 44 41 42 43 42 42 37 38 38 36 36 42 37 45 43 40 35 37 44 35 43 40 39 44 39 
43 36 37 40 42 41 42 36 43 39 42 45 35 41 38 44 35 35 40 36 41 45 37 39 38 38 37 43 36 42 45 37 44 35 44 35 44 38 42 35 45 36 37 40 39 35 43 43 38 41 37 42 36 39 36 37 42 44 36 43 35 44 36 37 42 42 43 38 40 35 39 43 41 37 45 41 37 39 36 38 40 39 42 38 35 45 42 35 38 39 45 44 43 42 39 40 40 37 37 42 
40 36 36 43 40 41 43 42 39 44 43 44 42 36 41 40 35 41 37 35 43 44 42 45 37 43 39 37 36 41 39 42 44 35 41 42 40 44 45 45 45 43 45 41 37 39 35 43 41 41 40 44 41 39 41 39 37 40 43 38 41 36 41 45 43 38 45 44 40 38 35 40 44 38 37 43 37 39 39 35 39 42 44 43 39 42 38 43 39 35 45 38 42 35 35 37 45 45 44 38 
35 37 36 43 42 38 43 44 37 44 39 43 43 42 43 37 35 39 39 41 40 42 40 44 45 43 39 43 37 38 38 38 38 37 44 45 37 40 43 38 40 38 38 45 37 38 40 44 44 38 44 39 36 43 40 36 42 38 41 36 44 40 41 40 37 45 37 41 37 38 35 38 41 36 40 42 44 39 37 39 36 39 37 43 43 35 45 37 35 44 39 42 35 45 42 38 35 43 39 36 
43 35 37 42 41 42 37 38 44 36 37 41 42 35 40 38 42 37 43 35 40 36 44 44 39 38 36 35 37 41 38 45 38 35 43 45 44 36 41 38 37 38 36 41 39 40 35 36 41 38 44 39 36 42 41 37 41 42 41 35 36 45 42 39 42 39 40 37 41 43 36 37 40 45 35 37 40 42 45 35 39 44 42 35 43 44 40 42 41 36 43 45 40 37 45 42 36 41 36 37 
37 44 38 36 44 35 44 44 36 35 40 41 42 35 35 39 39 37 40 45 35 38 39 43 42 42 42 45 37 38 40 38 39 41 43 39 36 41 35 43 36 42 37 40 37 39 40 35 36 35 40 43 44 37 40 44 45 45 40 38 38 38 36 36 45 41 41 37 35 40 36 40 39 37 39 35 41 38 37 44 42 40 36 40 36 45 36 44 36 44 41 40 45 35 36 41 40 39 40 38 
42 35 41 41 35 39 35 41 43 35 40 37 36 40 39 43 41 40 35 45 44 37 38 40 38 35 39 43 35 42 44 35 45 43 45 45 39 37 37 35 39 37 45 35 38 42 42 41 44 42 41 37 36 43 39 36 45 39 37 45 43 44 45 41 43 39 40 41 36 36 37 39 41 36 42 35 41 45 35 44 45 35 45 42 45 42 43 37 38 44 45 36 40 37 43 41 35 44 39 43 
44 43 42 35 41 35 41 45 42 40 39 42 41 41 41 45 42 40 44 39 35 41 35 37 36 35 43 44 42 36 35 41 44 43 45 37 45 39 43 41 39 39 45 43 45 38 36 35 41 38 41 45 41 45 44 35 45 41 45 44 41 44 40 38 43 39 37 41 41 37 39 41 40 45 42 43 37 39 38 37 37 45 45 40 40 42 40 38 43 37 39 44 44 39 40 35 41 42 43 37 
37 45 35 36 44 40 38 39 38 38 39 38 36 35 39 43 38 35 38 36 36 37 43 43 43 43 45 43 37 43 36 43 42 39 45 44 39 36 45 43 45 41 35 43 42 37 40 41 39 44 38 43 39 38 38 37 39 45 37 35 43 39 42 38 41 42 40 44 43 40 38 36 35 38 43 37 43 43 43 37 39 39 43 43 39 35 41 40 45 42 36 37 41 39 42 42 36 44 43 38 
38 36 36 39 36 40 39 35 44 40 42 39 40 43 44 44 38 40 39 45 40 42 35 45 42 45 40 41 36 38 37 36 39 41 42 40 41 44 36 39 41 45 35 36 38 42 35 42 42 36 41 37 41 45 36 42 43 43 42 35 45 41 40 44 40 36 45 40 45 45 43 37 38 41 38 40 39 40 35 36 36 44 36 43 38 35 41 40 37 36 45 41 44 36 39 43 38 38 43 38 
37 45 42 42 44 36 39 39 36 35 37 44 37 44 35 40 45 38 43 38 35 45 39 44 37 40 42 36 40 43 41 43 39 36 39 38 37 38 45 44 43 44 40 44 39 43 44 45 40 42 40 35 44 45 42 35 36 36 42 40 41 43 45 44 36 38 44 38 45 38 43 44 41 40 36 35 41 37 36 39 38 44 43 35 45 38 39 36 44 41 40 36 37 45 35 38 37 43 43 42 
37 43 35 44 40 39 43 42 42 36 39 45 36 38 39 40 35 41 37 37 35 38 45 38 43 43 45 36 39 44 42 37 43 39 41 36 45 45 43 42 38 35 42 43 44 35 35 39 39 35 42 44 39 42 35 36 36 38 43 37 45 40 41 38 40 40 37 44 44 43 35 44 35 40 39 43 41 43 41 45 44 35 41 42 42 43 44 42 42 38 36 40 35 37 45 44 43 40 43 43 
41 38 43 41 41 39 39 45 39 36 44 41 41 43 44 35 41 44 36 43 42 44 44 37 43 39 41 40 38 42 42 35 35 39 38 45 40 40 38 39 35 36 41 35 37 45 45 35 42 39 39 35 38 42 41 41 42 41 41 41 37 40 45 40 41 35 36 45 44 44 38 45 40 41 43 40 38 36 43 36 39 44 41 44 43 39 43 44 36 36 40 44 44 44 41 42 35 39 36 38 
44 41 39 40 44 42 36 43 38 35 37 45 39 42 38 44 44 43 39 44 39 43 42 35 44 35 36 43 42 39 40 44 37 40 39 39 35 40 39 41 42 38 42 39 43 39 42 44 45 41 42 45 38 36 35 41 41 41 35 40 43 41 44 38 44 42 41 38 42 41 44 35 40 42 35 41 42 45 45 35 41 42 38 43 41 38 41 43 40 37 35 43 40 41 42 40 45 40 35 44 
35 35 43 40 37 45 42 39 37 41 38 35 38 35 39 45 44 36 38 39 37 45 42 37 38 39 43 44 39 45 42 40 40 38 45 45 38 39 35 41 41 45 38 43 41 35 39 44 37 45 40 45 38 38 35 45 45 40 38 43 38 41 38 41 40 45 43 39 40 43 43 36 41 37 40 36 36 40 37 43 42 42 40 38 43 39 42 42 40 36 41 38 43 43 40 36 36 40 37 36 
35 37 36 38 45 36 42 35 35 37 40 44 45 41 35 42 45 41 36 42 40 43 36 42 44 42 42 41 37 41 44 38 35 36 43 41 40 39 45 44 37 42 35 42 44 44 43 45 35 40 42 37 44 36 40 38 44 43 35 45 37 45 38 38 35 41 38 39 38 35 35 35 42 45 37 38 40 41 44 42 41 36 35 40 41 45 38 44 35 43 41 44 38 39 43 45 38 41 41 40 
45 45 35 38 42 42 42 45 37 42 41 37 43 39 40 38 35 42 37 36 35 38 38 43 42 43 36 45 36 35 38 43 41 39 39 38 39 37 40 35 40 44 35 44 38 41 43 43 38 38 40 37 37 44 44 36 36 38 40 37 37 43 36 43 36 41 40 39 38 37 44 43 36 41 44 45 41 42 38 40 36 35 38 35 38 39 35 44 42 45 40 42 39 40 43 35 42 39 43 40 
38 42 36 36 43 41 44 36 45 37 35 41 40 38 44 39 41 35 41 40 35 38 35 35 44 45 37 45 43 43 40 36 39 37 40 42 44 41 44 38 42 39 36 38 38 41 37 36 37 40 39 40 41 37 43 38 37 37 43 44 37 35 38 37 40 36 38 42 35 37 44 41 43 36 45 37 35 44 39 45 39 41 37 38 39 39 35 41 36 35 37 42 44 40 38 35 38 39 38 39 
39 39 42 35 37 45 36 42 44 44 41 38 36 44 43 41 42 39 39 36 39 37 39 37 42 37 45 38 44 42 45 42 42 42 38 44 42 42 37 40 38 37 38 43 38 38 38 40 36 44 39 40 42 39 37 41 43 39 43 45 45 37 43 39 38 41 40 37 44 39 38 39 44 39 42 43 43 38 37 38 39 38 37 45 39 45 44 44 42 45 35 42 37 35 43 36 40 41 41 45 
42 44 45 36 45 38 39 39 39 41 40 41 44 39 41 35 39 37 42 38 42 38 43 45 45 43 39 35 41 37 43 36 44 40 40 43 42 40 38 35 41 44 44 39 37 39 37 41 35 40 35 44 40 45 44 43 44 39 38 41 36 39 36 43 39 38 39 40 38 35 41 35 39 42 39 43 40 42 45 37 36 45 35 38 41 37 39 45 38 36 44 42 35 45 40 41 35 43 40 39 
41 39 36 45 37 40 38 41 43 42 42 37 42 44 42 40 42 37 39 39 40 38 38 43 37 38 42 35 43 43 41 41 35 43 38 45 40 35 42 39 38 44 39 38 38 39 35 40 43 45 39 38 39 45 44 41 36 39 43 36 37 40 42 45 41 44 41 40 41 36 42 39 43 37 42 43 44 42 39 44 44 36 42 36 43 38 36 42 41 35 43 35 39 39 42 41 38 44 38 43 
42 43 44 38 36 39 41 40 40 39 42 39 43 41 42 44 40 38 43 42 42 41 40 42 44 38 38 38 40 44 35 43 36 38 45 40 43 41 39 40 36 37 42 35 45 45 39 38 40 42 41 44 42 43 45 45 35 38 40 43 36 41 35 36 36 35 45 38 45 38 41 37 37 42 39 44 45 38 40 45 35 37 37 40 44 44 37 45 40 41 38 41 41 43 42 40 37 38 40 42 
36 41 38 38 40 37 44 43 41 36 35 36 41 37 36 41 42 42 42 40 35 38 43 36 42 44 45 41 38 45 44 43 41 42 42 38 43 37 44 43 40 38 45 43 38 40 36 40 43 42 39 35 40 45 44 37 43 39 43 35 38 44 35 45 37 36 41 45 37 44 44 45 35 44 35 39 40 45 45 44 36 39 42 38 39 44 37 37 43 39 45 40 37 41 39 45 41 41 35 42 
37 45 43 44 41 38 37 36 39 37 39 39 40 45 44 42 38 42 36 41 42 37 36 40 37 40 37 39 44 40 36 39 37 42 38 44 36 43 38 39 38 40 38 40 38 39 41 43 45 41 42 35 35 37 44 41 42 36 41 44 39 39 37 35 35 40 38 41 42 35 37 43 36 40 41 39 35 43 35 40 40 44 45 36 39 41 42 41 45 41 38 35 38 35 41 42 36 45 45 38 
43 41 42 36 43 44 44 41 39 44 40 42 40 42 36 44 43 44 39 42 37 42 44 41 44 45 35 38 45 39 43 45 38 41 35 40 37 39 43 38 44 43 39 37 40 41 44 37 44 43 36 42 39 42 36 37 40 45 36 40 43 37 41 39 40 40 37 40 45 42 36 45 45 41 43 42 43 42 42 41 38 41 36 37 40 35 37 43 44 42 36 36 44 42 43 38 44 38 38 36 
42 35 44 36 39 35 37 36 40 38 38 39 44 35 40 41 41 41 38 45 41 41 36 39 36 39 40 38 38 37 37 41 36 45 35 35 38 44 38 41 36 36 41 45 44 38 42 37 40 35 37 44 42 39 43 44 42 38 41 41 44 39 40 41 44 37 36 37 42 45 37 35 40 41 36 40 35 36 37 42 42 43 43 38 35 38 39 44 40 45 43 42 39 40 37 36 44 38 42 43 
35 35 35 35 42 43 40 38 38 45 35 35 40 39 44 40 44 45 45 39 44 45 41 40 39 42 41 45 35 35 36 39 38 38 41 43 43 40 45 45 37 43 45 37 37 38 36 37 40 43 44 37 42 43 37 39 44 43 37 43 39 40 41 37 43 37 40 36 45 39 41 38 37 39 40 36 43 42 39 36 36 40 41 45 43 36 45 36 39 41 42 42 45 37 39 38 42 40 45 45 
41 35 38 36 38 38 41 40 43 44 40 35 44 42 44 40 36 40 36 38 36 39 38 36 37 39 44 44 39 37 45 45 36 45 42 39 45 36 42 42 42 40 37 44 45 39 36 45 42 44 41 40 39 43 39 37 40 39 44 42 37 37 36 44 37 37 40 39 43 43 40 36 39 40 38 38 36 38 36 39 39 39 44 41 44 37 43 38 37 42 38 41 44 36 39 40 42 40 35 43 
42 42 42 40 39 45 35 45 38 39 41 36 36 41 42 45 40 37 38 36 38 39 42 40 42 44 45 38 39 39 39 42 36 43 44 40 37 39 37 45 36 41 40 42 40 40 38 42 45 37 37 36 44 40 40 36 41 45 35 42 36 38 38 35 37 44 36 44 36 39 37 44 43 44 37 35 44 39 37 37 45 43 35 44 35 37 42 40 38 38 43 40 44 43 35 40 36 42 41 45 
36 36 38 40 37 39 38 37 41 39 35 41 43 39 36 41 41 43 42 45 41 44 36 39 42 44 39 43 43 36 36 36 43 43 36 41 39 36 35 40 38 45 45 37 45 35 36 39 44 38 39 45 38 36 39 45 35 45 36 45 41 45 42 35 36 36 41 42 36 44 36 40 41 37 45 40 36 39 36 41 36 42 38 41 38 39 37 38 45 45 44 37 40 42 36 35 37 36 44 38 
45 39 38 42 43 38 39 39 41 44 41 41 35 41 43 35 40 40 37 39 39 45 40 45 41 40 37 38 40 35 37 42 41 35 36 44 37 35 39 41 42 36 39 37 43 44 43 36 37 36 39 35 45 44 37 37 38 39 37 35 35 45 42 40 38 42 38 43 42 40 36 35 35 45 36 36 38 40 37 43 41 44 41 38 42 43 38 39 41 37 45 40 41 36 45 37 44 45 40 41 
38 42 37 45 45 45 38 40 39 39 40 38 44 45 39 42 36 41 35 42 42 41 36 37 38 35 38 43 35 38 43 37 35 37 40 45 35 44 40 36 39 37 35 42 36 37 45 35 45 45 37 44 35 35 42 35 41 39 44 41 41 35 39 41 42 41 38 44 36 40 40 37 38 38 43 43 40 41 45 37 42 42 35 35 41 36 40 35 38 42 40 42 44 43 40 40 42 43 36 41 
37 44 41 37 44 36 37 45 40 37 42 40 36 41 40 38 35 35 43 35 40 41 41 41 43 43 35 40 42 40 35 45 39 42 35 40 40 40 40 37 37 35 43 43 40 45 44 36 43 40 39 45 41 44 38 45 43 42 36 45 39 38 44 42 40 45 37 40 42 42 43 37 41 42 37 37 41 42 38 42 45 39 41 37 37 38 36 36 42 40 41 41 43 36 40 40 44 45 36 38 
41 38 36 40 38 40 43 45 45 41 44 43 37 35 35 45 36 40 41 43 45 44 43 44 37 40 36 42 38 40 44 42 44 43 41 39 42 44 42 38 44 45 37 41 37 38 37 39 42 44 36 37 35 36 41 44 43 38 43 39 43 37 36 36 37 39 36 40 36 43 45 45 44 39 45 41 45 45 42 43 41 41 42 40 39 42 38 37 42 44 42 38 44 40 42 41 37 44 41 37 
35 41 39 44 41 43 43 44 36 39 45 42 40 42 40 40 44 43 40 36 39 44 36 41 44 41 37 42 41 43 43 43 44 42 44 38 45 44 38 42 42 37 42 45 38 42 36 39 42 38 35 39 36 41 37 42 45 38 44 45 35 39 38 45 36 43 37 35 41 45 45 44 41 45 35 35 38 36 45 39 43 35 39 40 44 41 45 42 45 43 40 43 38 37 37 40 39 38 40 40 
41 35 42 44 36 37 41 44 42 42 35 40 39 35 41 36 44 43 45 45 40 40 37 44 44 38 40 42 37 35 41 39 42 38 40 42 41 45 44 40 40 43 37 40 41 36 42 36 41 40 38 35 37 40 37 36 45 42 40 43 42 39 40 39 35 41 45 45 40 38 42 43 38 42 40 38 44 44 44 37 38 45 38 35 43 36 39 39 38 41 44 42 44 36 36 41 43 39 38 43 
43 39 38 43 44 37 36 40 37 36 40 44 40 42 43 37 43 38 42 36 44 35 36 35 39 35 43 37 41 40 40 36 43 37 35 38 43 45 45 36 37 36 44 42 42 35 42 43 43 35 40 39 36 35 37 43 44 41 45 42 38 37 38 42 35 43 40 42 45 42 37 44 38 38 37 45 35 44 43 45 36 36 38 35 37 41 42 41 44 35 37 45 35 44 40 41 37 45 43 39 
38 45 37 42 41 42 38 43 43 39 42 40 45 37 36 41 41 43 38 43 45 41 36 36 44 41 35 35 37 38 36 35 45 44 40 37 41 39 36 41 41 43 37 37 45 36 39 45 38 36 45 44 35 44 37 43 37 37 42 39 42 41 44 38 38 40 43 36 39 38 39 43 43 43 37 36 35 42 43 40 39 37 35 45 39 42 35 41 36 40 42 44 40 37 36 40 41 42 37 44 
111 9022
135 10324
76 9494
120 8485
65 10503
103 8860
67 10012
64 11652
110 9969
96 9493
140 10660
60 9125
90 8130
85 11127
60 9517
87 11923
116 9092
78 9054
116 9279
131 8683
62 10781
144 9071
91 9559
84 11661
113 9000
104 10409
104 8460
78 11845
85 11823
98 10116
109 8009
102 8762
119 9774
149 10938
129 8010
129 11225
99 11863
133 10212
101 10910
147 11518
102 11230
131 9060
108 11274
104 11615
64 9443
114 10810
134 9131
95 8684
110 9129
119 11205
98 9331
130 10353
125 9990
66 11114
140 8553
71 8837
113 10511
122 11872
97 10877
135 10389
120 8197
68 11419
132 10775
136 11893
136 11817
120 8744
84 10835
84 10376
131 8246
99 8225
70 9703
138 10480
130 8491
82 10318
68 9813
93 9608
85 9346
146 10864
95 11505
69 10801
103 10719
105 9415
121 11689
79 10828
113 10930
136 9892
105 8012
87 10938
74 8587
63 11857
65 10221
66 9142
116 9640
146 11747
123 11538
76 11916
77 9859
137 10270
74 9044
148 10079
59 63 63 59 63 59 65 62 55 65 56 56 61 62 58 55 59 58 57 57 61 56 61 57 62 55 62 61 64 60 57 55 57 60 62 60 56 55 55 56 61 57 60 64 57 55 57 61 58 63 56 64 57 56 64 59 65 60 62 60 65 61 64 65 60 56 58 64 57 59 57 58 57 60 56 63 57 56 64 64 61 61 56 65 65 57 59 58 55 55 55 62 64 56 65 58 63 60 62 62 59 55 55 61 60 60 61 60 65 64 60 59 60 64 58 63 55 62 55 56 64 59 60 62 60 65 57 63 58 64 55 59 55 60 65 56 56 62 63 59 64 63 61 63 57 65 64 61 65 58 55 57 59 57 61 63 61 59 57 57 55 59 65 63 55 65 55 58 61 62 55 64 64 62 63 60 65 58 64 65 57 65 64 60 57 58 64 56 64 55 60 61 59 61 63 63 59 55 63 65 
58 61 55 64 65 61 65 55 60 65 55 65 64 58 59 55 60 63 65 60 65 65 62 63 64 64 63 57 56 57 60 63 56 58 63 56 62 63 62 65 64 62 62 58 59 63 60 61 60 64 55 62 58 58 56 57 60 64 57 55 65 55 59 61 57 59 57 58 60 61 63 62 63 64 55 63 63 64 60 55 57 56 58 64 59 61 58 65 57 62 59 55 64 64 57 58 61 64 60 64 59 61 55 62 59 59 63 61 64 56 55 63 60 65 61 57 60 60 55 60 55 62 58 61 56 61 61 56 63 63 61 60 58 58 60 56 58 62 64 55 62 57 64 62 55 56 56 64 63 56 55 57 62 62 62 62 56 62 62 63 55 64 63 59 58 60 55 61 60 55 59 61 61 61 60 60 56 63 58 58 56 58 59 59 62 60 55 63 55 63 58 61 62 64 57 56 57 59 62 58 
59 64 60 57 64 55 60 55 62 63 59 57 61 64 65 62 57 64 59 56 64 64 65 59 65 59 60 65 55 60 56 64 60 64 56 60 63 56 61 62 58 63 61 59 57 59 56 65 61 55 65 61 55 61 65 57 57 63 59 65 63 59 57 60 56 59 55 63 61 60 63 62 64 60 55 65 64 64 58 58 59 64 63 58 62 56 60 58 62 61 56 56 55 57 62 64 58 63 62 61 64 57 57 62 64 65 64 59 60 58 56 63 62 57 55 62 60 62 63 62 58 56 61 60 64 62 55 55 64 57 58 57 64 58 60 58 61 57 59 55 61 57 55 58 64 61 58 63 64 61 65 64 64 58 57 64 61 58 60 57 63 62 62 58 63 55 56 55 61 56 57 60 59 59 64 57 63 56 61 63 58 55 63 64 56 59 63 63 55 64 58 55 61 58 57 63 58 64 64 55 
65 64 64 64 60 56 62 58 60 59 58 57 57 56 60 64 59 57 65 56 64 60 59 65 65 61 61 64 60 58 58 59 63 56 58 57 58 55 64 57 64 58 59 60 58 61 60 61 59 58 63 55 65 65 62 63 58 59 62 63 62 57 61 55 59 64 57 56 57 57 61 64 62 55 65 64 61 62 64 55 60 63 63 55 59 59 56 65 57 65 63 59 61 57 64 56 60 59 65 62 62 62 61 56 63 58 58 63 64 63 62 57 65 59 65 59 62 64 63 55 56 61 62 65 59 64 56 55 64 62 60 59 58 64 55 55 55 65 56 61 55 64 61 56 59 59 60 56 58 59 61 65 59 61 59 57 59 61 58 55 61 63 55 59 59 60 57 62 57 61 62 65 65 59 61 58 65 58 59 61 64 60 59 65 61 62 64 55 63 59 64 62 65 64 61 64 60 60 65 57 
65 60 56 60 63 59 65 58 57 61 62 58 61 61 65 65 63 63 56 56 61 63 59 60 57 60 65 58 56 59 57 63 65 60 63 60 60 60 65 61 59 55 59 61 65 64 63 57 62 60 62 62 59 64 58 57 60 61 58 61 61 56 65 65 64 57 62 57 64 64 56 61 61 59 58 60 59 58 59 62 65 63 60 58 56 57 55 65 63 64 62 58 61 60 62 63 59 55 58 57 55 56 55 57 61 61 65 58 65 59 56 64 55 63 57 58 61 58 63 64 65 60 56 55 64 61 58 56 61 65 62 56 62 61 61 60 59 61 57 60 59 63 65 57 65 62 60 58 60 58 63 65 65 61 65 61 62 60 56 55 59 57 62 63 64 65 55 55 64 65 62 62 60 58 65 60 61 60 60 57 65 62 62 65 57 61 55 64 59 63 61 65 56 63 61 64 58 65 56 56 
55 56 63 64 60 58 58 60 64 57 62 61 59 63 60 59 59 58 65 65 62 57 55 57 55 62 61 61 61 56 63 61 61 62 63 65 59 60 59 63 61 60 55 58 62 56 61 57 63 64 59 65 57 62 60 59 62 62 63 57 65 61 64 63 56 57 56 55 65 65 60 59 58 61 60 63 61 56 60 59 56 62 56 56 57 57 58 55 55 57 64 58 62 58 63 58 61 61 58 62 61 58 64 63 63 55 65 61 59 58 59 59 62 61 62 62 58 65 61 59 56 55 63 62 62 56 63 64 61 62 57 64 58 59 63 57 56 58 59 65 60 57 56 58 61 59 55 65 57 56 60 58 63 65 61 63 56 64 64 65 58 56 59 62 61 60 64 56 55 61 62 62 62 64 61 61 62 63 60 62 59 60 60 65 63 64 60 61 57 65 62 58 65 57 56 55 56 56 65 56 
64 60 60 57 64 56 62 57 58 55 60 59 63 63 58 58 64 62 65 65 63 62 58 56 63 62 61 61 55 62 60 57 59 64 63 60 59 56 62 58 62 59 56 63 64 56 61 64 59 60 64 61 59 55 55 63 61 63 60 59 55 58 56 65 62 65 59 58 60 63 65 56 61 65 56 55 63 65 58 55 59 56 56 62 56 63 61 65 56 56 60 61 60 64 63 59 60 58 57 59 59 59 65 55 61 56 59 62 58 62 65 63 59 58 63 61 60 63 55 65 60 64 62 63 62 63 56 59 61 55 65 56 59 64 60 58 58 63 60 59 58 59 63 64 64 55 57 60 60 63 61 58 59 62 64 65 57 58 61 65 57 62 64 62 62 65 63 61 61 55 56 65 60 62 59 62 57 61 57 58 62 60 56 60 65 56 58 63 65 55 62 56 56 55 62 58 59 62 55 56 
55 58 63 55 61 59 64 65 65 56 64 58 56 60 57 62 60 63 57 57 61 58 63 62 65 60 62 63 65 64 56 63 59 55 59 61 61 55 57 59 63 65 63 61 58 56 57 63 57 56 57 61 60 61 62 59 56 62 62 59 57 55 57 56 55 60 61 65 65 65 65 58 62 64 55 65 64 58 59 60 65 62 61 58 62 56 63 65 61 63 63 62 58 64 64 64 61 58 55 65 63 62 63 58 62 58 63 63 61 65 56 55 59 59 65 62 57 55 61 62 62 64 63 56 65 60 56 61 65 60 63 55 60 57 58 62 62 63 58 55 58 60 58 61 63 61 62 63 56 57 59 62 61 56 55 60 56 55 65 64 62 64 65 64 58 63 65 59 59 65 58 55 56 61 55 60 59 58 55 55 61 56 64 60 58 64 58 64 64 65 61 56 63 55 56 64 61 57 61 59 
58 63 57 61 57 56 60 59 65 65 55 59 58 61 55 58 59 65 63 58 65 61 57 58 62 62 65 60 65 57 63 61 55 60 63 60 60 58 60 55 64 59 59 55 61 57 56 58 62 61 64 64 61 60 56 61 62 57 63 65 56 61 64 61 59 61 62 57 62 55 60 56 56 62 60 65 60 64 64 61 60 63 61 62 61 57 61 59 57 63 58 56 63 57 59 60 62 63 59 56 57 62 61 56 60 65 58 61 57 64 61 63 63 61 60 58 61 65 64 55 61 58 56 59 62 64 63 65 61 65 62 55 56 56 59 64 62 55 60 58 65 57 64 62 63 56 60 55 63 56 63 55 56 61 59 62 58 55 58 56 56 65 65 62 59 64 63 65 55 60 55 55 65 56 64 64 56 63 62 55 55 65 59 58 60 60 60 59 63 64 59 56 57 59 65 60 57 65 64 55 
58 61 63 57 57 62 60 58 65 58 60 61 59 56 60 63 56 58 63 64 58 58 63 59 56 65 57 64 65 58 58 55 64 60 65 57 64 60 65 64 56 55 61 62 60 55 62 62 55 55 64 56 58 62 62 63 62 57 57 61 58 60 64 61 65 64 57 58 65 59 59 64 60 62 55 58 58 63 62 55 65 60 64 58 55 63 62 64 55 63 57 63 60 55 60 58 65 60 63 58 56 59 65 64 63 63 64 63 58 62 60 60 58 63 65 61 65 62 62 60 65 58 55 61 60 55 55 61 63 59 58 55 65 60 65 63 57 62 62 58 59 58 55 62 59 61 55 55 61 65 60 59 59 65 55 59 55 61 65 60 61 60 57 59 65 65 63 63 63 64 59 65 58 65 60 58 55 56 61 60 65 58 55 56 55 64 61 63 65 56 62 56 65 57 63 59 56 59 63 62 
60 55 60 58 61 62 65 57 56 65 65 62 59 56 55 63 63 65 63 61 63 56 65 65 65 61 56 57 62 57 60 64 65 65 58 57 65 56 59 55 59 60 59 57 60 56 60 57 57 62 65 61 65 60 63 62 63 58 60 55 57 64 58 61 58 60 57 63 62 56 64 61 64 56 56 61 62 57 59 58 59 65 59 63 58 60 56 65 63 63 61 65 58 55 58 62 57 57 60 56 59 59 64 57 63 60 65 61 57 59 63 62 58 63 65 63 64 59 64 59 56 56 57 59 61 57 60 65 58 63 60 57 55 63 60 55 57 55 64 64 60 64 64 55 61 60 63 62 59 56 60 59 65 56 59 60 55 62 59 55 65 62 58 59 57 63 58 57 62 58 59 63 64 58 62 62 60 63 56 63 65 59 60 60 64 64 62 56 57 58 65 61 65 56 59 65 56 59 62 59 
55 63 63 57 57 61 61 62 65 58 57 61 64 59 61 58 57 63 58 62 60 63 60 62 60 61 56 64 56 63 56 55 62 56 62 58 64 56 65 60 65 58 61 62 65 61 55 57 56 64 65 61 64 56 60 60 56 57 63 61 64 56 62 64 61 60 57 61 59 58 64 55 56 55 64 57 64 56 56 60 55 56 62 55 64 55 61 60 65 62 62 65 64 60 55 64 62 55 57 58 55 65 65 60 55 61 64 64 62 65 61 63 65 60 63 64 65 59 59 62 60 59 57 65 61 55 60 55 63 55 58 65 58 65 56 65 62 58 62 64 60 64 60 59 60 65 56 58 57 56 62 57 62 57 64 65 64 60 64 56 58 62 63 64 61 64 55 60 56 60 61 63 60 58 59 63 59 55 58 62 56 55 61 65 55 63 59 62 55 57 61 62 63 62 55 59 62 58 63 62 
64 59 60 55 57 57 62 65 59 61 57 63 61 61 64 61 59 59 60 55 55 57 60 60 58 57 64 64 63 60 58 60 55 65 62 56 65 59 56 61 61 63 55 65 58 64 59 63 56 58 63 59 55 61 58 59 58 64 57 62 57 55 57 65 58 61 65 61 65 55 60 58 64 62 61 56 63 63 63 60 59 56 62 58 56 60 58 60 55 56 62 64 55 65 57 56 55 55 60 58 65 58 65 58 63 56 58 63 59 58 63 61 63 58 63 65 64 56 59 58 55 62 61 59 65 55 65 65 63 56 65 60 62 60 55 63 57 62 61 60 60 65 64 58 63 64 57 63 63 55 59 59 55 55 61 62 55 65 60 65 61 55 56 61 58 63 58 62 61 61 65 65 64 57 56 62 55 56 57 56 65 56 62 65 56 62 60 57 58 58 60 59 63 62 57 61 58 56 64 56 
60 58 61 57 64 65 59 56 60 56 63 61 63 56 63 58 59 65 59 57 57 63 64 63 55 58 57 65 63 64 64 65 55 63 65 65 56 55 61 56 55 59 57 56 61 65 58 58 60 57 58 55 61 58 65 64 55 64 60 61 60 60 55 61 56 63 55 56 61 57 64 65 61 61 64 64 62 60 61 62 55 56 64 63 57 57 58 65 60 58 62 60 61 59 57 65 58 65 59 60 57 62 58 56 64 56 58 61 63 57 62 62 57 56 61 58 64 57 59 56 58 63 57 65 65 64 58 60 62 57 57 57 63 61 55 58 57 61 55 61 56 64 62 56 61 64 60 63 63 55 55 60 62 56 64 56 65 64 56 61 64 59 56 58 63 61 58 55 56 64 65 63 57 65 64 60 55 60 61 61 56 55 59 59 63 57 56 65 60 60 57 55 61 63 55 56 60 58 60 62 
64 59 56 57 63 55 63 56 62 64 65 62 65 65 62 62 59 57 55 62 64 55 65 64 58 57 63 58 60 58 58 60 55 60 57 65 55 60 62 57 62 59 62 65 57 55 55 60 60 63 63 59 58 57 57 60 62 57 64 63 61 64 65 63 55 63 55 56 64 61 57 65 55 65 55 65 62 61 56 58 55 55 55 63 60 61 64 62 59 57 62 61 64 64 59 58 60 65 57 56 64 59 55 63 56 59 58 65 64 59 64 61 62 63 64 64 63 56 56 63 55 58 61 56 62 56 63 57 58 63 56 61 56 56 57 63 58 60 55 55 57 61 64 56 62 64 56 62 60 58 65 60 59 61 62 57 57 56 55 62 57 57 56 64 58 62 63 58 58 65 63 61 56 55 61 65 56 55 56 64 62 62 59 60 58 61 57 57 55 59 55 56 60 55 57 63 60 64 57 64 
62 65 59 61 62 56 63 60 55 62 64 59 55 55 62 63 61 63 65 57 56 56 60 60 59 62 62 65 64 62 59 63 61 59 63 56 63 57 58 55 59 65 55 64 59 61 58 60 57 65 55 64 64 65 63 59 56 64 63 60 62 62 56 59 64 57 56 64 60 57 60 59 64 56 63 60 64 60 60 63 60 59 58 55 60 55 65 64 56 60 57 62 64 60 56 58 60 62 55 60 59 65 59 65 65 62 63 61 56 61 60 64 65 55 59 59 64 58 57 60 61 55 62 62 56 58 64 64 64 58 63 64 58 57 62 61 61 57 64 65 55 61 61 65 62 59 56 62 65 65 59 63 57 58 65 62 56 65 57 62 60 59 57 60 56 55 61 65 65 63 65 59 65 65 56 56 57 57 62 55 58 60 56 61 60 64 59 63 63 62 55 60 61 62 57 62 61 63 64 63 
61 59 57 56 60 61 61 59 56 58 65 64 55 57 55 61 65 64 65 62 65 59 56 60 64 57 55 60 61 64 62 62 64 64 60 57 64 65 62 62 58 65 60 60 62 63 65 55 59 62 65 61 65 64 62 56 55 60 59 55 65 55 58 65 64 62 65 65 63 59 59 64 56 61 63 60 61 59 58 55 59 55 59 62 56 57 61 56 56 63 64 56 55 57 60 58 58 56 58 60 60 61 65 60 62 55 62 58 62 60 64 60 56 60 60 57 63 56 63 56 62 56 59 65 57 57 63 61 60 56 61 60 63 59 58 56 56 61 63 56 55 57 56 58 57 59 63 61 63 63 62 62 59 63 63 55 55 61 60 58 64 57 59 64 65 61 63 57 60 65 57 58 62 63 60 65 55 60 57 63 57 65 61 60 58 63 56 63 64 59 60 59 63 63 61 56 61 56 57 60 
56 60 55 62 55 62 58 63 56 65 65 58 63 62 61 59 57 60 65 64 63 60 65 58 58 60 55 65 58 61 62 62 60 55 65 57 56 58 60 62 60 58 59 59 58 58 56 64 55 64 57 58 56 63 65 64 65 65 64 57 57 56 61 58 56 56 56 65 59 60 60 55 55 58 63 65 55 62 60 58 63 59 55 64 55 61 62 64 55 62 61 61 64 63 64 62 65 64 60 62 62 64 61 55 59 59 63 56 65 62 65 60 63 58 60 58 57 63 58 64 58 58 65 63 55 56 61 61 60 61 65 65 57 60 62 63 65 59 63 62 64 62 59 55 65 58 57 65 57 58 65 62 55 57 65 61 58 59 65 56 64 63 59 61 59 57 60 64 61 65 55 63 59 58 64 63 55 64 65 60 62 63 63 63 55 57 56 56 61 58 61 61 56 64 55 59 65 60 56 60 
60 63 65 57 63 64 58 64 57 60 64 63 58 55 57 55 63 64 60 55 59 60 55 59 61 59 56 63 59 58 61 57 64 57 59 55 56 65 62 65 56 59 58 58 56 60 64 63 57 56 57 62 60 56 56 55 58 59 56 61 57 63 58 64 62 63 57 64 64 57 60 62 63 55 64 62 65 61 56 65 65 56 56 65 59 57 61 60 56 63 56 59 58 55 58 59 57 65 64 57 64 63 59 62 64 55 65 55 61 62 59 55 57 65 62 59 55 56 58 56 59 61 62 57 60 56 65 61 62 65 55 60 62 61 57 63 56 58 60 63 60 55 64 59 61 63 64 60 62 57 57 56 64 61 63 60 61 56 60 59 65 60 60 61 57 63 63 63 61 62 61 55 60 64 55 58 56 59 58 57 65 56 62 58 62 56 59 64 56 58 55 63 59 60 62 55 58 64 64 55 
62 55 65 62 57 58 62 63 56 62 65 56 59 63 64 62 59 55 64 63 61 65 57 57 65 61 59 62 57 63 59 56 62 62 61 64 61 59 64 56 58 63 58 60 55 58 62 61 62 59 60 64 59 61 62 57 55 64 64 60 57 59 61 64 64 61 60 65 65 60 60 62 56 55 56 56 59 58 64 65 58 58 63 59 65 65 59 58 55 65 65 58 58 61 65 58 65 62 61 64 62 60 55 55 61 62 55 60 57 62 65 56 63 61 55 57 61 64 62 62 63 64 65 65 61 63 56 65 56 62 63 62 59 64 57 62 55 58 61 64 57 56 61 65 65 63 58 58 55 58 58 58 63 61 60 59 65 65 58 62 61 57 56 64 58 55 63 55 61 64 55 60 61 57 65 64 56 57 57 65 64 59 61 59 59 57 60 57 60 63 57 65 55 58 60 58 64 64 55 57 
62 62 62 58 65 57 59 57 64 63 65 65 62 57 59 63 64 59 58 58 61 62 55 59 65 59 61 62 60 63 62 64 64 60 59 61 65 61 58 64 61 59 61 58 65 59 65 58 65 59 58 64 62 56 57 61 57 65 57 55 55 60 62 63 60 56 57 64 61 56 55 56 56 58 61 64 57 65 61 57 63 59 60 61 56 62 63 62 65 58 59 60 60 63 56 61 55 58 61 56 58 57 57 62 65 60 57 59 62 64 56 56 60 56 59 60 65 65 55 59 57 65 60 59 63 62 58 58 56 56 57 64 64 56 59 64 55 55 57 59 55 63 56 61 58 59 56 65 59 57 62 61 55 62 56 59 59 61 55 58 57 56 60 58 59 61 64 59 56 65 58 56 57 62 62 56 65 65 59 57 56 58 58 59 60 61 58 64 59 63 55 60 62 64 56 55 64 60 64 60 
57 58 58 56 65 55 61 60 57 65 64 56 59 60 60 56 64 57 59 57 57 62 65 56 59 63 63 60 56 55 57 59 55 55 55 60 60 63 55 57 63 62 64 59 57 61 58 59 65 57 62 61 61 59 57 56 64 64 56 59 56 63 56 60 61 55 60 65 56 59 61 56 65 62 57 59 64 57 55 59 64 59 57 56 65 59 65 58 56 59 58 63 55 61 61 56 57 58 59 61 57 60 64 62 61 59 57 55 60 59 58 60 65 65 62 62 63 61 57 65 59 61 56 59 59 56 60 58 60 65 65 56 58 63 63 59 57 58 64 55 57 56 65 65 62 65 64 64 58 62 55 58 59 57 62 57 58 55 62 57 57 64 56 59 57 64 58 57 56 64 56 56 60 58 61 65 62 56 62 57 57 64 64 63 57 60 64 63 65 58 63 65 59 58 57 63 61 61 58 57 
56 63 63 65 56 65 64 58 58 61 63 56 62 59 57 61 65 58 63 60 61 65 62 65 60 56 63 57 55 62 61 57 62 59 58 58 62 64 59 56 56 55 63 65 56 65 59 55 57 61 65 59 65 56 55 65 55 57 58 64 60 57 60 62 61 62 65 58 64 65 65 56 63 62 59 59 62 55 64 61 58 57 63 60 57 62 55 65 59 60 63 56 62 57 55 57 58 55 60 57 63 63 61 57 55 55 62 64 58 56 59 63 58 58 59 61 61 61 63 60 60 55 62 64 63 55 58 60 56 65 65 57 64 57 64 57 55 64 64 58 59 58 58 64 61 64 64 60 56 63 61 56 57 61 65 60 59 56 65 56 60 57 56 59 59 65 61 64 60 57 61 63 62 64 59 64 60 58 57 57 56 56 63 63 64 55 59 56 62 59 65 63 64 61 58 56 62 61 63 64 
55 56 65 56 61 60 61 56 64 55 57 63 56 55 57 57 63 61 65 57 58 57 59 64 55 57 61 65 55 60 58 65 61 61 57 65 58 59 61 57 57 55 64 56 60 58 57 61 55 57 57 63 61 63 57 55 62 62 55 62 57 59 55 62 63 63 56 56 61 55 55 65 65 65 65 58 61 63 60 62 58 64 61 58 60 65 59 60 61 58 57 61 60 59 61 55 56 55 57 55 65 55 64 58 57 63 61 60 59 56 59 61 58 57 64 63 60 63 61 58 61 55 61 59 60 57 61 65 57 63 62 62 59 57 60 59 60 62 64 59 60 55 56 64 55 61 57 59 63 57 62 64 63 63 60 57 65 61 61 62 64 61 65 59 62 65 58 64 60 63 62 57 59 60 65 63 64 59 63 55 56 56 58 59 64 57 58 65 65 56 61 62 55 60 55 61 59 61 58 60 
60 61 59 58 60 62 64 65 59 62 65 62 65 65 57 64 55 64 62 62 61 58 58 55 64 64 58 65 60 58 63 58 63 57 55 65 55 62 55 58 64 55 64 57 58 65 62 55 55 60 57 58 60 58 59 58 56 61 61 64 55 57 60 58 59 61 59 59 65 61 58 59 58 64 62 58 59 63 55 62 56 63 55 64 55 57 62 65 64 55 55 60 59 63 61 58 55 58 64 63 59 59 57 57 55 65 57 56 65 60 60 61 55 62 62 61 65 60 55 65 59 58 63 60 55 64 61 64 63 65 59 65 60 58 57 59 58 58 61 61 63 62 61 65 63 56 61 60 65 62 62 55 60 65 58 62 55 62 63 63 61 57 65 60 60 60 59 65 61 57 64 61 64 57 61 57 59 55 56 58 56 58 55 57 56 64 65 58 62 55 64 56 65 64 59 62 58 58 56 61 
62 63 62 65 59 58 60 62 55 64 59 60 61 62 58 64 55 62 64 63 63 59 63 60 63 61 62 62 57 60 62 60 62 59 55 60 58 60 65 55 55 55 63 60 63 61 64 61 65 57 65 55 60 65 64 64 60 60 65 56 61 57 55 62 62 62 55 58 58 55 58 59 60 64 61 64 60 62 65 57 60 59 55 56 58 61 56 58 63 62 57 59 64 56 60 56 62 57 62 56 61 59 61 65 55 64 60 60 55 64 55 58 64 61 64 65 61 55 57 65 62 56 59 57 55 55 57 58 61 61 65 62 59 64 64 64 58 57 60 59 58 60 57 64 59 57 60 61 62 64 65 59 59 64 60 56 55 55 58 62 61 60 59 64 61 57 65 60 60 55 55 61 60 57 64 62 56 62 63 60 63 55 62 64 59 65 65 61 65 56 55 60 63 55 65 63 63 59 55 55 
58 60 57 55 63 57 56 61 63 60 64 63 55 63 64 58 59 63 58 56 56 59 60 55 63 64 59 59 57 60 59 63 57 64 56 65 61 63 65 62 55 62 61 61 55 55 57 61 64 63 63 64 64 56 55 64 61 56 58 63 58 55 56 61 61 59 56 62 65 60 57 60 55 57 59 58 61 61 59 55 63 59 61 59 65 62 58 59 64 64 57 55 56 61 55 55 57 63 62 57 60 61 61 62 60 57 64 61 62 57 62 56 60 60 58 63 60 56 55 59 60 63 64 55 58 56 62 62 63 61 59 57 61 57 63 62 59 59 63 65 56 60 60 63 55 59 60 63 56 57 63 63 65 61 62 55 63 64 57 55 62 59 61 56 61 63 56 59 57 55 55 63 59 62 62 57 55 64 64 56 58 63 59 63 56 60 57 64 55 57 56 59 58 65 58 55 63 60 56 57 
59 61 62 62 57 62 65 59 65 60 56 56 55 62 62 58 57 56 65 58 56 56 61 60 57 60 59 59 60 64 58 58 55 59 57 65 58 61 63 63 63 61 64 62 55 60 57 61 62 56 63 57 61 57 62 65 55 55 65 64 64 56 55 60 55 65 61 55 59 61 58 60 58 60 63 64 63 58 61 57 58 56 55 62 65 64 58 59 58 56 65 62 55 65 65 56 57 60 55 61 55 59 55 63 56 64 58 64 62 65 61 58 59 55 61 58 55 59 56 55 59 59 58 65 59 61 63 60 58 57 59 56 55 60 64 62 55 64 65 65 61 60 64 65 64 58 64 62 63 57 65 62 59 59 65 65 58 65 65 61 63 65 65 58 58 62 59 58 60 55 64 59 55 59 59 62 59 57 57 55 59 57 56 64 62 58 60 56 62 60 55 65 61 60 59 57 60 61 55 61 
62 60 61 65 60 60 56 59 59 60 57 65 59 60 58 58 64 63 63 61 64 64 64 55 60 62 57 64 61 60 65 57 62 59 56 59 60 64 56 64 57 56 57 63 58 63 56 57 60 56 63 61 62 65 61 63 65 65 65 59 63 58 57 60 62 57 59 61 56 60 57 65 64 57 65 62 65 57 62 56 61 58 64 55 56 64 64 65 64 62 63 58 65 57 65 55 58 58 64 56 65 61 61 61 61 62 64 63 60 62 58 58 59 65 61 56 58 60 64 62 62 61 64 63 62 56 58 56 65 59 56 61 58 63 57 63 57 59 61 57 63 63 63 56 56 55 59 56 59 58 57 65 65 61 65 60 61 62 63 61 55 64 58 62 63 57 63 58 55 55 60 64 58 64 63 63 55 61 59 65 61 60 65 58 55 61 57 61 63 56 58 59 58 58 62 62 63 58 58 56 
63 60 55 63 63 55 58 55 59 64 58 56 65 64 61 58 64 57 55 55 58 64 55 56 58 56 57 57 55 59 63 59 63 64 55 60 61 63 58 55 61 60 58 63 63 62 55 59 60 64 55 60 64 62 55 60 60 63 59 55 65 57 65 55 65 59 64 64 60 60 59 65 55 55 60 58 64 55 60 58 63 57 58 60 62 63 56 64 60 57 59 65 63 59 60 58 64 57 61 58 55 59 59 62 60 64 64 63 57 60 65 62 63 56 57 60 55 59 64 62 55 65 61 64 62 58 59 57 63 63 62 61 62 62 65 65 56 58 60 65 59 61 65 63 57 56 65 63 63 63 61 58 61 56 56 57 64 55 62 55 60 62 61 55 55 63 58 59 58 55 56 65 56 55 63 63 64 56 55 63 62 60 62 59 60 64 60 63 61 56 65 62 57 57 59 64 55 62 64 58 
57 55 58 58 57 60 60 59 58 57 64 59 62 56 55 61 64 56 63 61 64 61 56 58 60 65 55 59 65 63 64 55 57 58 56 65 63 60 63 63 58 58 59 60 64 56 62 64 59 59 57 58 64 56 57 61 58 55 65 63 63 56 60 63 55 56 65 64 65 64 57 64 62 58 64 55 59 59 62 63 61 55 60 63 59 62 55 61 58 59 61 61 63 60 62 55 62 65 61 57 57 63 57 56 60 63 61 59 57 65 65 59 57 63 64 64 56 64 58 65 62 64 63 55 63 58 59 59 56 55 62 60 63 55 60 62 59 59 56 62 65 57 61 63 62 55 63 58 65 59 65 63 58 64 58 63 59 65 55 61 56 57 57 61 58 61 57 62 60 58 56 62 60 57 58 59 65 62 56 56 58 64 65 63 65 56 58 59 61 61 60 65 63 61 55 59 60 57 58 63 
64 56 58 58 61 61 59 58 62 61 64 63 65 60 64 63 61 57 57 61 57 65 56 60 60 58 55 57 61 55 56 60 55 60 61 64 64 56 62 59 60 58 64 59 58 63 55 61 65 62 62 65 55 63 56 63 64 64 57 65 65 55 65 64 55 64 59 60 64 62 58 55 65 62 56 60 65 64 58 59 55 63 60 62 62 62 63 59 64 55 62 61 57 59 58 60 60 57 64 61 55 55 61 65 63 55 57 59 57 64 63 60 62 62 56 56 60 56 57 55 62 61 55 56 61 59 60 60 59 63 64 60 57 57 58 61 57 65 63 65 57 56 55 59 58 63 57 56 60 58 56 57 57 61 55 58 62 56 62 57 57 57 59 60 57 59 60 55 57 57 64 59 62 60 59 64 59 64 59 60 61 63 59 61 63 57 64 65 57 62 59 61 64 61 64 56 65 61 55 56 
63 65 60 61 57 59 60 60 65 58 57 65 56 61 59 57 61 56 62 60 65 58 64 56 64 59 58 55 62 55 55 60 61 56 63 60 59 57 55 65 60 56 62 63 64 55 60 57 57 59 65 65 64 62 55 65 61 59 65 58 56 62 61 60 64 57 57 57 59 56 57 60 57 55 65 59 57 63 58 57 57 56 57 60 58 57 60 59 59 58 56 64 58 65 57 60 62 58 61 56 61 65 63 58 56 56 62 55 65 65 58 62 62 59 60 58 55 62 63 55 57 58 58 61 64 60 56 61 61 63 64 65 58 55 57 59 56 57 64 64 58 64 60 65 59 56 63 58 63 58 55 56 55 57 62 59 60 61 65 56 61 57 61 62 62 59 61 61 57 63 57 64 58 55 62 59 58 55 63 63 65 58 57 63 61 55 61 59 56 62 63 58 57 63 60 59 57 55 63 58 
57 57 61 57 61 59 60 60 57 63 55 56 60 65 55 63 64 65 61 61 57 64 56 60 65 55 60 57 56 56 59 59 64 60 55 58 63 60 59 63 63 59 56 56 60 60 65 58 58 55 61 58 61 58 59 56 59 63 62 61 65 56 60 65 65 55 56 59 62 60 62 57 61 55 57 61 63 59 57 59 62 59 60 61 59 62 55 56 61 57 62 64 64 55 64 64 59 57 56 63 60 58 65 57 60 62 55 56 55 58 65 64 64 57 65 58 56 62 60 60 60 58 59 65 65 57 56 56 56 56 55 65 58 58 55 63 59 63 65 59 55 64 64 61 63 61 65 57 62 64 59 58 56 59 57 58 59 56 62 65 55 60 57 62 56 65 58 62 63 56 57 63 58 62 55 60 59 57 65 56 59 60 59 60 63 65 55 64 55 55 58 61 65 63 62 61 55 59 62 60 
60 58 59 65 65 65 55 63 55 57 58 62 55 63 64 63 55 65 65 60 59 59 59 57 55 61 62 65 63 60 57 59 55 60 58 58 60 61 65 65 64 56 65 62 65 55 64 55 59 58 63 65 64 60 65 60 65 60 56 55 61 57 62 61 56 64 58 59 61 58 62 60 62 55 60 64 56 60 62 59 55 58 57 61 55 63 65 57 59 60 56 59 64 57 63 62 60 59 55 63 63 64 61 59 62 58 60 57 61 57 56 65 58 65 62 61 55 57 57 57 60 63 55 63 57 61 61 57 61 62 59 64 60 64 61 63 61 58 56 58 56 59 62 64 63 55 64 60 60 59 57 62 62 56 62 64 65 56 61 64 62 62 55 64 65 56 65 64 59 63 62 60 57 60 64 57 55 62 63 64 61 58 61 65 63 63 56 58 64 65 59 60 58 57 55 61 61 64 57 64 
58 63 65 55 65 57 65 57 58 59 56 63 55 55 63 56 57 65 55 56 62 57 63 64 57 65 59 57 58 55 64 64 61 55 58 59 63 56 58 62 55 55 63 61 55 62 58 60 55 59 55 64 61 58 56 59 60 65 57 56 58 56 59 55 58 57 64 55 65 63 64 57 60 58 55 65 59 61 60 56 57 58 56 55 61 57 58 60 58 65 62 63 63 65 59 58 59 58 57 59 58 62 65 64 59 63 58 63 63 63 62 57 65 62 64 63 55 62 56 63 63 56 61 58 62 64 60 57 61 63 56 57 57 60 56 56 61 63 57 56 64 62 60 64 56 63 59 64 63 55 60 62 62 55 57 62 56 55 63 57 58 65 65 57 62 57 61 59 56 56 65 58 57 55 62 58 61 61 63 59 61 60 61 65 65 55 57 61 62 65 57 62 63 65 60 64 59 58 56 55 
59 60 56 64 65 56 55 57 58 55 61 57 60 65 62 63 60 63 57 59 56 57 63 62 59 56 57 64 60 65 60 65 57 64 64 55 63 60 65 58 61 61 63 63 59 58 61 55 60 65 55 56 65 57 61 57 55 63 65 60 57 65 55 57 55 65 57 60 62 59 55 55 55 62 64 60 61 59 62 59 61 62 60 56 63 59 62 56 61 61 65 64 61 65 58 65 63 56 60 56 64 65 65 64 55 61 58 56 59 58 55 59 60 57 55 62 63 56 56 56 59 58 65 65 59 57 62 59 61 62 56 63 61 65 55 60 57 55 57 62 59 61 61 57 55 60 64 60 61 58 57 62 62 60 63 62 55 55 63 60 56 61 61 56 63 58 59 60 63 62 56 60 65 57 64 61 59 63 58 64 63 59 63 64 56 65 63 65 55 65 56 55 63 57 61 58 60 65 58 59 
58 55 64 62 57 58 58 61 62 63 58 59 59 60 58 64 58 62 55 64 62 55 63 62 59 64 63 61 60 57 57 64 64 62 61 58 64 61 58 59 63 55 64 56 55 55 64 59 62 65 59 63 60 61 64 59 62 64 61 65 65 63 56 59 62 58 58 63 61 60 64 56 59 65 63 58 58 61 64 64 65 57 59 63 59 55 59 62 57 64 58 57 61 61 64 60 62 55 64 56 64 55 64 60 64 63 64 65 55 62 57 61 60 59 60 61 56 62 55 65 61 55 57 60 65 65 61 65 61 59 65 57 61 59 65 58 61 58 64 57 58 56 64 60 63 56 56 65 60 55 56 63 56 58 61 65 62 62 55 63 65 58 55 62 65 64 58 55 58 57 64 57 65 58 56 58 64 63 61 60 63 61 60 64 65 56 59 61 59 63 55 62 60 56 65 58 59 59 61 56 
56 55 56 58 56 63 64 56 61 60 56 63 63 59 65 63 65 56 65 55 61 55 62 64 56 64 65 65 58 58 60 60 62 58 63 64 64 62 57 56 59 60 56 65 59 62 57 58 62 57 63 63 56 63 65 56 55 64 65 59 59 64 62 64 61 56 63 64 55 55 62 65 59 55 61 57 60 63 56 62 64 65 59 65 63 65 60 56 59 63 64 62 63 65 58 59 55 57 58 56 57 62 63 62 59 60 55 60 59 61 56 56 56 57 61 59 64 63 60 60 59 63 64 61 60 56 59 62 57 63 57 61 63 64 59 55 62 63 58 63 64 60 60 56 55 65 56 57 61 65 59 61 61 60 60 59 62 60 64 63 64 60 60 64 56 56 57 61 65 56 59 56 59 65 58 59 63 64 63 58 63 56 65 55 63 58 65 59 60 61 57 59 64 59 56 57 63 58 58 57 
62 57 62 63 57 59 63 59 63 57 58 59 65 63 63 65 58 62 61 60 63 57 62 55 65 65 58 60 65 61 62 64 64 55 56 57 62 59 63 59 65 65 59 61 55 61 57 57 55 62 55 55 57 56 57 65 58 65 65 62 55 63 64 60 59 58 62 56 58 61 57 56 59 60 57 64 63 64 56 61 59 58 64 58 64 63 55 65 55 56 60 57 60 60 61 65 65 56 60 58 60 57 59 55 55 65 59 63 62 55 63 58 55 62 65 57 62 64 58 65 60 57 64 60 63 61 55 60 57 59 56 65 59 62 62 59 57 61 60 55 65 65 62 61 64 56 58 63 61 59 64 63 62 61 62 65 55 60 62 60 59 59 60 63 60 57 57 63 59 57 60 59 63 63 57 63 58 65 65 59 58 61 57 56 62 63 59 65 57 55 57 55 60 56 57 58 63 62 63 59 
60 59 56 63 59 56 64 57 58 64 58 59 65 63 55 65 61 65 61 60 64 56 62 58 57 61 61 55 56 63 60 57 61 65 64 55 60 57 63 63 56 60 58 60 58 64 59 57 59 58 55 64 55 61 63 65 59 63 55 59 55 65 62 60 56 56 65 62 59 60 56 60 60 55 65 56 64 64 64 58 58 61 60 62 56 56 58 64 59 56 58 55 58 60 61 57 58 63 58 59 56 64 62 63 60 62 56 65 62 61 60 61 56 60 60 60 61 65 62 62 57 55 65 55 58 60 62 57 63 55 59 63 55 61 62 58 56 58 63 55 59 56 62 65 60 64 63 57 59 56 59 61 65 60 60 62 57 55 65 55 55 60 56 63 58 64 65 62 65 57 60 60 63 63 60 56 64 62 63 55 55 57 59 62 59 65 60 57 62 58 58 64 64 61 61 65 64 65 56 60 
60 59 61 58 58 58 55 55 58 60 64 57 58 57 58 56 62 59 57 55 58 58 55 57 60 65 56 64 57 58 65 57 56 60 59 63 59 58 62 55 60 61 63 55 59 63 57 63 59 63 65 65 65 63 55 56 59 65 63 63 65 60 63 64 65 60 60 63 59 63 64 55 58 60 61 64 61 56 57 63 58 64 58 60 61 62 63 64 56 61 63 59 56 55 58 56 58 57 59 61 57 65 59 62 62 65 59 63 55 59 60 61 65 65 56 60 63 60 62 62 60 61 56 64 56 58 59 63 63 59 65 62 64 58 64 59 57 61 56 55 56 62 65 63 59 59 64 57 58 56 62 59 63 64 57 63 63 60 64 58 61 59 58 61 64 59 58 60 63 57 62 62 63 63 56 57 64 56 58 64 56 64 62 61 59 62 65 61 62 55 63 63 57 61 57 63 57 60 56 60 
63 63 61 57 65 55 61 55 57 57 56 65 60 56 56 62 59 60 62 62 61 65 62 64 60 62 64 62 58 58 58 57 55 65 64 59 65 57 64 55 58 56 57 59 62 63 65 55 56 63 63 62 65 64 61 62 64 59 55 55 63 57 60 59 61 64 59 60 62 55 55 65 55 55 59 57 64 61 56 62 61 59 55 64 62 57 58 63 60 65 61 64 55 64 65 60 63 57 62 63 61 64 63 55 57 59 55 60 55 57 62 64 62 56 58 65 61 58 64 56 63 63 60 63 55 64 58 60 65 64 64 63 65 63 56 60 61 55 57 59 58 60 55 60 60 60 65 61 55 59 63 65 57 60 64 58 59 61 58 64 63 60 60 59 63 62 63 61 65 62 65 58 60 64 57 60 58 57 62 55 56 59 61 65 61 65 60 55 64 57 57 63 59 55 57 58 60 60 61 58 
60 63 64 62 64 59 58 60 61 55 60 60 60 64 63 64 63 60 61 64 65 64 64 60 55 57 65 64 61 56 59 62 62 64 60 60 63 57 62 60 65 65 58 57 59 58 61 55 60 55 65 61 63 64 64 64 64 58 60 63 55 56 63 56 55 59 62 65 64 65 56 64 58 58 61 55 57 57 55 60 58 60 55 62 64 64 61 61 61 62 64 57 63 60 63 59 63 56 60 57 63 58 62 55 58 61 56 58 56 62 63 55 65 62 64 59 58 60 59 55 55 62 55 55 55 56 64 56 63 63 60 56 62 65 57 64 60 60 62 58 59 63 57 58 56 55 63 63 62 59 62 57 62 65 65 62 65 55 62 65 57 64 62 58 62 63 57 61 64 63 55 60 63 57 61 59 60 59 62 62 65 57 57 55 65 56 58 61 58 59 62 62 57 60 60 57 55 59 56 64 
64 58 59 60 56 62 64 64 63 57 55 55 65 61 56 61 56 62 62 61 62 55 58 56 57 59 55 65 61 62 55 58 57 64 57 60 59 59 56 63 57 58 56 60 65 57 65 65 65 61 63 63 65 56 61 56 65 61 60 61 62 60 58 59 63 64 62 62 57 55 63 57 64 57 65 61 56 56 56 58 55 56 63 59 58 55 59 64 65 55 61 56 63 56 60 60 61 57 65 64 64 61 65 55 56 63 62 63 64 60 56 57 56 60 55 60 59 61 61 60 65 56 59 56 65 60 64 55 59 61 62 63 60 63 61 55 59 62 56 65 58 63 61 58 60 60 55 65 62 64 58 62 63 58 58 63 64 57 55 65 64 55 58 62 64 59 58 57 59 58 65 63 64 60 55 56 58 62 61 62 61 64 62 56 56 62 62 64 65 61 56 64 58 62 63 56 62 63 64 65 
62 61 59 62 58 59 65 65 59 59 62 64 64 61 62 65 59 62 64 65 60 57 62 57 63 60 62 63 57 55 64 56 60 64 64 55 65 64 60 59 56 60 56 62 56 59 57 63 61 61 65 55 55 55 56 58 62 61 57 62 62 60 61 61 55 58 61 61 55 62 55 62 60 58 65 55 59 55 61 64 60 61 56 59 58 57 62 63 58 64 55 64 59 60 61 55 65 65 65 62 63 60 63 58 56 55 65 63 65 57 61 56 64 64 60 59 59 59 57 58 56 63 58 55 56 64 56 55 59 56 59 59 55 62 55 58 60 58 64 65 60 60 64 58 65 64 64 60 65 64 60 60 63 64 59 62 58 63 63 65 61 59 62 58 55 56 63 61 60 60 56 55 65 58 58 56 63 65 60 65 61 58 62 55 65 64 65 56 55 59 64 60 56 60 59 64 59 58 56 59 
60 65 62 61 60 65 61 62 57 63 65 61 61 65 63 63 55 59 56 63 56 61 64 56 63 60 61 62 59 65 65 61 63 58 64 60 56 62 65 60 59 62 63 57 61 57 65 63 61 58 59 58 61 62 61 64 55 62 55 59 64 60 65 55 64 65 61 59 56 65 55 59 62 61 58 65 58 64 59 62 57 59 62 63 63 64 62 61 58 64 62 61 65 56 65 62 59 55 55 57 58 64 62 58 57 56 65 63 65 64 61 61 55 65 59 59 58 58 61 59 63 63 64 64 64 60 65 60 64 61 56 61 61 60 55 59 63 62 62 60 56 61 56 62 56 59 60 64 63 57 58 55 55 65 65 62 58 61 55 62 64 60 55 56 61 56 63 57 58 62 55 55 65 57 58 59 55 63 57 61 57 62 63 61 65 56 63 59 62 55 56 55 56 57 59 60 62 60 55 63 
60 60 62 57 64 58 55 57 60 64 59 61 61 61 61 63 63 58 59 56 65 61 60 64 63 64 55 64 61 60 55 59 64 56 57 55 59 60 63 58 55 57 61 60 62 56 62 55 60 60 60 65 64 58 58 58 61 59 57 59 65 57 64 64 65 64 58 57 56 55 58 56 62 57 64 56 62 65 64 55 56 64 56 61 59 64 62 55 59 57 61 65 62 61 57 63 60 61 64 63 62 58 61 62 63 59 55 64 61 58 62 55 61 61 65 59 62 59 62 55 57 57 64 62 57 65 65 60 61 56 60 57 63 55 58 57 60 63 63 65 57 64 62 63 61 65 58 55 56 60 63 62 57 64 57 59 58 64 62 61 64 60 55 58 61 61 61 56 62 57 63 56 65 57 63 61 57 64 58 58 65 62 62 60 57 62 55 62 65 63 65 58 57 60 61 65 65 63 55 56 
58 63 62 60 65 62 63 64 63 64 61 55 55 63 65 65 56 57 59 62 58 65 62 55 62 58 63 59 61 56 65 60 57 64 58 63 63 57 61 63 57 63 65 61 63 55 60 60 57 58 65 61 58 57 62 61 57 59 55 59 58 60 65 65 56 56 63 62 57 61 64 59 62 55 58 63 58 61 65 56 64 63 55 55 65 56 61 59 59 65 60 58 59 65 59 63 61 61 60 63 58 64 56 62 60 62 59 63 58 61 63 59 61 59 60 56 60 55 55 63 60 57 60 58 60 58 64 60 63 55 62 63 59 61 62 65 60 62 58 58 55 64 57 61 56 65 55 55 58 65 55 61 62 57 56 61 59 57 58 56 55 64 58 65 57 56 61 61 62 59 57 57 59 63 61 62 59 59 55 63 65 59 59 60 61 60 55 64 55 55 64 62 60 64 58 64 61 61 57 63 
61 63 58 64 65 61 55 62 63 64 56 57 59 65 57 62 58 56 60 59 59 61 63 64 60 59 55 55 63 60 61 62 58 61 65 60 55 58 59 64 56 63 64 59 65 63 56 58 56 58 59 59 64 60 59 58 56 63 64 62 62 62 59 59 60 58 58 58 57 55 64 56 56 58 60 60 60 59 57 56 63 63 61 61 63 63 56 58 57 65 55 64 60 58 55 61 60 55 64 55 61 61 55 61 60 64 63 57 56 64 65 59 64 59 59 60 62 63 58 55 65 61 62 55 62 65 60 59 61 63 56 59 55 65 57 61 58 61 65 59 65 56 56 64 58 61 63 62 61 62 57 58 58 65 62 56 60 63 63 62 62 60 56 61 63 63 65 58 64 57 64 58 56 59 56 64 57 58 56 64 58 59 62 58 57 63 60 61 59 61 64 64 60 56 65 64 65 56 58 63 
65 61 61 65 63 62 63 58 55 55 61 55 58 59 56 64 63 65 59 56 64 57 58 62 60 59 60 64 57 63 58 59 59 63 58 58 62 59 57 59 64 65 62 57 64 61 60 65 63 63 56 59 56 62 65 56 60 63 55 62 63 58 62 57 60 62 58 60 65 63 61 63 58 58 56 63 60 63 65 62 65 62 56 58 61 60 60 61 62 64 60 63 61 57 56 55 58 64 59 63 61 58 65 59 58 57 62 55 65 55 58 58 65 57 60 57 57 61 62 58 55 58 65 57 59 59 55 64 58 63 65 65 57 64 61 55 58 57 63 60 59 59 65 57 59 60 55 60 63 63 56 58 58 64 63 63 61 61 64 59 57 63 65 57 62 57 64 55 55 55 64 64 58 57 55 61 65 65 63 60 60 60 62 55 60 61 58 60 57 61 65 56 63 57 62 65 58 57 65 58 
56 57 58 58 64 63 61 62 63 57 57 57 64 61 62 58 58 60 63 63 62 62 62 57 58 63 55 56 56 59 62 64 58 61 65 58 62 57 55 59 62 59 63 57 65 65 62 61 55 57 62 58 57 60 62 64 57 64 63 61 62 60 64 65 58 63 59 65 62 58 56 57 60 58 60 56 58 64 59 61 57 60 65 58 59 55 63 64 63 64 56 60 57 57 58 56 61 62 60 64 65 62 62 63 61 60 64 55 65 65 55 58 63 61 61 55 65 60 55 64 60 63 63 60 64 55 57 64 56 64 58 56 56 63 55 61 57 58 60 55 61 58 63 59 64 63 62 61 61 55 57 57 60 60 57 59 58 57 58 64 65 62 57 61 59 58 60 64 64 63 55 61 58 60 65 57 58 55 55 57 62 55 62 56 57 64 61 56 59 57 61 55 59 62 65 57 58 59 56 55 
63 62 55 62 61 59 62 58 64 62 63 64 59 57 62 63 65 55 65 65 59 57 56 62 62 62 56 60 60 58 61 59 56 57 56 60 63 55 60 61 56 63 61 60 62 64 63 64 65 64 65 63 57 55 60 60 65 63 63 58 61 60 64 64 58 63 61 57 59 60 64 56 55 61 58 55 57 59 61 64 57 60 59 60 57 57 56 61 65 62 57 56 57 65 62 63 59 60 59 56 58 59 56 55 57 61 64 58 63 57 57 57 62 55 62 64 63 60 59 64 61 62 57 61 64 65 59 63 58 56 60 65 64 62 55 64 62 58 63 62 63 63 55 60 55 56 60 65 62 61 59 59 65 56 62 62 60 64 59 60 59 59 65 58 56 60 57 60 57 65 64 57 56 58 61 63 58 58 56 56 61 58 65 65 60 60 60 62 64 65 56 56 64 61 60 63 62 62 58 58 
56 62 55 56 62 56 60 62 64 63 59 56 55 57 57 63 59 58 59 61 63 59 59 57 65 61 64 64 57 59 64 58 60 55 63 63 63 59 55 63 63 62 62 62 58 61 65 61 65 58 55 61 55 55 61 56 58 62 63 59 61 60 56 64 62 56 57 59 58 63 62 57 62 62 57 60 61 60 55 55 62 63 58 65 60 60 60 58 63 64 62 58 61 63 59 58 63 59 61 59 55 59 61 65 58 64 57 56 56 64 60 57 63 58 58 60 59 63 58 61 60 60 62 55 59 60 58 59 60 61 57 57 59 64 65 65 57 55 63 58 65 62 64 61 59 62 64 56 64 62 63 63 55 59 58 55 57 56 62 57 61 61 61 61 61 65 62 62 62 60 61 59 59 56 59 65 61 62 55 56 62 57 59 57 56 62 60 59 58 60 60 63 59 64 65 58 60 56 62 56 
61 59 55 64 57 64 60 63 65 55 62 62 58 58 55 55 59 62 61 55 65 57 62 56 61 59 63 64 57 63 61 65 58 55 61 64 61 58 56 58 57 60 65 56 62 58 63 64 56 56 58 59 61 59 63 59 64 55 62 65 55 56 56 59 59 63 57 58 65 65 61 59 65 62 59 59 62 58 64 65 57 62 65 62 65 55 58 61 61 65 64 61 56 56 57 61 55 61 56 62 63 62 63 60 57 64 57 64 61 59 61 64 55 62 56 62 65 59 62 63 59 55 59 59 60 64 58 63 56 55 64 65 58 62 60 63 59 61 58 55 61 58 60 59 63 56 64 55 65 61 63 59 60 65 57 57 58 62 61 56 62 65 65 63 57 64 64 61 64 64 58 64 58 63 65 60 60 64 62 58 55 59 59 56 62 57 61 61 58 55 59 59 56 57 58 62 62 61 62 57 
62 64 58 57 64 61 58 65 57 56 55 63 65 60 62 63 65 55 65 59 60 57 62 64 58 63 65 57 60 63 57 65 60 56 64 57 60 55 57 63 62 62 56 63 62 65 61 61 62 57 60 60 57 58 62 57 61 65 63 62 63 65 65 58 61 59 55 61 57 65 64 61 63 62 63 61 63 56 65 61 64 57 57 65 57 56 60 55 55 55 59 56 62 59 59 62 57 60 63 63 57 62 57 55 65 59 58 65 58 59 56 65 63 64 63 57 65 63 56 61 56 62 65 56 59 59 58 57 60 64 56 55 60 64 60 65 65 62 61 62 62 61 65 62 65 58 59 57 57 64 59 63 60 63 58 61 59 65 55 56 58 65 58 59 58 56 59 57 56 56 63 62 55 65 63 63 55 64 65 56 65 65 65 57 57 55 56 57 63 65 59 65 57 59 58 56 61 59 56 55 
60 64 58 58 58 62 60 55 57 58 55 60 63 60 58 63 62 62 62 63 59 57 60 62 58 63 60 65 57 60 58 55 57 60 63 62 58 55 63 57 55 55 61 61 57 65 65 63 65 56 57 56 59 62 65 65 59 64 60 63 60 61 59 56 62 65 58 65 62 63 64 58 56 62 60 55 58 64 57 63 65 59 65 59 61 63 60 65 64 56 65 55 57 55 58 55 59 56 65 60 64 56 59 61 65 63 64 57 59 55 56 59 65 58 59 58 57 59 65 61 55 60 63 65 65 62 60 60 56 62 65 57 57 55 55 63 55 57 61 64 58 64 61 57 55 58 57 58 57 59 64 64 64 63 62 55 64 62 57 58 60 64 57 57 59 61 60 59 58 63 61 58 62 55 59 59 55 55 56 57 62 57 56 62 60 57 58 55 57 56 64 60 57 55 64 58 58 62 55 64 
55 62 65 65 64 61 58 60 63 64 57 60 59 60 60 55 64 60 64 64 65 62 62 61 62 57 65 64 59 59 64 63 65 62 64 57 57 63 64 61 63 59 61 57 60 60 59 57 64 58 55 58 57 60 59 62 63 56 63 59 57 58 61 58 63 65 58 63 57 65 57 57 57 58 64 55 59 62 61 63 56 63 65 56 61 62 64 64 60 62 61 63 60 59 59 58 58 56 59 58 65 57 60 58 62 56 58 55 62 56 59 57 64 59 61 63 61 57 64 63 61 55 59 61 58 58 61 57 55 56 58 57 63 64 56 58 56 58 57 65 62 65 63 65 56 61 63 58 62 57 65 55 56 62 58 61 65 63 62 65 64 63 56 65 59 64 56 62 55 65 64 59 64 56 64 62 59 55 62 56 56 65 62 65 63 57 57 58 55 59 56 59 62 62 58 56 55 59 58 60 
57 60 65 55 63 58 61 60 58 64 62 61 63 55 63 59 56 58 55 65 59 61 59 62 56 62 57 60 63 64 62 58 62 63 65 65 58 61 61 65 58 63 62 62 63 62 58 56 64 58 61 57 58 58 57 63 63 57 59 61 57 55 55 55 57 62 63 59 58 61 63 60 64 64 64 56 55 64 61 62 58 59 60 56 61 55 60 65 58 57 56 65 65 64 61 61 60 55 59 62 55 60 65 57 65 56 58 59 57 56 64 60 57 63 61 64 64 56 58 65 62 61 63 60 65 57 57 55 63 59 57 64 63 55 59 55 60 62 59 64 55 61 65 58 57 64 58 64 65 56 57 65 60 61 57 62 56 59 60 65 56 55 56 62 56 59 65 59 64 60 63 60 65 61 63 57 65 55 56 64 63 59 58 62 59 65 58 59 57 58 56 60 56 55 57 59 65 60 58 64 
57 65 63 55 58 57 60 61 58 57 63 59 60 60 57 55 57 65 56 62 64 60 56 60 55 59 63 63 64 61 62 60 63 57 56 60 61 58 59 65 56 61 65 55 65 62 57 60 56 62 63 58 62 60 60 61 58 61 56 56 55 56 59 64 59 61 64 60 65 56 61 58 59 56 58 65 62 65 55 55 64 64 64 55 59 55 58 59 63 55 57 62 63 65 64 63 58 55 65 57 61 60 63 65 58 59 63 58 64 61 57 60 62 65 60 58 64 63 56 64 59 63 60 57 56 62 65 58 65 60 61 59 64 64 62 55 56 58 63 59 60 57 64 57 62 64 59 59 64 64 60 64 63 56 61 60 55 61 60 62 64 65 64 61 58 59 59 59 65 60 64 55 56 55 56 59 60 63 56 58 64 57 60 55 63 55 60 57 65 65 63 61 62 60 61 56 59 65 58 61 
64 65 61 63 57 63 64 56 55 56 60 55 64 59 60 65 55 64 55 56 60 55 55 55 65 64 61 65 56 58 62 62 61 61 55 57 60 63 61 59 58 58 65 62 58 55 59 61 57 60 63 55 57 59 59 56 60 55 64 55 55 60 64 56 55 55 55 61 59 62 60 58 59 60 63 63 58 63 65 57 60 56 65 65 62 64 57 58 63 62 55 58 56 55 58 63 57 61 58 60 64 61 56 58 62 56 58 63 56 55 55 60 61 55 58 63 65 63 62 64 65 56 58 59 58 57 65 61 56 65 55 60 63 61 55 57 55 65 64 62 63 59 64 61 59 65 60 61 60 55 60 64 57 63 57 57 58 59 61 60 61 56 64 63 59 63 64 58 62 58 65 63 59 57 62 55 56 62 58 61 62 55 60 58 60 58 65 61 65 61 63 58 61 61 63 65 57 65 62 64 
65 61 62 59 64 64 61 60 62 59 57 56 58 57 59 63 58 55 59 57 55 61 59 61 59 65 55 57 58 56 57 63 59 62 58 61 56 57 57 55 61 63 58 60 59 57 55 60 64 56 57 60 56 56 58 61 63 57 65 65 55 60 61 55 65 62 57 63 59 60 59 61 64 63 55 63 62 58 61 64 65 59 65 62 64 63 65 57 65 58 63 58 60 62 59 62 58 59 55 58 56 59 63 62 62 63 62 64 65 65 62 55 64 61 61 61 63 62 58 60 59 64 62 58 64 58 61 56 59 59 61 56 65 56 62 65 55 64 61 56 60 55 63 55 55 64 57 59 55 61 65 63 57 57 63 57 57 59 60 58 59 62 58 63 63 64 65 56 63 59 64 56 58 60 64 65 62 58 65 57 64 62 55 62 61 61 59 61 58 62 62 55 55 62 63 56 58 64 63 64 
58 61 61 59 64 62 62 60 55 57 55 65 59 59 63 61 56 57 57 58 62 61 63 65 62 58 60 58 63 55 56 55 61 60 63 64 56 59 56 60 57 59 56 64 55 60 61 63 55 58 57 59 57 56 55 60 57 57 62 64 61 61 55 63 59 56 63 58 56 59 57 62 61 55 58 57 59 60 59 64 62 60 60 60 56 59 58 58 61 62 56 55 64 56 59 57 61 59 59 56 56 56 63 60 63 55 60 57 61 65 60 55 65 56 58 65 58 59 63 63 56 58 60 60 60 55 60 64 61 62 62 60 65 56 62 55 59 65 58 56 62 59 59 63 62 64 61 64 65 62 60 61 61 55 61 58 58 62 65 57 60 61 58 61 65 60 65 55 57 56 62 58 64 65 62 62 62 55 57 64 56 55 57 60 55 63 61 64 61 57 61 60 55 57 61 56 57 57 61 61 
55 63 64 63 63 65 64 58 59 62 61 55 55 57 60 55 61 58 57 62 65 58 58 59 60 62 60 64 57 65 56 65 62 65 63 65 57 57 65 61 61 64 64 55 61 62 64 60 63 58 65 58 57 64 62 56 55 55 63 59 64 62 59 57 58 64 55 58 60 55 64 55 65 62 61 58 56 55 63 57 60 56 55 55 59 61 57 56 59 62 55 56 58 57 59 62 62 56 58 57 55 56 57 59 57 55 61 57 57 63 58 63 63 60 57 59 60 61 61 61 59 63 65 61 58 61 56 58 61 59 61 57 62 57 55 65 59 58 62 60 57 58 57 63 60 57 60 62 57 58 57 62 60 55 64 57 61 57 62 64 55 60 62 60 56 55 58 59 57 61 58 60 62 60 62 64 61 58 64 59 65 61 59 61 65 63 61 64 63 56 60 61 58 63 56 55 59 65 64 63 
55 55 60 60 56 61 63 65 64 56 64 55 61 55 59 63 63 59 61 56 62 57 61 64 56 57 56 65 58 57 58 56 56 58 58 59 55 56 57 55 58 58 61 59 59 62 64 59 58 56 57 62 59 60 58 57 64 62 64 61 61 64 57 57 56 61 61 60 59 55 56 56 58 59 61 63 65 58 56 63 59 60 62 59 63 65 56 63 63 57 57 57 58 60 57 61 65 57 61 57 65 56 65 58 55 65 62 61 56 58 64 61 59 63 62 64 63 64 55 61 63 58 56 59 57 56 65 62 59 65 62 56 57 56 58 58 55 56 63 65 59 63 61 56 63 55 65 55 58 62 55 55 64 56 55 60 61 57 64 61 64 58 58 64 60 65 55 55 61 60 57 58 65 58 59 59 62 59 65 59 56 63 59 65 55 55 55 57 60 63 65 61 58 63 56 62 57 62 58 65 
64 60 64 61 56 59 61 55 63 60 63 55 62 59 60 61 61 62 55 60 59 57 63 64 57 61 61 64 64 59 60 63 58 56 61 64 58 56 64 57 64 56 62 55 64 60 59 65 63 59 65 65 60 59 65 60 64 64 57 61 58 60 62 61 60 56 56 63 56 63 57 57 57 64 59 61 58 62 58 57 63 58 64 60 56 65 64 57 56 57 61 59 61 57 64 61 56 59 64 55 65 62 62 58 59 56 55 60 56 63 55 55 57 64 63 55 65 60 55 56 56 65 60 59 57 60 59 60 58 55 64 65 61 65 55 55 58 64 57 65 58 65 58 58 65 61 57 55 56 57 62 60 59 63 55 56 60 59 56 65 65 64 56 63 63 63 65 57 61 65 62 64 64 60 56 63 63 56 56 59 58 62 64 61 58 63 55 61 58 64 62 60 59 65 59 58 60 60 64 59 
63 59 57 62 64 59 60 62 58 58 65 63 65 56 62 56 58 59 60 56 61 61 63 63 58 65 56 60 57 58 60 65 63 61 62 58 55 59 56 61 64 65 55 58 63 65 56 58 59 64 56 64 62 62 65 55 58 59 61 55 60 56 60 65 64 59 62 65 63 58 63 64 56 65 55 60 61 58 56 59 61 55 60 61 61 56 61 64 62 64 55 57 59 60 58 59 64 60 59 64 64 56 60 62 62 58 56 59 64 61 63 64 57 60 61 61 61 58 61 60 65 60 59 63 60 63 65 63 61 58 63 61 63 65 60 56 60 59 61 57 65 60 58 64 65 59 64 57 55 57 55 57 57 59 62 64 65 55 65 61 60 56 61 63 61 58 55 57 64 59 65 58 61 62 56 56 59 65 56 58 57 58 55 64 58 64 56 59 56 61 60 65 58 56 62 59 60 60 60 56 
55 63 65 60 64 62 58 63 58 64 58 65 57 57 55 64 64 64 65 58 63 56 65 58 65 57 59 55 64 60 58 63 65 57 59 56 59 60 64 56 61 60 62 60 65 62 61 55 58 62 65 58 60 65 63 65 57 62 56 60 59 62 55 63 58 58 57 58 58 60 57 58 59 63 59 60 64 56 59 59 61 56 62 65 55 63 63 59 65 57 57 57 63 63 56 62 55 63 61 63 60 56 64 62 63 55 61 57 58 64 58 58 59 62 64 65 63 62 60 56 64 61 63 57 61 59 62 63 55 64 64 55 60 65 55 65 55 62 60 55 65 62 58 61 62 55 58 65 62 60 59 59 64 55 62 56 56 65 55 64 58 57 58 64 57 65 56 55 63 61 65 63 59 60 56 64 57 59 59 62 60 59 62 60 61 60 55 59 63 61 60 61 61 65 55 62 62 59 60 61 
63 58 55 63 57 62 60 61 57 57 60 62 57 57 59 60 58 65 64 60 58 56 60 62 65 64 65 65 55 60 64 56 55 63 63 62 58 63 58 55 60 63 63 63 59 58 59 63 56 63 62 62 57 57 65 61 55 56 57 59 55 59 61 58 61 65 64 55 56 56 58 62 63 60 65 61 62 55 58 58 60 61 61 57 57 57 64 58 64 63 56 58 65 63 58 57 57 55 64 63 57 55 62 59 62 59 58 64 59 55 61 63 59 56 59 59 61 58 59 59 64 59 64 63 59 56 63 55 63 62 65 58 63 56 65 62 58 62 64 61 55 55 56 60 62 65 59 59 65 64 60 61 63 56 60 62 61 56 63 62 65 61 57 65 57 61 56 55 60 60 57 57 62 57 57 63 61 59 60 59 63 64 57 62 57 60 58 60 56 58 57 58 65 57 59 55 59 59 55 57 
59 65 61 61 63 57 59 58 65 62 62 65 60 57 56 57 55 59 57 64 57 60 65 62 61 61 56 62 62 58 58 65 55 61 57 61 61 61 55 61 60 64 62 64 65 59 57 64 60 62 61 57 64 65 57 58 65 65 57 62 57 62 59 59 61 62 65 55 55 61 63 62 61 65 61 56 64 63 58 65 58 60 58 64 61 65 59 64 62 55 58 60 58 56 60 58 64 59 61 58 57 57 60 55 59 57 57 57 62 57 63 58 65 59 57 65 57 65 65 60 60 58 56 56 62 64 65 64 56 64 56 59 65 58 63 57 58 55 63 63 59 62 65 55 63 63 61 62 61 63 63 65 56 55 60 60 59 62 56 63 65 59 64 62 55 63 61 60 60 64 64 64 64 65 55 58 57 63 56 65 61 64 56 61 62 60 55 58 61 62 62 60 65 58 56 55 57 62 60 62 
64 63 56 56 61 62 56 62 60 64 57 63 60 56 56 56 58 63 64 57 64 65 65 57 57 55 59 60 60 61 61 55 61 63 59 60 62 56 58 55 63 60 61 64 59 64 56 58 59 65 64 60 61 59 57 55 64 65 56 64 62 59 65 61 56 61 56 64 59 55 65 65 61 61 65 56 57 57 62 64 56 55 64 60 63 58 64 63 65 64 61 61 65 55 55 60 65 56 56 56 57 63 63 57 60 59 55 56 57 63 57 60 63 61 57 63 62 58 56 65 65 60 61 63 61 57 61 63 58 63 62 57 62 56 60 65 57 58 62 65 55 59 65 57 65 65 62 55 55 65 56 57 55 58 61 61 55 61 63 56 57 63 56 62 57 57 57 61 59 64 63 63 64 57 65 57 65 55 55 56 61 57 63 59 57 62 64 58 58 60 61 60 57 64 61 55 57 55 57 62 
61 60 64 56 62 64 57 61 56 55 62 59 64 63 61 57 55 62 59 64 55 57 64 55 61 63 55 55 57 64 64 63 57 58 64 62 58 60 61 55 60 65 63 57 63 63 61 55 60 57 62 62 56 58 64 59 63 61 61 63 65 63 57 64 57 62 60 65 65 65 62 59 65 60 57 55 56 55 65 56 64 64 62 60 57 63 55 59 62 64 57 56 60 59 62 61 56 61 58 59 57 58 59 60 65 55 57 56 59 65 63 57 58 62 59 65 65 55 62 56 57 55 61 65 64 57 64 62 56 57 60 62 59 61 58 55 55 62 64 62 59 64 55 63 55 59 60 56 62 55 65 64 56 60 62 64 55 55 59 64 58 59 65 63 58 57 57 55 61 61 65 57 65 60 65 58 64 56 59 59 63 61 56 61 56 55 60 56 55 61 61 65 63 62 64 62 61 57 57 61 
55 65 62 65 63 64 65 56 55 58 60 60 60 56 59 56 61 56 61 65 59 58 60 60 63 58 62 57 60 56 58 55 64 63 55 65 62 60 62 61 55 58 62 64 62 60 62 61 62 57 55 64 55 56 62 63 58 60 63 56 63 62 59 60 56 57 61 63 57 57 63 64 56 55 63 56 65 60 62 64 58 57 58 60 63 59 63 56 64 64 59 57 55 62 59 61 55 57 65 57 55 65 55 60 65 61 64 58 59 55 58 62 61 58 64 59 57 62 56 59 58 62 61 57 61 63 55 64 58 64 56 58 58 61 55 63 57 63 60 55 56 62 58 63 57 59 64 59 56 63 63 58 62 60 62 62 65 56 57 60 64 59 63 63 58 57 58 58 61 62 59 63 59 57 55 58 63 57 65 59 60 64 59 59 63 64 62 65 60 60 59 61 61 60 62 59 61 59 58 64 
59 60 60 63 64 63 60 62 62 56 60 60 57 57 61 60 61 58 59 61 61 58 58 59 62 64 64 65 65 60 55 58 55 63 65 61 55 64 58 64 61 65 65 62 58 64 62 63 61 59 57 63 62 64 60 65 62 56 63 62 55 65 57 56 56 56 58 62 56 57 65 65 61 58 62 59 61 62 61 56 55 63 61 57 55 65 56 61 65 59 55 56 58 64 58 58 63 59 56 61 60 62 62 55 56 63 56 61 60 56 62 59 60 64 60 60 64 64 55 56 65 62 57 58 56 59 59 63 63 63 60 59 56 61 62 57 63 59 62 55 55 64 61 63 55 55 61 64 59 55 57 55 55 64 58 61 56 61 59 57 56 61 65 58 57 63 59 61 62 63 61 57 59 57 57 63 62 55 58 65 63 57 55 60 56 59 57 58 63 60 57 64 58 64 62 64 58 56 62 65 
63 65 62 56 56 57 64 58 55 60 59 59 65 65 55 57 65 58 60 63 64 57 63 65 59 65 56 65 62 63 62 55 65 62 55 55 60 59 56 61 55 57 55 63 62 63 63 60 56 58 64 60 63 58 55 58 58 56 61 55 62 55 62 64 58 61 63 55 65 62 55 55 59 64 60 64 58 65 63 60 65 65 57 57 65 62 59 58 55 58 59 60 65 56 62 59 59 62 60 59 57 58 62 60 56 59 60 64 57 63 62 62 63 59 63 61 57 60 56 56 65 61 56 56 62 63 58 58 61 65 65 57 58 55 57 64 55 60 64 60 56 63 57 65 63 65 61 64 62 58 59 59 56 64 62 57 65 64 65 64 55 58 55 59 62 62 60 62 57 59 64 56 62 55 65 57 58 59 62 57 56 63 64 60 56 57 63 60 62 56 56 59 57 59 64 55 63 62 61 56 
58 60 63 60 56 59 55 63 59 55 56 60 59 61 57 61 58 59 58 55 60 65 61 57 56 60 65 60 57 61 63 62 65 64 55 62 64 56 58 63 60 63 60 60 61 60 64 61 62 56 61 63 61 58 56 58 65 62 59 60 57 58 58 62 55 55 64 63 55 65 63 62 56 57 59 62 65 60 56 65 55 58 62 55 61 60 58 58 60 60 65 59 61 60 60 64 65 61 57 57 58 55 62 60 59 55 57 56 61 56 61 58 62 57 61 62 59 62 64 63 55 63 58 57 55 60 64 56 58 65 65 55 62 62 59 61 64 65 59 60 55 60 64 61 64 56 63 56 62 62 63 61 64 61 60 60 63 63 60 63 64 58 59 59 60 62 61 58 61 62 61 62 55 58 56 56 62 60 58 57 60 64 55 64 59 59 59 59 63 55 63 64 56 60 57 65 55 59 65 65 
58 59 65 63 65 57 56 62 56 57 56 55 58 61 62 60 55 61 63 55 62 63 55 59 60 55 61 58 55 64 56 61 57 63 61 62 65 62 63 59 60 60 59 64 62 62 64 60 62 62 61 65 57 65 62 58 60 62 61 58 64 57 64 58 60 60 58 60 63 63 64 62 61 60 56 62 61 57 57 59 65 65 55 58 56 59 57 58 64 56 65 59 61 56 56 62 59 63 57 58 57 64 60 65 59 58 59 59 59 63 59 56 57 60 56 62 55 56 63 57 65 59 55 55 62 65 60 64 55 60 64 63 56 58 55 61 61 57 63 64 58 57 64 60 62 61 57 65 61 63 62 64 59 63 56 62 57 62 60 61 57 64 61 55 61 56 65 58 63 59 65 57 57 65 63 64 56 57 62 64 60 57 59 65 65 58 55 61 63 58 60 61 55 61 63 65 59 59 58 55 
56 61 61 56 55 60 55 57 58 62 60 56 55 56 61 56 64 64 56 58 55 62 60 57 55 56 60 61 60 63 64 55 55 57 59 63 60 65 58 58 60 60 55 60 62 63 58 59 63 63 58 64 60 58 65 58 56 62 57 62 57 55 64 63 63 57 64 60 63 58 55 61 64 60 58 63 59 58 56 57 59 59 62 55 62 64 59 64 57 58 64 57 59 57 57 59 63 62 62 62 59 56 63 57 62 63 56 60 64 55 61 65 56 55 57 56 59 55 59 60 63 64 63 57 57 56 60 65 58 61 63 59 62 63 63 62 58 65 58 65 56 64 59 60 61 61 64 56 63 56 58 63 55 56 62 55 55 56 65 62 59 57 60 56 56 62 57 61 58 64 56 64 59 56 57 58 63 57 61 57 63 63 63 61 55 62 62 65 56 61 59 65 61 64 61 63 61 58 61 57 
59 59 65 55 63 61 65 56 61 65 55 59 62 65 64 57 55 65 56 55 61 62 65 55 58 60 61 60 60 57 65 61 64 59 62 62 60 60 57 61 64 55 63 59 59 62 60 60 58 65 59 59 65 62 61 64 62 64 57 62 55 62 59 65 57 55 57 63 61 55 64 65 57 62 56 60 64 59 56 64 60 57 60 63 60 61 64 58 65 60 56 58 56 64 63 62 65 65 61 57 62 60 56 59 56 62 62 55 61 62 60 64 57 62 59 64 58 56 65 65 65 58 63 63 55 58 58 59 58 60 61 55 58 61 58 63 55 56 63 64 61 63 58 57 63 61 63 58 62 65 64 64 55 60 60 60 57 55 56 56 59 55 63 63 59 60 64 55 62 63 56 55 57 61 61 65 63 62 62 55 65 62 58 56 58 57 56 61 65 55 64 63 55 58 60 64 60 56 60 60 
62 55 60 56 56 56 58 55 55 65 63 57 59 64 55 65 58 58 59 65 61 63 64 60 60 61 55 55 59 63 59 60 64 65 64 61 59 61 56 58 61 63 57 58 57 61 59 59 60 57 60 64 61 56 58 61 59 62 61 61 60 55 64 60 59 62 61 62 64 60 60 65 60 59 65 58 56 58 62 65 62 55 62 56 60 59 60 65 62 58 59 63 58 56 64 58 58 62 58 62 63 63 59 58 60 62 59 59 57 57 59 59 60 63 57 61 56 65 64 65 62 60 65 65 61 65 57 55 63 61 63 59 64 65 59 63 63 57 61 64 64 59 62 62 61 55 56 56 62 57 59 65 57 63 64 58 62 65 59 62 59 64 64 61 64 59 63 65 59 59 62 63 55 63 65 61 61 57 65 61 59 65 64 63 57 57 56 59 56 62 62 60 59 55 57 61 59 65 57 64 
59 61 57 55 65 59 65 65 58 63 55 57 58 63 56 57 58 58 65 64 65 55 58 64 56 62 61 65 56 58 58 62 56 58 55 56 58 63 62 60 59 56 59 56 57 59 55 55 62 61 55 64 62 59 56 59 60 56 60 57 57 59 64 63 64 58 57 65 55 58 61 62 61 59 56 59 58 60 63 57 61 63 57 60 60 60 64 56 64 60 61 60 65 59 59 59 56 56 59 61 65 61 56 65 60 57 63 63 63 61 59 58 60 55 62 64 59 57 56 56 62 63 56 57 65 57 65 57 57 61 65 58 57 57 55 55 57 58 56 58 60 62 57 63 61 56 62 55 64 61 62 64 56 63 59 56 61 55 55 64 65 65 61 64 56 60 64 60 62 61 63 65 64 64 59 59 64 56 60 62 64 59 65 61 59 65 62 63 64 59 59 64 61 57 55 62 58 61 61 65 
64 64 63 64 62 61 58 64 61 56 55 60 60 57 64 58 61 63 56 63 61 59 60 55 63 56 57 56 58 60 56 55 63 57 63 56 56 60 55 57 58 59 60 55 62 59 55 55 56 58 59 55 59 59 63 59 65 63 55 55 57 57 64 55 56 63 61 60 57 55 57 59 64 60 59 58 55 65 63 57 57 63 58 55 60 61 61 62 63 57 64 58 56 65 64 58 62 56 55 58 55 65 56 63 58 57 60 55 62 58 63 58 58 59 57 60 59 61 56 58 63 63 59 55 63 55 58 62 57 56 58 65 65 56 63 65 57 61 58 63 64 62 63 63 65 65 56 55 63 65 65 57 62 60 59 57 55 63 60 64 65 59 62 56 58 61 58 63 64 55 57 64 55 64 62 60 65 61 60 58 65 55 65 57 59 59 64 55 61 60 60 57 61 61 60 59 59 60 62 57 
58 61 61 65 58 56 65 60 61 55 64 63 57 62 59 58 62 60 64 56 58 61 60 63 59 63 65 65 61 63 60 55 57 64 56 55 63 61 63 63 59 55 59 63 64 59 56 55 65 55 65 60 61 65 60 58 55 62 64 63 63 65 58 58 58 64 59 57 64 61 61 55 62 61 65 55 62 58 55 61 57 65 61 57 56 65 58 56 62 57 64 60 57 58 57 64 58 56 58 64 62 60 56 55 57 57 56 60 62 57 60 58 61 57 59 58 59 57 60 63 56 57 63 62 59 58 64 58 60 63 58 61 59 55 59 64 65 57 55 60 57 59 62 55 55 57 56 63 63 57 63 55 56 60 55 56 64 61 58 60 65 55 56 61 60 59 64 57 65 58 60 65 57 55 63 58 59 58 55 60 58 59 55 58 62 55 65 61 65 61 57 61 56 55 64 59 55 56 60 62 
62 59 58 65 60 64 57 63 56 64 60 61 65 62 56 60 56 59 65 64 62 65 62 61 65 55 56 59 59 61 58 65 64 62 57 64 58 60 63 60 59 58 56 55 56 56 63 57 60 59 62 56 61 64 63 57 63 62 58 56 65 61 59 57 58 63 56 58 65 63 55 55 63 58 55 65 60 58 58 62 60 62 55 60 60 60 65 61 64 59 64 60 63 57 55 65 58 61 55 61 64 63 55 63 58 64 61 55 63 57 61 56 63 59 56 56 57 64 56 63 65 57 61 62 59 62 65 65 56 62 56 65 55 56 56 60 63 59 63 55 61 59 57 59 55 56 65 55 64 56 56 59 57 63 56 64 61 58 58 57 64 62 55 62 58 60 56 65 65 62 60 55 60 64 61 59 56 58 65 59 62 58 57 57 62 62 63 62 57 55 58 64 61 59 65 61 56 58 61 60 
64 56 55 59 55 60 56 55 62 56 58 63 56 62 59 55 60 64 60 57 61 56 60 58 61 57 58 60 59 58 57 63 61 61 61 56 62 65 60 56 62 56 55 65 64 63 63 60 57 59 65 56 65 55 62 60 58 57 62 58 63 64 65 57 62 59 60 60 63 56 55 64 55 59 57 65 64 61 65 58 61 61 61 60 60 56 58 63 57 55 61 55 61 56 63 56 64 64 60 64 61 64 58 64 65 65 64 64 59 58 55 65 65 64 57 60 62 59 55 63 56 59 57 56 60 56 59 57 58 60 64 63 62 56 58 58 61 60 58 58 57 60 64 63 60 63 65 58 55 61 55 57 57 55 55 61 64 61 59 59 58 62 55 65 58 57 63 61 55 63 59 60 56 58 59 61 61 55 57 60 64 61 58 61 58 64 57 55 56 56 62 60 65 58 63 64 57 64 56 65 
59 62 62 55 57 56 61 65 63 61 62 62 65 59 63 62 60 59 56 64 62 60 61 60 57 55 63 61 55 65 63 63 61 62 56 65 63 59 55 58 62 55 61 64 65 61 57 59 62 62 65 65 63 65 58 63 60 64 64 63 63 55 59 59 62 64 62 62 56 65 56 61 56 61 57 65 65 61 65 57 55 55 60 61 62 65 65 61 64 57 56 64 62 57 56 58 58 64 59 62 56 58 57 60 55 65 55 63 56 64 65 64 64 64 58 65 56 63 63 60 65 62 58 63 63 65 61 61 62 63 57 59 62 55 65 65 57 57 64 60 57 60 63 64 63 65 59 62 59 57 65 59 57 55 62 64 59 61 65 58 57 62 65 64 56 56 55 64 60 61 56 64 64 60 63 57 59 65 62 61 60 57 55 60 59 55 59 64 65 59 65 62 55 64 63 63 65 63 62 61 
58 57 65 59 59 60 61 59 62 61 61 62 63 58 64 56 61 55 63 65 65 58 57 64 56 57 55 61 59 56 58 57 61 60 58 58 61 56 64 56 55 58 65 64 65 60 62 60 61 56 58 62 56 56 59 64 59 62 55 64 62 62 62 61 57 60 64 61 64 55 65 61 55 65 58 56 60 64 58 62 64 55 63 61 58 59 62 55 55 62 61 63 57 56 59 57 55 62 63 56 61 55 57 64 61 63 62 64 62 60 59 63 59 63 56 59 56 63 59 64 57 61 56 62 57 62 58 61 59 55 64 63 59 57 59 59 56 57 64 65 59 55 58 62 61 60 62 60 64 65 62 56 59 60 63 63 60 55 63 60 55 58 59 62 58 65 59 60 63 59 59 61 62 63 60 61 56 60 61 65 63 56 61 62 61 59 57 62 56 59 62 60 55 65 65 62 64 55 59 61 
65 62 60 61 56 56 60 65 59 56 63 55 65 64 58 60 65 59 60 65 64 58 56 63 63 55 56 61 55 56 60 57 58 61 61 57 56 64 61 59 63 58 61 60 58 60 57 56 65 64 56 57 64 63 60 58 55 56 57 65 60 56 55 56 55 64 65 56 61 64 59 65 62 57 57 55 61 58 58 58 58 57 65 59 65 65 61 64 56 63 62 58 63 62 61 62 63 64 58 63 62 63 65 55 59 57 55 56 63 62 55 56 59 59 61 64 58 57 65 63 63 62 60 55 56 56 64 57 63 64 65 55 63 59 64 65 62 63 65 60 58 55 60 61 65 61 61 57 58 65 62 65 65 60 61 57 65 55 56 64 65 59 65 61 57 61 56 56 59 64 62 55 60 63 57 60 65 61 59 62 62 64 55 65 56 61 63 59 58 56 56 63 59 63 64 62 61 58 63 59 
62 55 65 61 63 62 58 61 59 55 61 61 58 63 58 65 59 55 63 58 58 56 64 57 61 63 56 59 63 55 60 59 61 58 55 61 56 62 63 61 62 65 56 62 59 57 55 60 64 55 58 62 60 57 55 61 56 59 55 58 65 59 57 55 59 56 63 57 63 55 56 56 65 58 59 55 61 59 63 62 62 63 65 65 65 60 60 60 57 58 62 58 55 58 64 64 60 62 65 58 56 61 65 56 59 57 58 56 56 58 56 56 63 61 64 65 61 58 65 55 63 62 62 62 60 62 56 61 64 62 57 58 57 59 55 57 60 57 65 62 55 62 60 56 58 59 55 61 61 64 61 61 62 65 61 61 59 59 63 65 58 56 58 56 59 63 56 64 56 59 57 64 63 62 65 64 55 62 58 64 56 57 64 63 55 55 63 59 58 64 59 62 55 58 63 56 63 56 60 56 
59 57 56 64 56 58 65 63 55 55 58 55 65 58 63 65 61 65 63 65 63 57 56 65 55 63 60 61 61 65 61 62 62 60 58 57 57 62 58 62 56 55 60 57 62 63 56 64 64 60 55 63 55 63 56 58 65 64 65 59 63 55 57 61 57 65 63 60 58 62 55 59 64 57 61 55 59 64 59 56 65 55 57 58 57 55 64 59 58 64 57 65 57 55 55 56 61 61 65 61 62 63 62 61 56 55 63 60 62 60 58 64 60 65 61 59 56 59 60 60 58 58 56 56 60 58 62 55 55 63 58 63 63 58 61 65 56 62 61 59 56 56 60 65 61 65 61 64 63 55 57 62 58 57 65 63 60 57 56 63 63 57 58 63 55 57 59 58 59 61 59 58 57 58 56 63 59 63 65 60 65 61 64 59 64 62 57 65 57 56 61 57 57 58 65 57 64 60 61 61 
60 63 62 57 63 58 63 58 60 64 64 60 56 64 65 59 57 61 59 62 64 57 65 61 60 59 58 58 65 60 55 60 63 62 60 55 62 64 56 63 60 65 55 63 57 65 55 62 62 65 62 57 58 64 58 63 63 58 60 59 61 61 61 56 59 63 58 62 63 56 60 63 63 56 62 57 59 61 55 55 55 58 58 60 63 60 63 58 56 60 63 65 64 57 56 63 61 64 65 62 60 56 65 65 58 65 63 56 58 58 57 61 64 57 59 55 63 58 60 64 65 61 63 63 59 56 64 65 65 56 63 59 62 63 64 64 62 56 60 56 65 56 57 59 56 65 57 63 61 56 58 65 62 61 58 62 64 61 57 57 64 58 55 56 62 59 59 60 64 60 59 64 60 55 56 64 63 65 65 57 57 57 58 65 57 64 62 59 62 61 56 62 65 56 59 63 56 63 58 57 
62 63 59 61 58 65 59 63 55 55 58 56 56 63 55 62 59 58 65 61 55 62 58 56 56 62 61 57 60 64 64 58 64 60 56 59 62 55 55 64 62 62 58 60 58 62 60 62 58 57 56 63 64 64 56 60 59 58 59 63 55 56 60 60 57 61 59 64 57 58 63 62 62 55 58 56 61 57 61 55 64 63 58 64 65 55 64 55 61 61 55 56 63 65 55 60 61 61 57 61 61 55 56 64 55 61 62 61 64 65 65 63 64 57 57 63 58 62 65 60 58 59 58 58 61 57 63 65 65 65 58 63 61 59 57 63 57 61 55 55 62 57 60 61 56 61 63 62 62 62 56 57 55 60 58 55 63 63 55 62 59 61 65 65 64 55 62 57 63 60 64 64 58 63 57 62 59 60 63 62 60 65 60 60 60 55 64 59 55 62 61 61 57 63 63 65 57 57 60 64 
58 61 57 65 60 62 60 61 64 59 64 61 58 55 56 61 60 65 57 62 63 58 62 55 59 62 57 56 58 61 60 58 65 62 57 64 58 61 62 57 65 59 60 58 64 56 56 63 64 62 55 63 57 61 59 60 58 59 64 57 55 57 61 58 57 60 61 59 63 63 64 59 62 65 59 65 64 63 60 61 63 64 65 61 55 65 60 62 61 65 57 60 64 58 60 55 56 65 64 58 61 64 63 56 61 55 60 58 64 55 59 55 65 56 61 60 65 60 59 62 57 58 63 56 58 56 64 65 58 57 63 58 63 55 60 60 56 60 60 57 56 58 64 61 62 65 59 61 64 64 58 55 64 60 62 57 55 60 60 61 55 61 57 65 58 59 60 58 65 65 64 63 59 57 64 56 62 58 62 59 65 58 58 61 61 57 62 59 56 57 55 62 62 60 65 62 57 57 57 59 
59 55 64 60 60 56 62 58 63 57 58 57 56 58 64 59 57 63 63 61 56 64 58 57 60 59 60 60 57 55 65 58 57 65 65 57 60 56 61 64 61 65 59 65 65 57 59 56 59 55 60 59 60 58 55 59 65 65 55 55 61 55 57 65 61 59 60 65 58 63 60 64 62 56 55 61 61 55 65 64 55 58 60 65 65 55 60 56 58 59 55 62 61 55 65 65 57 63 62 58 64 62 61 57 56 64 60 64 62 63 61 58 63 57 63 57 55 60 63 60 61 56 62 60 63 57 65 58 59 59 57 58 59 58 60 65 63 58 65 62 63 57 59 64 61 62 61 57 65 55 56 56 56 57 65 64 57 60 58 57 63 61 55 61 58 59 64 58 58 56 62 60 59 65 56 55 60 55 59 57 56 58 62 60 58 57 59 58 55 58 57 55 62 64 62 64 55 58 62 62 
61 62 55 61 58 57 62 60 58 62 62 59 62 57 62 58 55 58 65 59 60 63 63 63 58 56 62 63 55 60 61 63 56 59 59 61 62 65 65 62 56 64 57 58 58 58 60 62 55 58 62 61 56 64 58 65 57 56 55 65 62 56 62 57 62 61 58 60 63 62 59 56 60 65 55 59 58 56 62 58 63 58 63 62 64 58 58 60 57 55 61 64 57 64 64 61 62 64 65 58 61 57 65 60 62 56 62 57 61 63 63 59 60 56 59 65 56 62 59 60 55 61 55 62 61 63 63 57 61 58 64 58 61 61 56 65 64 64 57 58 58 65 55 62 59 58 61 64 57 61 62 55 63 61 62 55 64 56 57 64 56 63 55 60 62 61 65 57 65 65 55 61 60 56 56 62 57 59 59 55 64 56 55 65 64 56 64 65 59 64 65 56 57 60 64 55 65 56 65 58 
64 58 60 60 61 58 55 60 57 58 59 65 56 58 63 61 56 61 58 61 57 58 64 56 56 65 58 60 55 62 62 59 62 55 56 56 57 65 56 64 59 56 59 61 64 61 64 65 55 57 63 65 64 62 60 60 57 55 65 55 60 56 59 65 59 60 57 55 58 60 56 59 65 60 65 60 58 65 64 59 65 62 65 60 63 55 63 62 58 55 58 65 58 59 56 56 60 65 64 58 57 63 56 63 63 64 56 55 64 64 60 57 56 57 62 61 59 59 63 63 63 56 58 65 64 59 61 64 59 62 65 65 63 65 61 58 63 65 59 64 65 59 57 65 58 58 63 56 56 61 63 63 62 55 59 62 59 58 60 61 58 63 64 65 62 65 58 55 64 64 63 57 64 58 56 59 56 57 60 65 62 57 59 59 60 55 58 58 63 59 64 55 58 65 58 57 60 55 65 56 
62 64 56 63 56 65 57 56 56 61 63 60 55 63 63 63 57 60 62 55 61 65 59 56 63 61 57 64 55 62 56 62 61 63 62 61 60 64 58 56 60 56 57 56 57 60 64 60 57 56 56 56 64 56 56 56 65 62 56 60 55 59 56 59 55 62 64 57 62 61 65 65 56 57 63 64 55 55 59 55 63 60 64 55 57 59 56 62 55 60 55 59 64 61 59 64 61 58 55 63 56 65 59 57 65 56 60 56 59 61 65 58 60 59 58 59 57 57 60 58 62 56 55 56 61 60 55 59 55 60 62 63 57 56 61 62 58 60 58 57 61 65 56 59 58 63 60 56 58 55 58 57 57 64 61 56 64 57 58 55 55 56 61 55 64 61 60 56 60 59 65 58 62 64 60 61 65 60 65 56 61 55 61 63 59 55 57 61 56 60 61 56 55 63 62 62 57 57 65 59 
55 59 57 60 59 59 59 56 61 61 55 63 56 65 62 55 60 56 58 57 63 64 57 63 63 56 62 59 56 65 59 58 58 61 60 65 63 57 63 62 59 62 58 62 59 55 56 63 60 60 55 61 55 56 65 57 56 64 64 56 56 59 59 60 61 63 56 65 63 64 58 57 61 65 59 58 55 57 61 56 56 55 58 65 63 60 56 61 56 58 55 59 55 58 61 57 55 55 59 58 62 64 63 55 61 62 56 58 65 56 65 63 58 59 55 65 57 55 58 55 63 65 57 63 60 56 62 62 60 56 56 61 56 62 59 58 57 59 60 55 61 62 55 64 59 56 62 55 59 58 64 65 65 55 61 59 61 65 65 60 62 57 63 58 63 55 62 56 59 61 55 57 57 59 63 65 62 59 64 57 61 55 56 63 64 59 55 59 55 61 65 56 56 55 65 55 58 56 56 64 
56 61 64 62 63 62 60 58 63 56 56 56 65 58 65 61 56 56 55 64 57 65 65 65 58 65 56 59 56 56 55 64 65 57 57 61 61 61 55 61 64 60 56 55 61 65 61 62 65 57 62 58 59 64 60 65 65 58 60 60 62 55 62 63 59 61 65 63 58 63 56 65 58 64 55 58 56 64 60 61 61 61 62 65 63 64 65 57 57 56 62 60 59 63 64 56 58 64 56 59 62 55 64 59 62 56 55 59 57 62 62 62 57 60 59 65 60 55 61 55 61 55 55 61 55 65 63 57 59 61 57 59 55 58 57 63 56 60 56 59 59 57 56 55 58 56 59 55 55 55 62 56 57 63 62 65 60 62 61 56 61 65 61 58 60 57 63 63 57 58 60 62 55 62 62 65 60 62 57 61 55 63 62 64 56 55 58 64 62 65 64 58 64 64 62 65 60 63 61 62 
62 59 62 64 63 65 64 57 61 59 56 62 55 56 57 60 57 59 61 63 64 61 61 55 63 62 62 57 65 63 64 62 61 58 64 64 64 57 63 56 60 64 58 64 55 61 59 59 59 64 61 60 58 55 57 58 55 63 58 62 55 61 60 57 61 63 64 62 59 62 61 63 56 63 61 55 62 55 57 64 58 56 59 57 58 58 65 62 59 64 64 61 57 60 63 56 58 60 61 60 59 64 63 62 61 64 60 59 63 57 61 59 62 56 57 63 65 62 57 60 63 58 64 59 60 59 56 63 63 58 62 63 64 65 58 60 61 65 63 56 62 58 56 61 59 55 58 60 55 65 65 55 57 59 64 64 58 57 64 56 59 64 60 62 64 64 55 64 61 63 55 64 65 55 61 64 58 64 57 62 55 61 56 55 59 58 55 58 55 56 55 58 59 58 56 59 55 56 55 57 
