50 100 200
14
12
14
16
17
11
10
10
18
11
16
15
11
11
16
10
10
11
12
12
10
18
18
15
16
13
20
12
11
18
13
18
11
12
20
19
12
20
11
18
20
11
12
20
12
19
17
18
13
13
14
17
19
10
15
15
17
18
11
17
15
16
20
20
15
18
12
19
12
15
11
19
18
16
14
19
11
13
13
15
14
10
10
16
19
12
11
20
17
17
20
10
15
18
15
12
15
18
12
16
14
19
15
15
17
14
11
16
15
19
12
17
17
19
15
15
17
11
14
13
19
10
12
10
11
18
17
15
20
17
20
14
10
11
11
15
14
18
15
18
19
17
14
20
12
14
17
18
15
14
19
14
16
20
19
14
20
19
14
18
14
11
16
10
17
13
14
19
12
14
17
13
15
12
11
18
14
13
14
10
13
14
18
20
17
10
17
18
16
14
15
18
14
12
14
19
19
13
15
10
587 21066
465 28633
482 28680
392 25433
518 22421
395 26297
481 21892
419 21469
366 21196
496 20572
415 25750
341 21956
299 24668
478 20461
478 27499
488 26701
404 24176
492 29681
583 23381
492 25440
419 23192
327 24199
598 26346
566 24608
299 28491
395 20026
586 21820
313 22531
483 20416
337 25093
384 24861
386 22452
491 28888
371 26407
555 21664
349 28427
321 28077
398 28521
379 23516
473 28465
471 20339
518 29498
421 24592
539 21944
444 25306
588 24732
509 27715
496 23049
325 29042
325 23843
37 35 44 36 43 42 45 36 38 38 41 42 43 45 36 39 40 40 41 39 42 37 45 39 41 45 43 41 38 43 36 36 38 39 36 44 37 36 43 35 35 40 37 36 44 39 44 45 39 41 45 37 43 45 39 35 35 41 41 40 35 44 45 42 43 43 45 43 40 35 39 39 35 40 36 36 38 43 37 45 35 44 37 40 35 40 37 40 42 38 37 38 35 43 41 37 41 36 42 36 
44 45 36 41 44 39 36 35 45 35 38 41 38 42 36 37 40 36 44 36 39 39 41 38 39 44 40 35 43 35 45 36 45 41 35 41 35 36 40 43 37 35 41 36 39 45 41 35 44 44 39 42 44 35 40 45 43 43 38 39 42 43 38 35 38 43 45 38 41 38 42 35 40 43 38 37 35 36 40 39 45 35 37 40 38 43 43 35 38 40 37 35 35 37 36 42 42 42 45 44 
36 42 42 45 40 37 40 36 45 39 44 39 44 43 35 43 36 40 36 38 41 38 37 38 45 39 45 38 37 41 40 36 44 44 43 37 39 41 40 41 38 40 36 37 45 36 43 41 38 40 36 36 43 43 35 41 39 37 42 37 37 39 44 38 42 39 41 35 41 43 36 43 36 37 39 42 39 40 35 43 45 38 41 44 39 39 44 40 43 37 35 44 40 40 40 36 45 39 44 36 
36 40 38 37 41 43 42 41 37 36 36 40 43 36 36 41 42 38 39 41 45 38 36 41 36 37 43 40 45 42 41 38 37 45 44 41 41 45 39 45 45 39 43 35 39 41 42 40 44 40 40 36 35 38 38 41 35 42 41 41 35 37 36 35 41 35 35 37 39 43 42 36 43 40 35 35 38 36 37 43 43 43 38 40 40 43 43 36 41 40 40 45 42 44 41 36 35 38 42 44 
35 40 42 43 38 39 40 37 36 36 41 45 36 43 38 36 42 43 44 43 38 40 40 45 36 37 40 39 36 41 44 43 44 36 41 43 42 37 43 38 43 35 40 41 42 39 42 43 45 35 43 44 41 44 44 40 39 37 36 38 38 38 38 38 35 44 38 35 45 36 42 40 41 38 45 41 40 36 39 40 40 36 39 39 36 42 37 37 45 45 36 39 42 43 42 38 40 42 36 39 
41 41 44 41 43 36 39 41 44 37 43 37 42 35 41 37 36 42 37 36 42 35 37 40 37 38 35 42 39 41 38 44 42 41 40 38 36 36 35 39 37 39 39 36 42 36 45 44 35 42 35 41 39 38 37 40 39 38 40 37 43 44 39 38 37 45 37 42 44 40 41 39 41 35 42 38 43 38 36 36 43 38 39 35 45 36 37 41 40 39 36 35 39 45 45 45 39 36 35 36 
35 35 39 44 35 41 45 39 43 35 43 36 41 35 43 44 40 39 44 36 39 36 40 37 45 35 39 42 44 37 45 40 36 40 42 39 36 36 37 41 42 40 37 40 44 40 35 43 43 36 39 44 44 37 36 38 43 37 41 39 38 45 40 43 45 45 35 43 41 44 41 44 36 43 40 40 45 37 45 35 41 45 45 41 38 43 44 44 38 37 40 44 45 41 41 39 43 45 43 44 
43 39 43 42 41 40 40 43 44 40 35 36 41 35 38 35 35 44 39 42 36 35 41 36 45 43 36 37 44 38 40 38 42 45 43 36 35 40 42 42 38 35 41 39 43 44 43 44 39 39 44 41 42 35 38 36 44 45 42 39 39 40 40 45 40 41 38 42 35 44 36 36 40 43 39 37 45 41 41 35 38 41 35 38 36 45 43 35 40 44 40 42 35 37 42 43 35 38 36 40 
39 41 44 43 40 41 37 45 37 39 40 38 38 42 38 36 43 38 43 39 39 43 42 44 36 41 43 38 44 43 35 42 41 38 39 36 35 37 38 42 45 35 36 42 45 35 43 38 36 37 40 41 39 35 44 35 35 37 42 38 40 40 39 45 38 35 35 44 43 44 37 40 38 43 44 41 45 44 39 36 39 43 39 41 37 37 39 44 42 41 35 37 41 40 38 39 44 36 36 40 
39 39 42 37 43 45 36 45 39 37 36 38 45 41 35 40 42 36 43 42 42 35 38 37 43 35 40 36 41 39 44 45 44 45 45 43 35 45 41 45 42 36 38 38 39 43 41 39 42 37 35 38 44 40 43 40 45 39 39 40 38 45 35 39 39 41 37 43 39 36 41 42 42 45 39 39 35 44 37 37 36 45 41 39 44 36 37 38 36 43 44 39 35 44 35 39 40 41 45 41 
39 37 36 40 36 39 38 44 44 45 45 37 35 39 41 43 41 43 41 42 40 37 44 45 39 42 39 38 41 43 42 35 35 37 40 41 45 39 37 45 37 43 42 40 44 43 44 43 36 44 35 35 40 44 37 42 37 36 36 36 37 43 37 38 45 35 42 41 41 45 36 39 38 45 42 36 39 39 36 38 43 38 41 45 42 39 40 41 45 45 45 39 40 39 44 45 43 41 37 43 
44 39 44 39 38 41 41 36 38 39 35 36 35 45 40 35 43 40 35 40 40 41 35 35 41 45 39 45 38 41 38 39 45 44 42 45 41 40 35 40 38 35 42 44 43 35 35 42 42 43 42 40 40 39 43 43 42 39 37 45 40 40 36 40 44 35 44 39 42 40 43 37 40 37 36 37 41 41 38 37 38 43 45 41 37 44 45 45 40 41 39 41 40 43 37 36 40 42 45 39 
35 45 35 40 45 36 45 43 36 35 37 41 40 44 43 38 45 45 35 45 38 45 44 35 40 45 38 36 44 38 42 38 43 38 43 44 42 42 41 35 42 38 42 41 38 42 45 43 36 44 37 45 38 38 45 39 38 41 41 40 43 42 44 44 45 41 40 36 41 45 38 41 36 41 36 44 41 42 43 42 42 37 38 38 36 36 42 37 45 43 40 35 37 44 35 43 40 39 44 39 
43 36 37 40 42 41 42 36 43 39 42 45 35 41 38 44 35 35 40 36 41 45 37 39 38 38 37 43 36 42 45 37 44 35 44 35 44 38 42 35 45 36 37 40 39 35 43 43 38 41 37 42 36 39 36 37 42 44 36 43 35 44 36 37 42 42 43 38 40 35 39 43 41 37 45 41 37 39 36 38 40 39 42 38 35 45 42 35 38 39 45 44 43 42 39 40 40 37 37 42 
40 36 36 43 40 41 43 42 39 44 43 44 42 36 41 40 35 41 37 35 43 44 42 45 37 43 39 37 36 41 39 42 44 35 41 42 40 44 45 45 45 43 45 41 37 39 35 43 41 41 40 44 41 39 41 39 37 40 43 38 41 36 41 45 43 38 45 44 40 38 35 40 44 38 37 43 37 39 39 35 39 42 44 43 39 42 38 43 39 35 45 38 42 35 35 37 45 45 44 38 
35 37 36 43 42 38 43 44 37 44 39 43 43 42 43 37 35 39 39 41 40 42 40 44 45 43 39 43 37 38 38 38 38 37 44 45 37 40 43 38 40 38 38 45 37 38 40 44 44 38 44 39 36 43 40 36 42 38 41 36 44 40 41 40 37 45 37 41 37 38 35 38 41 36 40 42 44 39 37 39 36 39 37 43 43 35 45 37 35 44 39 42 35 45 42 38 35 43 39 36 
43 35 37 42 41 42 37 38 44 36 37 41 42 35 40 38 42 37 43 35 40 36 44 44 39 38 36 35 37 41 38 45 38 35 43 45 44 36 41 38 37 38 36 41 39 40 35 36 41 38 44 39 36 42 41 37 41 42 41 35 36 45 42 39 42 39 40 37 41 43 36 37 40 45 35 37 40 42 45 35 39 44 42 35 43 44 40 42 41 36 43 45 40 37 45 42 36 41 36 37 
37 44 38 36 44 35 44 44 36 35 40 41 42 35 35 39 39 37 40 45 35 38 39 43 42 42 42 45 37 38 40 38 39 41 43 39 36 41 35 43 36 42 37 40 37 39 40 35 36 35 40 43 44 37 40 44 45 45 40 38 38 38 36 36 45 41 41 37 35 40 36 40 39 37 39 35 41 38 37 44 42 40 36 40 36 45 36 44 36 44 41 40 45 35 36 41 40 39 40 38 
42 35 41 41 35 39 35 41 43 35 40 37 36 40 39 43 41 40 35 45 44 37 38 40 38 35 39 43 35 42 44 35 45 43 45 45 39 37 37 35 39 37 45 35 38 42 42 41 44 42 41 37 36 43 39 36 45 39 37 45 43 44 45 41 43 39 40 41 36 36 37 39 41 36 42 35 41 45 35 44 45 35 45 42 45 42 43 37 38 44 45 36 40 37 43 41 35 44 39 43 
44 43 42 35 41 35 41 45 42 40 39 42 41 41 41 45 42 40 44 39 35 41 35 37 36 35 43 44 42 36 35 41 44 43 45 37 45 39 43 41 39 39 45 43 45 38 36 35 41 38 41 45 41 45 44 35 45 41 45 44 41 44 40 38 43 39 37 41 41 37 39 41 40 45 42 43 37 39 38 37 37 45 45 40 40 42 40 38 43 37 39 44 44 39 40 35 41 42 43 37 
37 45 35 36 44 40 38 39 38 38 39 38 36 35 39 43 38 35 38 36 36 37 43 43 43 43 45 43 37 43 36 43 42 39 45 44 39 36 45 43 45 41 35 43 42 37 40 41 39 44 38 43 39 38 38 37 39 45 37 35 43 39 42 38 41 42 40 44 43 40 38 36 35 38 43 37 43 43 43 37 39 39 43 43 39 35 41 40 45 42 36 37 41 39 42 42 36 44 43 38 
38 36 36 39 36 40 39 35 44 40 42 39 40 43 44 44 38 40 39 45 40 42 35 45 42 45 40 41 36 38 37 36 39 41 42 40 41 44 36 39 41 45 35 36 38 42 35 42 42 36 41 37 41 45 36 42 43 43 42 35 45 41 40 44 40 36 45 40 45 45 43 37 38 41 38 40 39 40 35 36 36 44 36 43 38 35 41 40 37 36 45 41 44 36 39 43 38 38 43 38 
37 45 42 42 44 36 39 39 36 35 37 44 37 44 35 40 45 38 43 38 35 45 39 44 37 40 42 36 40 43 41 43 39 36 39 38 37 38 45 44 43 44 40 44 39 43 44 45 40 42 40 35 44 45 42 35 36 36 42 40 41 43 45 44 36 38 44 38 45 38 43 44 41 40 36 35 41 37 36 39 38 44 43 35 45 38 39 36 44 41 40 36 37 45 35 38 37 43 43 42 
37 43 35 44 40 39 43 42 42 36 39 45 36 38 39 40 35 41 37 37 35 38 45 38 43 43 45 36 39 44 42 37 43 39 41 36 45 45 43 42 38 35 42 43 44 35 35 39 39 35 42 44 39 42 35 36 36 38 43 37 45 40 41 38 40 40 37 44 44 43 35 44 35 40 39 43 41 43 41 45 44 35 41 42 42 43 44 42 42 38 36 40 35 37 45 44 43 40 43 43 
41 38 43 41 41 39 39 45 39 36 44 41 41 43 44 35 41 44 36 43 42 44 44 37 43 39 41 40 38 42 42 35 35 39 38 45 40 40 38 39 35 36 41 35 37 45 45 35 42 39 39 35 38 42 41 41 42 41 41 41 37 40 45 40 41 35 36 45 44 44 38 45 40 41 43 40 38 36 43 36 39 44 41 44 43 39 43 44 36 36 40 44 44 44 41 42 35 39 36 38 
44 41 39 40 44 42 36 43 38 35 37 45 39 42 38 44 44 43 39 44 39 43 42 35 44 35 36 43 42 39 40 44 37 40 39 39 35 40 39 41 42 38 42 39 43 39 42 44 45 41 42 45 38 36 35 41 41 41 35 40 43 41 44 38 44 42 41 38 42 41 44 35 40 42 35 41 42 45 45 35 41 42 38 43 41 38 41 43 40 37 35 43 40 41 42 40 45 40 35 44 
35 35 43 40 37 45 42 39 37 41 38 35 38 35 39 45 44 36 38 39 37 45 42 37 38 39 43 44 39 45 42 40 40 38 45 45 38 39 35 41 41 45 38 43 41 35 39 44 37 45 40 45 38 38 35 45 45 40 38 43 38 41 38 41 40 45 43 39 40 43 43 36 41 37 40 36 36 40 37 43 42 42 40 38 43 39 42 42 40 36 41 38 43 43 40 36 36 40 37 36 
35 37 36 38 45 36 42 35 35 37 40 44 45 41 35 42 45 41 36 42 40 43 36 42 44 42 42 41 37 41 44 38 35 36 43 41 40 39 45 44 37 42 35 42 44 44 43 45 35 40 42 37 44 36 40 38 44 43 35 45 37 45 38 38 35 41 38 39 38 35 35 35 42 45 37 38 40 41 44 42 41 36 35 40 41 45 38 44 35 43 41 44 38 39 43 45 38 41 41 40 
45 45 35 38 42 42 42 45 37 42 41 37 43 39 40 38 35 42 37 36 35 38 38 43 42 43 36 45 36 35 38 43 41 39 39 38 39 37 40 35 40 44 35 44 38 41 43 43 38 38 40 37 37 44 44 36 36 38 40 37 37 43 36 43 36 41 40 39 38 37 44 43 36 41 44 45 41 42 38 40 36 35 38 35 38 39 35 44 42 45 40 42 39 40 43 35 42 39 43 40 
38 42 36 36 43 41 44 36 45 37 35 41 40 38 44 39 41 35 41 40 35 38 35 35 44 45 37 45 43 43 40 36 39 37 40 42 44 41 44 38 42 39 36 38 38 41 37 36 37 40 39 40 41 37 43 38 37 37 43 44 37 35 38 37 40 36 38 42 35 37 44 41 43 36 45 37 35 44 39 45 39 41 37 38 39 39 35 41 36 35 37 42 44 40 38 35 38 39 38 39 
39 39 42 35 37 45 36 42 44 44 41 38 36 44 43 41 42 39 39 36 39 37 39 37 42 37 45 38 44 42 45 42 42 42 38 44 42 42 37 40 38 37 38 43 38 38 38 40 36 44 39 40 42 39 37 41 43 39 43 45 45 37 43 39 38 41 40 37 44 39 38 39 44 39 42 43 43 38 37 38 39 38 37 45 39 45 44 44 42 45 35 42 37 35 43 36 40 41 41 45 
42 44 45 36 45 38 39 39 39 41 40 41 44 39 41 35 39 37 42 38 42 38 43 45 45 43 39 35 41 37 43 36 44 40 40 43 42 40 38 35 41 44 44 39 37 39 37 41 35 40 35 44 40 45 44 43 44 39 38 41 36 39 36 43 39 38 39 40 38 35 41 35 39 42 39 43 40 42 45 37 36 45 35 38 41 37 39 45 38 36 44 42 35 45 40 41 35 43 40 39 
41 39 36 45 37 40 38 41 43 42 42 37 42 44 42 40 42 37 39 39 40 38 38 43 37 38 42 35 43 43 41 41 35 43 38 45 40 35 42 39 38 44 39 38 38 39 35 40 43 45 39 38 39 45 44 41 36 39 43 36 37 40 42 45 41 44 41 40 41 36 42 39 43 37 42 43 44 42 39 44 44 36 42 36 43 38 36 42 41 35 43 35 39 39 42 41 38 44 38 43 
42 43 44 38 36 39 41 40 40 39 42 39 43 41 42 44 40 38 43 42 42 41 40 42 44 38 38 38 40 44 35 43 36 38 45 40 43 41 39 40 36 37 42 35 45 45 39 38 40 42 41 44 42 43 45 45 35 38 40 43 36 41 35 36 36 35 45 38 45 38 41 37 37 42 39 44 45 38 40 45 35 37 37 40 44 44 37 45 40 41 38 41 41 43 42 40 37 38 40 42 
36 41 38 38 40 37 44 43 41 36 35 36 41 37 36 41 42 42 42 40 35 38 43 36 42 44 45 41 38 45 44 43 41 42 42 38 43 37 44 43 40 38 45 43 38 40 36 40 43 42 39 35 40 45 44 37 43 39 43 35 38 44 35 45 37 36 41 45 37 44 44 45 35 44 35 39 40 45 45 44 36 39 42 38 39 44 37 37 43 39 45 40 37 41 39 45 41 41 35 42 
37 45 43 44 41 38 37 36 39 37 39 39 40 45 44 42 38 42 36 41 42 37 36 40 37 40 37 39 44 40 36 39 37 42 38 44 36 43 38 39 38 40 38 40 38 39 41 43 45 41 42 35 35 37 44 41 42 36 41 44 39 39 37 35 35 40 38 41 42 35 37 43 36 40 41 39 35 43 35 40 40 44 45 36 39 41 42 41 45 41 38 35 38 35 41 42 36 45 45 38 
43 41 42 36 43 44 44 41 39 44 40 42 40 42 36 44 43 44 39 42 37 42 44 41 44 45 35 38 45 39 43 45 38 41 35 40 37 39 43 38 44 43 39 37 40 41 44 37 44 43 36 42 39 42 36 37 40 45 36 40 43 37 41 39 40 40 37 40 45 42 36 45 45 41 43 42 43 42 42 41 38 41 36 37 40 35 37 43 44 42 36 36 44 42 43 38 44 38 38 36 
42 35 44 36 39 35 37 36 40 38 38 39 44 35 40 41 41 41 38 45 41 41 36 39 36 39 40 38 38 37 37 41 36 45 35 35 38 44 38 41 36 36 41 45 44 38 42 37 40 35 37 44 42 39 43 44 42 38 41 41 44 39 40 41 44 37 36 37 42 45 37 35 40 41 36 40 35 36 37 42 42 43 43 38 35 38 39 44 40 45 43 42 39 40 37 36 44 38 42 43 
35 35 35 35 42 43 40 38 38 45 35 35 40 39 44 40 44 45 45 39 44 45 41 40 39 42 41 45 35 35 36 39 38 38 41 43 43 40 45 45 37 43 45 37 37 38 36 37 40 43 44 37 42 43 37 39 44 43 37 43 39 40 41 37 43 37 40 36 45 39 41 38 37 39 40 36 43 42 39 36 36 40 41 45 43 36 45 36 39 41 42 42 45 37 39 38 42 40 45 45 
41 35 38 36 38 38 41 40 43 44 40 35 44 42 44 40 36 40 36 38 36 39 38 36 37 39 44 44 39 37 45 45 36 45 42 39 45 36 42 42 42 40 37 44 45 39 36 45 42 44 41 40 39 43 39 37 40 39 44 42 37 37 36 44 37 37 40 39 43 43 40 36 39 40 38 38 36 38 36 39 39 39 44 41 44 37 43 38 37 42 38 41 44 36 39 40 42 40 35 43 
42 42 42 40 39 45 35 45 38 39 41 36 36 41 42 45 40 37 38 36 38 39 42 40 42 44 45 38 39 39 39 42 36 43 44 40 37 39 37 45 36 41 40 42 40 40 38 42 45 37 37 36 44 40 40 36 41 45 35 42 36 38 38 35 37 44 36 44 36 39 37 44 43 44 37 35 44 39 37 37 45 43 35 44 35 37 42 40 38 38 43 40 44 43 35 40 36 42 41 45 
36 36 38 40 37 39 38 37 41 39 35 41 43 39 36 41 41 43 42 45 41 44 36 39 42 44 39 43 43 36 36 36 43 43 36 41 39 36 35 40 38 45 45 37 45 35 36 39 44 38 39 45 38 36 39 45 35 45 36 45 41 45 42 35 36 36 41 42 36 44 36 40 41 37 45 40 36 39 36 41 36 42 38 41 38 39 37 38 45 45 44 37 40 42 36 35 37 36 44 38 
45 39 38 42 43 38 39 39 41 44 41 41 35 41 43 35 40 40 37 39 39 45 40 45 41 40 37 38 40 35 37 42 41 35 36 44 37 35 39 41 42 36 39 37 43 44 43 36 37 36 39 35 45 44 37 37 38 39 37 35 35 45 42 40 38 42 38 43 42 40 36 35 35 45 36 36 38 40 37 43 41 44 41 38 42 43 38 39 41 37 45 40 41 36 45 37 44 45 40 41 
38 42 37 45 45 45 38 40 39 39 40 38 44 45 39 42 36 41 35 42 42 41 36 37 38 35 38 43 35 38 43 37 35 37 40 45 35 44 40 36 39 37 35 42 36 37 45 35 45 45 37 44 35 35 42 35 41 39 44 41 41 35 39 41 42 41 38 44 36 40 40 37 38 38 43 43 40 41 45 37 42 42 35 35 41 36 40 35 38 42 40 42 44 43 40 40 42 43 36 41 
37 44 41 37 44 36 37 45 40 37 42 40 36 41 40 38 35 35 43 35 40 41 41 41 43 43 35 40 42 40 35 45 39 42 35 40 40 40 40 37 37 35 43 43 40 45 44 36 43 40 39 45 41 44 38 45 43 42 36 45 39 38 44 42 40 45 37 40 42 42 43 37 41 42 37 37 41 42 38 42 45 39 41 37 37 38 36 36 42 40 41 41 43 36 40 40 44 45 36 38 
41 38 36 40 38 40 43 45 45 41 44 43 37 35 35 45 36 40 41 43 45 44 43 44 37 40 36 42 38 40 44 42 44 43 41 39 42 44 42 38 44 45 37 41 37 38 37 39 42 44 36 37 35 36 41 44 43 38 43 39 43 37 36 36 37 39 36 40 36 43 45 45 44 39 45 41 45 45 42 43 41 41 42 40 39 42 38 37 42 44 42 38 44 40 42 41 37 44 41 37 
35 41 39 44 41 43 43 44 36 39 45 42 40 42 40 40 44 43 40 36 39 44 36 41 44 41 37 42 41 43 43 43 44 42 44 38 45 44 38 42 42 37 42 45 38 42 36 39 42 38 35 39 36 41 37 42 45 38 44 45 35 39 38 45 36 43 37 35 41 45 45 44 41 45 35 35 38 36 45 39 43 35 39 40 44 41 45 42 45 43 40 43 38 37 37 40 39 38 40 40 
41 35 42 44 36 37 41 44 42 42 35 40 39 35 41 36 44 43 45 45 40 40 37 44 44 38 40 42 37 35 41 39 42 38 40 42 41 45 44 40 40 43 37 40 41 36 42 36 41 40 38 35 37 40 37 36 45 42 40 43 42 39 40 39 35 41 45 45 40 38 42 43 38 42 40 38 44 44 44 37 38 45 38 35 43 36 39 39 38 41 44 42 44 36 36 41 43 39 38 43 
43 39 38 43 44 37 36 40 37 36 40 44 40 42 43 37 43 38 42 36 44 35 36 35 39 35 43 37 41 40 40 36 43 37 35 38 43 45 45 36 37 36 44 42 42 35 42 43 43 35 40 39 36 35 37 43 44 41 45 42 38 37 38 42 35 43 40 42 45 42 37 44 38 38 37 45 35 44 43 45 36 36 38 35 37 41 42 41 44 35 37 45 35 44 40 41 37 45 43 39 
38 45 37 42 41 42 38 43 43 39 42 40 45 37 36 41 41 43 38 43 45 41 36 36 44 41 35 35 37 38 36 35 45 44 40 37 41 39 36 41 41 43 37 37 45 36 39 45 38 36 45 44 35 44 37 43 37 37 42 39 42 41 44 38 38 40 43 36 39 38 39 43 43 43 37 36 35 42 43 40 39 37 35 45 39 42 35 41 36 40 42 44 40 37 36 40 41 42 37 44 
236 9022
275 10324
177 9494
251 8485
159 10503
223 8860
163 10012
158 11652
234 9969
211 9493
284 10660
151 9125
200 8130
192 11127
152 9517
195 11923
244 9092
181 9054
243 9279
269 8683
154 10781
290 9071
202 9559
190 11661
239 9000
224 10409
223 8460
181 11845
193 11823
214 10116
232 8009
221 8762
249 9774
299 10938
265 8010
265 11225
216 11863
271 10212
219 10910
295 11518
220 11230
269 9060
230 11274
224 11615
158 9443
240 10810
274 9131
209 8684
234 9129
248 11205
214 9331
268 10353
258 9990
160 11114
284 8553
169 8837
239 10511
254 11872
212 10877
275 10389
251 8197
164 11419
270 10775
278 11893
277 11817
251 8744
192 10835
191 10376
269 8246
216 8225
167 9703
280 10480
267 8491
187 10318
164 9813
206 9608
193 9346
294 10864
209 11505
165 10801
222 10719
226 9415
252 11689
182 10828
239 10930
277 9892
226 8012
196 10938
174 8587
156 11857
160 10221
160 9142
244 9640
294 11747
256 11538
177 11916
179 9859
278 10270
174 9044
297 10079
888 960 957 876 947 885 990 933 801 986 833 828 919 946 855 813 891 861 850 852 924 835 916 854 939 815 944 915 969 901 842 807 841 895 935 906 828 802 814 835 917 842 906 966 846 803 844 915 859 952 831 978 836 833 980 880 984 908 928 900 997 917 975 989 892 829 870 979 853 876 840 870 838 893 825 950 852 831 980 977 924 924 829 985 984 847 875 872 815 815 808 944 978 830 996 871 947 907 934 944 873 804 813 917 899 904 916 908 991 979 894 873 899 968 863 949 805 938 808 822 968 891 902 936 899 996 841 950 872 973 817 886 812 899 985 834 833 945 964 887 975 963 915 963 837 995 982 925 991 863 808 849 886 843 923 960 912 885 850 838 813 890 989 950 803 983 804 858 922 931 805 966 976 934 957 895 997 864 971 994 838 988 973 902 840 870 972 834 973 805 906 916 889 909 955 949 878 800 952 988 
867 920 808 975 998 926 1000 818 899 998 808 997 969 872 889 813 906 952 989 906 983 993 931 953 973 972 949 851 818 842 904 963 831 855 946 828 935 955 939 993 973 935 940 858 889 957 893 912 899 975 817 933 860 867 821 845 908 972 839 804 994 811 885 924 840 879 837 855 891 923 948 935 960 972 801 960 956 980 904 811 849 826 862 971 890 922 860 994 837 936 874 801 965 972 841 866 927 980 907 966 875 917 811 935 882 877 952 913 981 834 805 960 898 992 909 852 901 897 803 906 818 933 857 918 828 917 915 833 952 959 920 894 865 866 907 825 856 939 965 812 942 849 972 943 809 831 827 980 950 834 811 848 928 931 934 939 822 937 943 951 813 967 954 887 862 903 815 916 904 804 878 918 920 911 905 906 835 950 869 865 834 862 875 889 934 906 807 962 815 964 869 909 931 965 852 818 850 879 933 857 
885 968 908 851 970 805 909 814 931 960 873 844 925 968 997 935 846 979 886 824 973 971 999 873 997 881 905 984 809 891 822 980 897 975 825 897 950 835 910 935 872 948 925 885 847 880 822 993 910 804 990 911 802 925 999 836 852 950 887 1000 961 886 844 895 827 874 814 954 912 909 954 930 977 894 802 996 972 975 860 870 882 972 953 855 944 827 893 869 940 922 831 822 808 842 946 967 865 957 932 918 975 840 843 929 968 985 979 887 898 868 825 956 944 837 800 943 905 945 957 938 863 821 916 902 974 928 809 805 966 837 858 854 968 866 907 855 925 845 879 801 915 851 802 857 975 921 863 964 979 924 994 971 979 864 848 972 912 862 892 837 949 943 940 862 958 801 822 800 910 826 842 902 891 884 975 838 954 825 916 950 869 806 962 979 823 885 963 959 804 981 870 810 923 862 841 951 855 974 975 811 
998 972 980 981 902 834 937 859 903 885 863 848 838 828 895 981 890 852 996 825 968 907 878 992 996 910 921 972 898 865 858 890 961 835 871 843 860 814 973 845 975 858 885 905 859 914 906 921 887 866 949 801 989 983 938 949 869 887 935 960 938 851 910 806 875 973 837 833 847 852 912 971 933 806 989 979 926 931 979 803 902 959 952 814 887 888 828 999 843 1000 947 878 913 845 970 833 898 881 987 938 940 929 926 834 958 855 867 956 968 961 934 843 985 883 998 874 945 965 959 813 827 917 945 983 882 968 829 807 980 932 894 887 867 974 815 814 817 997 826 911 817 969 925 821 878 881 908 830 855 889 923 983 885 915 887 837 890 927 858 801 918 963 804 874 875 908 848 939 846 917 943 986 985 889 918 856 989 861 881 923 978 894 890 988 927 932 971 809 959 885 979 930 983 968 915 968 895 894 988 854 
984 896 829 902 952 881 991 857 846 926 933 861 913 922 988 998 961 946 819 819 920 948 887 894 850 894 990 857 829 884 845 959 988 906 946 895 894 901 983 923 891 808 877 927 982 973 951 837 945 898 937 943 878 971 871 837 893 925 863 922 926 829 983 985 982 852 937 843 968 975 827 922 915 885 872 895 886 860 887 930 993 956 891 868 819 851 811 991 956 969 940 862 917 908 930 960 882 815 872 842 816 826 813 851 920 924 985 865 994 882 822 968 800 961 847 872 921 862 958 979 988 902 825 800 977 914 860 834 927 989 929 833 928 926 909 905 886 915 840 905 880 963 993 851 993 929 891 869 895 867 959 992 985 911 1000 922 930 901 820 808 876 851 931 949 969 987 806 811 970 993 941 944 907 867 985 894 911 895 895 838 990 928 942 992 836 911 817 978 882 955 917 995 826 962 916 973 867 991 832 825 
810 819 960 978 893 871 861 905 977 852 930 926 881 951 905 873 886 857 997 989 945 837 800 839 808 944 919 913 921 825 954 925 918 939 961 990 891 901 886 947 920 904 803 871 930 834 910 850 947 965 882 994 848 932 904 886 937 945 953 845 994 920 981 956 831 837 829 808 996 997 900 876 862 916 895 958 927 831 898 885 831 935 826 824 849 845 872 812 803 853 969 864 943 856 958 866 919 924 869 941 912 864 975 956 963 811 993 909 877 862 877 873 941 924 938 937 864 984 918 884 830 812 952 932 931 820 953 981 909 941 854 976 855 873 963 846 831 867 891 999 898 848 823 863 924 887 812 983 850 836 903 870 961 986 925 956 835 971 981 998 861 831 876 928 915 904 973 828 814 925 928 946 931 981 916 910 939 962 898 937 876 895 897 995 957 973 909 922 837 997 938 869 993 852 834 814 826 835 983 828 
973 904 905 836 980 829 936 849 856 813 895 882 953 956 857 860 971 942 1000 988 949 944 863 836 959 945 916 916 802 944 904 852 880 970 951 906 885 822 938 863 932 883 831 960 982 820 912 972 886 892 971 921 885 816 816 951 923 958 895 883 808 871 834 990 932 992 888 872 898 957 1000 830 919 993 821 806 950 1000 867 809 891 826 824 929 835 962 924 992 820 833 898 920 903 973 962 885 896 871 839 880 885 888 988 817 918 835 879 944 858 941 984 961 873 858 957 926 907 958 815 992 902 978 933 962 940 955 825 885 910 803 989 827 884 979 895 863 866 956 896 889 857 889 964 964 973 805 853 894 892 955 922 857 878 927 964 1000 846 863 914 989 848 928 979 940 937 998 955 918 918 815 832 983 892 938 886 939 846 911 851 861 934 894 818 905 999 820 855 958 991 811 942 818 827 800 940 856 876 935 816 824 
804 862 952 812 927 888 979 996 997 827 966 865 824 893 847 934 897 963 842 841 926 871 961 943 988 906 937 959 998 976 831 954 888 816 879 925 923 802 841 879 946 987 962 921 860 833 838 954 837 833 854 917 898 921 944 889 824 929 937 878 852 803 850 834 814 905 915 1000 986 985 990 863 929 964 816 986 973 861 884 894 990 934 925 869 929 819 953 989 921 957 950 929 856 966 974 978 915 857 812 992 958 935 952 871 937 859 960 952 916 987 831 806 890 875 986 940 842 802 922 931 942 976 958 827 999 905 821 918 983 895 950 812 895 848 870 931 936 963 857 816 870 908 872 924 946 925 929 947 821 845 886 938 919 825 803 900 830 808 986 972 935 974 987 964 858 959 994 884 889 997 867 803 824 920 809 895 878 860 808 800 923 831 968 905 856 977 867 974 979 994 913 832 951 815 826 972 916 841 915 874 
864 958 840 926 852 826 891 889 991 995 815 876 865 920 813 855 879 993 956 863 989 924 843 855 937 945 984 896 992 837 949 911 815 906 959 895 894 861 906 801 970 877 883 800 913 842 836 867 937 914 971 978 916 906 830 925 932 846 962 999 823 912 974 922 874 922 945 848 933 811 902 825 819 944 901 998 907 976 969 926 893 951 916 945 925 842 916 877 840 951 865 826 946 836 888 900 942 950 883 827 837 945 926 823 895 994 857 926 851 974 917 953 960 911 907 866 917 999 973 807 925 866 833 888 933 982 946 990 917 991 942 813 826 821 875 967 943 816 897 855 992 838 964 928 958 834 909 812 949 833 956 811 821 912 879 936 866 807 856 830 828 994 986 945 885 964 958 982 810 903 811 802 988 821 971 971 820 955 937 803 812 989 891 863 905 906 904 876 951 974 883 835 848 888 996 892 844 985 975 812 
860 923 948 853 854 935 905 856 984 857 907 925 881 825 905 952 834 860 946 980 871 868 955 876 835 986 851 982 999 857 871 816 966 908 993 849 968 898 992 976 821 808 917 929 895 806 943 945 802 816 970 823 863 929 928 956 936 841 850 923 872 900 980 926 999 981 837 856 990 884 885 971 894 932 800 870 859 947 946 812 984 906 977 868 816 953 935 971 803 961 851 957 903 807 902 866 988 902 951 860 826 886 986 978 947 962 971 955 866 935 901 900 858 954 1000 926 991 934 942 908 986 866 817 909 896 812 805 914 954 886 872 807 994 908 989 957 850 943 939 871 883 860 808 939 879 912 809 802 912 997 891 887 874 985 810 886 807 912 988 892 923 907 852 880 986 1000 955 962 950 979 883 988 861 1000 893 861 805 824 913 907 995 855 810 819 813 967 924 948 994 826 944 824 996 854 950 887 823 888 955 931 
903 808 896 861 920 928 983 841 834 992 983 929 883 834 801 961 963 989 953 916 962 819 991 1000 999 924 828 852 936 846 898 978 986 986 856 845 984 826 878 802 873 903 881 845 909 834 894 837 837 928 986 927 995 909 958 940 962 871 902 801 847 978 866 913 862 891 845 957 933 823 981 918 972 825 831 922 928 848 891 868 884 984 888 953 860 908 824 985 946 960 915 994 856 801 861 934 850 848 900 836 889 880 968 854 958 896 994 926 853 878 960 928 854 958 987 950 964 887 970 876 826 831 844 876 913 841 908 996 869 960 899 840 809 946 903 803 853 803 973 972 901 976 970 808 926 897 954 940 881 818 908 887 989 824 889 893 800 934 878 818 1000 935 860 888 852 961 861 854 931 855 889 957 980 871 935 942 909 959 821 951 994 879 899 904 965 978 940 825 850 871 990 913 983 821 889 996 825 884 928 883 
812 954 964 844 839 917 911 931 990 865 844 923 973 876 912 856 838 960 864 931 900 958 908 937 904 914 821 970 826 957 835 811 933 822 941 863 975 835 997 909 985 858 913 931 999 915 814 839 830 978 997 927 967 818 903 906 821 850 952 921 977 821 938 968 921 900 850 917 882 857 971 817 819 805 971 850 973 821 818 908 809 836 938 805 974 810 909 907 1000 939 940 994 967 900 801 969 935 815 852 867 807 991 988 908 806 920 975 981 935 995 909 961 989 892 955 978 985 882 880 944 905 881 839 989 922 806 895 805 947 810 872 991 868 1000 833 983 937 862 933 974 899 965 893 874 905 986 818 867 845 820 928 841 931 842 970 991 973 900 974 821 859 935 947 980 921 971 816 907 819 909 926 959 898 868 882 954 875 815 857 927 828 809 916 998 809 953 890 935 804 841 925 936 951 931 801 886 943 861 951 944 
978 875 904 800 840 851 940 1000 881 925 847 959 926 920 967 919 882 873 907 811 800 836 904 900 862 844 967 969 961 906 872 895 806 987 942 829 989 888 834 913 922 963 805 985 868 965 882 960 832 862 953 882 809 927 869 878 862 979 845 932 843 809 852 999 866 926 988 919 988 815 896 866 972 932 919 823 954 964 955 893 890 823 934 864 832 905 869 904 806 831 929 976 800 1000 840 824 800 810 908 865 985 863 996 869 960 835 869 952 880 859 961 920 959 869 961 991 980 835 878 866 811 946 921 875 990 804 991 994 952 823 992 903 937 902 801 956 845 935 923 894 897 996 972 866 955 971 852 954 961 813 880 873 815 807 920 929 800 992 896 989 909 803 825 921 869 949 861 931 926 922 1000 999 977 839 827 930 802 820 846 826 995 821 932 988 818 942 907 854 866 857 899 883 961 934 849 910 858 836 973 831 
893 867 927 838 967 991 874 828 902 826 954 917 947 830 959 870 878 988 890 836 838 957 966 946 807 870 839 999 963 981 967 994 805 949 997 997 828 813 912 835 801 878 837 821 927 997 858 870 904 847 870 806 926 868 990 977 803 970 899 919 896 899 808 926 833 962 806 827 912 838 972 999 911 918 969 970 929 896 914 941 805 834 979 951 848 838 859 997 908 862 932 907 918 884 837 989 867 997 887 907 845 934 868 832 973 831 872 915 955 844 932 928 839 834 910 868 973 854 890 819 871 950 849 982 989 975 871 898 931 838 849 849 958 916 801 871 853 912 807 922 829 965 936 823 925 969 905 946 950 813 804 892 930 830 973 822 983 982 820 914 971 889 828 866 961 920 862 809 829 970 995 946 849 985 968 906 809 907 913 920 831 806 890 889 958 841 823 987 895 899 849 808 913 949 809 832 906 868 897 927 
974 884 830 847 958 812 950 822 936 976 999 942 993 997 934 939 887 848 811 929 970 805 995 974 862 850 950 865 894 865 866 896 809 903 853 985 813 906 943 850 928 884 934 985 840 807 816 900 906 948 950 885 854 842 854 895 936 841 968 964 922 979 987 958 817 961 808 823 978 926 844 991 807 991 804 991 935 913 819 857 816 802 817 952 905 923 965 928 873 846 929 918 967 969 876 869 908 986 839 829 966 875 818 963 820 885 872 991 979 886 977 910 936 946 968 982 961 832 822 952 804 860 916 822 943 823 958 841 868 954 824 924 828 822 850 964 856 900 806 807 837 913 974 825 934 966 829 943 903 870 985 908 883 911 935 854 848 830 816 932 841 841 831 967 858 933 962 870 866 989 948 926 834 807 918 983 818 817 818 977 928 940 875 901 870 915 847 839 816 887 806 828 906 802 851 958 895 970 849 972 
934 983 886 911 937 831 954 905 805 930 970 876 809 800 933 955 913 953 990 846 829 827 897 909 880 945 934 989 981 931 889 956 921 883 956 822 954 840 868 803 877 995 808 972 879 922 872 892 839 998 815 969 974 986 950 875 823 973 947 891 933 941 830 880 968 847 834 975 907 851 909 883 982 830 963 900 975 902 899 949 905 887 856 813 900 811 989 981 830 891 852 932 982 896 836 859 903 932 805 904 886 994 875 991 993 930 960 918 825 911 909 973 988 804 879 880 965 862 842 899 910 807 930 938 828 869 971 979 969 860 959 971 867 853 930 911 916 848 972 992 816 919 919 992 931 877 829 938 983 988 874 960 852 857 999 936 835 999 852 929 905 873 840 894 830 817 912 992 991 962 993 880 994 1000 824 822 841 839 930 800 870 906 818 912 908 972 884 951 959 933 807 904 920 933 851 937 926 964 980 962 
925 891 846 832 908 915 913 890 821 858 993 977 815 847 805 924 994 967 997 945 986 874 830 892 974 844 812 909 910 977 934 931 976 972 905 852 970 995 942 939 856 997 904 895 929 948 998 800 877 939 988 920 996 981 942 826 817 896 879 809 990 816 867 991 964 941 991 988 959 886 879 968 831 925 952 892 914 881 870 808 888 810 876 941 832 843 921 822 819 947 974 827 817 840 904 861 860 834 858 907 906 922 983 891 945 817 937 855 936 901 974 908 826 907 894 849 950 820 963 828 928 828 882 998 853 844 960 911 905 832 915 899 952 877 865 818 830 924 953 835 815 837 822 856 853 881 951 924 949 946 930 929 887 961 954 813 810 927 893 862 964 843 881 978 997 922 958 852 907 998 845 866 941 963 898 986 816 902 837 962 849 994 917 892 870 948 824 957 969 881 891 886 958 957 914 821 913 820 844 898 
824 903 803 933 802 930 861 953 818 986 995 871 962 934 910 875 846 896 989 972 951 906 984 863 870 901 807 999 868 911 938 933 907 812 994 853 828 860 905 934 897 862 890 891 856 857 835 973 817 978 854 865 835 963 999 977 992 986 975 836 837 833 910 872 826 824 830 994 876 903 903 811 816 866 953 988 808 943 903 868 956 886 816 973 802 910 930 976 814 941 923 913 977 956 980 940 992 981 902 933 932 980 923 808 883 884 959 824 991 944 1000 908 947 862 902 870 839 963 861 980 861 857 990 962 817 824 909 916 894 911 1000 990 851 908 935 954 990 888 948 929 979 932 875 804 988 867 852 994 852 860 988 939 806 851 994 917 861 881 986 830 979 958 881 923 887 842 902 976 921 998 807 948 881 864 971 954 808 973 994 907 937 953 949 961 801 839 822 824 919 859 920 920 822 980 805 889 993 905 831 903 
902 952 996 843 953 980 868 967 839 908 979 947 856 808 847 817 947 970 893 804 881 908 806 886 922 886 827 946 882 867 916 850 976 850 884 811 832 992 942 994 834 882 857 868 831 896 966 949 842 828 837 943 899 835 821 811 860 883 825 923 852 947 855 965 929 962 853 969 979 839 894 942 964 811 970 933 988 925 820 987 983 827 828 991 881 849 917 891 830 961 829 881 860 806 858 877 836 983 980 840 967 951 876 944 975 810 989 808 918 933 884 812 842 987 934 874 817 822 856 819 877 916 941 850 903 827 982 912 929 1000 815 907 942 914 840 956 819 871 893 959 895 816 964 886 924 953 977 898 933 847 849 822 980 913 954 895 926 821 900 889 984 904 893 920 850 956 954 959 913 937 915 815 891 979 816 870 822 883 862 841 1000 822 945 866 938 826 882 979 818 863 813 963 881 897 942 812 858 973 973 803 
929 803 987 944 839 868 928 960 826 934 986 835 884 952 964 929 887 816 982 955 918 989 843 843 997 924 889 936 853 958 877 818 937 932 913 981 920 885 970 834 868 955 866 904 803 863 929 915 940 890 903 981 878 925 932 841 807 975 981 907 843 882 920 964 970 922 906 985 984 894 891 935 831 800 819 826 887 871 966 995 859 867 947 884 987 996 882 860 810 988 986 872 862 926 993 863 986 942 915 968 942 891 803 812 920 929 816 899 841 929 1000 828 952 926 810 846 915 967 939 936 954 978 997 990 926 958 819 994 821 945 960 934 873 969 844 934 805 871 918 968 836 834 921 993 995 958 856 872 816 854 867 867 947 911 899 889 998 992 858 940 911 851 822 972 868 802 960 816 914 971 801 902 910 853 996 976 826 836 852 985 971 876 925 877 886 844 897 854 900 962 837 987 803 856 905 859 965 965 813 836 
941 941 944 870 994 849 879 853 981 955 991 996 931 853 884 954 975 887 864 856 915 941 811 883 986 875 911 940 897 953 944 974 978 896 887 927 994 910 863 966 918 886 922 868 990 878 994 856 992 887 871 972 929 831 845 912 847 998 839 815 812 901 946 953 900 825 852 973 919 823 810 826 819 855 913 974 846 987 914 851 962 889 905 912 829 933 956 945 991 858 873 907 902 959 828 921 804 872 923 824 865 853 838 928 991 900 837 888 941 981 827 833 896 827 880 904 993 984 805 887 841 997 905 881 955 931 870 868 824 829 837 964 968 824 875 972 804 810 844 885 811 951 820 914 862 881 827 990 878 850 933 912 802 928 826 875 879 910 817 860 849 821 894 862 888 923 976 880 818 984 855 822 849 931 942 830 1000 984 888 839 823 857 858 879 908 910 858 971 883 948 804 896 942 974 831 813 973 892 982 908 
846 865 865 819 986 812 927 891 839 991 977 822 883 899 896 821 977 839 875 844 853 945 998 829 878 954 961 905 819 802 852 878 817 808 815 893 906 961 815 846 949 932 981 883 850 919 855 888 987 836 940 910 918 882 843 826 969 979 822 881 827 955 827 906 909 816 893 993 827 887 913 836 994 937 849 890 971 840 811 888 966 885 849 821 988 882 991 867 823 887 871 956 803 918 922 820 846 863 889 922 850 903 967 941 917 881 848 812 906 874 855 898 985 996 944 933 952 918 839 987 889 920 823 886 887 835 905 862 897 991 993 822 859 955 947 884 849 861 980 802 845 821 988 996 942 985 964 964 872 940 811 856 882 843 929 846 871 806 934 853 848 966 823 888 847 978 870 843 822 970 818 831 909 860 916 992 929 826 930 845 851 976 972 959 850 898 979 952 986 860 954 996 880 861 850 961 911 913 861 840 
828 962 962 989 832 984 974 866 862 909 948 829 930 888 853 912 986 869 963 896 909 983 928 993 904 832 955 845 813 935 916 845 931 882 869 870 929 969 889 827 822 805 953 995 830 984 875 807 838 924 989 887 996 821 808 992 801 851 863 977 892 839 905 939 918 941 998 863 964 984 998 826 948 938 878 884 930 810 971 912 861 851 946 904 845 945 804 990 875 892 960 820 944 848 801 851 858 814 892 844 962 952 914 842 809 805 929 973 858 820 888 955 855 870 879 922 919 919 948 897 901 809 940 964 955 804 860 903 822 987 994 840 971 843 965 838 816 981 968 862 878 866 857 978 909 975 970 892 825 952 910 829 839 916 984 909 885 832 994 832 897 843 836 875 882 983 912 972 901 838 922 958 939 968 880 971 902 863 842 839 820 819 962 951 969 817 887 833 936 879 982 963 970 916 873 831 933 919 951 980 
816 829 988 820 920 896 911 833 966 812 838 953 834 809 839 840 948 921 997 843 870 847 873 964 803 853 913 998 812 901 869 983 921 924 848 995 862 881 925 845 846 818 973 834 903 873 839 911 815 851 850 961 921 954 840 816 941 938 808 936 853 883 801 933 963 957 836 832 925 816 811 999 995 996 996 856 911 946 898 945 859 972 919 865 895 985 880 905 920 855 843 912 898 884 925 807 825 813 849 817 998 816 978 855 840 954 912 899 876 831 883 917 866 852 982 947 901 954 923 860 910 808 910 882 909 850 920 996 838 953 941 939 880 852 895 873 905 931 974 884 906 815 820 967 805 920 851 874 961 850 931 979 947 950 896 841 994 916 921 933 973 909 993 881 928 991 868 968 909 960 935 840 876 896 985 961 965 886 948 814 830 828 866 885 973 840 867 996 997 829 921 929 810 894 803 923 880 924 858 905 
901 922 880 866 909 929 971 1000 874 940 983 933 985 999 837 977 800 971 935 942 918 871 857 811 973 969 859 985 895 869 946 871 959 852 817 997 808 933 809 871 977 802 968 851 869 986 931 801 800 903 841 861 894 865 878 867 835 918 920 969 805 838 891 860 884 923 881 888 986 918 862 886 869 973 943 872 877 960 817 929 834 956 811 976 802 839 939 1000 977 805 817 894 873 960 925 870 811 856 968 957 878 886 845 845 800 992 851 835 984 908 902 915 811 942 936 926 995 899 813 1000 880 867 949 896 800 971 926 982 958 982 873 987 906 858 838 881 868 872 909 918 952 940 914 997 959 822 917 905 992 936 933 801 898 1000 871 944 816 933 951 948 917 846 999 907 904 893 881 986 923 853 970 913 965 850 920 852 873 803 836 861 824 872 802 839 826 965 998 869 934 805 966 831 994 966 877 936 859 863 833 925 
937 947 946 995 879 864 903 945 801 965 883 893 924 930 870 967 806 932 977 956 962 881 946 908 958 919 945 928 850 900 941 900 939 875 800 900 872 904 989 804 801 804 958 905 964 926 966 918 988 837 997 801 908 995 974 977 898 898 995 827 925 836 800 932 930 937 800 856 866 804 862 889 892 980 919 978 904 941 992 851 897 885 814 821 858 914 833 857 962 942 843 878 975 823 892 823 934 846 929 825 923 879 915 991 801 975 903 904 802 964 816 872 966 911 965 990 924 817 851 992 930 830 886 852 805 807 844 864 917 923 997 946 885 978 981 967 867 846 899 874 864 902 840 969 881 850 897 916 938 973 994 878 877 980 907 818 816 816 862 943 918 894 883 975 915 851 987 896 903 806 806 924 894 853 971 930 827 936 955 908 947 811 938 974 885 989 995 921 985 826 806 907 953 808 992 956 952 878 806 811 
866 906 837 812 960 850 824 918 961 896 971 957 818 949 974 867 877 953 869 831 824 877 900 804 946 967 887 879 836 894 885 956 851 977 829 999 910 956 998 945 806 931 926 918 801 806 854 926 966 960 953 973 972 819 813 980 925 822 869 952 869 811 834 921 922 886 836 932 987 893 839 908 815 850 886 863 913 915 890 803 960 874 914 877 986 936 872 888 971 972 837 814 825 918 813 804 849 950 937 846 900 911 923 942 900 846 968 925 930 849 937 836 894 891 858 949 901 818 811 875 906 949 974 801 858 831 942 943 958 919 884 841 910 837 953 928 875 886 962 998 832 899 898 962 817 884 900 949 821 841 957 962 992 916 936 803 948 979 840 812 940 890 919 818 913 947 833 877 851 800 809 946 878 939 933 851 808 975 969 826 864 959 884 954 833 898 846 981 814 840 835 876 855 994 857 810 950 905 820 843 
874 914 936 935 847 936 992 889 995 899 823 833 801 937 931 870 844 822 999 862 827 823 915 895 838 901 890 886 899 981 869 864 816 873 838 995 858 916 947 950 946 917 965 933 802 894 848 920 931 832 951 853 923 850 940 993 816 807 990 979 965 828 802 905 814 989 910 815 889 924 864 897 866 892 962 964 959 857 922 842 871 836 814 930 989 971 865 875 870 825 984 943 813 992 995 824 836 893 811 912 807 884 812 957 822 980 871 968 936 988 918 863 874 805 913 859 803 890 830 804 877 879 859 997 879 911 961 898 862 846 889 833 802 897 971 931 808 976 983 997 914 897 975 999 979 865 979 927 948 844 997 940 876 876 995 990 858 984 984 927 955 987 995 871 864 933 889 868 901 808 965 881 809 874 878 943 881 844 847 813 877 843 820 977 942 861 908 832 939 907 802 996 915 892 882 847 896 916 804 912 
931 903 923 992 899 903 825 875 887 897 838 995 885 894 861 866 978 961 961 925 971 975 976 811 906 942 848 971 927 895 1000 850 945 874 820 876 901 975 820 979 850 828 844 959 855 959 830 849 904 821 947 910 935 992 922 950 994 1000 992 878 948 856 837 905 943 844 878 925 826 908 846 991 980 854 992 933 983 841 945 828 920 854 971 805 821 967 978 998 976 943 949 860 999 848 991 808 855 861 977 818 994 910 924 912 917 939 973 947 907 942 872 869 886 992 921 830 865 894 976 940 945 909 969 955 934 819 862 834 996 883 829 923 870 950 838 948 845 881 927 838 956 958 950 822 825 811 874 820 881 872 843 993 986 913 983 897 916 931 959 916 815 965 867 933 949 854 946 870 810 815 892 966 855 980 950 958 816 925 890 987 923 909 990 870 813 924 849 915 958 825 869 874 867 865 937 936 954 866 862 829 
955 900 817 954 963 811 862 815 878 977 872 830 1000 980 918 861 967 844 802 801 872 978 807 822 863 819 850 841 804 874 951 875 949 967 802 892 912 961 870 814 921 895 872 958 952 933 803 874 894 981 803 907 978 939 808 908 898 957 882 817 986 848 986 803 1000 890 973 973 899 902 875 994 806 808 902 868 974 810 898 858 949 848 869 901 935 955 818 974 895 837 875 999 957 888 907 855 971 851 926 864 815 882 886 932 909 970 973 952 840 893 997 942 951 821 850 903 814 884 973 929 813 993 916 977 933 862 877 853 948 963 934 911 933 944 998 987 820 870 897 985 877 921 992 960 848 820 992 949 949 958 916 869 919 825 836 849 970 817 932 812 900 945 914 801 802 951 859 888 865 809 824 984 818 814 951 954 971 828 805 950 937 896 938 874 905 965 896 949 919 833 995 933 841 841 875 974 811 943 972 855 
839 800 865 871 845 894 893 879 855 842 981 876 938 825 810 920 965 833 951 924 982 915 820 872 897 985 806 882 994 960 980 802 842 872 825 997 963 895 962 952 855 861 890 892 965 831 929 975 877 879 838 866 980 824 844 920 858 814 987 955 956 824 896 963 809 827 994 981 985 975 847 973 937 870 980 810 884 874 942 947 924 812 898 960 877 936 812 919 870 873 910 916 963 893 945 806 942 996 925 851 847 951 849 828 909 955 913 884 852 996 985 880 850 958 966 966 823 968 854 998 930 968 953 804 960 873 890 886 832 809 933 895 960 801 893 930 877 882 824 944 984 839 925 947 937 817 959 857 988 876 989 950 872 977 860 951 883 994 802 912 836 844 845 913 867 917 842 938 900 857 829 937 902 849 867 885 989 941 822 832 870 980 984 949 984 828 862 883 922 925 900 985 955 926 816 879 895 848 868 950 
974 819 868 868 915 915 883 869 928 909 969 957 984 909 973 949 926 842 849 921 853 989 826 893 906 856 808 840 922 809 818 905 816 894 910 967 981 823 941 875 893 872 970 885 855 951 814 912 997 940 944 997 807 949 829 951 966 981 844 985 991 801 984 978 806 976 885 896 967 940 857 804 985 928 818 905 994 967 855 888 802 958 903 931 941 934 950 882 971 817 931 926 853 881 869 899 907 851 968 914 803 805 920 990 963 808 848 888 846 972 961 897 935 936 833 831 905 827 847 804 941 916 811 828 911 879 902 898 888 946 970 891 841 844 868 927 847 991 964 994 838 824 810 879 863 962 848 826 901 870 824 852 846 909 810 859 944 832 941 850 852 846 879 901 853 878 895 808 836 848 976 891 935 897 881 975 877 967 881 907 911 954 874 920 946 844 967 986 848 941 888 918 966 913 972 832 986 910 814 834 
964 986 891 911 837 881 894 901 1000 868 845 983 826 918 881 837 923 820 938 891 999 857 982 828 980 883 868 808 933 803 816 896 922 836 956 908 886 851 801 995 894 828 936 960 965 807 906 836 836 890 996 986 973 943 805 985 923 890 993 859 827 934 914 899 967 847 845 845 875 828 850 902 851 817 990 884 849 958 861 844 847 826 840 909 861 841 901 875 887 869 823 966 857 990 846 906 939 859 920 828 915 994 952 861 831 828 937 816 982 996 856 937 945 879 905 867 814 930 960 805 846 855 867 912 971 904 832 911 925 947 971 983 856 817 838 882 827 848 968 967 872 972 902 1000 878 830 956 855 956 865 816 833 802 846 936 873 893 919 998 832 917 852 927 938 928 883 914 924 847 960 849 982 872 814 940 874 864 806 964 958 993 858 837 954 926 800 914 873 830 942 960 859 853 954 904 873 852 803 948 861 
848 851 914 846 920 875 892 899 852 962 804 826 894 987 805 947 977 985 922 921 848 975 819 897 995 804 892 854 825 819 879 876 973 893 804 858 959 901 885 952 956 876 830 830 909 893 986 871 870 813 927 868 916 864 887 832 888 953 941 916 993 819 892 995 997 816 834 886 936 901 939 839 922 805 848 927 961 880 853 889 945 891 891 927 873 944 816 829 918 851 934 974 973 814 966 982 874 844 834 946 901 864 991 851 904 944 810 830 818 857 993 982 967 839 991 868 829 940 904 892 901 861 881 987 983 845 823 826 822 827 809 983 871 865 817 948 877 960 988 874 805 981 982 926 952 924 999 853 939 964 879 859 835 881 844 871 878 832 932 990 811 892 841 943 822 999 871 944 958 835 849 949 868 927 808 906 890 842 992 834 874 901 889 902 948 1000 816 977 807 806 860 916 989 951 933 917 817 876 941 903 
904 872 884 998 994 992 815 951 817 841 867 945 803 957 974 954 815 996 990 901 890 876 890 847 816 914 941 987 952 899 844 885 817 894 860 869 891 920 990 988 980 820 989 944 998 810 976 803 874 870 960 988 970 903 987 904 991 895 829 804 915 843 933 918 822 982 856 876 926 865 933 892 942 802 897 970 835 894 934 874 817 867 843 915 805 952 988 846 878 906 835 878 969 849 960 942 907 877 804 947 946 967 910 886 929 856 896 844 914 837 830 1000 868 984 931 926 800 849 848 846 901 950 802 962 843 918 918 843 916 934 880 978 895 972 914 950 919 858 835 857 833 888 944 981 953 804 976 892 906 881 838 940 944 836 937 967 996 835 925 980 945 939 811 972 992 826 983 971 874 962 938 906 845 894 966 836 817 934 948 977 911 870 916 983 957 953 832 865 967 991 886 899 857 852 817 918 918 976 846 975 
866 952 994 806 996 850 998 840 861 889 823 952 800 817 962 835 854 999 802 822 946 847 948 968 837 988 885 851 855 813 979 973 916 811 859 883 964 828 869 928 813 808 963 917 805 928 866 900 802 883 807 976 922 855 826 873 892 992 837 821 868 821 878 817 862 852 981 808 983 947 982 840 908 865 809 987 878 916 893 828 843 872 824 811 926 853 856 907 861 987 932 946 953 988 886 856 881 858 841 888 862 929 1000 969 881 958 868 954 959 948 940 842 996 929 972 947 817 939 820 948 948 829 924 869 939 966 907 840 919 960 825 839 840 897 828 832 921 964 848 835 973 930 898 967 826 947 889 973 954 807 901 939 930 800 854 944 819 807 957 848 871 988 988 849 939 853 918 876 835 821 989 867 847 817 945 868 918 920 947 887 923 891 919 997 996 805 841 913 942 986 843 937 955 995 898 969 885 855 830 809 
876 902 830 970 999 823 806 852 856 815 914 849 904 992 937 948 901 952 840 874 833 838 951 940 889 826 843 972 904 997 897 995 837 974 968 807 960 902 995 857 923 910 963 949 889 866 920 804 895 984 807 826 991 838 918 845 816 957 996 907 851 991 812 844 818 998 849 907 940 886 800 809 813 932 978 908 910 886 932 875 918 937 903 820 964 875 936 823 920 920 989 976 916 983 856 991 955 831 909 832 975 994 994 965 805 911 856 821 874 872 814 885 897 837 803 935 947 821 832 818 890 859 989 989 889 845 943 888 922 928 820 951 922 991 814 892 841 804 853 935 885 918 914 853 807 905 971 899 923 860 841 944 936 909 956 937 801 803 961 895 831 920 918 819 947 860 877 891 956 941 832 909 984 853 968 916 875 946 862 980 964 874 963 970 827 987 959 998 804 992 821 803 950 842 909 865 893 999 859 888 
867 815 975 944 839 861 864 911 936 950 862 877 883 909 860 980 858 945 814 974 934 816 949 932 881 972 956 920 898 854 843 965 970 933 917 855 970 920 866 880 952 810 966 824 800 815 974 878 928 993 886 956 898 909 977 877 935 975 911 990 998 958 835 883 943 868 870 954 925 898 971 825 876 997 948 858 868 924 979 965 985 839 890 956 874 808 889 940 838 982 868 840 916 914 980 909 943 809 967 831 969 803 965 907 975 950 980 996 807 935 837 910 893 879 892 917 834 937 803 995 913 816 840 894 991 989 918 999 923 879 995 846 911 888 991 867 912 864 982 840 862 822 967 897 948 834 819 998 892 814 828 951 833 864 911 996 944 936 805 961 990 866 809 943 986 969 872 810 865 843 981 843 982 858 824 856 973 952 917 904 964 911 896 965 994 833 879 914 874 951 805 931 891 825 990 861 885 881 927 827 
823 813 835 870 819 948 970 830 913 907 832 946 946 884 982 947 995 820 991 805 923 804 944 967 827 967 994 995 869 863 909 896 943 866 953 969 982 935 848 834 878 906 821 996 887 930 853 869 930 850 961 950 828 950 986 823 803 974 995 876 890 973 937 976 924 823 960 967 812 814 940 987 881 817 916 840 905 957 819 934 964 990 890 984 955 998 897 827 888 958 973 934 961 1000 861 884 815 852 870 819 836 928 960 933 888 904 817 892 874 920 835 828 832 836 918 882 980 950 907 907 879 963 978 914 903 824 874 941 837 964 838 917 952 967 887 801 945 946 864 947 971 893 898 820 815 987 828 837 913 998 878 920 918 900 905 875 935 903 973 961 972 903 906 973 832 821 844 925 987 832 887 825 877 996 861 873 963 967 949 862 957 818 984 807 959 864 995 883 897 921 837 873 969 882 818 846 956 855 868 852 
934 845 937 951 854 875 958 875 958 849 857 882 999 959 957 1000 872 941 919 894 962 853 932 808 998 982 861 898 992 911 944 976 976 800 826 843 935 878 959 880 987 985 874 922 802 927 850 847 813 937 814 807 846 824 839 984 861 994 988 936 812 950 974 903 879 866 936 826 864 922 846 819 890 897 836 975 960 973 835 924 882 869 968 866 975 958 815 1000 801 835 895 840 894 899 926 996 987 823 909 871 901 847 881 817 809 987 878 950 944 815 948 859 801 932 1000 837 940 965 871 985 897 843 967 895 948 910 802 900 840 882 831 985 888 930 931 878 848 913 908 804 984 987 944 923 964 824 869 961 913 886 972 949 945 916 935 987 809 908 931 900 882 876 894 948 905 851 843 951 883 844 896 876 959 951 843 951 857 991 997 885 871 923 841 834 932 963 890 995 853 802 850 812 896 818 844 872 947 943 947 873 
894 886 833 960 880 825 981 852 865 971 860 890 992 954 804 983 925 987 921 908 965 828 944 855 840 918 925 807 826 959 897 850 913 993 969 802 895 848 962 950 829 907 867 897 871 976 880 843 885 857 818 978 810 918 946 989 877 953 817 884 806 990 933 908 820 819 985 938 875 908 829 900 892 810 999 829 967 975 973 867 872 912 891 941 828 824 863 973 876 833 868 816 870 907 924 844 856 949 857 889 826 980 932 949 892 942 818 986 934 912 906 927 826 892 897 907 926 999 936 936 851 805 985 808 855 892 941 840 950 808 877 961 800 914 931 862 820 858 949 800 878 831 943 991 896 982 948 846 873 832 884 918 997 903 900 941 839 811 990 808 811 899 822 947 858 966 988 945 999 843 897 893 953 960 897 823 980 934 950 814 813 838 875 938 883 996 892 848 938 866 858 980 980 926 917 993 966 994 834 897 
903 882 915 867 872 866 804 802 869 891 965 838 857 846 867 822 934 890 853 813 860 867 805 847 908 996 831 977 845 854 989 843 835 894 878 951 888 870 932 803 894 919 957 801 880 960 852 956 873 954 998 983 993 961 807 831 876 992 950 956 992 902 948 968 991 900 904 955 879 952 975 817 858 894 914 969 911 836 850 947 856 971 858 897 910 931 961 967 832 917 958 876 830 803 869 833 860 843 888 909 850 993 890 945 935 990 875 951 807 879 905 921 995 987 820 895 953 894 940 942 894 910 820 967 819 862 887 946 951 889 984 933 965 871 973 884 840 927 832 801 819 931 997 953 880 875 967 850 870 828 939 883 963 973 844 951 959 893 980 864 910 878 862 918 973 891 871 897 948 836 939 942 961 950 825 843 974 818 865 972 827 976 930 925 880 939 987 923 930 814 957 952 854 923 836 951 841 898 830 895 
963 961 925 845 990 818 917 803 847 844 822 1000 903 825 834 944 889 893 933 935 914 995 930 975 909 929 980 934 863 862 873 851 814 992 978 884 992 849 971 817 863 833 851 889 939 962 997 804 836 950 950 934 987 979 919 939 977 890 816 808 946 849 897 890 920 967 889 902 935 810 806 1000 802 814 873 846 971 917 820 935 913 889 808 967 938 840 866 959 899 998 914 965 815 981 999 891 953 852 930 952 910 965 947 801 838 877 804 901 811 844 935 968 938 825 865 1000 914 869 972 833 959 964 902 961 802 976 870 904 999 967 978 963 995 955 822 905 920 803 853 887 856 907 818 898 905 898 990 911 800 874 947 1000 837 897 981 856 886 920 871 964 953 900 901 889 955 936 955 927 993 942 997 857 897 971 854 896 856 851 940 810 822 885 915 997 911 982 907 815 971 852 842 957 883 804 846 867 894 898 916 859 
901 950 976 944 975 890 866 905 921 805 901 899 893 975 947 970 958 895 918 979 991 964 966 901 814 851 987 968 910 826 886 945 938 981 896 909 959 854 940 908 986 995 858 847 874 870 921 800 897 810 982 924 954 980 982 973 977 857 891 963 801 818 948 825 814 886 934 986 964 996 821 973 854 872 923 811 837 854 812 897 866 896 801 930 970 976 919 915 918 945 980 852 954 906 956 876 955 819 898 843 948 861 941 808 866 920 829 858 820 928 946 813 999 934 965 880 866 900 874 811 816 931 816 809 813 826 976 818 958 959 897 819 941 990 852 975 897 904 935 872 887 962 842 864 827 811 961 948 928 876 941 840 936 998 987 932 991 808 945 989 847 965 936 863 937 956 842 912 978 950 816 900 958 854 927 882 902 878 940 937 997 837 849 815 997 823 867 927 868 877 929 936 851 908 901 847 806 879 832 965 
981 871 875 899 827 931 972 982 951 841 809 813 988 925 825 924 829 943 945 916 945 815 857 821 844 880 803 985 922 939 814 872 841 975 837 909 873 890 822 957 849 858 822 904 994 854 991 989 996 912 958 957 1000 830 926 821 999 923 902 916 930 901 870 886 958 971 935 937 839 802 960 849 978 849 996 927 828 823 824 872 810 833 948 887 855 809 888 980 1000 806 922 821 964 833 904 902 918 842 990 978 969 916 991 804 818 957 932 951 978 906 826 842 822 908 814 896 881 910 910 902 999 823 885 834 1000 904 978 808 891 913 941 951 905 957 910 800 889 928 836 999 860 957 915 855 902 900 814 989 942 968 868 933 959 861 866 953 968 840 808 990 974 802 858 937 976 877 871 844 885 870 987 947 976 901 813 824 873 928 918 933 909 967 936 820 823 930 935 972 997 917 821 966 862 930 958 833 943 962 978 997 
932 923 876 939 867 886 993 999 883 889 933 978 975 916 938 993 890 928 976 993 898 846 930 846 956 905 932 960 853 807 965 826 896 964 971 812 991 966 895 882 830 906 835 941 828 880 851 960 911 910 989 811 807 813 820 859 942 916 854 929 934 894 918 923 815 870 921 922 811 928 812 932 903 865 990 809 879 813 912 968 893 922 831 883 863 848 930 964 865 971 805 971 880 901 911 814 995 999 999 930 951 901 957 864 829 817 995 956 994 853 926 822 980 973 908 884 882 889 853 869 833 952 868 810 830 977 825 807 875 834 888 875 816 939 808 869 909 865 976 994 902 896 971 870 989 980 975 907 983 972 899 902 963 979 874 930 867 958 962 996 919 876 930 870 815 818 953 922 899 900 832 813 993 865 863 825 949 994 901 990 917 870 940 809 989 974 996 835 805 886 979 900 818 903 878 978 875 861 829 882 
907 996 931 911 909 984 909 932 840 946 991 927 911 983 957 958 815 886 825 960 829 911 979 829 947 901 912 930 873 996 989 921 951 867 967 906 819 946 986 892 882 931 964 836 921 845 983 963 922 865 884 862 927 933 915 976 818 931 813 876 971 905 1000 818 977 998 925 876 823 998 816 878 935 922 858 982 856 968 881 941 839 885 937 955 951 980 942 922 868 966 930 923 993 826 995 939 887 807 812 840 867 964 938 854 850 821 1000 946 991 965 911 917 810 987 889 886 864 863 922 888 958 960 981 977 978 900 993 903 973 926 833 909 911 901 805 881 954 930 936 893 833 921 822 941 832 886 897 975 948 850 859 811 803 992 997 929 859 917 810 930 969 894 800 827 911 835 958 843 869 946 815 806 994 844 871 877 801 959 838 920 842 939 951 913 984 826 950 882 932 817 832 809 829 846 886 891 933 898 808 955 
894 892 931 842 965 863 817 847 908 968 887 918 922 918 920 957 960 871 882 827 983 910 900 978 949 969 810 970 922 900 817 879 975 830 840 805 886 893 954 862 812 843 917 901 938 823 945 814 894 902 897 989 972 857 855 866 925 875 842 880 1000 851 969 967 999 975 857 844 830 816 867 821 929 848 965 819 943 989 974 809 824 977 828 919 879 967 936 809 881 854 920 987 931 915 838 946 900 916 967 961 932 860 915 936 947 875 816 972 912 864 941 810 912 909 991 881 935 875 933 804 843 844 974 942 852 994 988 896 912 832 892 853 957 814 860 854 904 947 962 995 854 967 934 959 917 994 867 804 826 907 948 934 854 967 843 877 867 971 928 911 969 898 812 870 917 925 917 827 943 839 963 834 996 852 961 927 838 967 858 869 999 943 936 896 854 936 814 943 994 951 986 871 842 903 911 990 997 954 809 833 
872 962 935 905 987 940 951 977 949 967 922 814 816 958 999 998 835 844 884 945 857 993 930 813 935 866 956 882 926 826 984 903 842 977 856 947 949 852 920 949 846 951 990 926 950 811 897 899 846 859 985 924 871 846 935 926 847 874 801 873 857 903 984 983 821 819 961 944 851 924 977 875 943 800 867 958 857 919 994 825 969 955 801 801 985 826 923 885 888 991 900 867 877 985 890 962 924 920 907 962 869 966 830 928 907 943 876 957 868 918 946 885 923 875 902 824 900 806 809 959 897 842 908 855 893 859 974 896 952 809 933 964 886 913 931 993 899 940 856 863 807 974 841 923 827 991 817 807 859 991 803 923 938 840 820 912 876 837 865 819 814 982 862 985 837 829 912 917 942 874 841 837 884 948 915 930 874 874 812 963 990 878 885 905 913 905 811 973 807 815 982 934 898 976 861 981 917 926 839 964 
914 963 869 965 997 921 800 931 956 966 823 841 881 986 849 941 870 825 892 877 886 916 954 968 897 888 800 805 947 906 922 937 866 914 993 899 816 856 890 970 835 960 975 875 996 962 824 870 825 872 883 877 969 894 884 856 834 960 979 933 946 935 881 874 893 855 860 867 848 803 976 831 822 870 893 893 901 883 853 828 957 953 925 912 964 956 826 856 841 989 800 976 898 868 809 913 895 808 976 805 916 919 813 910 892 982 958 849 826 977 986 877 980 884 873 908 936 948 870 816 995 912 936 812 942 993 905 876 920 962 831 885 814 1000 843 916 859 917 985 889 993 821 824 966 867 915 959 944 914 937 845 865 856 991 942 835 909 951 954 928 943 908 819 915 948 964 999 872 970 850 965 860 823 882 821 974 853 864 822 968 863 889 942 865 846 962 891 926 875 914 976 970 899 836 990 973 995 828 855 964 
995 917 918 986 950 943 950 867 805 817 923 812 871 881 833 970 949 993 881 827 967 853 870 941 892 883 894 972 841 948 855 889 874 952 866 856 929 874 844 881 966 990 930 845 969 921 902 990 958 962 819 881 823 934 996 832 903 953 817 937 957 871 943 846 901 933 858 901 993 954 922 954 864 858 823 957 895 952 986 942 984 929 819 864 919 901 895 924 931 981 895 959 912 845 824 802 866 978 885 948 910 858 996 880 865 841 934 800 997 800 862 859 984 836 901 845 838 927 937 867 800 857 999 848 875 889 817 982 866 958 988 994 841 977 910 814 855 846 950 907 877 875 991 847 890 895 811 900 948 959 820 856 858 971 947 948 919 910 978 889 842 946 988 846 935 849 968 814 802 806 970 973 856 838 802 916 987 987 963 897 902 903 941 811 898 917 860 892 839 917 990 832 955 838 940 984 855 842 997 872 
822 854 870 868 973 947 924 931 952 844 853 847 967 917 931 859 865 902 948 946 940 944 938 849 863 950 804 830 829 883 940 978 855 914 989 864 929 842 801 879 945 877 961 839 986 992 940 926 810 838 928 865 850 908 937 973 842 981 952 923 932 895 978 995 864 948 884 991 928 860 826 850 907 857 893 830 868 967 891 919 840 902 996 865 886 806 948 972 949 979 823 904 845 847 854 830 920 943 902 968 993 928 938 959 925 908 969 806 990 1000 800 856 947 921 913 803 986 892 803 965 903 953 961 897 964 816 838 980 819 972 867 835 835 959 805 915 853 872 908 800 917 858 953 877 982 949 934 911 927 811 838 851 896 898 836 886 868 849 866 966 989 942 848 926 877 865 905 965 965 960 809 913 872 899 987 842 867 806 808 853 928 803 944 831 844 981 917 821 885 848 925 801 884 928 997 848 859 889 822 812 
955 931 809 937 916 886 940 860 973 939 948 970 884 851 938 953 993 809 982 990 874 852 832 937 940 932 826 908 902 870 923 883 821 853 827 893 954 815 905 919 829 948 922 900 935 967 962 981 999 978 1000 952 838 811 903 902 986 959 949 855 916 904 974 982 870 949 926 841 881 899 974 835 800 915 857 801 837 874 910 967 854 903 884 900 847 853 835 915 999 929 841 819 853 995 929 955 878 899 882 821 868 878 826 810 841 912 980 855 956 838 838 843 939 813 936 971 947 904 882 975 911 937 844 917 979 991 882 958 857 832 904 997 980 933 800 967 941 856 951 932 964 958 806 906 809 827 901 988 943 914 888 879 997 832 935 937 901 968 875 899 887 873 983 858 833 892 845 905 851 997 966 836 822 858 917 951 868 871 827 832 923 864 995 990 893 901 896 928 972 998 821 819 978 922 894 959 931 931 871 861 
835 942 800 826 936 824 899 927 968 948 874 830 813 848 854 949 882 871 883 927 946 876 885 842 990 924 976 968 839 877 971 867 903 807 956 962 951 881 808 956 949 939 934 930 861 926 998 923 984 859 805 925 811 808 925 820 872 943 948 876 921 898 829 966 937 821 842 888 867 956 931 849 931 935 839 904 912 900 805 803 932 963 863 999 903 899 903 865 953 971 945 870 911 958 886 867 964 883 912 875 805 874 922 996 859 966 836 827 832 974 900 844 962 864 857 894 881 950 867 916 906 906 941 817 889 903 867 889 899 917 846 852 883 979 985 993 852 811 951 857 997 936 975 924 882 930 968 833 974 936 962 951 811 876 860 813 850 827 940 840 912 911 913 920 916 983 944 928 932 899 910 888 888 819 890 997 915 937 817 834 938 853 883 846 826 934 901 877 871 907 896 964 880 968 993 858 906 822 931 831 
927 882 815 981 848 978 902 949 997 815 931 934 868 856 811 807 887 940 919 803 991 852 941 822 926 877 959 971 849 959 910 999 868 802 914 974 918 861 822 863 843 903 997 827 931 863 962 980 828 828 870 879 913 882 958 878 969 802 931 999 814 835 829 878 876 959 843 863 986 999 924 877 1000 934 891 881 944 871 980 996 841 930 989 937 992 815 858 920 923 992 980 918 830 831 836 913 804 925 821 938 962 931 962 898 838 981 853 972 926 884 911 979 816 939 836 933 990 873 945 964 885 816 873 879 892 974 870 950 825 816 980 984 871 937 894 959 885 912 863 806 923 867 905 880 951 829 972 800 987 914 956 875 891 994 847 837 859 943 923 828 937 995 989 954 842 968 972 918 973 976 871 971 869 952 985 907 905 971 929 868 802 873 883 821 940 849 910 922 860 803 889 890 831 838 867 942 942 914 938 842 
940 966 861 845 967 925 859 991 842 825 800 961 996 898 941 951 983 804 993 880 908 841 945 975 859 947 985 842 901 953 843 996 909 832 971 848 908 801 838 959 928 936 822 963 933 985 913 920 938 844 907 903 836 866 943 850 915 991 950 931 950 990 1000 867 926 881 811 916 844 997 975 919 949 942 961 917 946 823 989 911 980 843 840 990 841 835 897 803 807 804 890 833 944 874 878 930 838 900 952 955 841 931 842 810 986 884 868 993 854 885 823 984 959 968 950 842 983 952 825 926 829 944 996 831 886 884 861 844 892 979 834 806 900 974 897 993 994 931 919 939 931 915 986 940 994 870 887 843 853 965 878 959 900 963 863 912 880 988 811 836 859 993 870 889 867 818 887 851 824 830 946 934 809 983 946 958 802 975 987 827 986 989 993 839 842 807 833 851 948 997 879 992 854 876 869 821 917 887 827 806 
902 966 863 860 872 932 901 817 843 860 816 899 963 897 872 963 940 939 940 953 890 852 891 942 857 960 891 991 849 904 858 814 847 902 947 934 860 812 960 847 805 814 914 915 842 986 992 962 998 828 840 818 890 935 982 994 881 981 898 956 905 914 886 828 928 989 863 983 940 962 980 858 830 933 907 814 864 975 846 947 996 890 988 873 915 959 894 999 982 825 984 815 843 802 865 807 886 826 987 897 971 819 881 916 999 961 981 844 887 810 818 891 995 868 882 863 840 877 983 915 815 894 950 992 990 939 900 905 831 939 995 846 850 816 814 963 818 847 924 976 865 974 916 849 813 872 839 855 837 880 970 970 981 957 938 817 965 937 848 867 900 982 836 837 887 926 893 885 870 963 914 865 936 806 890 882 808 807 828 846 941 839 820 944 902 850 865 816 844 829 973 894 847 804 968 864 863 934 807 965 
803 944 998 985 969 916 863 899 963 974 845 900 889 898 897 804 972 896 976 972 993 940 934 917 945 852 988 977 887 889 965 958 994 934 971 842 840 953 981 919 963 878 919 843 891 899 889 840 980 860 814 857 852 907 886 931 953 827 954 875 842 869 922 862 959 996 856 956 851 994 845 847 842 872 980 811 881 937 919 955 830 948 989 829 921 943 976 964 909 931 926 955 897 889 885 868 855 824 875 867 997 842 891 863 928 826 863 812 934 824 879 847 966 877 924 946 923 839 979 946 910 817 886 917 863 857 917 851 811 827 856 840 948 974 835 855 825 868 848 993 942 983 963 995 834 919 958 864 930 842 994 803 823 928 856 921 989 957 943 995 973 957 827 999 876 981 820 928 815 993 972 880 975 829 980 933 888 802 933 825 835 989 929 993 954 846 848 857 813 886 822 881 943 945 864 821 802 874 858 905 
847 906 992 803 949 869 912 900 861 982 941 917 955 816 953 878 826 858 817 989 884 910 874 939 827 936 848 892 959 969 935 870 927 951 993 995 867 917 916 986 865 961 936 945 946 928 865 834 982 860 922 851 857 870 848 962 950 843 873 924 851 801 802 811 840 930 962 878 861 910 959 899 969 968 969 832 816 972 926 928 863 891 904 834 927 806 894 986 872 841 823 983 991 971 925 909 902 800 873 945 815 901 986 851 996 831 857 881 845 833 978 904 836 959 911 977 970 824 859 984 932 910 964 896 999 853 843 815 950 890 851 970 962 814 889 804 905 942 882 966 805 911 993 871 840 970 855 974 994 820 845 987 899 911 841 928 828 888 904 983 825 810 819 937 830 877 987 886 981 902 953 902 993 910 950 838 1000 805 822 972 953 883 854 933 889 983 856 876 846 862 824 901 821 809 851 888 1000 905 864 969 
837 983 954 802 860 846 897 921 863 853 961 873 898 893 839 814 837 989 832 935 968 902 824 896 810 880 959 953 964 925 931 906 960 852 821 908 919 855 874 992 833 922 994 812 997 942 847 895 824 928 956 860 935 895 902 912 862 918 834 819 800 826 878 974 890 919 978 902 995 834 916 860 882 828 868 990 934 1000 812 809 965 969 976 811 889 807 871 876 963 805 846 945 956 995 977 951 866 816 995 846 916 900 959 991 867 886 948 864 974 922 844 902 928 988 907 870 975 953 828 965 883 958 908 852 834 929 982 865 991 909 910 877 972 980 933 808 830 870 957 877 897 843 972 843 943 976 891 878 964 974 898 981 954 824 915 897 805 926 906 935 966 995 964 912 864 885 887 888 989 894 976 814 828 805 832 873 905 949 833 862 976 846 908 814 948 812 904 853 996 983 953 925 930 901 924 834 885 999 859 925 
973 997 913 963 854 963 974 831 818 836 908 804 982 880 902 989 812 973 816 826 895 800 815 818 992 975 924 991 822 862 934 938 919 923 806 845 891 954 917 890 872 868 984 940 864 807 877 921 842 899 948 814 848 887 882 827 903 805 969 813 811 899 965 820 813 802 812 922 875 945 905 864 883 899 949 964 868 946 998 851 903 832 993 985 929 970 842 864 953 929 812 860 832 808 859 951 845 920 872 905 969 919 836 862 945 821 873 959 822 800 803 898 917 800 856 948 993 956 937 976 987 819 856 873 865 852 984 914 824 993 816 897 955 923 810 849 808 995 982 931 948 878 964 920 884 1000 895 926 906 811 906 971 842 962 840 837 865 882 915 891 918 823 980 957 878 947 967 865 943 863 995 949 886 839 940 807 833 937 870 919 936 809 909 872 907 860 992 909 996 923 960 859 920 916 954 987 848 993 935 976 
986 918 944 874 971 965 913 908 945 881 854 831 861 852 882 961 860 805 890 850 806 927 884 912 888 1000 814 854 872 832 838 950 883 928 858 920 822 843 839 811 913 954 867 906 881 843 815 896 968 835 849 903 834 820 862 919 947 845 984 995 803 903 918 801 994 945 846 958 888 906 889 923 979 949 816 948 943 869 911 975 999 890 997 936 972 960 1000 854 986 855 951 872 900 936 887 939 861 886 813 866 828 875 953 932 936 960 945 973 989 995 943 818 977 916 911 914 949 940 868 897 879 981 933 866 977 858 911 830 874 887 925 824 989 821 936 986 802 972 921 829 901 803 959 805 811 971 851 877 807 922 989 963 837 850 950 836 838 877 901 863 878 940 859 961 963 980 995 834 946 884 968 819 855 903 981 996 938 866 987 843 977 931 815 938 919 912 888 919 857 934 938 805 816 939 958 830 862 974 950 980 
855 927 912 880 974 937 936 899 814 843 807 983 876 873 962 919 822 850 840 855 936 913 955 985 932 865 897 857 949 805 832 817 911 895 949 969 825 881 831 894 854 873 829 974 812 906 915 956 810 859 854 877 852 830 817 898 841 845 941 979 912 916 809 958 874 819 963 857 828 874 843 934 923 815 864 847 882 891 882 969 929 902 900 903 824 891 856 862 924 939 822 817 975 821 886 846 922 886 880 828 819 823 955 891 952 810 906 842 925 983 901 803 984 821 871 999 866 890 951 946 827 865 906 891 903 814 899 974 916 929 935 907 994 822 937 811 883 991 855 833 939 890 874 950 938 964 910 967 994 929 901 910 910 818 911 871 862 929 987 847 908 923 864 925 990 897 992 801 846 828 937 861 966 999 942 932 940 817 851 969 821 802 849 903 815 951 911 977 922 844 922 892 801 847 910 827 837 845 927 923 
804 952 974 962 962 993 973 871 889 930 912 806 803 847 899 808 914 870 845 941 984 857 872 874 900 929 909 964 847 986 835 997 933 987 961 991 842 845 985 911 910 981 978 807 927 943 980 895 959 855 991 860 847 981 928 830 818 811 959 883 964 938 876 838 865 967 812 860 895 814 973 811 984 939 915 867 818 814 951 843 892 829 802 815 884 917 836 826 890 930 807 818 872 845 875 940 932 821 866 842 807 819 853 876 848 801 912 848 851 956 871 959 958 900 843 889 901 923 913 918 879 946 985 918 859 927 834 860 910 880 927 850 938 842 817 983 889 858 938 909 840 863 849 952 907 845 897 943 848 857 854 945 903 808 968 846 911 837 928 966 800 892 942 897 818 806 855 880 843 922 862 902 934 907 941 977 923 872 970 885 999 923 881 910 986 954 917 967 957 832 907 925 860 960 820 803 876 993 970 955 
809 812 904 900 831 916 950 983 980 832 981 811 914 816 879 953 957 877 926 833 940 843 912 975 822 844 835 991 872 846 858 819 832 867 862 878 805 829 838 815 856 870 924 883 877 928 979 881 872 822 852 938 876 894 865 851 973 930 973 918 918 982 848 853 825 916 919 903 877 802 818 819 863 879 927 952 997 865 821 963 877 901 930 890 961 1000 827 962 951 840 852 845 870 892 838 910 989 853 926 850 998 827 985 859 803 985 940 910 833 867 974 919 884 953 944 973 952 969 800 924 954 858 820 881 840 834 989 942 877 982 933 833 853 822 866 863 813 819 962 998 890 952 912 833 950 815 998 804 866 928 816 801 971 832 810 899 912 838 971 921 965 860 861 967 891 988 805 813 924 900 845 871 996 855 881 888 932 875 990 887 822 956 877 992 805 813 816 844 908 962 998 910 870 952 829 938 850 934 865 992 
969 896 972 911 836 885 921 807 957 894 962 800 942 886 896 924 920 945 811 906 880 851 949 967 843 917 913 971 978 880 905 959 867 827 911 968 872 826 974 839 964 827 936 807 970 898 877 993 961 884 998 994 907 879 990 894 964 967 850 926 867 897 944 910 903 824 818 946 821 952 845 844 840 967 890 925 870 928 856 850 956 871 973 895 826 984 971 842 821 853 924 885 912 852 978 919 834 883 967 814 996 941 928 861 877 833 817 904 819 955 808 814 847 964 951 803 985 908 813 820 832 994 893 877 846 897 878 906 870 815 971 989 918 998 814 810 866 977 851 985 869 987 865 855 996 920 847 805 822 848 939 901 880 948 810 821 899 887 827 991 992 978 824 963 948 950 1000 842 918 986 938 974 975 895 832 961 955 819 822 880 865 940 968 910 864 950 815 912 870 974 935 900 873 997 878 855 899 906 968 880 
953 875 849 944 979 889 894 929 865 865 987 949 1000 823 945 822 866 879 902 822 912 910 961 957 862 986 829 892 848 858 901 995 959 924 937 862 800 889 831 923 971 994 818 859 954 988 830 868 877 975 827 975 945 945 998 801 865 878 916 813 897 821 894 986 981 881 938 987 950 868 954 977 834 984 801 904 917 864 819 887 915 807 892 923 917 828 925 977 945 965 818 840 878 895 869 875 975 894 881 965 979 825 900 942 934 871 832 875 968 918 962 974 842 894 918 914 914 872 927 909 983 903 873 950 902 962 983 950 921 871 957 923 956 995 895 830 909 880 924 851 987 892 864 974 994 890 971 842 814 841 805 849 839 886 929 967 992 803 995 923 895 833 912 953 920 870 802 847 966 883 999 864 917 933 824 836 878 983 828 872 850 870 808 969 870 975 830 889 835 913 895 999 855 825 932 875 892 892 905 835 
813 948 992 899 977 940 860 955 869 978 869 991 844 844 811 979 973 968 996 856 948 823 984 862 986 836 889 809 981 905 859 948 989 848 876 835 886 903 976 825 921 907 944 894 998 933 927 813 867 936 996 862 899 1000 949 1000 842 937 835 894 882 929 813 950 869 868 850 867 862 895 839 870 877 957 875 900 979 824 873 887 916 834 937 992 803 953 955 881 985 845 845 847 952 957 820 942 809 959 913 960 908 822 969 943 952 813 924 844 866 982 868 855 886 929 982 995 950 937 904 833 976 919 947 846 919 885 943 960 812 966 972 806 897 991 800 994 802 931 906 800 995 928 856 910 943 813 856 986 931 897 881 873 976 809 934 822 829 997 817 980 865 846 855 981 836 998 831 807 949 911 988 948 882 891 824 967 839 877 887 939 904 886 940 899 922 908 809 882 962 926 896 927 922 992 804 929 928 875 906 920 
954 866 808 949 843 938 897 922 837 839 904 945 837 842 880 894 856 989 964 895 868 827 903 933 992 968 989 983 807 898 980 822 810 951 957 937 866 954 861 801 904 959 961 947 884 864 888 952 834 959 938 942 844 836 996 917 816 823 844 888 808 873 919 871 919 996 965 805 832 836 864 945 960 900 993 919 930 812 870 856 898 926 910 847 844 841 975 857 972 958 819 866 993 955 861 846 848 807 973 957 849 816 939 879 930 889 856 969 890 806 917 961 886 824 878 876 917 861 883 880 979 886 977 950 890 819 954 811 947 929 997 863 948 831 986 945 868 946 978 923 809 809 818 893 941 997 887 885 994 978 903 927 958 829 902 928 926 832 957 937 984 912 848 986 845 926 833 801 905 896 849 854 941 849 854 948 912 873 908 881 948 980 849 934 845 900 869 900 827 870 837 868 982 837 884 815 882 887 810 847 
884 994 926 911 958 839 890 866 992 929 937 986 896 838 826 848 813 877 845 966 853 904 991 934 909 919 819 936 944 858 861 999 812 921 853 911 922 927 805 914 901 977 942 972 982 881 838 974 904 945 920 847 974 993 850 861 995 998 840 934 854 938 873 882 914 946 991 804 806 925 961 928 914 984 927 825 967 954 867 997 864 903 859 976 919 995 884 971 928 808 865 907 871 829 900 865 968 883 926 855 838 847 908 802 889 853 845 842 941 854 951 855 998 878 853 994 847 983 992 908 901 868 829 821 932 969 991 980 832 972 830 884 985 859 954 853 859 805 958 949 874 931 997 814 955 946 925 928 920 961 962 999 825 806 892 899 878 942 826 947 987 882 975 940 802 960 919 903 896 968 971 964 979 993 804 856 851 950 825 985 915 982 823 914 932 894 809 862 915 940 942 906 994 870 820 816 846 944 893 944 
971 957 819 822 927 942 823 939 893 969 846 962 907 819 819 823 871 962 967 840 968 999 995 850 840 809 882 900 892 920 912 800 911 953 880 894 935 828 864 814 959 896 916 966 888 974 830 858 890 985 977 901 922 880 839 805 965 992 820 976 933 882 994 911 831 924 825 982 881 802 997 1000 919 919 993 819 840 840 931 967 823 817 975 900 954 858 969 958 990 978 925 925 992 808 816 898 998 820 835 835 837 948 950 847 901 879 808 822 841 954 838 903 952 923 844 958 940 868 834 994 1000 898 917 951 919 838 912 964 867 960 936 839 939 824 906 984 844 859 945 989 817 887 1000 845 984 985 942 804 817 984 825 847 817 857 913 912 809 916 957 829 854 957 821 944 850 847 849 926 889 970 946 953 973 850 989 849 999 813 808 819 924 842 957 888 839 930 979 859 871 898 919 899 848 972 925 811 851 808 839 928 
917 893 964 829 931 969 841 924 823 809 928 874 976 958 919 837 801 943 885 975 807 854 977 817 918 960 800 811 848 969 980 960 838 861 980 938 855 909 921 816 892 988 964 842 961 948 910 813 894 840 945 937 818 867 965 879 963 920 912 947 997 948 849 979 849 942 898 987 986 987 939 888 989 898 850 805 832 804 994 833 981 968 933 901 840 951 806 880 941 977 846 832 893 888 932 914 822 913 872 884 854 857 886 907 988 817 839 822 883 989 947 852 869 936 877 992 989 818 938 822 838 802 922 994 970 845 979 936 821 838 902 933 885 910 866 814 816 932 980 941 887 975 814 953 817 873 907 823 939 803 989 977 831 893 936 978 807 811 888 980 865 886 984 950 858 848 837 804 916 922 991 845 985 901 1000 869 970 827 882 875 946 917 833 919 830 810 893 830 811 916 920 985 951 934 968 946 912 837 840 909 
805 985 935 993 956 974 988 822 805 869 892 906 897 824 875 821 925 832 915 984 883 867 899 899 961 870 945 843 909 824 864 801 967 961 809 996 936 904 936 912 807 855 943 965 929 891 931 924 934 842 805 968 809 833 944 956 869 901 961 830 961 943 887 901 822 841 916 958 850 843 954 972 824 813 959 832 993 895 936 975 855 843 863 894 956 880 952 823 967 972 886 845 815 936 874 913 815 838 989 843 815 988 807 891 999 910 974 858 884 802 861 935 913 866 975 890 839 943 821 889 857 938 926 847 920 951 805 969 867 972 826 858 858 924 800 955 849 953 903 814 831 939 867 962 840 891 977 890 824 951 947 860 930 903 932 935 989 831 852 894 976 882 962 950 854 843 868 855 926 946 881 961 884 837 816 864 952 854 997 878 893 976 879 874 955 977 940 996 899 904 880 917 920 896 939 887 917 884 855 974 
873 904 902 964 973 954 905 931 928 824 896 905 853 844 911 905 912 864 889 912 917 872 872 891 946 977 974 993 990 904 816 864 804 953 992 915 811 966 868 974 914 990 994 937 856 982 928 958 916 877 838 954 940 964 898 999 940 821 950 928 807 990 843 820 823 830 872 935 823 849 997 990 911 870 936 889 917 929 916 831 800 953 919 841 805 984 822 919 985 891 818 825 858 969 863 872 955 875 826 919 893 932 942 810 834 948 834 921 892 834 936 874 899 974 899 899 976 969 806 827 999 943 853 862 822 880 885 956 963 948 908 887 832 917 934 846 947 888 932 805 805 973 917 964 806 816 920 975 881 804 842 810 807 973 863 922 832 916 884 845 833 921 1000 867 839 950 878 913 932 951 912 842 877 847 844 952 934 801 861 987 946 841 809 908 833 888 853 859 949 909 850 969 862 977 929 964 862 822 941 995 
946 982 940 821 831 837 965 860 801 894 888 889 993 988 815 848 985 862 892 950 981 851 946 985 874 990 827 999 938 956 928 808 989 937 803 810 902 881 835 925 815 848 812 946 929 956 955 891 833 862 980 892 961 862 811 859 864 828 909 805 933 808 940 972 863 925 955 818 999 937 809 810 878 979 897 982 860 992 960 898 985 991 842 843 991 931 887 859 803 872 885 893 983 821 935 882 888 935 896 889 854 859 941 897 834 873 909 976 836 953 930 939 950 873 954 922 853 892 823 824 993 912 832 828 938 962 856 858 926 988 1000 854 860 809 847 971 801 903 976 906 825 949 847 989 958 987 921 973 936 856 880 885 834 966 937 854 1000 971 1000 967 802 871 807 878 931 943 891 935 837 889 980 823 936 802 989 847 869 890 936 845 825 960 964 904 827 838 957 907 932 829 826 884 841 889 972 816 955 939 922 833 
854 908 946 896 835 884 802 952 889 805 822 904 877 913 843 927 866 888 867 802 903 997 919 848 827 894 994 893 850 925 949 937 989 964 812 933 980 819 872 957 903 963 901 894 919 905 980 913 935 833 913 959 914 867 833 870 997 930 886 908 840 860 860 940 800 812 977 953 802 987 961 935 825 844 884 933 985 892 826 988 804 870 934 814 910 904 871 855 903 903 998 890 917 893 891 969 991 921 844 853 869 816 940 899 879 807 842 828 914 823 918 863 928 846 916 928 890 934 977 962 813 948 857 846 803 909 982 831 859 984 1000 816 932 944 884 921 981 994 879 898 809 901 980 925 974 827 958 829 928 944 952 924 967 912 909 905 957 949 895 946 966 859 880 874 891 946 920 872 921 931 917 941 813 869 834 835 929 906 868 854 901 974 816 972 885 889 888 880 956 809 948 969 834 893 842 983 816 885 990 988 
872 889 986 950 1000 839 835 932 819 853 823 800 862 920 936 902 804 913 947 813 941 962 810 877 893 810 920 862 811 967 826 923 844 952 912 929 992 942 962 888 902 895 877 971 928 935 979 906 941 945 917 998 842 991 929 869 905 933 913 861 971 839 973 862 893 903 872 905 946 951 979 928 912 908 834 945 915 846 837 884 999 995 817 857 820 886 850 865 978 821 1000 889 924 830 819 933 887 954 843 871 840 968 902 988 882 867 891 884 883 951 881 833 850 893 827 933 807 835 946 837 999 890 811 808 935 986 901 982 807 906 979 954 822 856 804 911 919 845 948 973 867 850 982 902 938 918 840 983 924 950 930 970 879 958 831 934 847 929 893 912 843 965 912 811 914 819 988 866 960 885 991 841 842 989 953 982 823 850 939 970 899 841 874 992 995 860 800 912 954 866 909 921 805 927 956 989 886 890 855 809 
827 925 927 818 810 894 810 849 871 942 894 823 816 823 911 834 971 976 821 860 805 938 908 853 802 821 899 926 900 961 972 804 802 846 881 952 903 992 856 862 899 898 803 903 943 958 870 891 964 956 871 969 897 863 991 870 829 936 836 934 848 804 964 953 953 850 979 909 960 864 808 910 972 894 869 954 878 872 824 853 890 878 929 803 941 978 877 977 838 857 967 839 889 851 838 882 957 937 931 932 874 834 959 837 940 948 826 897 976 802 919 982 823 805 846 827 885 814 884 894 949 965 958 837 850 819 900 991 865 926 957 877 942 947 959 940 870 995 872 994 822 976 886 902 915 917 965 824 957 819 871 959 808 826 930 809 816 824 999 936 879 841 899 825 826 944 845 923 854 977 828 980 887 830 843 865 952 841 917 852 954 953 962 918 810 928 940 996 824 923 888 998 926 978 919 956 918 859 913 848 
884 888 996 804 953 921 993 834 925 986 811 879 945 996 967 842 813 991 825 803 916 930 990 815 870 908 925 896 899 842 986 912 966 880 940 936 899 909 838 914 967 806 952 889 883 928 901 908 868 1000 876 879 983 943 926 975 934 966 852 934 802 945 887 993 854 812 838 964 920 808 977 991 849 936 819 891 964 874 836 970 908 843 893 961 905 910 970 869 992 894 828 859 829 976 953 928 992 997 915 850 942 891 832 878 835 930 941 804 926 942 906 975 840 934 888 964 864 825 983 994 985 869 947 964 813 860 872 881 860 899 922 812 855 910 864 948 814 828 961 971 917 956 855 846 954 923 963 873 940 996 978 977 800 894 900 902 842 806 829 836 882 813 949 948 883 895 967 806 938 955 829 816 840 914 912 988 961 942 936 811 996 930 855 824 860 847 819 920 985 810 971 962 809 865 897 976 902 836 907 898 
940 807 909 825 832 832 871 810 807 983 951 837 880 978 800 987 859 856 880 998 924 959 964 898 909 913 808 803 877 955 885 906 982 989 975 917 888 925 827 860 918 960 848 871 840 922 878 876 903 837 907 968 921 827 872 917 876 929 921 915 905 814 965 909 875 939 912 940 975 894 898 995 899 891 987 859 819 864 939 987 937 813 945 821 892 879 902 998 939 856 887 952 859 827 979 866 863 935 871 928 956 959 877 873 898 932 874 874 843 838 880 889 900 964 846 924 821 1000 973 1000 932 895 996 984 910 986 846 808 955 915 962 876 978 999 875 947 953 837 922 976 965 874 938 934 918 802 835 831 943 850 875 989 850 959 975 857 932 999 877 931 885 964 975 927 966 877 961 995 887 886 943 954 814 948 1000 918 916 846 999 909 880 990 974 958 841 839 823 887 822 944 945 900 878 804 842 920 881 998 840 965 
874 911 854 817 988 888 989 1000 867 958 816 851 871 952 833 851 868 859 992 964 999 814 855 967 832 933 910 983 834 868 857 943 835 861 816 833 861 956 931 899 876 820 873 835 838 880 801 812 932 921 806 981 930 882 836 882 896 835 901 849 849 882 980 946 966 858 837 1000 807 869 924 930 923 885 833 875 866 907 948 850 918 962 839 909 899 892 976 825 974 904 923 903 986 876 882 889 820 818 879 914 992 923 831 983 892 839 962 955 957 916 875 867 906 810 942 966 885 841 829 820 943 946 819 849 993 848 985 843 840 911 991 859 837 847 800 803 839 864 829 865 907 928 843 956 927 819 945 801 969 915 945 978 834 948 881 819 919 814 812 965 987 998 920 976 834 901 974 903 938 912 960 995 981 980 879 889 966 820 900 939 969 876 998 922 880 984 937 962 970 875 880 980 914 844 810 931 870 923 909 997 
980 969 955 970 930 925 872 969 921 821 817 901 900 851 978 871 910 958 829 950 914 887 894 812 962 821 845 827 871 901 824 816 960 853 946 819 823 906 817 852 860 881 894 804 941 890 806 810 829 869 878 803 887 877 949 889 983 957 807 810 841 854 973 815 828 957 925 894 838 805 848 879 982 905 889 859 804 984 946 843 848 963 866 814 894 911 910 930 958 845 966 865 823 997 978 872 941 825 803 868 817 988 835 953 857 842 898 814 943 856 957 860 858 880 843 900 875 923 832 859 958 949 884 803 946 804 862 932 838 823 857 997 989 823 952 992 837 923 860 948 972 932 962 959 993 992 833 801 964 997 991 853 938 892 879 838 803 963 903 974 983 888 941 832 865 918 861 954 972 803 838 966 812 968 941 906 1000 910 899 866 983 806 997 841 886 885 973 817 912 900 892 843 917 915 908 873 882 905 939 848 
865 921 918 992 858 826 989 897 924 817 979 959 847 930 881 855 930 904 968 832 863 919 908 955 874 961 990 997 911 957 897 812 850 969 830 815 956 915 963 958 880 804 877 954 965 878 832 814 987 804 985 898 915 995 909 860 801 929 972 960 950 989 868 865 855 969 876 837 978 926 917 805 928 914 999 800 934 870 817 924 845 992 912 852 830 989 856 825 945 853 967 908 852 856 853 973 859 834 855 974 936 900 828 800 839 840 834 892 928 838 894 855 919 850 883 864 889 852 891 960 828 842 953 943 881 854 966 872 908 948 872 922 887 811 878 980 990 853 802 893 840 888 942 817 806 848 824 950 962 854 950 808 821 900 808 819 965 925 862 905 996 808 835 916 896 873 964 854 1000 871 898 1000 841 804 948 857 878 856 808 896 871 875 808 870 931 811 991 912 996 909 850 916 826 804 974 890 811 828 892 943 
935 890 859 989 899 967 844 946 823 974 906 922 999 937 825 904 822 888 992 974 928 996 938 923 985 811 828 889 878 914 860 994 966 930 846 979 857 899 947 898 882 868 822 815 821 832 948 843 897 878 929 818 921 971 958 847 948 930 863 825 1000 917 889 850 857 950 819 871 998 954 807 815 953 866 816 985 895 867 869 930 908 936 802 891 898 897 984 909 970 873 968 904 960 848 813 992 858 910 812 921 970 948 814 959 858 967 923 816 956 836 914 824 958 891 835 821 849 980 833 957 993 838 911 941 876 933 999 995 829 944 827 987 802 827 831 909 951 873 954 816 917 891 838 875 816 826 993 812 977 831 821 887 839 963 822 981 925 867 865 849 982 940 811 946 870 894 819 990 1000 945 892 815 906 982 909 887 828 855 991 890 929 867 849 851 940 940 963 935 854 818 863 964 919 882 994 916 836 872 915 907 
980 819 801 885 817 902 828 811 940 833 859 951 833 944 876 800 905 964 896 843 915 828 895 857 926 845 855 903 888 862 850 957 910 915 912 820 945 987 893 830 945 821 805 983 968 957 953 901 849 878 998 818 995 810 932 899 863 841 939 870 947 967 985 844 935 885 905 909 957 818 806 979 812 880 848 989 972 911 989 860 925 919 924 894 900 820 867 953 848 812 921 811 909 828 961 821 971 966 905 967 922 976 857 973 984 1000 977 973 890 865 807 996 983 976 838 904 941 882 800 951 821 881 852 825 903 824 884 850 871 897 972 960 932 834 864 871 911 908 858 858 848 905 964 959 901 950 1000 858 803 910 813 838 844 813 816 913 980 926 875 878 857 933 806 984 870 838 960 925 813 957 883 906 821 864 877 912 917 809 844 905 978 920 871 919 866 965 840 815 831 823 942 896 983 864 963 968 845 976 831 994 
873 943 933 803 838 825 920 983 953 922 934 943 995 876 959 930 902 881 834 976 945 902 923 903 838 804 956 915 810 999 950 953 927 936 826 991 961 887 807 867 939 813 913 974 990 923 848 889 939 939 993 990 949 987 864 959 893 978 974 950 947 813 878 887 932 976 929 932 821 996 829 925 826 911 841 987 982 912 998 854 816 808 900 914 945 986 988 927 973 837 833 972 940 847 819 864 871 973 873 937 835 858 851 898 812 982 800 955 833 975 988 970 973 967 868 993 818 950 951 904 991 945 868 953 947 989 911 921 933 950 840 873 939 812 988 990 850 843 966 898 850 891 951 977 948 983 885 935 875 848 991 883 839 811 943 968 891 926 996 869 844 937 997 976 826 831 812 965 908 919 819 966 972 895 956 854 876 998 945 927 903 838 815 901 877 804 883 982 997 880 987 937 810 980 947 960 984 954 942 918 
862 852 993 887 882 897 910 873 935 917 912 944 962 868 966 826 910 801 960 999 990 862 846 967 832 837 802 918 879 827 867 853 920 897 872 865 913 819 976 818 812 862 991 973 986 900 932 892 921 829 857 933 824 832 884 979 882 928 815 982 932 936 936 923 841 904 972 911 974 815 989 910 800 991 870 824 894 978 870 945 975 817 948 926 869 874 945 810 816 937 921 950 837 823 888 840 804 944 955 835 912 808 851 964 910 952 928 970 928 901 874 958 888 951 823 889 833 959 874 964 848 910 829 928 842 932 872 923 890 809 982 948 874 845 884 887 827 851 966 1000 887 800 861 928 920 902 935 905 968 991 933 822 878 894 951 963 909 801 954 906 814 857 874 933 863 986 877 907 952 884 882 923 930 956 895 927 836 896 913 988 949 819 924 942 926 887 845 937 825 876 937 897 803 986 996 929 980 807 878 909 
986 940 908 920 827 829 901 996 882 819 957 811 982 965 868 902 993 877 908 990 976 856 823 963 949 805 835 919 805 826 891 844 871 925 914 847 835 971 924 875 959 865 919 891 867 898 842 830 1000 970 833 844 980 957 908 866 802 834 843 994 906 828 801 829 806 981 988 825 926 976 873 991 939 846 839 811 924 864 854 860 862 843 989 883 992 997 915 978 826 948 937 867 949 931 917 935 951 977 864 961 939 963 993 814 879 839 802 826 951 941 814 822 876 879 921 970 871 845 986 963 954 934 892 811 823 833 971 848 954 976 983 809 946 884 977 1000 932 952 988 900 861 803 897 915 999 922 922 848 869 989 934 989 997 894 915 853 991 815 819 974 988 885 988 910 846 925 830 835 877 982 941 812 906 949 849 908 984 922 888 932 933 978 805 983 823 921 952 881 860 833 822 952 887 954 978 939 920 868 956 885 
929 809 992 917 947 940 871 925 875 817 918 924 857 949 866 985 882 814 964 857 854 828 975 841 914 949 834 874 946 806 891 876 921 868 816 925 829 934 958 925 940 994 833 940 874 848 803 898 970 803 864 933 897 850 809 914 832 881 800 858 999 875 841 811 885 834 958 837 959 801 827 832 983 866 874 800 924 887 952 937 943 958 984 995 983 898 898 907 839 869 939 866 814 859 981 966 897 931 991 859 827 910 986 831 880 839 864 823 828 861 834 827 964 914 975 996 923 871 999 817 948 933 935 927 898 936 826 912 982 941 839 860 837 876 807 850 907 839 1000 930 801 928 901 823 871 884 801 919 916 974 921 911 933 998 922 919 888 877 956 993 863 831 859 831 885 958 827 973 821 890 845 975 958 938 983 968 816 932 867 981 829 846 969 960 811 804 947 888 867 969 886 933 812 871 954 822 948 834 907 833 
875 839 827 980 831 856 993 958 815 802 863 813 989 862 953 999 911 991 959 997 959 843 819 991 811 952 905 913 918 988 924 933 928 894 866 836 853 945 857 932 819 809 909 846 928 955 818 965 980 894 810 957 817 954 826 867 985 976 989 883 952 800 853 926 854 997 953 904 858 939 816 880 977 852 910 804 874 965 875 831 987 813 846 866 842 804 966 886 872 970 836 995 840 815 805 825 914 919 989 914 932 954 946 918 824 810 956 895 929 896 869 981 903 987 916 889 826 886 904 908 868 856 833 821 894 857 945 809 810 946 863 952 950 867 922 992 832 945 910 886 824 827 895 985 921 994 909 972 955 813 846 928 861 851 998 954 900 847 830 954 954 853 858 952 807 851 884 856 884 914 889 864 848 870 827 950 875 955 1000 900 982 919 979 877 970 935 840 997 842 820 924 839 851 864 992 845 972 903 922 914 
901 960 944 853 960 865 955 863 898 968 976 891 830 979 1000 886 847 910 887 940 978 839 985 916 894 882 861 870 990 894 812 907 962 934 906 813 941 976 836 964 908 990 805 961 850 996 803 939 935 993 928 852 869 973 866 948 962 861 908 878 918 923 911 821 882 949 856 935 962 835 903 953 956 833 940 849 878 917 814 805 808 869 864 895 947 908 948 860 826 898 951 997 972 840 823 949 926 982 991 928 892 822 999 998 860 989 962 825 862 867 848 927 970 843 886 807 950 863 900 967 986 915 963 963 884 819 971 994 991 833 947 880 940 951 971 978 942 830 899 820 989 820 837 878 829 985 854 963 914 834 860 1000 932 920 869 934 966 913 841 839 981 866 812 818 938 876 886 906 978 902 881 979 905 817 826 979 963 992 990 853 849 839 860 989 853 966 945 887 932 918 829 939 999 821 890 948 818 957 855 839 
940 948 877 916 857 991 888 962 812 814 872 830 835 958 813 944 882 870 990 910 816 929 869 832 832 933 924 854 909 979 965 864 982 896 820 888 931 811 811 964 943 931 869 902 861 932 895 940 856 838 829 952 977 982 829 906 886 856 882 961 813 835 901 909 848 918 891 970 853 857 950 936 939 810 856 822 925 841 920 801 969 953 862 975 983 804 974 803 925 915 812 833 949 984 817 906 913 918 841 917 910 808 835 964 811 915 945 919 975 988 987 962 980 839 845 948 856 927 990 900 871 879 868 856 916 838 949 987 987 992 864 960 922 890 848 946 845 919 811 814 936 840 899 922 820 912 953 929 930 930 820 845 802 898 864 800 949 950 815 941 890 910 985 983 972 801 938 852 946 908 973 973 867 961 845 935 884 898 962 933 894 1000 900 900 908 804 978 881 814 942 914 916 837 963 952 999 837 844 907 982 
862 919 852 995 909 937 900 911 976 876 973 921 859 808 831 918 906 991 850 939 953 855 941 801 873 929 847 836 868 918 907 862 995 932 851 972 870 912 942 843 988 877 892 866 981 830 821 946 969 941 801 958 853 923 875 899 866 882 981 844 810 843 918 862 838 892 913 887 955 952 980 876 931 997 879 983 964 959 895 912 955 964 989 918 800 994 895 935 918 998 852 895 975 864 904 812 823 996 970 855 914 968 953 818 925 813 898 868 980 800 887 816 992 826 921 902 990 900 885 942 845 859 946 834 859 834 965 991 870 849 959 860 949 808 894 898 820 908 902 850 830 860 973 910 943 1000 890 924 970 976 864 809 981 892 928 843 817 892 897 921 810 915 848 999 858 885 903 856 990 996 971 946 888 840 974 826 946 859 930 886 991 872 858 923 914 853 941 887 825 849 810 933 930 892 989 936 847 836 837 882 
875 800 981 908 895 834 939 870 948 838 865 852 825 858 974 877 850 949 964 923 833 975 864 840 894 887 897 902 837 807 990 858 850 993 983 840 908 825 914 973 921 985 879 999 983 837 879 826 889 811 893 875 906 871 814 888 997 996 800 801 923 808 843 987 911 873 902 995 868 955 908 979 931 820 816 924 924 810 983 964 809 872 894 993 986 808 895 836 865 875 808 941 913 810 987 993 851 958 933 867 976 940 918 837 820 970 902 973 929 961 924 855 961 854 947 852 809 900 950 893 914 820 928 900 952 848 991 862 882 890 845 864 877 861 906 986 962 866 999 933 959 841 881 974 923 944 923 846 997 807 832 824 832 846 985 977 851 904 861 847 960 924 809 924 857 884 977 872 864 829 930 908 886 995 834 806 900 813 886 840 819 864 935 906 871 853 878 866 807 861 838 807 940 972 939 969 816 854 940 933 
916 935 812 911 867 846 937 894 868 935 941 880 932 836 938 867 808 859 992 885 892 946 958 954 862 828 928 961 804 895 915 954 826 890 880 918 941 986 990 940 827 973 852 856 868 857 903 938 812 865 945 912 823 979 860 993 849 823 811 1000 942 832 934 838 941 916 857 899 959 930 882 821 900 987 806 882 860 835 943 870 962 866 953 943 970 859 861 893 853 809 925 979 847 970 969 923 929 978 994 870 916 845 997 908 937 820 943 842 925 955 959 885 893 820 878 992 829 939 879 905 808 921 816 937 926 956 947 839 912 861 969 872 918 917 830 988 973 977 840 864 868 986 802 936 875 871 917 982 836 918 940 804 950 912 939 805 967 819 844 964 825 954 806 901 928 923 991 854 993 989 815 917 906 822 827 944 852 881 882 812 975 834 808 989 970 826 976 996 881 978 984 831 851 892 980 813 987 822 999 863 
967 872 900 907 912 861 807 906 853 869 880 992 833 863 949 921 825 911 862 923 845 871 976 832 820 1000 871 907 803 944 944 886 940 813 834 819 852 996 835 972 891 827 873 920 967 912 976 988 806 853 960 990 981 934 893 895 847 805 993 800 894 823 876 984 890 894 853 802 865 896 820 875 995 909 994 906 861 987 964 880 993 944 993 892 958 807 952 937 865 810 869 1000 859 879 821 821 902 992 967 863 841 960 825 959 961 967 831 804 969 975 905 842 822 848 945 911 889 881 961 962 953 834 855 985 980 876 925 968 873 936 998 994 947 988 918 865 957 983 884 979 999 879 846 999 861 867 964 821 823 914 957 958 930 813 879 937 874 855 898 920 862 960 967 987 928 982 864 802 974 970 961 840 967 862 821 882 825 853 892 994 935 849 884 880 905 806 862 855 951 887 974 815 860 989 868 848 907 817 983 832 
930 978 836 952 824 1000 849 827 829 923 962 896 817 948 961 951 842 905 940 807 914 990 873 828 962 921 845 973 815 934 820 930 925 949 930 927 907 979 862 827 894 827 847 820 847 908 969 905 843 825 828 829 981 830 826 829 988 941 833 903 801 883 824 889 800 939 965 850 932 923 991 995 835 849 956 981 803 812 881 805 954 901 968 806 846 883 835 929 817 893 816 883 972 926 882 977 915 871 800 951 819 999 875 854 984 829 895 833 877 913 984 856 906 889 862 876 851 841 892 869 945 833 805 830 912 896 815 873 814 896 928 950 839 818 912 930 867 907 857 852 916 985 829 887 866 962 894 824 860 806 863 838 836 978 923 827 970 850 864 801 809 821 927 814 978 916 907 826 893 875 986 867 932 977 901 914 983 897 991 835 918 815 919 946 879 807 846 915 836 891 915 819 814 961 929 935 847 844 984 884 
813 880 839 902 877 888 889 829 915 923 816 960 832 999 944 809 902 833 872 839 961 972 846 961 963 822 941 885 828 989 882 869 857 910 899 1000 948 847 946 942 876 945 856 929 876 815 827 956 893 897 802 927 803 836 993 848 823 967 980 818 829 873 883 906 927 949 831 997 947 974 858 847 911 992 873 859 813 842 927 823 819 805 859 998 953 891 828 926 821 856 801 878 811 869 911 837 815 816 874 864 930 965 952 816 924 939 821 867 986 829 989 948 869 886 800 988 845 802 871 804 946 991 851 952 893 818 945 934 899 826 832 926 835 944 878 857 844 875 891 811 922 941 812 967 888 829 928 804 877 856 976 987 990 806 919 885 927 994 1000 891 933 846 951 867 952 807 928 832 881 925 807 837 851 878 947 993 939 879 968 844 926 817 824 952 978 890 804 889 803 909 989 821 830 802 989 807 856 821 826 972 
820 915 980 939 952 929 901 863 952 823 828 834 987 867 995 913 827 820 814 977 838 988 992 997 859 983 819 879 830 823 804 974 986 837 842 923 910 911 804 912 980 899 831 803 925 983 923 935 994 848 946 867 878 969 905 996 989 865 903 909 932 808 940 954 873 917 991 957 858 962 831 999 870 973 812 870 830 970 906 910 922 920 937 1000 961 976 989 844 841 823 938 899 885 962 967 829 859 965 823 882 933 816 976 887 935 823 815 883 852 935 945 936 845 900 891 988 895 809 921 814 913 807 812 926 815 990 959 851 885 916 846 885 805 860 846 947 819 899 833 874 891 837 820 800 868 828 878 815 812 806 937 833 842 954 936 998 903 931 920 824 925 983 917 866 908 838 959 964 837 861 904 934 813 940 936 996 894 940 843 909 805 955 929 980 824 802 855 976 941 999 975 857 973 980 939 991 898 947 913 928 
928 884 938 969 957 991 970 838 926 882 823 942 808 829 850 909 850 886 916 951 965 919 926 813 956 929 929 852 998 952 978 945 915 862 978 964 980 840 950 819 902 977 857 968 816 917 882 875 881 972 922 898 857 814 843 867 804 964 868 941 805 921 894 839 921 948 973 944 886 937 926 950 825 956 917 802 934 801 837 981 867 830 876 837 871 868 992 938 876 973 976 914 854 903 960 836 870 892 920 901 886 965 952 944 915 966 902 882 951 837 922 884 935 831 843 953 984 942 842 897 959 860 968 888 904 873 821 956 947 863 935 955 980 994 871 908 914 991 956 825 942 862 824 927 888 802 870 909 809 993 983 801 842 874 967 975 865 849 966 822 880 982 908 938 982 982 808 966 923 948 811 966 998 811 923 978 861 982 851 935 804 913 831 817 875 869 800 867 811 835 808 863 873 866 829 891 806 827 810 849 
