50 100 200
15
10
19
11
19
12
17
17
18
15
10
13
11
12
11
17
10
15
12
17
18
13
17
14
11
14
16
17
18
17
10
10
12
20
13
15
10
20
15
20
20
19
10
16
13
15
15
10
18
10
20
20
11
14
17
20
16
17
12
16
10
10
13
20
20
10
13
18
13
10
15
11
17
11
19
18
12
10
10
13
15
10
18
15
15
20
19
20
16
20
12
14
10
14
14
17
14
10
17
11
19
11
17
16
13
12
11
11
20
19
20
12
16
15
14
17
19
19
15
14
11
10
17
11
19
18
20
17
12
16
16
16
17
15
16
20
16
13
14
13
19
12
16
20
16
16
12
10
20
19
19
15
18
13
15
15
16
15
12
20
19
16
18
11
16
17
16
18
17
15
15
14
17
13
15
10
15
11
19
14
18
12
17
16
19
17
16
10
14
19
10
14
12
10
19
18
15
18
13
18
587 28089
423 28177
346 21572
425 20577
393 26561
530 25063
445 29190
362 28626
592 28262
465 20763
558 20999
558 22608
503 29558
542 27282
440 26666
354 25601
543 25568
561 29575
380 27841
459 20586
563 27589
440 22266
601 28461
458 26144
301 24654
329 20035
384 29094
521 26709
548 27223
553 23457
415 23148
317 23269
559 25183
398 28542
545 25553
469 27902
533 20768
333 21361
509 21354
535 21286
532 20452
595 29330
465 22789
423 25926
395 27075
588 26309
583 20286
566 24065
537 25389
538 21790
50 84 77 61 70 96 64 90 73 52 55 60 67 66 91 79 82 98 72 62 61 98 63 77 55 62 67 53 86 51 74 79 90 96 78 55 65 74 50 85 85 52 96 95 89 92 88 64 92 53 82 80 71 98 80 84 69 58 54 66 53 54 79 59 84 53 94 100 69 89 91 63 54 82 92 92 88 66 50 99 89 56 50 84 50 100 66 83 81 56 100 88 51 67 53 63 58 78 94 77 
75 82 92 57 56 63 74 87 62 51 71 54 55 95 61 64 82 95 59 60 96 92 54 90 80 57 67 89 65 86 66 61 98 58 50 71 55 76 98 65 98 86 57 57 74 95 88 70 73 71 75 60 91 71 67 95 51 50 85 62 80 99 52 89 91 52 83 73 92 73 59 51 85 70 87 66 88 75 67 75 95 56 66 99 53 87 50 72 53 100 100 85 87 51 57 97 95 62 81 73 
74 95 97 81 83 99 82 59 83 75 90 97 74 83 53 69 95 100 60 89 53 54 63 89 96 94 66 89 99 91 84 74 88 93 51 64 75 55 82 53 71 68 74 85 65 93 65 74 51 67 90 78 87 71 72 58 91 80 99 66 85 95 58 71 94 60 55 84 73 99 93 52 77 66 92 97 59 99 50 53 83 85 88 93 77 59 89 84 71 63 69 58 51 65 67 96 66 60 76 59 
58 81 53 62 53 86 94 91 68 90 92 99 52 93 76 90 97 87 94 72 96 89 56 54 56 50 68 64 66 97 57 86 81 98 94 70 73 62 80 100 78 94 87 88 63 58 64 82 89 64 81 58 69 72 69 53 54 62 71 53 85 98 90 54 89 84 69 63 78 84 95 76 67 84 55 88 52 93 65 68 85 86 86 51 66 84 70 95 53 99 82 96 65 54 56 90 84 69 59 72 
84 100 64 68 89 80 50 97 56 60 54 64 57 100 71 77 60 69 72 87 54 52 98 80 90 82 98 96 92 56 55 71 56 91 56 88 98 83 69 56 84 87 64 55 96 79 80 50 80 50 87 55 72 55 91 51 75 83 91 88 71 53 70 89 69 59 51 68 66 61 64 97 91 73 95 73 99 73 61 83 82 61 80 94 76 77 85 83 80 61 62 63 80 84 80 54 84 64 56 60 
54 72 55 74 67 78 62 55 88 84 66 100 76 67 88 99 94 76 64 92 76 72 68 82 84 69 85 62 62 76 53 77 79 76 98 73 76 77 88 74 65 79 96 92 98 78 96 76 86 82 72 72 59 86 64 100 97 90 100 99 87 60 79 72 66 95 82 98 93 67 90 76 90 68 65 88 67 87 74 76 70 86 80 84 100 90 81 70 64 58 75 51 96 78 79 79 60 75 71 78 
67 89 79 58 84 71 63 79 70 51 84 76 53 69 52 58 67 75 77 59 92 75 81 51 83 52 59 62 57 83 64 52 94 68 97 93 75 60 65 91 63 66 85 68 58 86 71 87 68 74 93 76 89 81 60 89 69 100 73 76 71 83 67 66 82 97 53 84 89 94 54 55 94 68 67 67 82 97 79 70 57 83 64 74 89 84 55 91 73 83 67 93 66 55 57 63 86 83 99 89 
69 75 100 77 90 83 67 70 75 68 85 78 74 84 73 50 85 76 91 65 56 70 71 74 82 65 62 99 56 89 85 68 80 99 69 56 88 98 64 79 87 88 91 97 54 90 99 91 96 75 93 71 94 51 56 60 92 78 64 77 76 65 50 81 51 55 74 81 84 55 77 78 66 99 75 96 80 91 70 54 71 88 72 56 94 83 66 70 82 58 84 95 84 81 77 66 68 88 90 67 
58 70 56 52 84 56 64 100 50 74 83 85 54 93 87 56 86 71 53 97 58 51 93 56 76 92 86 52 73 65 71 82 90 73 58 90 53 100 73 79 81 69 77 93 66 53 83 57 79 96 66 76 76 69 89 72 70 66 64 55 69 99 63 79 87 70 70 56 84 75 99 82 55 50 72 71 63 72 75 75 77 52 75 91 50 64 92 93 97 90 87 66 71 81 74 62 89 59 62 66 
78 60 96 80 70 81 60 98 62 83 56 72 95 73 84 67 98 94 68 95 96 50 90 82 87 54 52 75 72 58 72 66 75 81 79 51 55 98 92 79 62 75 74 90 78 67 58 97 77 66 72 70 60 68 83 65 94 62 59 68 90 78 89 63 94 89 80 86 94 76 53 96 80 98 77 92 88 55 82 98 56 61 89 62 55 94 82 57 95 65 77 59 50 76 69 95 99 56 63 72 
78 80 77 69 61 92 53 58 93 100 100 99 70 59 90 70 58 50 91 65 52 100 72 98 59 61 79 71 54 100 64 67 86 64 69 75 66 79 99 83 81 67 61 99 73 85 73 51 58 74 69 54 84 72 85 63 96 75 73 75 67 66 84 72 65 87 63 74 56 95 62 95 72 99 60 90 75 95 62 89 84 88 72 100 60 75 69 88 83 81 95 92 82 78 56 95 69 70 62 85 
90 94 56 92 86 73 90 77 51 63 85 95 87 63 84 88 84 83 50 85 86 90 84 85 53 64 94 64 69 74 89 80 81 89 76 82 91 84 53 83 72 72 62 93 100 54 56 77 77 83 59 85 98 63 88 66 59 95 50 66 85 52 76 65 94 50 60 91 78 69 50 97 68 85 92 81 55 55 68 81 56 53 61 87 51 74 79 65 81 87 91 56 83 85 82 56 84 63 98 78 
67 62 71 83 64 76 78 70 57 67 65 58 99 57 50 88 82 65 50 95 70 63 91 70 83 98 73 58 93 57 94 70 50 88 99 56 60 76 70 84 61 51 81 71 51 97 100 52 75 60 100 99 53 86 78 93 70 87 73 50 86 80 58 76 95 58 66 61 88 95 53 74 56 53 75 94 89 96 69 79 60 67 55 54 92 60 77 64 99 54 100 88 100 89 88 83 84 63 56 97 
82 91 80 84 81 92 59 75 52 61 98 82 67 54 91 71 84 54 64 75 58 94 100 58 51 91 81 99 91 93 82 82 55 69 60 88 91 55 81 54 95 60 82 83 59 52 70 84 72 59 64 61 77 97 78 82 62 88 90 68 52 56 78 100 63 61 53 73 82 71 61 53 89 83 80 56 64 94 76 70 99 77 94 88 71 99 78 70 88 60 97 60 65 60 79 51 100 96 66 94 
85 77 75 52 83 71 100 79 58 93 50 56 60 94 53 98 70 72 83 54 83 92 64 100 80 67 61 82 58 59 76 65 94 86 92 63 66 58 61 96 97 67 66 54 66 61 87 69 91 90 83 56 90 58 74 57 68 82 100 52 53 78 74 66 69 56 98 91 64 55 88 68 76 53 79 67 84 60 96 88 62 60 59 67 95 80 86 52 93 50 82 68 62 86 84 100 81 97 56 56 
51 67 62 86 93 56 50 57 98 59 95 82 85 78 50 50 87 94 95 92 51 80 67 92 95 84 80 52 79 54 54 55 91 84 77 80 99 66 54 56 86 74 57 99 65 85 68 77 89 86 89 59 75 100 66 58 96 69 72 58 91 65 74 52 50 100 84 93 81 72 72 69 91 77 65 80 94 63 84 63 95 92 83 68 71 84 98 98 50 75 76 79 86 65 98 91 86 51 79 91 
70 88 65 76 91 94 97 57 92 93 99 89 93 54 68 52 94 84 54 86 67 60 75 77 92 72 95 53 83 57 70 78 87 55 99 66 76 75 59 53 66 52 59 87 94 68 68 74 71 57 55 63 91 80 74 83 87 61 56 70 95 95 98 78 98 60 64 80 74 70 57 51 98 96 71 96 83 76 62 86 80 57 81 54 68 89 66 63 93 56 66 78 81 63 61 65 74 92 57 51 
63 55 54 75 60 71 94 74 90 69 81 53 63 90 88 61 92 98 83 65 52 88 61 87 62 63 65 98 96 72 52 89 95 59 67 80 96 55 69 67 56 82 51 51 82 93 83 89 57 89 85 50 90 99 64 57 66 81 67 85 89 87 62 77 79 53 92 98 88 52 73 50 75 83 62 55 58 73 97 76 60 52 92 52 95 96 91 90 76 76 87 98 61 88 90 70 99 60 86 90 
97 54 55 74 68 92 85 88 69 71 64 85 60 69 78 85 71 64 54 95 55 98 70 66 56 52 59 71 53 59 75 55 62 65 64 80 63 98 98 88 76 50 63 50 71 64 77 93 73 99 76 68 75 69 60 78 80 59 62 97 68 93 66 73 50 95 82 74 93 58 64 58 87 58 98 87 89 80 69 54 63 54 96 96 83 95 86 62 57 57 80 77 86 99 51 56 54 56 97 87 
94 67 77 69 74 51 89 62 96 52 63 94 58 89 87 79 79 99 56 78 70 87 89 66 58 72 99 59 64 77 70 73 58 84 64 100 83 58 87 53 59 62 61 65 64 70 62 88 89 87 53 64 58 97 72 51 97 55 79 75 89 57 85 89 86 79 80 74 89 51 60 74 65 65 64 71 67 61 72 84 99 65 82 50 51 80 85 91 53 82 91 91 92 97 85 87 53 81 69 80 
99 97 69 76 93 66 70 77 71 57 59 56 76 70 78 99 69 54 74 91 93 68 66 86 67 68 100 65 63 54 75 51 98 62 97 55 77 59 78 66 81 57 70 84 76 65 85 70 97 92 69 69 75 87 74 79 77 82 85 85 51 95 64 56 88 97 81 77 70 98 69 56 69 57 84 83 86 53 100 82 60 78 67 68 62 86 53 64 82 60 77 50 89 76 62 64 91 71 52 54 
73 77 60 75 59 83 58 69 56 68 95 76 51 52 60 57 72 52 79 96 64 81 88 61 96 83 83 90 90 72 66 57 75 87 97 69 71 58 74 96 91 83 88 58 52 96 52 77 98 93 87 62 75 78 61 64 88 87 77 72 64 58 85 93 83 94 98 82 79 82 88 64 55 89 89 100 76 100 68 76 73 76 95 87 54 50 73 51 84 79 81 57 75 76 95 88 54 53 52 55 
67 83 63 82 60 62 78 95 94 51 50 75 63 72 88 99 100 53 66 54 55 61 94 93 83 81 93 73 67 69 87 66 63 60 94 54 79 87 65 59 82 60 52 73 80 50 89 97 50 80 99 50 55 100 81 55 59 61 81 81 57 88 61 58 73 68 92 89 82 90 67 90 53 50 74 88 57 84 59 60 70 92 66 87 78 72 63 62 77 54 84 75 99 81 84 73 98 70 87 93 
62 66 73 94 85 63 52 81 63 59 97 99 90 74 62 98 50 90 64 84 50 71 95 85 69 83 63 56 60 72 96 81 53 94 91 76 79 98 67 99 86 89 93 54 91 54 71 96 77 88 95 55 77 63 87 94 94 57 51 80 100 81 90 74 81 67 62 55 74 67 70 91 72 99 79 53 54 65 73 61 91 52 72 95 82 51 90 99 80 73 73 52 53 83 65 56 66 65 86 87 
74 72 83 53 71 77 77 77 79 91 76 74 73 52 72 54 55 92 73 87 60 93 59 96 65 92 88 84 54 61 59 67 55 96 52 95 97 66 57 78 55 73 72 72 96 80 66 69 98 77 62 69 70 82 89 54 97 53 91 87 63 50 97 50 55 71 73 65 55 73 91 99 100 74 87 65 89 57 54 92 80 92 73 72 88 63 84 90 57 76 85 54 57 57 58 97 50 78 56 72 
73 90 80 82 72 60 76 69 91 88 96 61 79 80 71 76 94 70 76 76 76 86 79 56 71 87 57 70 97 61 84 60 63 82 97 62 87 99 78 55 82 87 97 95 100 62 94 58 81 92 96 63 68 74 51 75 72 90 89 100 51 53 90 71 56 63 90 73 80 70 72 51 65 95 54 71 78 79 78 50 73 98 69 100 72 90 53 69 98 50 51 52 83 74 60 65 95 51 88 74 
88 55 54 87 84 99 97 78 84 89 70 68 86 86 93 62 77 78 51 95 85 79 63 64 87 93 71 73 95 95 97 80 53 86 96 99 85 63 84 57 90 60 56 88 89 56 79 60 97 66 98 98 53 89 55 82 82 84 72 100 55 55 89 55 81 80 69 79 67 83 70 92 90 62 98 76 90 69 82 50 80 98 85 53 85 63 62 59 98 58 56 56 69 83 82 57 94 52 82 61 
52 63 61 72 96 77 99 53 72 84 64 88 63 58 67 79 79 56 74 96 81 83 59 95 72 96 63 87 84 87 77 56 90 57 100 58 66 93 79 93 96 82 67 64 93 93 68 78 55 100 60 100 58 77 100 89 60 86 51 63 50 97 86 69 51 74 91 95 88 69 85 54 60 62 82 56 100 58 59 61 73 75 67 81 73 98 72 54 52 66 74 74 69 61 82 96 51 92 70 85 
100 83 69 54 97 61 60 63 68 61 90 80 86 77 99 70 72 65 51 75 86 72 89 85 60 85 95 83 90 55 57 51 72 76 58 74 93 50 50 51 52 72 53 56 87 88 88 86 55 87 99 64 66 75 89 57 92 86 51 81 66 53 73 100 74 74 85 97 69 65 91 52 78 89 72 98 90 65 91 84 73 50 52 69 69 93 89 93 94 79 86 81 62 70 100 52 63 92 53 52 
90 80 60 74 83 55 76 56 96 63 71 58 69 90 93 92 72 53 74 69 51 71 71 51 75 82 99 78 51 70 97 58 79 50 99 81 59 75 94 72 64 78 94 90 55 74 97 92 82 64 62 68 54 80 67 89 98 98 54 92 99 88 85 83 69 57 73 78 87 83 57 73 100 91 82 84 53 73 97 65 75 53 81 85 97 58 67 71 60 50 80 61 72 64 86 72 86 59 70 97 
96 95 64 52 66 65 76 99 77 89 89 87 62 72 68 73 77 59 63 60 59 67 79 81 93 65 62 54 72 97 94 61 77 62 52 77 95 95 84 100 71 99 88 85 56 74 55 65 59 92 63 86 62 74 65 58 53 79 66 96 78 66 83 79 52 74 51 83 92 77 56 59 91 80 61 52 82 53 83 69 91 85 97 80 58 83 74 59 60 97 87 98 100 51 69 74 65 87 92 83 
80 73 61 94 65 54 93 76 78 92 64 71 55 57 74 87 57 100 97 55 64 54 84 97 96 83 63 90 73 84 82 56 76 100 66 53 63 50 56 50 55 57 76 62 62 61 83 58 84 50 72 90 51 64 75 85 90 96 87 55 59 76 93 54 77 51 57 69 91 87 93 68 92 64 60 84 83 64 99 67 78 80 68 88 92 82 62 78 87 60 56 96 73 60 52 88 68 100 67 59 
57 92 77 98 67 83 72 87 53 78 61 50 80 56 80 83 98 100 62 62 66 74 87 86 98 53 94 67 67 66 74 89 87 67 90 99 86 89 64 60 88 54 93 89 85 58 67 81 83 83 77 55 79 65 91 58 77 77 85 76 96 82 60 98 73 94 89 84 73 77 95 61 84 67 59 52 56 81 59 54 58 59 94 77 87 54 57 96 56 68 70 87 93 95 61 92 54 72 90 82 
63 52 58 53 62 58 57 84 68 58 60 59 53 75 77 60 66 91 70 78 77 74 51 82 55 55 54 52 85 93 70 51 90 53 100 66 70 58 77 50 77 80 94 68 98 98 78 89 64 63 72 89 82 54 65 100 51 69 85 85 57 73 84 95 90 55 99 89 60 69 72 68 67 78 94 59 96 68 100 66 85 96 80 86 89 75 65 94 81 55 55 90 57 88 98 65 63 68 50 64 
59 53 90 89 86 67 73 69 54 76 84 75 57 62 91 53 77 80 81 51 69 72 83 61 59 57 99 92 52 98 60 70 70 98 93 53 88 67 90 83 81 90 80 100 90 68 95 51 53 98 95 85 66 100 90 84 67 96 67 84 71 76 87 60 100 91 72 63 98 56 55 82 70 77 54 75 98 80 65 59 74 80 65 56 63 77 82 99 51 93 82 51 64 72 96 62 70 58 72 96 
82 99 69 75 75 72 62 91 79 81 59 60 86 66 71 77 69 64 61 54 78 99 92 52 67 66 51 92 90 51 76 75 84 81 86 91 59 53 91 76 72 100 54 85 57 61 54 99 78 91 65 69 50 100 73 53 82 93 72 76 95 76 96 53 52 86 70 55 96 68 67 88 60 98 87 97 71 67 68 100 84 58 96 56 94 72 95 57 64 70 52 70 53 88 58 62 78 64 99 86 
100 54 63 93 50 55 77 89 96 89 85 82 64 81 91 71 66 60 79 62 80 97 91 72 60 80 70 52 100 62 71 100 56 89 85 69 50 97 100 55 92 69 78 62 53 56 90 67 72 87 59 94 62 94 93 80 97 96 74 51 53 81 71 76 85 66 97 51 98 80 92 66 99 88 54 78 52 79 79 87 71 87 73 80 67 52 97 65 93 79 93 77 71 97 88 51 54 53 71 78 
64 73 59 61 75 52 83 74 81 72 87 60 57 88 84 75 55 90 70 62 89 87 59 96 91 76 85 53 54 82 100 92 75 80 72 50 70 58 72 55 76 75 93 99 58 86 99 98 52 52 64 72 59 92 87 60 81 88 71 87 60 61 64 91 71 84 74 64 95 65 100 67 66 87 94 64 51 91 67 82 80 69 71 88 53 57 93 58 100 78 87 64 58 50 64 73 58 89 79 88 
85 54 69 50 60 86 83 54 54 65 70 87 82 95 76 81 55 82 99 93 92 65 53 100 63 60 71 82 70 89 62 80 90 90 57 69 66 100 62 98 79 69 60 65 84 53 92 99 69 71 74 99 64 51 80 79 91 65 84 51 58 64 91 81 52 66 98 56 99 63 58 72 100 76 52 74 99 81 62 76 76 86 90 95 87 95 96 95 97 54 60 61 81 64 80 68 76 68 99 81 
55 73 56 91 69 57 92 69 100 88 82 51 90 59 88 85 91 64 56 71 96 78 87 56 67 95 91 75 60 67 97 96 76 64 82 58 100 59 61 76 95 82 82 56 100 92 60 78 96 60 75 81 60 50 80 82 98 75 90 93 80 81 75 57 79 98 98 60 70 54 86 96 61 99 54 74 79 69 73 79 78 78 89 70 75 82 86 56 67 59 52 56 74 94 75 66 63 84 67 68 
94 95 98 81 60 78 84 80 51 58 92 95 61 89 98 81 99 63 56 61 87 59 81 51 82 56 100 71 94 75 60 96 57 69 58 98 100 78 100 82 91 59 99 97 52 100 87 61 62 66 67 75 73 81 65 60 92 66 85 78 73 51 72 67 66 58 91 89 73 80 67 73 86 55 67 69 59 96 64 62 96 87 88 94 89 98 96 50 85 56 66 66 72 51 69 51 79 95 92 64 
95 57 70 83 98 97 91 68 74 95 55 55 84 61 78 90 58 54 64 77 57 89 95 80 61 72 92 86 53 74 93 61 100 70 93 75 61 74 88 69 69 96 97 81 80 70 61 95 92 91 78 78 87 56 93 83 67 64 76 79 71 82 64 86 77 75 58 79 61 89 74 66 75 81 64 66 60 63 60 73 79 94 57 73 90 75 80 73 62 65 57 85 68 64 56 87 67 95 59 86 
98 97 71 80 68 90 62 76 72 58 58 92 84 72 83 50 65 68 67 61 97 100 86 79 74 52 67 88 69 67 98 97 71 50 61 56 98 88 62 88 61 92 77 85 67 92 100 94 51 93 75 86 96 72 50 66 57 77 64 69 86 82 97 84 90 79 52 68 93 52 92 50 70 78 56 57 56 68 98 68 91 76 54 69 62 51 73 58 75 63 61 100 92 58 81 62 55 64 64 88 
53 63 79 64 80 61 72 98 96 96 64 56 94 100 94 61 61 74 50 93 64 54 90 66 73 67 87 52 71 86 87 96 53 84 67 99 52 94 82 77 79 84 87 96 95 51 63 72 96 81 63 93 84 50 65 67 91 75 94 58 72 68 94 72 77 92 85 90 59 67 53 99 57 53 99 67 82 74 97 67 95 63 67 67 54 90 53 71 52 95 85 97 74 85 64 85 76 87 93 89 
96 73 55 65 92 91 65 62 99 100 76 50 92 55 52 71 72 55 88 84 65 73 70 73 67 88 89 52 63 66 89 95 96 99 53 100 87 99 82 100 82 72 50 87 99 80 89 73 65 51 63 99 58 91 71 82 51 96 61 78 63 89 91 79 99 63 98 66 62 79 70 82 91 95 79 84 74 64 55 59 78 95 55 63 98 56 77 58 59 65 73 74 66 73 83 64 74 81 96 90 
90 69 93 64 55 50 52 79 62 74 71 84 66 69 86 61 91 84 76 85 96 59 87 73 67 99 59 95 89 65 92 62 56 86 92 78 94 74 78 54 74 65 81 73 65 68 98 79 65 89 58 65 69 59 58 72 87 70 85 60 85 81 93 62 62 94 57 98 74 87 95 64 75 58 77 54 95 82 96 69 89 76 94 50 78 61 55 84 97 76 99 71 76 99 97 74 84 88 54 63 
84 57 59 58 73 99 68 57 78 75 63 94 99 79 82 81 92 88 98 91 75 92 93 75 60 55 65 80 58 52 83 71 56 94 77 52 80 72 86 60 95 68 78 98 54 60 77 76 93 90 88 77 93 72 96 93 78 52 76 96 67 79 90 80 77 53 82 69 73 79 99 75 75 63 55 51 54 56 64 62 85 52 92 86 91 73 66 59 62 54 67 86 87 80 80 100 94 89 100 83 
76 85 97 89 75 83 88 58 96 78 89 68 58 51 54 75 55 83 97 66 82 50 96 75 76 74 64 60 97 53 88 77 95 51 99 64 58 80 91 66 51 50 65 86 90 78 77 58 71 65 51 53 67 99 64 94 62 79 81 84 94 78 64 94 51 73 65 96 68 54 95 66 53 61 66 70 74 55 58 83 69 100 56 71 70 74 94 96 56 88 75 95 73 76 58 58 70 94 53 100 
50 94 72 84 58 100 58 51 82 79 98 72 69 79 69 97 54 56 94 76 93 71 59 68 63 89 69 97 70 50 99 91 85 97 72 72 66 66 95 60 64 61 60 62 94 67 97 66 82 87 82 75 78 87 99 86 55 57 80 65 85 83 73 59 50 84 84 62 97 98 50 93 70 89 63 64 53 59 88 66 92 56 73 52 84 55 77 54 89 72 83 63 55 55 86 59 84 97 87 60 
71 78 82 98 87 98 52 67 88 77 93 86 79 68 61 55 72 68 54 65 82 75 90 93 90 92 86 86 65 91 91 88 99 54 84 66 70 97 76 53 74 88 67 64 81 90 77 96 70 76 80 91 88 73 100 100 82 63 81 75 79 70 73 52 88 84 87 92 93 69 78 85 83 68 65 59 85 99 83 84 63 100 89 95 78 61 88 54 61 85 82 94 64 81 95 68 57 94 66 60 
166 10696
218 8431
187 9992
286 8647
163 10004
300 9146
220 9349
213 8869
264 9292
233 9991
229 11546
255 8167
270 9507
208 9502
205 10023
263 10564
176 10790
244 10739
226 8371
159 8911
208 9041
238 9428
271 11413
206 11547
271 9334
199 9878
300 9948
244 10459
209 9097
288 8155
211 10679
297 10349
183 9032
301 10584
205 9348
154 9633
291 9150
213 10949
193 11881
194 10024
246 8306
210 9413
209 9698
251 11486
162 11258
171 9079
267 9509
180 8912
163 8172
283 8272
288 8441
158 8470
246 11987
165 9485
180 11405
278 9116
220 11348
292 11829
184 11836
168 8518
287 8263
222 11226
262 10366
222 11857
271 10422
186 8992
207 11780
257 11168
261 8328
241 9634
175 11605
275 9973
208 11322
150 9757
170 11752
226 11478
159 8462
243 11819
180 8673
172 10401
197 10292
153 8553
237 11585
245 11771
170 10573
272 10523
254 8016
264 11917
235 10117
159 9141
215 10961
216 9523
177 10187
244 11662
243 11384
289 10555
292 10479
273 11027
235 9392
298 10772
97 87 69 75 66 95 63 78 84 96 61 59 73 99 85 88 63 53 100 84 75 79 89 68 63 55 64 54 90 84 98 86 98 99 95 69 59 67 88 61 72 64 51 89 99 85 65 54 52 67 94 59 96 78 59 94 95 69 76 66 99 55 58 97 98 93 90 76 50 75 63 90 63 98 92 100 84 77 93 75 58 92 93 78 78 83 75 91 89 72 52 64 76 94 65 91 65 52 61 81 92 68 71 89 66 51 72 52 80 59 99 91 83 72 71 100 85 62 87 57 55 63 84 62 100 65 64 66 74 57 89 62 88 66 61 95 78 99 88 62 75 54 54 88 62 99 60 92 80 88 86 83 62 64 74 70 88 95 84 96 88 63 63 83 68 61 51 69 74 77 85 72 92 95 86 65 65 88 57 81 97 62 74 84 97 56 91 78 57 85 68 55 63 70 68 66 93 67 67 79 
72 73 86 92 100 75 100 73 83 82 53 65 90 74 63 88 68 67 80 68 95 98 77 67 74 74 100 84 73 98 85 88 77 68 65 76 95 85 97 98 91 95 63 69 80 52 98 88 66 58 89 78 53 55 57 82 52 74 80 51 81 88 61 58 80 93 62 68 98 74 100 78 70 74 67 53 51 94 51 87 83 58 88 56 63 74 53 98 79 79 92 67 88 74 80 72 59 76 52 89 92 72 53 95 60 93 67 88 94 78 51 53 83 81 53 84 84 82 85 85 73 78 52 89 59 89 55 78 67 87 90 81 72 72 86 58 52 97 88 88 81 83 91 64 87 77 59 77 50 61 70 83 76 60 78 97 57 96 64 50 71 72 51 62 88 50 72 72 85 85 76 90 56 87 85 69 62 66 90 72 78 54 92 97 61 85 52 53 89 71 90 53 77 71 50 56 84 59 78 52 
95 55 52 67 90 52 69 88 60 87 75 99 92 56 99 78 99 59 96 75 74 73 66 57 65 60 51 61 70 64 74 94 83 92 92 66 100 95 70 61 74 66 58 62 83 60 91 81 70 68 63 87 67 75 83 62 84 66 96 83 87 96 65 99 93 92 54 51 54 69 51 94 76 98 67 65 74 75 70 56 61 57 84 51 98 93 64 90 97 74 60 57 69 64 99 72 55 52 77 56 92 97 64 93 90 95 93 62 100 73 92 68 82 62 50 64 51 82 86 79 71 57 72 67 92 59 53 51 89 62 86 85 73 72 52 68 92 99 59 67 72 50 67 52 92 91 71 88 76 57 64 57 59 88 100 74 70 88 98 62 83 98 80 71 69 84 91 67 53 75 98 50 97 95 92 63 51 75 72 83 73 69 71 59 58 78 71 87 85 94 90 87 74 71 81 67 68 58 92 70 
100 74 94 77 50 95 79 70 84 61 54 100 97 59 65 94 97 84 65 58 89 52 76 81 99 53 91 74 100 72 69 97 70 96 57 64 70 88 57 82 58 69 78 85 87 71 52 57 79 55 66 67 97 95 62 100 90 96 95 53 62 67 87 52 58 91 62 95 83 50 70 74 95 52 96 93 58 60 59 68 50 86 84 88 79 79 76 100 98 83 82 59 88 99 73 95 100 77 79 96 80 76 75 61 69 51 72 51 90 70 95 81 95 95 100 58 65 71 86 88 76 55 82 94 95 72 59 86 59 94 81 96 55 57 89 55 55 99 76 87 73 90 75 57 59 94 52 94 85 97 91 60 95 72 96 79 63 58 69 67 90 88 68 75 75 52 66 63 82 72 64 96 61 80 73 69 96 53 77 57 93 65 97 62 58 77 56 87 52 96 76 77 77 72 88 72 99 99 79 51 
78 82 77 50 84 60 63 52 99 92 95 70 71 74 62 66 87 99 73 73 73 66 96 81 83 82 63 52 60 61 99 53 79 51 99 65 81 50 61 74 63 69 93 76 94 74 84 79 82 83 79 81 59 90 91 62 64 58 88 74 92 60 94 95 94 50 62 98 90 58 76 74 71 95 91 82 62 87 96 93 81 51 64 73 73 50 70 97 69 56 80 54 89 52 60 70 77 89 57 81 55 75 71 84 90 92 95 72 81 77 57 90 84 87 83 74 91 71 52 59 62 50 58 50 59 88 53 78 93 79 93 61 59 75 53 51 62 72 63 85 60 88 81 67 98 93 80 90 65 72 52 98 78 70 83 57 94 84 90 70 58 84 60 66 90 79 52 54 73 81 97 64 69 55 78 98 87 99 65 97 80 59 98 64 79 87 89 93 94 51 72 99 59 71 55 74 72 63 78 75 
70 90 70 76 64 74 53 51 92 84 94 75 60 50 51 57 96 52 65 63 99 62 50 63 86 98 73 88 57 75 85 58 56 80 53 97 63 84 96 100 56 85 68 57 93 78 70 84 99 89 60 64 66 94 51 79 79 65 67 82 98 73 77 86 94 62 76 86 65 99 100 76 88 55 65 52 58 94 66 95 60 78 92 92 83 65 91 54 51 68 73 71 98 86 52 55 56 74 90 97 71 54 75 68 88 53 64 53 93 54 76 91 80 75 79 62 54 61 73 95 77 88 50 94 60 91 84 77 87 63 68 58 51 58 88 65 60 72 63 66 100 83 74 54 74 79 54 61 84 79 85 90 87 79 92 51 95 57 60 66 53 77 92 76 89 85 91 59 89 75 59 65 94 94 72 53 63 54 83 96 92 82 82 82 86 74 69 74 96 65 62 56 81 50 78 89 92 96 77 76 
74 85 68 62 76 77 96 100 86 54 99 60 67 68 86 70 74 98 100 62 100 81 88 96 70 99 72 89 67 98 51 67 60 73 50 69 95 57 96 88 77 61 60 70 94 57 54 74 62 81 74 73 78 89 55 84 74 52 65 61 52 57 78 80 94 64 79 74 83 69 83 77 73 98 74 52 100 83 55 70 80 92 92 76 61 70 92 81 90 95 83 56 51 91 54 79 65 91 63 94 78 97 62 55 73 62 94 81 52 80 78 53 57 69 52 75 69 52 55 64 67 76 61 71 80 68 58 78 70 51 63 93 95 76 99 88 72 69 82 80 86 97 54 71 91 51 68 98 64 85 91 69 59 76 71 83 65 88 88 62 66 59 76 63 79 66 85 90 73 55 78 78 64 96 79 63 65 70 50 87 95 81 90 51 66 90 68 52 63 53 98 73 59 50 63 52 76 61 72 92 
68 87 67 54 76 79 76 99 82 76 89 72 75 64 82 61 83 54 81 80 58 74 53 81 96 69 96 69 83 92 94 68 79 72 77 92 91 50 81 76 65 62 88 91 87 78 62 85 62 61 51 55 100 91 98 63 58 76 79 93 67 51 50 61 88 68 54 66 95 78 63 71 93 71 89 79 74 70 61 82 63 61 92 56 93 73 50 97 74 86 83 93 52 89 58 93 89 86 88 81 69 95 84 91 62 87 70 50 89 96 60 52 97 75 96 63 81 50 74 77 98 58 86 59 100 51 57 90 94 65 100 71 99 83 57 77 96 54 86 89 90 69 74 92 99 92 76 82 91 65 96 96 73 75 85 66 94 69 61 74 95 58 96 88 52 87 81 95 80 82 72 51 75 90 70 99 76 53 69 84 74 77 72 51 69 93 72 92 93 64 54 95 84 72 59 57 89 64 89 75 
88 86 63 75 67 75 80 63 80 82 89 59 72 73 54 51 93 98 51 54 80 75 64 68 96 99 61 99 64 62 66 70 55 51 53 99 98 70 69 50 90 59 61 67 88 81 62 55 96 71 56 59 72 52 94 75 94 99 71 100 74 88 92 74 75 74 99 100 61 87 67 92 56 99 67 66 52 58 56 75 64 84 89 99 58 98 89 76 80 84 89 93 65 96 79 50 64 66 61 93 96 82 92 74 99 81 86 58 84 92 55 84 70 53 86 55 72 83 91 52 75 55 61 63 61 77 65 80 55 80 64 54 75 91 92 89 81 55 99 85 98 62 88 93 86 95 70 54 83 78 51 54 91 88 76 96 72 69 69 77 76 64 79 82 96 88 86 60 70 50 87 85 79 74 91 57 57 51 96 85 88 62 63 71 85 69 85 75 67 57 78 96 100 79 99 81 81 78 92 54 
70 74 66 50 51 78 85 69 78 69 52 75 60 92 85 50 61 70 82 60 57 56 51 58 95 95 50 94 83 86 74 89 89 86 98 66 73 83 98 75 91 52 72 76 82 86 98 82 50 72 90 75 54 76 59 86 62 98 67 74 91 50 93 58 100 60 62 68 63 95 62 90 98 60 50 56 87 99 99 54 61 51 75 56 55 84 61 57 68 53 50 69 85 52 50 89 79 67 84 53 92 62 79 93 83 54 57 51 89 78 84 100 69 85 66 58 97 95 64 86 61 89 72 87 99 71 85 71 51 79 74 69 81 69 63 86 66 64 97 91 95 53 52 97 59 71 87 67 71 82 98 79 58 78 87 62 86 71 96 81 74 52 67 77 62 83 51 87 66 93 78 79 70 83 64 70 68 92 88 86 82 68 70 73 88 55 92 83 98 76 64 92 99 85 83 79 58 63 51 94 
67 69 99 70 73 59 61 81 78 64 61 59 61 78 67 87 88 97 85 89 53 56 97 100 66 58 76 84 62 65 83 93 79 79 86 82 95 75 76 67 91 67 94 99 52 95 81 96 96 93 79 76 99 52 86 63 70 91 67 84 66 59 55 71 88 98 65 52 78 92 94 90 57 75 94 57 59 100 97 90 78 78 63 50 53 69 58 61 82 53 54 64 85 50 53 78 67 66 67 79 63 60 73 68 86 65 98 75 68 76 53 76 85 69 79 100 88 79 73 58 92 77 65 58 88 97 69 82 56 70 100 80 87 65 68 85 51 68 74 57 50 92 56 52 75 65 51 80 60 90 69 79 80 75 80 98 50 61 76 90 100 95 70 97 50 70 53 51 94 68 80 69 60 91 78 64 53 86 74 50 64 77 83 51 88 59 63 58 50 91 97 88 95 57 63 82 92 78 76 78 
71 68 71 81 80 89 53 94 80 55 65 74 57 58 54 52 63 87 88 77 84 69 86 62 51 88 57 73 59 69 78 87 61 57 80 54 92 62 82 52 95 69 54 60 66 89 55 63 77 59 82 93 55 56 85 52 57 84 84 91 92 74 62 72 91 66 50 72 94 52 74 56 73 51 73 66 57 91 90 52 53 96 62 51 74 87 87 52 100 97 97 81 72 50 50 56 61 72 84 89 52 97 96 69 52 73 92 94 95 99 53 53 97 98 85 76 61 60 77 64 85 60 80 97 74 52 99 85 65 53 91 97 56 100 78 95 96 53 95 92 100 88 81 92 68 96 56 72 82 90 59 63 77 98 90 97 74 50 75 91 53 78 65 77 57 57 72 86 73 69 58 52 100 90 94 68 58 89 69 93 93 53 89 66 53 51 97 78 85 98 75 79 67 60 50 62 98 87 67 98 
76 58 51 67 80 84 80 66 60 75 100 87 92 56 55 90 60 57 86 71 84 62 85 100 54 65 89 56 70 69 74 99 69 79 64 60 80 80 78 71 91 71 52 95 90 54 78 87 60 71 67 94 53 76 90 59 71 76 99 60 81 53 50 83 89 75 96 73 96 55 65 55 57 60 73 91 85 54 68 64 97 91 95 54 95 85 73 51 86 60 59 75 84 66 97 75 50 87 86 89 95 54 65 73 70 96 56 67 60 70 87 73 86 90 87 80 77 96 76 89 71 82 74 58 63 68 63 64 67 58 81 84 79 84 84 68 65 95 57 64 82 65 91 72 68 91 67 85 70 71 77 74 89 52 56 59 50 81 82 97 87 68 75 56 90 83 87 77 58 91 83 66 93 97 93 60 50 57 65 58 99 91 60 79 73 98 69 68 55 52 100 95 70 78 100 87 69 62 57 94 
81 73 93 79 55 80 92 59 50 75 85 55 99 94 70 56 76 96 63 79 80 86 89 65 86 57 80 100 71 94 89 98 51 66 99 82 76 54 53 79 67 93 79 57 76 99 69 73 85 83 56 69 92 90 80 58 51 73 83 73 65 100 52 58 61 71 86 59 88 62 74 83 53 73 56 56 76 65 88 80 51 61 93 84 83 80 87 99 86 54 60 86 73 78 62 80 55 65 96 86 99 61 56 94 91 77 57 89 51 64 77 59 80 61 53 73 91 51 63 73 74 67 83 77 80 58 91 83 60 63 83 66 52 72 50 91 68 54 86 91 94 71 62 58 92 73 68 99 66 71 85 81 77 77 74 91 95 77 56 71 73 80 93 89 70 90 88 70 93 56 64 82 83 95 56 68 70 86 54 73 94 69 63 80 69 81 74 96 82 100 100 69 54 83 70 61 52 90 82 93 
58 61 60 100 69 71 50 91 96 58 66 81 98 65 61 80 62 83 88 59 73 51 82 91 88 100 100 72 98 72 89 99 53 84 50 61 54 69 98 84 93 78 78 95 63 52 72 66 52 100 66 62 51 64 68 65 79 98 55 71 91 76 62 69 72 87 69 91 76 92 65 97 69 80 51 63 78 71 56 52 72 50 72 67 68 57 89 76 74 99 59 73 55 90 75 73 52 96 63 60 72 92 73 71 73 61 57 80 93 62 75 70 96 99 55 94 53 78 74 67 85 53 72 74 64 74 86 64 90 85 75 75 93 91 84 71 69 50 86 52 96 54 57 58 78 55 60 98 84 73 78 69 61 53 95 68 66 60 89 60 97 64 94 55 52 78 70 91 55 96 100 75 78 52 90 78 56 55 73 76 59 80 58 84 73 89 100 97 55 96 69 93 51 84 67 52 99 73 66 74 
61 78 96 87 62 60 85 68 68 60 56 92 87 84 78 85 71 50 97 82 59 93 82 53 60 99 78 96 94 94 97 68 74 95 68 91 51 63 56 85 93 99 69 57 93 74 91 81 97 83 89 73 74 96 50 75 58 74 65 64 78 80 94 94 55 100 95 58 69 67 53 61 77 77 71 67 92 84 66 100 51 96 69 54 84 87 97 94 60 97 67 94 77 82 96 53 84 77 69 85 96 98 58 63 98 77 53 72 92 70 52 57 96 85 93 77 72 54 64 66 70 86 60 79 93 56 74 59 56 87 52 91 89 68 77 70 72 100 74 98 72 90 56 81 94 93 76 79 95 79 92 70 84 69 83 62 79 66 50 59 85 57 97 99 94 90 54 98 80 53 98 94 98 100 58 74 64 97 94 67 73 85 90 88 69 91 78 84 69 78 86 51 73 95 84 79 92 54 93 70 
75 63 65 60 52 54 54 80 57 86 98 75 55 82 68 92 81 89 99 65 79 92 60 64 92 82 54 70 87 93 95 94 75 91 68 50 90 82 64 97 86 99 68 65 76 66 66 67 59 97 79 90 99 60 98 76 55 65 59 53 63 89 72 63 71 63 97 62 86 96 76 89 94 75 67 81 71 77 90 69 80 53 76 97 95 98 91 74 56 99 58 93 72 80 51 70 53 61 69 86 85 57 95 63 82 90 96 85 62 84 75 69 92 69 82 83 67 90 54 93 76 93 94 83 51 65 70 87 85 61 55 66 50 59 72 90 77 75 51 62 55 62 74 86 85 94 67 92 100 82 77 93 62 70 85 71 53 76 98 88 54 81 77 93 65 91 52 67 52 100 82 55 63 88 66 62 89 84 96 87 66 81 89 64 91 66 92 69 56 60 81 62 86 69 54 57 71 73 82 100 
58 84 85 61 84 77 53 50 90 61 65 91 53 78 53 75 65 82 63 74 84 86 95 54 56 84 52 100 73 53 79 61 86 71 98 68 93 53 51 95 99 71 97 63 69 52 61 57 90 93 51 55 96 54 66 59 98 61 75 62 62 95 87 57 92 92 77 98 92 68 85 53 55 89 51 79 69 81 85 56 51 62 55 57 84 53 77 58 54 97 74 54 76 86 60 80 81 60 84 78 60 94 91 69 61 95 70 92 80 81 100 69 65 54 67 56 80 88 53 77 70 86 97 71 55 92 70 55 65 70 66 80 50 86 78 51 97 62 66 76 93 60 92 85 79 89 84 98 67 87 62 80 86 84 98 55 53 77 61 77 76 52 94 74 96 64 67 92 57 66 86 66 77 54 90 68 69 91 98 52 62 50 66 70 50 80 74 92 56 70 56 90 91 76 51 63 81 68 94 84 
84 84 99 64 84 76 90 55 80 86 59 65 52 69 99 90 65 90 64 51 77 86 52 79 57 62 59 99 60 90 55 50 92 50 78 53 94 98 64 98 61 94 52 90 60 65 55 66 98 76 62 98 66 62 57 70 53 95 58 57 50 65 68 54 59 87 51 90 93 97 99 98 71 54 73 78 96 92 74 79 78 59 76 63 77 83 55 80 94 87 77 77 70 86 52 76 79 95 77 97 72 67 92 99 92 87 97 70 55 95 78 54 64 62 95 92 73 91 86 56 93 55 80 100 84 93 94 71 59 66 55 52 81 71 63 68 73 91 98 52 82 55 88 79 92 84 59 66 78 100 100 74 94 71 85 82 92 57 66 63 95 68 98 90 67 86 68 86 71 79 72 55 81 76 55 90 74 95 54 80 100 57 82 55 79 92 78 93 73 88 88 88 77 82 98 71 52 74 57 68 
76 68 62 64 80 56 59 87 92 95 79 62 95 50 71 59 62 72 94 51 56 80 81 64 99 58 97 62 50 86 93 56 62 94 88 60 56 78 73 61 90 51 72 85 68 88 93 89 80 97 50 60 76 58 94 81 86 92 94 86 98 94 73 71 73 91 51 95 61 98 81 78 94 67 56 58 62 91 55 99 87 56 65 95 96 65 77 87 53 96 96 74 88 75 98 54 78 81 54 89 64 81 68 71 73 93 89 66 63 59 83 59 84 58 53 99 55 89 63 62 51 93 82 80 75 69 56 98 74 99 53 78 91 73 65 95 51 57 89 89 96 78 90 98 82 69 86 57 72 51 89 72 100 87 66 80 83 81 86 80 87 67 57 74 73 84 87 72 54 91 84 84 87 85 99 75 59 79 50 61 73 75 75 59 62 82 82 51 83 87 79 96 68 69 51 70 88 88 88 62 
63 80 98 56 81 100 59 51 94 68 63 99 60 85 95 51 58 62 54 69 55 97 87 61 61 75 70 97 82 51 64 57 59 65 79 76 64 53 71 89 55 62 57 90 63 59 81 52 81 79 91 91 59 60 82 71 100 66 97 72 88 67 99 67 100 58 84 57 90 58 87 76 90 68 54 58 99 62 54 67 53 97 51 70 59 61 52 65 63 86 91 52 84 52 93 74 68 57 57 92 72 68 97 59 97 100 96 62 97 60 76 78 99 59 94 68 98 95 68 62 63 82 85 94 85 60 56 56 58 77 79 71 90 92 75 57 51 53 82 78 70 67 90 88 71 94 76 63 76 84 61 88 84 76 58 75 93 87 73 53 83 74 81 71 63 57 58 94 90 78 51 74 100 77 81 60 83 78 79 63 91 86 52 59 52 87 69 74 61 100 85 82 64 92 60 71 74 64 94 69 
99 89 55 90 96 71 59 97 97 63 59 74 61 66 65 74 59 97 92 64 68 99 66 94 59 68 70 68 56 50 67 59 55 69 55 64 68 53 55 65 83 60 77 78 84 56 51 79 96 79 63 53 56 94 64 93 90 59 74 77 76 68 93 52 70 55 98 81 59 96 71 96 98 62 100 97 90 63 87 62 55 95 83 91 79 77 97 89 91 62 74 68 85 90 57 73 99 88 80 74 84 84 55 80 89 77 83 54 51 92 68 100 95 82 64 77 84 73 80 62 80 90 91 62 96 62 68 54 99 97 64 74 87 51 99 78 66 53 59 84 99 57 62 65 98 61 54 54 74 63 53 86 77 98 76 65 74 69 95 68 66 72 92 62 100 93 90 81 57 90 56 60 52 53 72 81 59 58 94 65 67 58 74 52 83 66 59 84 62 87 51 99 94 70 84 70 53 88 53 63 
93 87 71 63 78 78 57 72 71 87 83 94 94 80 68 53 79 73 88 65 87 60 59 64 68 61 68 82 88 78 55 82 94 78 73 73 93 56 97 76 91 68 67 65 94 78 75 69 80 92 80 79 99 74 69 81 67 50 71 59 81 63 51 97 72 81 100 88 71 78 66 92 66 79 76 61 94 87 73 53 53 84 82 85 65 99 51 97 75 64 53 73 64 66 67 50 86 89 98 99 88 50 88 81 70 68 93 74 86 56 79 68 68 73 59 57 90 56 66 65 84 70 97 88 51 68 70 67 74 79 64 80 91 64 88 62 89 77 72 54 93 72 52 59 53 58 73 64 92 84 87 77 97 55 61 70 61 94 64 94 82 64 96 58 77 78 88 74 84 80 91 52 63 90 77 73 84 54 98 63 91 90 53 67 73 55 79 95 96 59 77 88 90 89 57 77 95 56 84 59 
89 77 62 56 56 82 87 61 55 88 79 67 95 70 63 97 100 57 82 64 90 100 57 71 51 51 71 66 88 50 73 95 91 58 66 65 88 94 58 99 99 56 74 95 68 91 63 53 89 84 67 87 74 85 80 55 63 96 52 96 85 95 50 78 54 86 96 61 92 72 70 66 99 65 65 69 53 65 66 65 87 74 73 72 82 78 77 51 90 85 81 53 66 95 75 86 92 54 66 72 100 72 93 68 63 51 71 66 93 94 95 89 72 67 77 99 50 85 57 70 87 69 53 61 69 67 56 99 80 68 97 63 94 67 99 74 51 60 57 61 69 55 90 55 51 90 50 75 87 67 94 76 82 83 82 64 81 89 57 94 57 87 98 60 59 80 56 73 87 70 78 97 75 65 78 70 88 96 100 88 94 59 55 61 74 80 72 82 99 59 57 76 53 64 85 91 77 58 69 85 
67 74 94 72 53 93 74 66 75 97 95 78 95 66 96 76 50 73 78 64 73 74 52 53 74 90 70 78 82 56 65 74 53 67 55 82 52 61 53 91 58 67 72 50 73 79 94 50 84 68 97 70 64 55 59 72 78 90 90 90 85 97 63 87 95 91 60 62 62 90 88 62 90 74 81 91 59 87 90 76 95 51 87 58 67 97 63 83 58 68 89 65 92 70 92 56 87 68 90 52 93 79 99 82 84 98 84 62 61 52 84 89 70 81 62 92 82 83 88 83 77 89 83 65 84 74 92 94 86 77 74 62 86 52 80 60 73 57 70 73 50 80 71 82 87 91 72 51 81 79 95 67 100 83 74 81 55 78 67 66 72 99 66 52 85 64 77 96 91 68 73 54 88 84 90 84 91 68 62 70 58 74 84 97 93 71 100 90 78 68 55 60 81 89 76 96 53 54 78 75 
62 66 99 65 93 88 85 99 67 71 61 81 92 60 73 89 86 94 75 68 53 60 65 69 86 90 82 76 84 100 97 100 80 92 50 83 91 51 97 68 67 51 69 85 71 92 55 56 79 79 65 84 69 99 57 93 83 66 82 59 58 62 50 77 77 79 84 52 55 68 88 80 98 60 73 59 51 63 98 50 83 95 54 74 52 71 95 69 54 64 81 76 75 92 64 57 61 65 93 92 91 76 88 63 67 75 68 51 50 71 89 57 72 70 72 80 58 90 50 81 94 77 79 67 86 86 82 54 89 57 99 65 61 93 77 72 89 65 83 92 71 50 80 90 94 67 83 89 62 74 64 76 76 60 69 90 55 55 54 64 73 99 78 92 89 84 62 82 68 86 69 92 98 84 73 60 76 79 85 52 99 70 62 75 79 63 99 74 78 59 52 69 67 52 97 68 50 76 86 53 
89 68 62 71 53 83 75 55 53 82 56 86 73 66 91 89 76 67 90 60 75 59 100 68 82 89 62 77 79 99 78 52 84 59 93 66 70 51 66 99 52 94 75 90 84 69 68 75 89 53 51 74 74 90 71 77 75 74 56 50 73 70 61 57 57 96 96 94 62 81 97 52 55 50 79 54 88 72 80 68 70 92 88 59 96 79 91 63 56 74 79 71 75 56 88 51 100 100 96 99 100 87 57 64 84 65 72 75 77 66 79 62 98 81 69 83 84 73 71 58 52 100 91 50 69 60 98 98 86 90 78 63 70 79 67 93 92 79 88 66 77 100 100 70 55 78 84 66 57 98 69 70 98 72 96 68 66 93 97 71 97 97 56 73 71 65 61 93 50 50 70 99 76 80 78 67 52 58 73 58 88 70 78 85 78 100 82 77 54 80 62 58 68 98 69 70 66 68 73 64 
75 88 62 95 83 96 64 97 81 100 58 78 84 96 60 56 65 74 83 54 59 57 72 65 97 67 97 96 83 60 56 71 72 57 97 82 69 89 65 100 65 89 72 95 50 99 100 90 77 95 67 68 91 100 80 98 89 52 63 93 71 93 67 85 54 97 53 55 63 74 71 66 72 64 88 71 69 69 74 64 57 62 54 94 63 56 72 58 56 58 61 98 71 64 65 75 96 64 70 53 69 61 71 86 57 93 57 89 79 79 73 54 58 51 71 53 51 63 94 51 76 59 70 82 93 87 53 66 71 99 97 95 50 65 91 60 86 58 60 65 54 65 75 83 76 72 76 93 83 64 99 80 59 92 99 80 86 95 95 58 51 62 99 91 88 61 97 73 50 52 55 77 70 92 59 64 60 82 66 88 93 98 90 58 81 70 69 95 97 52 84 99 72 64 94 66 82 72 68 88 
77 84 91 98 83 68 75 58 79 66 63 82 78 65 87 89 59 87 70 75 91 58 58 53 51 64 66 56 76 65 100 50 82 75 57 92 84 58 90 76 50 93 65 87 68 69 94 83 68 74 100 70 78 81 91 67 64 66 64 76 100 52 79 85 98 99 76 92 58 86 99 80 60 68 81 61 60 98 82 93 73 85 90 68 57 55 59 66 92 81 100 70 100 66 63 86 51 87 59 56 81 87 75 71 89 63 57 82 86 81 74 73 96 97 57 60 55 99 58 80 82 87 90 85 78 90 54 78 82 78 59 74 56 66 97 66 99 94 59 62 68 86 66 91 58 87 92 56 94 74 64 64 62 71 60 65 72 60 87 72 55 88 72 78 100 51 99 73 87 89 64 55 85 94 100 86 72 58 80 79 74 70 80 56 54 74 83 72 69 75 56 58 89 89 79 96 85 72 71 77 
85 84 73 68 71 54 54 55 59 75 74 77 83 94 89 87 55 64 50 50 74 93 69 74 88 73 50 63 68 58 84 92 66 89 50 81 54 53 57 54 91 99 91 69 67 78 85 92 99 94 85 86 59 63 86 86 83 69 61 89 62 100 79 51 100 97 74 57 100 50 92 64 86 86 84 73 91 70 83 86 83 83 90 50 95 68 73 58 99 79 92 83 86 62 86 51 73 67 92 54 72 77 79 77 53 73 57 50 80 98 65 64 67 91 66 85 71 95 74 76 71 98 72 92 61 88 59 85 83 54 61 70 61 64 83 62 74 56 65 61 59 57 63 70 83 90 64 100 66 52 72 56 56 58 62 100 56 73 77 88 100 99 54 67 50 67 53 80 89 70 92 95 73 88 84 68 56 93 85 84 96 82 62 75 85 54 82 83 90 95 65 78 64 98 92 75 88 64 91 51 
97 50 55 57 65 98 81 59 85 81 94 92 96 75 70 90 55 61 67 58 77 88 74 74 66 61 86 60 98 70 60 84 98 74 92 82 54 82 87 84 51 53 97 64 88 60 76 92 76 93 80 72 93 92 99 73 52 88 79 68 52 92 65 54 87 76 98 94 78 92 83 74 79 90 94 87 95 92 81 82 58 88 66 53 76 62 71 73 56 92 70 72 71 64 99 52 64 99 58 50 83 84 100 59 52 85 88 95 84 82 78 77 67 86 55 55 57 56 85 83 77 55 84 51 70 91 80 62 77 87 78 65 53 84 64 77 76 94 92 64 61 63 92 99 79 90 53 86 79 75 80 83 57 92 53 67 95 81 84 54 96 99 65 54 72 55 64 62 84 52 59 62 84 66 55 79 63 80 91 60 73 60 95 83 95 59 88 61 74 92 66 95 85 58 55 60 82 83 56 83 
57 73 90 73 54 72 78 90 93 87 73 52 61 69 74 66 58 81 66 57 85 63 93 81 86 69 86 97 74 53 90 51 72 64 87 72 60 91 64 75 81 57 90 95 85 84 54 71 82 63 82 82 86 66 77 84 55 94 65 61 63 67 95 59 86 58 61 65 89 97 52 51 78 59 90 68 81 55 51 79 84 69 51 77 63 78 100 77 73 55 94 92 67 77 73 100 52 84 90 71 68 51 73 97 71 52 100 79 82 91 70 65 78 79 78 60 68 59 66 51 63 55 53 59 87 94 50 100 96 99 56 64 64 64 56 93 66 80 88 81 63 92 53 60 54 88 100 75 84 73 75 67 65 70 87 53 64 61 64 67 67 65 93 67 68 93 99 52 96 100 75 80 78 65 77 75 76 72 60 69 53 51 58 56 99 99 72 62 66 63 63 89 89 88 57 78 79 87 54 95 
88 96 63 53 62 60 98 50 100 73 99 61 93 73 77 62 57 90 97 97 83 86 77 76 59 95 56 69 95 85 72 65 57 79 85 52 79 50 67 65 98 93 96 53 55 69 86 79 62 63 99 78 74 64 51 78 91 80 81 53 59 61 71 83 55 65 65 99 58 93 100 67 67 55 97 61 83 86 87 99 83 58 63 86 70 81 84 75 96 56 75 72 69 80 99 51 63 70 90 93 72 81 84 53 77 93 96 89 94 65 52 62 99 59 68 72 88 59 70 51 82 68 89 71 73 85 77 87 75 82 91 77 51 55 80 94 76 100 73 55 74 74 67 66 59 60 68 85 85 55 55 95 84 82 96 91 81 56 66 95 89 84 76 96 76 61 54 58 66 53 100 77 74 71 80 58 54 86 71 86 98 69 79 85 75 67 54 74 77 64 70 87 68 85 68 57 84 68 66 70 
66 67 54 82 56 75 81 83 67 70 85 58 98 79 52 65 93 95 57 56 83 58 56 83 65 85 64 85 92 56 77 58 57 81 85 52 87 50 96 50 85 58 60 77 86 64 61 57 90 71 76 73 89 88 79 95 63 67 63 72 81 56 81 82 65 89 95 62 96 67 80 63 74 68 100 76 87 94 85 63 82 97 64 76 57 81 55 77 90 50 78 92 74 89 89 94 92 82 78 99 50 71 97 84 85 81 70 77 73 86 81 77 89 63 97 73 93 80 85 64 84 87 60 62 78 65 58 75 57 59 87 77 91 89 72 100 76 87 79 58 51 60 77 92 67 91 83 51 63 88 76 70 78 94 82 91 76 77 77 63 70 81 98 98 57 83 91 64 69 79 66 66 73 76 86 86 80 64 97 78 58 50 63 84 83 66 89 76 52 52 53 72 97 50 78 55 55 92 97 84 
85 91 95 83 98 64 89 67 90 63 55 82 68 86 57 68 55 99 63 50 80 58 97 83 55 71 97 62 50 66 65 78 72 98 87 73 97 73 80 96 77 57 63 64 100 87 92 51 75 56 87 62 90 51 96 68 63 65 76 51 55 98 61 73 91 94 51 75 92 72 78 81 81 50 99 90 96 81 78 58 72 72 81 54 51 67 79 65 59 69 62 93 56 100 87 98 86 59 68 99 65 55 70 96 76 85 65 82 88 79 77 66 73 61 60 75 84 83 66 65 67 66 84 70 81 56 56 98 55 95 94 76 82 91 71 83 73 52 61 69 78 79 81 77 68 51 75 98 85 60 97 80 98 79 79 55 82 96 75 77 99 63 70 74 64 76 61 73 92 87 79 52 99 81 72 79 55 78 83 92 87 56 55 60 69 50 95 55 72 80 79 100 52 50 72 73 73 75 99 75 
72 50 64 69 82 67 100 63 87 63 74 84 84 89 87 79 85 83 67 74 99 65 66 72 96 96 78 67 68 54 76 74 72 53 53 61 88 93 56 59 54 70 88 89 68 93 55 67 84 61 86 58 91 85 76 74 98 98 62 91 73 91 59 55 53 50 94 69 95 82 60 63 69 72 53 62 76 72 98 93 98 57 58 87 75 68 69 86 70 79 94 82 68 79 79 86 60 52 80 62 88 93 66 56 60 52 56 85 53 83 63 98 82 76 74 82 90 63 56 66 100 59 58 56 80 55 52 97 56 70 92 63 80 66 59 61 57 88 66 78 57 60 66 72 75 65 80 74 85 52 84 63 77 67 51 81 56 52 86 66 57 96 62 100 63 68 90 75 61 91 63 72 82 73 99 73 72 73 65 79 57 64 56 65 99 68 97 88 98 95 64 79 85 99 66 90 96 51 77 53 
75 67 60 56 83 74 52 84 69 89 88 83 85 64 96 100 50 67 97 92 78 62 84 97 97 76 64 74 85 99 66 82 79 57 73 86 53 67 99 69 57 53 54 66 97 72 73 68 82 95 69 93 97 63 56 65 89 86 65 52 84 63 71 82 56 100 66 86 80 79 67 53 54 94 93 52 87 79 77 58 55 79 85 90 88 92 62 57 90 56 80 75 55 78 52 80 51 77 69 60 58 64 98 88 85 70 52 74 58 91 54 78 66 62 51 95 99 57 78 90 80 53 79 63 97 82 81 80 57 93 74 50 74 63 55 64 81 68 51 95 95 89 88 85 52 68 56 100 57 87 81 81 79 69 86 79 50 85 87 82 60 73 90 56 82 70 93 98 86 97 77 69 95 68 72 72 75 99 54 77 88 75 88 56 93 96 69 100 51 64 74 68 100 98 87 72 81 100 53 80 
72 72 58 81 97 70 54 70 79 100 54 76 95 86 87 60 52 99 54 57 61 89 66 94 77 91 86 56 100 51 64 72 73 95 89 85 56 56 72 77 84 53 55 58 67 89 75 76 59 98 96 68 100 70 75 76 95 58 87 97 66 86 96 61 64 73 73 51 75 83 73 92 75 65 66 69 56 75 76 71 78 80 63 52 92 86 97 63 79 60 56 80 89 88 94 87 64 70 72 60 90 68 88 69 92 83 60 82 52 61 96 53 98 76 64 89 78 79 51 65 71 89 97 99 80 97 56 100 91 93 99 65 53 96 97 89 88 71 94 63 71 57 89 83 66 95 56 100 81 54 76 84 95 54 70 82 64 96 51 53 63 55 70 98 78 73 91 53 55 81 60 64 94 69 92 86 91 50 89 51 88 53 82 71 81 61 93 71 58 84 52 94 64 75 63 70 61 77 93 76 
92 88 95 56 73 66 56 94 54 86 95 65 82 95 94 82 65 73 97 68 57 68 81 72 76 89 98 65 56 54 87 82 81 55 67 73 94 61 83 78 59 85 57 99 96 60 85 56 59 67 87 66 59 84 62 74 68 57 65 92 97 74 79 92 58 91 53 72 88 54 97 96 77 55 89 97 85 86 73 61 54 63 97 78 85 65 99 59 79 86 91 78 53 66 70 61 55 67 73 90 62 59 53 61 79 68 56 98 58 90 62 59 95 62 73 60 94 100 69 86 59 88 76 54 68 75 58 63 96 54 97 72 50 55 62 67 99 65 54 99 91 81 83 90 72 79 76 79 71 100 93 90 90 66 85 75 78 51 57 87 57 67 52 91 95 57 99 92 79 60 79 92 93 82 53 57 88 55 83 71 52 56 95 52 69 71 65 61 83 57 62 74 90 78 56 65 51 85 90 84 
95 99 96 84 51 58 86 92 69 100 69 94 100 52 86 66 74 63 56 98 53 51 77 52 66 60 70 66 64 53 81 58 58 67 58 81 78 76 70 94 62 78 75 74 84 76 84 65 71 79 89 52 65 58 80 78 70 64 79 62 54 84 58 84 93 55 96 59 88 74 82 73 80 82 79 92 70 57 79 75 77 73 56 72 75 69 72 66 67 95 82 80 64 83 75 65 62 75 70 91 67 83 60 89 53 79 93 100 64 89 100 52 50 94 66 62 63 55 57 95 83 98 89 82 100 70 50 50 63 60 60 95 79 94 94 93 100 71 69 85 61 79 81 57 88 92 90 87 71 62 74 66 82 89 61 96 87 86 77 66 60 75 64 66 68 67 81 67 61 65 82 75 53 50 98 84 86 97 99 61 74 74 80 61 94 54 80 82 51 50 84 88 65 56 65 91 82 81 65 74 
64 62 61 87 60 92 77 67 55 74 53 63 81 85 68 95 75 62 57 69 54 59 98 85 80 72 75 52 93 86 66 83 54 98 90 50 82 83 53 66 93 69 72 99 57 92 94 64 61 69 73 93 53 90 65 97 76 84 73 95 52 80 61 52 90 90 78 79 75 86 77 84 81 87 66 94 89 75 74 55 91 54 97 80 59 58 88 74 58 95 56 72 56 52 92 65 86 66 69 97 93 94 94 100 64 81 90 79 61 71 86 76 75 81 82 86 75 83 96 96 67 85 78 86 85 98 63 63 83 69 59 70 50 71 94 54 90 52 83 84 93 77 64 97 82 77 66 99 91 95 95 55 99 51 50 63 97 88 63 86 54 66 91 82 86 72 79 99 66 98 82 81 50 70 65 74 76 78 100 88 71 63 75 96 95 82 64 100 80 55 86 94 94 75 89 98 89 98 61 100 
85 77 88 89 74 55 85 67 56 97 72 62 52 82 55 91 61 80 51 54 70 89 68 100 52 99 77 75 99 51 96 64 78 81 76 84 96 90 94 51 81 73 86 84 94 70 50 68 91 51 100 95 98 87 69 94 75 64 66 68 97 84 66 55 63 83 68 68 59 67 75 56 86 82 88 90 87 96 84 82 86 90 52 66 70 94 53 72 95 89 69 92 60 51 56 61 87 81 79 87 83 64 80 65 61 97 58 84 69 59 51 91 82 79 56 99 50 98 97 64 98 70 74 72 73 88 96 82 84 63 95 78 88 57 91 95 80 59 60 67 73 77 99 50 60 75 72 66 73 76 63 95 71 57 82 50 53 64 60 71 53 76 71 56 74 80 57 99 66 96 63 81 70 67 92 98 74 90 55 57 76 92 94 75 94 97 96 74 94 72 52 50 51 91 79 50 98 83 77 82 
54 70 58 99 97 73 55 51 82 81 91 66 85 75 78 81 97 98 78 95 88 64 60 75 69 93 60 95 88 71 57 84 71 63 59 61 98 100 91 72 88 95 84 97 80 70 82 51 62 66 67 61 62 76 90 97 93 63 55 52 65 83 99 97 90 55 63 84 61 70 86 100 67 88 74 82 74 89 73 95 54 97 53 55 79 63 55 86 100 100 88 72 55 60 100 64 50 50 94 67 70 72 99 84 63 59 51 67 53 81 95 55 79 58 72 100 71 56 57 61 70 88 67 87 50 75 90 68 100 89 93 88 82 68 57 85 90 85 67 62 52 69 90 83 51 66 63 87 50 75 83 83 62 100 77 69 79 56 91 71 51 66 50 63 68 62 51 59 64 98 82 86 83 91 51 99 86 84 97 87 74 79 89 65 53 60 52 89 57 67 64 69 78 51 99 72 65 83 55 52 
84 84 58 82 92 63 89 85 90 85 67 83 98 58 82 73 52 65 89 59 63 54 72 67 88 84 96 72 70 58 79 65 96 94 99 87 70 68 80 69 62 65 52 65 75 73 74 67 100 70 94 75 51 94 94 74 59 69 80 71 84 73 83 75 88 96 95 79 88 82 91 91 85 74 91 70 79 85 88 99 55 82 84 93 73 92 90 55 72 65 77 67 68 85 51 92 68 90 100 64 83 70 63 52 89 73 76 69 73 93 82 54 66 95 89 77 72 83 75 70 55 60 55 70 54 93 58 73 86 53 99 73 63 80 84 58 99 51 95 91 79 71 81 88 76 70 70 100 93 75 63 80 79 100 62 94 80 86 82 80 82 72 96 88 62 52 64 71 59 67 55 66 52 51 59 60 67 93 97 62 99 79 100 72 99 92 55 59 56 59 59 62 50 86 67 66 52 76 78 89 
94 91 92 100 59 77 91 77 67 64 53 54 79 75 58 75 94 98 65 55 99 72 69 74 99 60 68 78 91 97 72 57 80 92 62 52 74 97 74 52 66 69 57 68 64 51 63 62 82 53 52 86 83 77 92 91 100 91 50 89 94 67 90 79 52 57 61 62 97 50 87 83 93 83 65 59 93 75 58 74 53 61 66 96 51 53 96 59 83 69 91 57 88 78 51 67 56 64 80 59 73 72 80 51 73 52 94 50 59 51 58 64 57 69 54 99 60 87 70 50 66 75 78 78 100 51 59 69 97 71 97 67 51 86 87 50 97 93 79 66 87 86 54 68 67 66 88 80 98 90 56 61 69 53 55 67 55 63 69 63 58 84 86 62 75 76 57 98 95 90 79 82 92 84 88 75 74 93 89 95 87 89 62 73 92 60 78 74 65 55 74 55 88 77 86 95 81 71 76 99 
94 91 59 80 89 79 64 100 61 97 78 93 75 89 62 98 97 59 75 64 66 65 60 82 86 68 77 87 68 52 55 75 82 88 57 88 80 55 82 95 77 86 62 63 93 60 67 87 87 87 80 87 52 54 90 87 98 72 68 76 61 82 73 91 72 56 57 57 70 59 88 77 68 55 63 70 59 54 70 56 64 91 94 95 88 100 60 54 55 91 51 74 94 84 53 88 82 66 83 94 84 67 86 71 60 72 99 85 81 67 92 57 94 74 52 78 77 80 50 56 61 84 90 70 77 58 75 52 75 78 80 58 72 97 70 56 69 72 75 98 67 65 90 73 63 94 92 52 94 74 66 67 71 76 75 94 72 69 87 82 90 58 60 73 72 90 84 91 100 83 60 88 81 89 71 58 83 81 67 97 89 90 63 87 63 57 99 79 85 96 76 83 90 51 76 76 58 87 76 78 
69 82 60 53 70 61 87 77 97 65 80 93 87 95 52 52 72 79 58 70 93 53 59 93 65 50 70 94 74 99 97 91 50 89 72 52 73 65 95 81 60 77 88 62 74 99 61 54 74 55 61 88 93 78 55 92 56 77 88 58 90 85 83 90 75 66 58 58 58 66 72 59 95 57 52 60 68 89 77 64 80 95 96 51 84 60 64 91 56 72 94 91 98 75 65 63 96 86 88 80 89 71 96 68 84 74 66 99 97 88 70 55 53 79 63 79 54 88 74 79 52 87 60 58 93 50 64 51 91 75 95 87 53 84 85 94 85 60 62 98 61 74 91 63 78 79 99 75 83 50 87 54 51 98 82 76 53 72 87 94 90 64 67 59 87 61 52 64 73 82 55 86 81 98 91 59 50 70 62 56 64 63 67 88 78 92 83 94 60 55 94 70 93 99 96 97 95 83 53 85 
82 98 94 64 72 71 73 83 52 90 79 56 74 56 90 86 53 74 94 76 94 53 84 59 100 56 70 56 74 67 90 77 75 94 63 85 96 81 51 54 88 98 89 67 62 92 65 88 99 67 100 63 57 52 51 89 92 58 98 77 66 67 73 72 66 92 69 65 77 72 72 91 59 83 54 56 98 97 91 87 75 59 59 56 93 89 79 87 60 68 73 79 60 55 79 99 50 72 55 87 77 70 72 79 99 92 72 74 88 88 63 53 88 70 63 77 78 58 78 68 98 82 75 64 84 81 62 99 53 78 98 85 52 71 87 85 68 99 54 99 68 55 61 70 72 98 89 68 92 52 100 78 51 55 81 59 89 74 93 87 56 100 71 90 55 75 55 76 81 80 54 95 65 50 70 93 97 72 86 90 100 64 62 82 51 79 54 64 81 67 61 91 98 51 70 63 82 85 53 78 
91 88 61 85 62 97 67 75 83 89 74 89 89 69 66 66 61 65 95 82 86 98 60 88 95 72 86 94 92 59 95 84 81 58 69 65 100 84 56 66 82 50 97 75 83 70 82 100 99 53 95 58 91 99 61 92 83 75 67 91 52 50 61 95 91 90 87 98 50 92 76 75 81 50 89 86 86 73 81 92 73 68 67 67 61 92 91 61 79 97 67 72 59 95 97 87 92 56 69 88 90 72 94 93 86 98 58 69 73 56 65 95 91 75 67 58 66 86 70 52 65 81 52 68 98 53 92 82 50 53 78 88 96 88 60 81 83 97 69 71 52 75 80 57 59 80 72 86 70 80 51 91 96 80 56 71 76 79 72 56 71 60 88 95 96 60 88 55 98 58 80 62 61 66 72 77 58 92 71 54 63 93 79 68 71 68 70 57 69 72 94 61 83 58 53 94 89 75 63 54 
54 88 90 88 99 91 50 60 68 89 57 81 94 79 83 63 56 58 81 59 62 72 68 90 82 96 50 85 100 68 57 62 72 71 81 100 72 52 97 56 78 53 58 58 65 70 92 57 58 57 61 59 90 82 78 69 95 53 76 78 65 95 60 58 98 85 70 89 66 85 75 77 74 56 98 98 84 78 51 93 69 51 92 87 71 52 93 86 81 97 84 92 100 56 53 71 65 86 75 51 72 73 54 70 81 77 86 83 58 93 62 93 77 78 57 69 96 66 56 89 82 87 79 71 98 64 51 92 90 54 77 78 71 66 64 72 87 55 95 97 98 74 75 55 55 72 86 64 54 62 99 72 86 63 81 96 52 50 51 59 98 52 90 88 83 71 100 57 90 84 89 87 91 77 74 91 51 71 74 89 88 97 98 55 65 53 80 92 58 88 75 90 100 79 97 74 82 59 68 88 
64 55 73 79 66 81 66 89 52 72 57 54 74 77 78 73 66 81 60 76 55 85 90 64 81 61 99 57 98 66 68 63 75 84 89 86 59 75 99 77 55 80 60 65 73 91 84 80 52 87 73 77 58 95 99 60 84 50 72 96 52 74 64 82 50 78 86 50 98 68 74 51 88 52 58 86 65 84 96 64 61 76 73 88 90 67 65 75 94 94 65 69 88 65 75 84 72 76 61 66 70 86 99 60 72 64 78 84 82 50 54 53 78 96 84 99 79 59 96 72 50 69 66 66 92 80 89 94 89 52 96 98 80 93 87 55 68 99 66 52 76 92 80 83 63 65 71 67 83 86 90 85 52 74 65 66 90 87 76 97 98 65 62 99 61 100 73 71 67 86 73 91 69 97 67 55 96 62 88 83 50 67 80 70 66 89 53 81 97 89 97 60 68 97 63 95 68 81 65 57 
57 85 56 73 91 100 75 60 84 98 51 100 55 55 94 53 55 50 83 65 80 81 79 100 54 100 85 60 93 95 63 76 51 54 80 71 93 98 84 59 82 59 53 63 61 81 80 92 70 79 59 55 84 86 96 91 81 94 84 57 94 99 76 82 54 83 61 80 93 53 75 84 86 69 64 77 73 89 80 73 97 84 65 55 96 52 66 91 100 59 74 68 82 65 85 60 90 64 84 90 81 93 79 53 58 86 56 52 97 100 84 86 100 73 71 68 62 64 68 71 84 84 53 99 71 89 80 94 90 57 55 95 61 53 68 55 85 74 69 84 55 69 50 93 94 83 95 53 76 87 79 84 99 83 62 79 73 66 55 72 80 81 83 58 93 55 68 71 54 70 87 54 57 66 62 81 72 52 86 68 59 68 98 94 64 60 55 74 95 66 58 84 95 59 65 66 87 80 74 54 
68 77 70 79 55 62 80 53 74 80 83 73 78 84 62 51 98 53 77 97 58 50 95 79 80 60 92 86 67 91 91 95 74 68 76 98 85 72 51 56 94 83 91 83 95 72 53 77 66 59 66 84 63 88 50 50 96 86 66 85 89 51 91 94 56 66 75 64 60 100 74 62 50 89 86 67 62 75 53 55 51 68 78 83 100 51 62 72 100 93 64 73 51 65 76 68 93 66 94 91 56 59 93 53 81 70 93 68 68 96 63 64 63 54 79 74 65 68 77 92 87 62 82 55 59 80 94 52 86 61 51 99 93 61 50 89 80 69 84 77 88 52 86 69 70 59 67 79 98 71 79 59 65 60 78 96 67 72 92 83 79 91 61 86 61 81 99 51 84 99 89 96 91 52 89 50 56 74 59 78 74 71 82 97 64 50 65 93 57 66 57 90 93 57 81 70 94 77 91 87 
79 81 67 76 96 75 100 59 55 100 92 77 88 83 85 66 77 91 61 76 82 75 61 64 63 58 58 55 63 76 90 89 68 52 85 53 84 60 70 52 100 97 78 77 87 58 83 74 61 70 68 58 70 69 92 56 91 64 66 75 73 66 93 55 62 74 98 79 72 68 77 66 60 95 97 51 87 50 85 85 60 88 88 100 85 100 68 55 67 74 99 56 53 52 79 55 71 61 53 58 85 92 57 99 52 72 96 76 61 57 66 99 71 54 52 98 60 83 72 55 85 85 63 55 97 67 89 80 83 55 65 84 78 76 78 64 84 70 50 69 65 96 75 57 61 94 72 95 92 96 70 50 71 92 70 88 67 76 80 63 70 53 54 73 55 94 64 76 94 100 53 96 79 90 80 82 72 79 73 78 96 68 95 82 58 95 84 93 74 86 65 71 60 73 64 69 51 74 77 60 
59 94 72 94 66 93 67 83 65 89 60 95 90 86 70 86 62 97 90 68 97 67 80 74 58 76 52 74 66 87 53 66 56 84 71 57 73 53 91 54 64 51 99 93 60 54 87 77 93 93 73 94 71 94 69 76 56 67 60 83 88 79 93 76 58 86 98 88 61 66 58 93 66 78 63 60 64 57 94 99 97 60 97 96 81 72 86 90 91 98 94 90 94 60 79 88 68 92 91 79 54 94 70 100 80 60 85 57 75 78 70 59 72 97 96 78 97 74 99 88 95 55 57 93 64 75 56 100 75 55 77 61 91 96 82 86 79 54 88 86 74 72 85 77 84 60 91 67 62 88 69 92 64 98 82 96 70 98 91 93 96 99 63 68 98 56 74 90 74 92 74 74 90 67 61 52 68 74 93 56 50 74 95 57 80 83 87 91 53 51 63 63 77 63 72 98 64 88 96 64 
80 55 70 99 89 75 87 97 64 58 67 87 65 66 97 50 61 51 98 60 52 64 82 58 86 82 61 81 50 67 81 99 86 78 57 83 86 50 80 69 93 79 57 71 95 95 88 73 79 65 69 50 96 89 64 50 55 97 100 60 66 63 66 89 58 77 53 89 65 65 58 56 83 98 87 55 99 75 80 53 59 81 97 63 97 79 99 68 52 51 97 78 99 92 93 77 80 83 67 85 81 60 81 53 95 61 56 64 85 95 74 61 52 90 83 98 77 84 58 92 93 64 65 94 96 61 70 65 81 59 95 52 84 75 83 64 64 77 56 63 94 72 96 97 81 73 79 64 51 88 76 69 84 54 71 88 77 96 53 62 53 81 56 80 55 90 79 67 58 94 82 95 53 95 99 52 84 58 62 93 96 62 64 63 64 69 78 84 83 65 76 98 85 58 90 91 72 96 76 69 
84 72 54 87 91 94 67 73 64 87 55 83 71 100 91 54 97 97 80 84 97 67 98 64 52 70 64 80 100 85 86 89 82 50 82 61 53 54 70 100 86 71 54 54 81 79 64 88 83 59 63 73 80 61 94 81 94 94 100 51 68 71 96 76 93 63 54 60 80 54 76 86 77 78 69 54 54 58 99 83 82 63 79 74 89 52 82 66 77 58 61 55 64 84 72 52 62 76 79 83 91 73 60 89 66 87 94 99 96 70 56 97 82 56 94 88 63 93 61 72 55 98 67 64 63 80 100 51 60 80 99 99 66 89 54 54 90 65 75 75 55 58 55 100 71 91 80 85 96 77 56 90 77 52 96 89 72 96 100 89 100 77 79 79 79 75 64 78 90 88 54 55 96 86 97 61 52 52 93 82 64 63 73 82 50 84 89 72 82 93 91 99 100 85 89 71 71 95 86 72 
85 98 83 61 56 55 71 83 88 57 99 50 80 66 83 68 91 65 75 57 98 63 95 72 65 84 96 92 62 97 89 86 98 61 73 98 97 51 77 56 71 93 90 81 97 66 80 80 77 87 89 69 50 52 79 94 50 59 51 75 64 56 57 88 53 99 52 85 50 98 65 83 64 57 77 70 77 79 56 85 77 66 63 59 91 81 92 71 70 94 92 68 66 97 78 56 85 58 75 72 65 64 64 88 93 75 71 71 95 58 59 100 89 76 75 99 57 97 93 99 87 72 96 72 54 52 89 67 88 59 69 97 83 91 61 85 58 56 66 98 98 60 88 99 78 73 69 71 60 81 64 85 92 76 86 91 63 69 64 65 91 69 59 83 75 77 73 93 89 64 74 94 92 60 76 95 80 67 61 75 62 63 59 64 85 99 83 52 71 96 91 60 98 99 71 91 84 58 86 85 
83 69 81 85 83 56 88 66 53 60 97 89 51 55 51 76 58 86 89 97 78 53 92 63 76 79 100 81 86 73 61 73 93 84 81 82 89 72 72 96 55 70 79 99 99 93 72 61 94 53 57 50 52 90 83 71 83 64 57 92 84 50 68 87 63 77 53 59 87 70 53 66 56 89 90 78 55 57 58 93 88 63 51 95 58 52 81 96 57 64 91 78 80 56 58 53 84 84 74 82 89 84 62 67 82 60 52 60 99 61 76 51 79 69 87 93 90 92 70 95 77 87 71 65 66 50 81 72 100 80 67 56 71 71 80 85 68 64 77 89 85 87 64 74 97 90 85 92 64 56 82 96 83 53 97 76 59 62 51 78 92 70 73 62 77 93 79 62 94 50 67 50 64 87 67 62 83 68 57 91 50 61 68 78 63 61 69 58 99 71 92 84 91 87 50 96 66 85 88 56 
62 94 68 67 87 99 100 90 88 85 70 91 100 98 63 72 62 97 78 95 55 50 92 99 70 94 53 85 71 92 77 52 87 50 91 52 56 85 92 64 95 91 81 54 82 81 83 99 58 59 51 70 61 99 84 54 53 90 61 73 84 58 93 92 63 56 76 84 99 95 72 70 77 93 73 80 95 100 54 70 71 73 75 70 97 69 57 92 54 85 65 82 68 82 93 67 55 55 65 99 72 67 86 63 55 62 66 54 58 57 81 50 93 62 86 56 75 51 93 71 95 86 52 67 61 76 77 72 80 53 87 93 57 60 78 69 77 73 69 93 82 98 57 98 64 75 63 93 88 74 66 60 51 92 55 100 51 92 69 61 72 65 54 88 54 61 79 96 80 64 58 72 93 52 61 57 85 66 61 71 58 82 52 55 83 54 85 84 99 78 85 75 94 84 91 61 79 83 70 75 
57 99 88 88 85 54 74 94 90 96 86 85 94 60 67 62 71 74 55 92 99 67 55 56 63 75 91 97 91 71 78 62 56 91 86 65 63 51 72 63 57 73 61 80 54 86 59 91 64 66 83 54 100 96 94 93 68 51 56 54 87 83 88 56 88 67 54 91 75 65 85 71 61 100 66 88 90 65 100 84 85 60 64 95 76 73 81 88 51 76 88 87 94 69 87 84 65 56 91 85 56 90 96 71 82 91 57 86 57 67 51 66 55 67 52 66 64 85 79 92 79 56 69 74 89 67 61 71 58 98 89 65 85 57 53 66 52 65 60 60 83 76 71 56 78 83 99 75 69 70 51 73 81 70 80 62 89 94 54 80 90 74 94 86 93 82 89 89 81 71 99 83 96 63 80 52 61 96 73 90 62 70 53 91 69 70 98 53 99 74 87 53 90 89 68 62 83 98 78 58 
79 73 98 58 91 54 88 52 82 94 68 94 53 67 94 87 70 51 63 84 86 93 95 88 79 83 54 68 57 61 63 83 61 59 69 73 91 64 63 70 71 68 89 51 94 98 55 99 72 62 83 68 61 90 88 56 99 82 61 99 51 84 73 50 64 99 82 69 97 86 80 57 93 66 89 66 64 73 87 92 83 80 65 79 91 53 83 85 61 68 67 91 67 96 62 63 53 62 71 72 76 92 51 94 62 87 65 91 97 65 81 90 92 89 70 54 66 80 56 65 76 60 61 72 75 52 70 94 75 96 92 75 97 91 96 96 67 57 91 94 67 51 86 51 53 90 67 76 86 74 80 54 79 50 84 79 62 76 50 71 93 80 87 70 71 77 99 61 82 78 90 73 85 51 60 99 96 55 79 81 93 94 72 79 56 53 62 73 52 78 79 68 55 80 52 94 88 74 66 77 
68 76 71 77 91 96 62 66 89 64 86 61 75 74 88 73 74 84 97 51 79 71 68 61 94 55 99 69 100 51 95 55 53 82 66 73 75 77 77 81 85 74 93 74 88 85 72 68 70 86 85 59 84 94 56 66 81 65 63 59 70 72 87 69 92 90 54 86 76 58 64 95 91 55 54 100 77 80 77 56 76 50 83 84 75 63 86 71 92 80 74 90 75 91 96 99 74 62 94 59 56 91 68 63 84 53 52 64 58 94 84 68 61 74 57 66 89 80 84 65 93 55 68 63 50 71 100 92 89 59 95 69 98 91 79 87 95 97 85 61 80 80 58 100 62 54 53 89 81 59 50 53 53 73 87 74 88 76 62 65 52 91 54 58 63 99 98 84 99 76 79 87 72 83 81 94 63 73 50 73 91 84 66 50 55 84 87 59 91 99 91 98 67 66 70 93 79 99 59 91 
51 67 91 70 54 64 74 74 80 94 87 86 85 66 100 86 54 56 65 63 61 86 57 58 100 59 86 54 82 79 78 99 95 62 87 63 98 65 95 70 70 94 76 69 59 98 77 82 87 51 63 70 83 94 93 94 73 87 70 95 71 96 58 79 55 55 71 87 99 71 57 54 61 97 89 72 73 88 67 98 81 76 50 89 95 72 96 76 97 94 69 56 91 82 58 63 60 91 72 98 52 73 68 92 100 67 54 100 67 51 91 86 52 83 81 97 67 74 71 90 93 82 95 73 53 92 78 87 87 94 76 84 96 64 55 61 80 86 62 70 63 54 66 50 52 82 99 81 83 86 85 82 84 52 90 99 53 96 59 72 84 64 81 99 90 69 51 94 98 91 88 67 95 69 97 58 74 57 73 61 66 91 77 70 79 68 89 55 52 78 69 58 53 70 73 85 75 81 73 68 
87 88 51 66 60 55 66 78 59 78 94 53 71 55 76 50 52 59 75 61 97 81 54 75 57 99 96 80 74 65 52 90 61 55 71 93 85 76 62 72 52 73 75 78 76 93 76 77 91 91 84 62 58 82 72 50 74 77 74 90 90 77 66 68 58 55 56 51 76 84 73 73 71 59 75 50 65 89 74 71 59 84 77 63 53 83 76 87 84 97 84 65 90 98 96 70 80 68 58 50 83 76 95 87 51 78 63 87 78 72 75 90 78 50 81 91 50 56 67 75 85 52 73 77 97 78 97 81 76 60 95 95 68 57 89 71 71 73 53 99 63 50 53 78 66 55 83 68 72 93 89 50 57 77 53 66 88 79 57 57 89 53 53 72 64 96 51 88 58 50 65 91 82 51 94 79 60 58 80 96 74 52 93 64 69 54 55 99 69 87 66 87 73 50 59 79 100 78 55 81 
90 82 91 53 62 78 90 69 69 65 71 84 64 79 82 58 73 65 53 69 94 67 100 55 98 55 54 91 93 94 85 52 56 93 87 73 91 58 58 63 71 59 96 52 73 66 59 64 87 78 83 81 52 59 63 65 88 72 67 58 72 99 64 70 67 92 56 65 91 50 65 99 80 72 63 58 90 93 69 50 68 57 74 65 92 61 73 98 74 51 58 95 54 84 93 56 95 78 89 89 99 80 59 87 59 95 72 51 90 85 69 88 83 71 84 85 78 52 88 56 61 64 81 93 82 100 93 68 73 55 90 80 55 100 89 70 55 58 67 78 56 62 55 51 82 56 83 68 91 66 80 84 94 83 87 74 83 79 59 63 81 93 75 54 83 50 83 98 89 62 62 75 92 82 60 53 51 56 74 77 72 97 56 87 71 83 89 88 73 75 61 100 57 65 76 68 66 69 72 94 
67 75 100 98 76 97 81 76 55 89 79 100 66 57 99 91 72 59 84 74 70 70 70 52 54 62 60 98 83 69 50 65 53 58 79 88 84 80 77 57 56 81 73 53 51 96 94 90 93 92 76 58 99 82 66 84 89 76 89 54 65 91 82 62 94 77 62 96 66 73 51 59 78 61 67 85 89 71 73 62 54 52 98 91 72 93 58 76 65 72 56 63 93 99 73 75 75 64 77 88 93 58 100 81 61 74 77 92 90 56 70 74 98 81 89 71 54 57 59 86 77 85 57 67 84 88 78 83 74 57 69 74 51 99 99 60 53 77 74 84 96 64 54 57 64 97 56 64 71 64 68 100 97 96 59 55 64 85 82 74 99 61 87 50 56 90 67 100 89 95 66 88 72 78 58 62 59 78 76 91 83 56 87 73 73 75 60 80 61 54 99 100 51 92 77 58 98 81 68 78 
88 100 81 100 76 80 87 51 73 59 56 63 65 99 53 76 74 72 99 52 100 75 78 54 62 96 63 87 77 85 53 100 63 66 58 95 62 50 75 75 57 52 81 65 83 78 59 71 89 79 99 71 66 83 100 83 98 79 78 81 78 76 71 100 73 90 100 55 88 82 80 74 59 86 92 83 59 75 57 79 72 61 79 81 68 67 68 94 78 82 65 66 67 52 73 81 70 69 88 87 69 91 56 81 67 88 75 64 89 77 73 85 62 93 60 82 50 96 51 95 75 56 66 99 73 96 64 53 54 55 74 69 99 97 67 98 84 94 52 84 81 59 52 53 64 88 86 61 60 100 77 57 75 70 78 91 76 99 90 93 72 99 51 60 96 66 77 86 66 53 96 100 78 64 92 72 63 93 62 97 51 62 63 83 57 52 87 60 70 58 65 75 57 97 68 59 93 58 68 90 
51 72 69 100 98 79 100 74 62 97 85 82 96 81 94 82 52 63 54 82 90 59 85 60 81 55 63 78 86 100 94 91 53 67 52 96 89 51 53 84 51 86 70 100 95 54 62 84 95 69 79 98 82 62 99 72 89 58 64 79 52 57 56 74 73 82 55 85 61 96 54 99 70 66 64 73 60 54 90 86 66 92 53 99 82 64 92 86 91 52 56 89 81 51 70 82 100 86 74 69 100 55 97 59 77 97 52 56 63 69 55 53 79 58 93 75 55 70 95 60 76 79 75 100 63 73 68 53 65 76 99 88 83 77 62 65 73 65 93 91 53 70 90 64 63 82 62 96 64 59 67 76 86 59 67 93 58 78 52 96 95 71 100 62 99 58 95 67 85 82 83 68 98 100 51 83 70 91 86 60 100 77 66 95 65 84 90 83 76 73 79 56 77 96 78 89 78 96 53 66 
61 98 92 53 69 97 63 72 98 76 62 62 82 79 59 83 54 59 99 55 85 51 80 61 87 73 90 62 64 86 70 66 54 91 68 53 57 93 51 54 50 92 81 57 60 77 80 57 68 65 56 100 74 64 67 53 65 100 80 78 85 79 75 78 71 65 63 68 86 75 87 59 88 61 93 75 72 68 89 82 54 85 87 58 73 65 95 57 76 86 55 52 74 76 100 72 73 95 75 85 62 83 52 50 63 85 82 64 81 51 50 68 100 76 68 81 100 95 64 69 67 90 77 57 77 56 97 60 60 57 60 95 61 53 51 68 87 51 52 100 92 60 82 71 85 65 92 59 90 87 53 66 92 52 64 66 93 64 92 82 96 77 58 97 84 53 73 68 99 72 57 71 59 98 51 69 50 84 92 95 55 77 92 54 94 64 53 53 72 97 98 86 81 90 90 55 65 64 81 82 
90 86 73 74 58 98 75 80 98 56 82 71 52 90 90 74 74 71 55 63 89 83 99 83 97 53 78 84 64 73 87 50 53 84 60 82 61 93 54 88 87 82 55 55 63 75 94 52 80 78 75 84 57 94 97 85 72 81 56 92 95 61 81 87 77 92 92 94 94 84 65 83 73 90 81 56 63 63 77 55 74 72 92 84 85 52 90 86 80 76 92 58 64 69 72 100 83 73 95 96 62 83 100 66 50 94 53 74 63 68 80 67 50 91 82 86 80 90 61 64 100 66 72 67 73 97 54 71 55 53 62 63 80 92 51 78 64 53 65 97 55 96 100 99 78 95 98 85 90 78 75 99 73 52 71 88 70 72 52 76 85 52 91 82 50 83 100 75 97 90 99 50 57 50 79 66 100 71 69 56 92 98 69 62 80 94 76 70 57 83 73 66 83 74 92 54 50 53 80 59 
72 81 54 93 60 56 81 74 91 53 76 75 92 86 73 79 84 98 61 92 52 51 92 89 56 87 67 87 83 56 77 87 80 87 60 79 51 87 90 55 64 62 54 98 70 66 70 88 98 97 65 96 90 55 88 93 88 90 54 99 65 66 100 93 66 81 100 62 96 96 80 63 97 66 67 51 78 51 98 78 94 56 61 50 63 67 52 60 97 76 82 61 64 97 77 88 74 71 74 61 85 52 62 52 79 72 63 57 61 97 100 67 90 62 59 98 80 90 79 57 80 50 57 98 56 82 59 62 74 96 84 78 79 87 55 71 89 60 76 97 62 75 71 67 72 91 69 75 80 68 63 76 94 64 62 76 86 87 62 77 55 79 95 66 86 83 79 51 89 91 97 65 78 50 66 56 90 76 77 92 65 89 61 56 60 70 81 94 70 89 73 61 84 78 56 65 54 79 80 87 
68 61 78 81 51 58 62 57 51 90 64 68 99 92 92 91 92 60 88 95 61 55 66 83 70 90 82 98 53 58 71 84 72 87 70 65 62 85 96 54 52 51 81 71 59 63 94 75 78 64 85 56 53 61 81 68 73 84 53 77 70 81 96 67 57 98 89 86 66 98 51 57 75 88 69 61 98 65 62 58 68 98 54 64 68 60 84 57 55 91 96 82 55 62 58 54 89 96 62 81 89 62 52 98 100 70 58 86 78 50 53 78 54 72 58 63 63 81 91 80 52 96 92 82 56 84 68 56 89 57 58 69 86 92 84 68 66 50 51 54 94 80 89 53 80 80 59 97 92 50 65 70 77 67 94 95 63 94 67 98 92 77 53 84 51 98 90 51 75 65 94 87 95 96 55 54 50 51 82 93 64 58 59 58 68 93 80 65 100 51 60 89 56 99 97 79 89 78 68 57 
91 51 84 54 91 68 51 60 59 75 65 85 68 64 87 51 88 71 63 88 55 74 57 97 82 58 75 64 80 68 55 71 51 67 64 89 71 89 56 57 71 97 98 79 69 94 93 52 55 59 80 68 80 54 100 83 80 57 83 59 52 63 64 57 91 77 57 78 57 100 99 97 53 90 62 80 72 76 55 94 67 67 73 63 51 61 57 56 95 63 73 92 69 90 54 91 68 75 92 90 98 77 98 53 95 100 61 57 81 78 62 75 100 58 83 83 75 73 52 93 83 98 67 88 57 60 61 85 88 83 69 96 95 72 61 65 65 97 77 68 85 57 55 71 86 55 73 92 94 68 81 53 86 91 88 91 61 72 61 82 78 74 100 89 97 100 59 54 94 67 71 64 59 100 64 67 95 50 53 62 65 98 70 69 78 62 51 87 66 52 67 56 88 59 93 71 54 74 63 82 
65 60 80 57 94 79 55 87 84 81 63 63 64 62 55 66 95 53 98 67 60 50 65 95 75 97 93 100 62 52 93 69 63 79 85 87 67 60 61 58 55 66 54 65 76 51 51 81 95 54 76 64 70 54 53 53 71 76 87 51 61 69 63 57 88 75 51 90 83 96 53 70 59 93 82 77 53 64 53 100 95 63 81 64 97 77 79 87 68 57 78 81 95 74 78 60 96 78 65 80 68 70 97 65 95 91 53 58 62 50 77 97 100 57 51 91 68 98 57 92 98 71 94 76 96 88 52 52 58 62 83 68 53 53 100 57 84 51 92 86 75 83 83 97 52 79 57 74 96 52 94 78 61 55 62 68 66 73 66 89 84 74 86 59 77 81 81 61 79 97 94 75 62 67 63 100 90 80 62 99 92 53 88 51 76 97 69 86 60 93 75 61 98 80 74 89 85 80 91 78 
85 86 65 82 62 78 67 50 80 51 57 85 59 88 81 59 72 62 89 68 85 82 73 83 76 82 64 64 67 92 100 79 63 54 54 95 76 90 57 86 68 71 84 82 90 85 60 71 95 78 88 53 54 72 95 73 65 77 62 52 97 53 70 97 67 54 59 84 50 79 70 95 58 81 78 78 95 81 59 79 68 56 61 88 87 85 74 68 85 84 100 97 55 98 80 56 80 74 99 68 90 55 63 83 93 86 98 59 54 58 73 88 93 99 72 76 80 95 58 70 88 83 69 82 51 70 94 77 53 95 100 55 94 64 95 73 77 98 76 100 53 84 76 58 75 93 86 94 59 81 50 75 72 87 70 68 52 83 99 65 55 70 94 58 64 99 73 91 57 60 72 80 54 56 61 96 93 85 90 85 50 75 89 91 95 97 96 77 68 70 100 56 61 64 64 78 72 78 97 96 
74 80 79 100 83 63 79 77 73 85 92 84 71 56 62 50 51 54 82 71 97 87 70 93 64 87 73 88 70 89 93 91 65 67 70 93 64 81 53 63 67 82 76 57 93 95 76 69 80 65 89 100 64 63 59 56 85 78 54 53 74 97 74 54 64 67 91 85 82 67 59 59 87 86 61 99 88 99 96 61 100 99 89 86 73 79 66 55 76 91 100 80 92 60 73 61 96 51 98 91 63 72 50 96 60 55 63 78 95 84 60 95 84 98 59 78 86 96 82 79 66 97 53 86 78 96 67 60 52 69 59 51 57 69 85 70 90 65 66 91 89 84 94 67 96 90 97 60 92 50 77 90 93 86 60 61 100 76 98 54 98 54 53 88 71 56 79 89 53 78 80 81 98 97 67 60 57 50 63 73 83 64 58 81 99 70 67 88 51 89 70 73 51 76 68 97 96 80 68 87 
59 75 93 56 87 82 70 66 91 81 65 91 55 57 70 95 91 58 57 70 85 79 69 51 67 91 83 58 83 53 74 51 84 65 77 67 85 81 52 54 83 83 68 68 81 86 56 97 54 51 74 73 99 71 97 56 59 62 96 95 100 68 71 84 67 100 59 52 53 54 86 70 74 98 56 85 76 74 75 67 63 59 59 85 80 93 93 59 97 52 55 63 97 67 97 61 86 79 60 77 75 95 70 62 97 83 92 66 58 84 56 94 58 68 65 59 96 72 61 82 100 88 69 96 66 90 84 63 89 92 86 93 98 65 53 63 56 65 91 98 74 75 62 67 54 89 89 58 86 90 57 86 86 75 60 70 89 75 100 96 60 81 100 58 92 81 65 91 51 76 93 94 62 60 64 89 50 80 72 50 68 84 71 89 87 93 80 99 58 91 62 83 58 76 73 51 89 53 88 100 
78 96 82 85 50 91 98 61 75 96 70 59 65 99 72 64 54 63 92 85 89 60 97 55 73 69 58 65 83 64 79 71 72 60 97 96 100 52 63 88 55 69 84 97 61 76 50 52 56 83 58 59 78 64 75 92 95 89 50 78 84 65 79 81 51 54 62 54 56 86 76 97 83 96 73 80 88 75 62 73 52 98 81 70 68 53 56 56 98 82 93 70 76 75 51 93 64 99 71 67 64 98 77 93 95 60 97 85 92 64 69 58 80 61 79 88 88 92 78 98 95 56 100 71 54 53 91 60 53 66 91 88 51 53 54 100 89 93 53 57 89 68 85 65 68 57 54 74 80 82 76 76 50 81 50 50 64 86 93 96 60 88 66 100 95 65 55 86 62 85 76 72 63 54 88 79 70 64 96 71 65 94 51 92 70 100 90 56 61 53 56 53 70 89 99 58 84 79 52 66 
63 86 53 58 61 78 91 87 69 78 84 96 60 76 84 62 87 85 77 83 57 87 71 100 86 88 69 68 76 68 62 51 60 80 58 89 97 92 76 87 73 87 100 74 63 57 93 92 50 79 86 72 74 76 57 55 92 76 74 72 68 54 54 53 58 63 71 63 75 64 83 82 83 63 79 70 73 71 80 62 96 88 65 57 98 60 84 82 97 86 79 67 70 76 59 89 88 61 74 93 51 53 93 74 66 94 75 92 98 79 94 80 84 54 82 92 91 100 91 83 60 82 82 78 53 78 65 70 68 55 53 58 93 83 58 66 84 96 74 75 71 58 62 95 72 50 95 60 64 84 92 80 67 52 58 69 60 66 93 77 61 88 75 59 55 93 87 82 62 62 64 68 71 66 100 90 55 99 83 53 77 80 92 86 97 63 91 79 91 81 65 83 59 85 64 73 94 83 80 89 
75 70 51 89 96 96 63 66 89 69 55 84 74 67 61 67 90 87 98 54 83 55 51 55 77 78 70 61 95 56 86 81 78 53 72 95 70 51 60 83 75 90 91 78 63 94 50 54 94 90 69 77 60 60 96 94 65 78 67 100 83 77 94 99 55 69 79 83 69 90 58 77 91 78 78 75 72 52 66 84 90 88 97 69 100 98 92 58 74 68 74 84 78 92 61 63 91 73 59 54 64 91 77 60 64 63 70 68 86 89 58 72 68 87 81 72 78 64 93 73 81 65 73 100 81 66 78 64 97 53 63 70 96 66 50 85 63 88 77 55 69 93 98 69 93 56 65 50 90 88 99 93 95 66 77 90 73 54 71 55 79 83 73 58 95 67 58 51 79 70 87 82 77 59 59 80 72 56 84 80 73 75 66 57 77 61 96 87 90 75 94 93 88 65 87 77 90 91 70 82 
76 73 85 56 94 58 57 56 57 57 90 50 100 50 93 74 87 52 60 84 54 96 81 54 71 74 82 93 91 50 58 72 87 85 82 73 75 69 72 67 53 60 98 51 97 97 52 70 77 56 93 68 62 76 100 97 61 86 52 87 98 51 74 72 59 86 58 98 80 68 83 76 60 85 97 87 51 61 99 64 66 88 55 54 64 53 53 77 69 65 89 55 57 99 59 74 97 58 68 56 56 62 78 67 52 64 100 88 81 86 86 53 69 77 81 83 58 74 95 53 86 66 61 85 99 51 54 94 97 74 52 99 63 91 84 98 96 57 53 100 91 94 53 69 64 80 78 84 88 82 63 51 79 98 59 63 85 54 68 92 95 79 97 77 72 90 87 85 74 51 80 89 54 55 80 86 83 70 83 89 60 69 99 64 62 62 91 55 87 66 81 81 89 55 69 58 61 85 97 66 
72 57 73 81 86 76 63 99 92 56 76 87 100 94 60 68 94 51 73 78 88 73 86 51 58 53 97 82 87 86 83 54 66 90 77 72 68 54 54 52 77 51 59 68 71 76 77 71 62 85 61 83 55 81 87 53 67 93 91 70 84 80 56 72 85 73 92 96 93 75 89 51 59 71 66 50 78 90 72 74 65 98 53 84 77 63 52 58 65 67 89 69 50 86 85 91 70 78 85 58 62 50 76 67 97 97 61 81 59 63 99 68 73 83 78 54 97 84 81 70 59 64 67 81 77 68 72 74 52 100 57 74 96 70 93 76 80 85 67 81 80 96 98 72 52 66 58 84 53 51 66 52 91 83 52 73 88 75 71 51 65 69 79 72 82 91 54 51 100 91 66 66 63 51 66 52 59 86 87 99 74 92 86 91 94 70 97 71 82 53 84 89 59 68 58 97 70 76 81 81 
61 80 52 97 83 72 98 65 74 58 52 91 100 62 75 68 91 79 81 58 59 99 96 57 61 88 59 80 59 54 70 81 89 77 65 76 52 83 82 100 77 90 74 89 57 94 100 64 82 59 93 73 57 74 86 83 100 77 54 58 100 55 63 66 69 83 73 91 83 51 86 72 50 55 72 78 82 72 90 94 52 62 67 98 83 65 95 53 90 91 72 68 87 83 71 98 86 87 71 91 73 66 71 86 69 55 91 89 68 79 71 92 69 97 79 91 100 59 78 69 64 80 87 80 92 95 100 82 60 81 76 79 50 93 77 69 67 57 85 89 72 80 62 75 55 75 98 54 59 94 91 62 63 71 91 94 92 72 55 83 94 97 88 65 56 65 56 63 100 65 81 72 52 77 87 62 59 85 63 80 93 72 83 67 97 97 88 78 68 90 54 54 56 94 98 55 79 91 72 86 
77 90 67 79 55 84 93 70 97 61 70 67 61 64 58 50 85 71 65 64 89 76 99 86 92 65 51 67 96 88 100 52 70 72 54 73 82 79 81 94 65 74 68 77 90 52 50 84 83 93 66 56 65 53 77 83 88 98 97 90 82 89 95 65 95 78 51 52 69 73 86 59 71 77 66 80 91 87 63 70 92 90 75 64 84 90 55 68 83 54 57 87 87 59 53 91 57 72 68 55 91 75 69 91 95 83 93 57 80 72 69 82 61 75 97 51 63 94 67 67 91 77 84 75 67 58 61 83 74 65 91 70 94 61 71 91 70 86 69 52 100 51 88 52 84 83 83 69 68 53 54 97 64 71 55 54 94 75 92 93 52 78 69 95 56 80 87 92 88 69 61 86 74 71 76 88 55 87 81 85 93 90 57 73 55 71 80 55 94 57 64 99 61 71 54 56 65 58 77 81 
57 98 61 85 80 75 90 95 67 57 95 81 82 76 52 77 84 60 95 75 82 84 91 51 80 51 85 72 87 100 100 84 93 62 93 63 87 96 52 72 63 71 88 92 97 91 83 63 97 80 98 63 100 79 71 70 98 76 91 67 65 54 76 62 77 92 59 77 74 99 93 75 59 53 81 62 60 71 65 51 89 86 84 88 99 62 96 93 91 96 61 57 80 66 56 88 91 91 74 96 61 69 50 100 88 77 50 51 78 75 79 56 57 55 73 81 56 66 67 68 97 65 90 51 82 80 70 74 61 67 63 91 80 88 62 97 67 98 72 83 84 80 84 93 83 60 96 95 58 66 80 61 97 70 98 56 63 92 82 90 65 96 99 58 58 94 88 71 69 90 73 55 57 82 51 68 92 100 99 59 50 62 89 67 76 68 95 77 82 60 96 62 53 60 82 70 61 51 98 90 
88 67 98 96 77 99 53 74 95 89 87 81 54 90 89 92 53 84 87 66 97 54 99 72 77 79 50 56 76 76 55 51 56 99 57 72 54 56 75 73 54 54 97 57 96 83 77 81 57 59 86 60 75 94 78 93 94 76 55 77 60 79 79 91 80 85 91 70 74 72 63 87 50 80 56 58 98 76 56 82 92 90 66 58 56 75 99 53 89 79 91 67 96 57 79 97 68 98 51 79 70 69 50 71 70 84 59 73 93 50 58 69 79 50 74 97 78 69 92 54 100 70 76 93 64 60 74 91 63 87 60 83 75 65 61 79 59 84 72 100 96 67 70 59 73 84 95 85 89 97 78 74 59 81 67 71 69 84 68 52 88 69 92 95 54 78 93 86 67 78 77 74 93 85 65 76 96 82 71 96 83 73 58 98 58 62 82 96 92 58 62 83 68 96 82 93 77 86 76 70 
79 80 86 56 93 93 50 82 60 73 52 53 60 54 56 67 64 76 52 63 75 69 58 54 66 68 79 56 51 58 97 65 74 58 88 66 96 74 58 58 86 72 56 98 55 66 64 77 100 73 61 65 60 52 86 89 67 78 98 98 69 59 67 59 86 60 96 92 92 92 75 63 97 82 63 53 92 88 85 70 71 98 79 95 64 65 72 59 58 66 79 55 100 77 72 61 67 76 88 87 63 88 98 54 93 97 67 92 50 63 71 91 58 59 90 90 74 99 62 88 85 95 64 53 91 78 57 100 68 58 78 70 65 61 76 100 94 67 62 50 53 68 82 72 100 57 57 100 73 97 78 97 99 81 88 51 97 89 73 74 62 79 79 70 65 92 60 95 93 77 63 88 85 83 83 52 61 91 79 77 95 93 85 95 91 91 84 77 87 95 91 67 79 85 59 63 73 73 68 61 
93 87 98 55 65 63 74 75 75 89 56 58 52 66 55 78 61 71 88 69 85 76 92 97 54 83 95 75 82 69 81 75 57 90 55 75 60 61 69 92 80 81 95 63 75 83 85 100 73 51 88 61 100 50 87 71 77 60 67 69 66 75 81 54 95 78 69 62 69 84 59 78 95 55 75 67 92 96 84 96 98 86 78 82 78 100 100 69 80 56 63 55 54 53 94 89 83 94 80 87 76 87 96 77 77 97 88 92 93 70 95 76 88 71 58 99 91 91 83 56 66 78 78 59 66 79 75 70 60 80 63 70 96 75 52 84 69 63 66 60 67 93 50 74 74 95 67 90 89 74 56 53 95 83 57 56 62 76 69 98 54 77 70 60 62 86 59 91 57 97 82 75 86 63 61 73 89 60 89 60 76 82 90 70 88 85 82 62 55 90 62 95 88 57 51 74 66 95 86 78 
58 80 93 77 77 69 64 69 89 84 88 54 96 54 50 100 70 63 53 82 69 64 73 80 87 84 85 88 89 62 57 61 76 65 72 79 85 99 69 60 73 87 86 82 93 51 90 71 94 65 53 69 72 68 58 55 78 58 79 61 50 67 84 58 51 65 68 68 86 80 55 77 76 84 87 68 75 54 75 60 79 88 82 72 64 85 72 96 91 90 96 65 97 55 85 92 88 73 97 54 94 68 65 72 75 70 86 82 76 82 73 60 51 62 89 63 58 79 85 69 90 51 78 74 64 86 65 70 53 99 88 67 83 89 57 64 77 65 70 96 75 76 65 78 56 98 70 74 85 71 82 93 70 67 83 85 100 83 94 51 68 68 52 84 69 67 78 86 95 54 80 71 100 90 76 83 58 68 83 83 60 90 59 93 90 95 97 82 64 56 75 80 67 54 80 65 91 84 91 71 
84 87 64 50 87 55 68 71 66 90 75 98 94 76 100 62 100 87 96 97 59 97 95 72 64 94 87 73 63 64 54 69 87 61 51 88 97 58 96 54 69 97 68 70 83 65 85 97 61 98 59 67 90 74 89 83 54 87 52 59 56 57 70 74 60 100 52 78 88 61 68 67 85 78 97 66 93 89 72 52 69 73 88 65 100 69 83 87 93 83 67 99 91 97 57 83 75 60 80 59 81 74 66 65 87 63 88 75 87 89 83 59 90 64 96 86 100 71 84 89 79 55 54 71 95 56 90 81 80 61 65 60 80 84 56 76 98 60 66 74 63 57 96 93 76 78 85 71 88 61 53 66 94 90 73 95 72 54 81 97 60 55 71 73 79 75 62 85 76 84 60 59 51 56 76 93 71 98 63 68 100 80 87 97 85 72 82 96 60 56 77 80 100 91 97 66 90 69 51 63 
63 83 93 72 86 97 96 87 71 71 57 77 78 86 71 98 60 90 80 53 72 76 90 94 77 95 91 68 52 59 54 88 60 82 73 63 94 70 87 54 81 60 90 50 87 60 99 97 69 97 76 50 93 94 76 51 62 52 60 70 54 79 84 53 100 73 97 90 85 52 100 62 80 53 69 57 75 98 73 50 90 68 88 58 78 51 58 85 75 72 88 78 83 95 90 69 54 56 64 55 53 52 96 71 87 55 65 90 92 62 96 71 59 97 65 83 86 76 63 66 57 77 73 52 89 80 66 62 96 98 88 70 91 80 83 82 65 56 70 88 96 63 83 57 57 54 50 59 60 60 57 82 84 83 71 50 100 83 72 97 63 53 61 61 57 84 62 84 82 86 57 91 89 87 99 95 61 100 54 95 64 100 50 67 69 68 93 60 55 81 88 55 62 71 84 100 62 82 52 60 
88 56 50 81 69 96 66 53 58 59 74 90 53 86 77 89 86 97 67 80 67 68 97 84 57 76 66 79 90 90 52 54 65 94 84 57 56 88 98 98 62 76 81 55 60 94 57 99 56 97 50 69 84 57 92 83 55 61 94 64 87 81 56 71 62 98 54 79 68 67 94 93 60 82 76 94 71 53 99 71 85 71 96 73 84 98 99 61 56 100 50 99 75 54 85 54 75 65 56 85 88 72 85 56 92 71 100 90 60 84 79 72 98 75 57 84 80 84 61 81 82 87 82 95 70 95 72 97 90 100 69 70 66 86 81 83 56 52 50 50 60 53 57 87 64 83 97 58 56 58 54 87 77 64 59 98 90 81 83 74 70 89 100 83 86 61 85 86 97 99 56 82 96 80 58 75 82 87 94 62 63 91 52 74 54 67 97 79 58 66 87 78 94 64 96 96 100 62 62 94 
75 84 60 52 99 61 80 90 100 63 89 67 92 52 74 93 84 66 71 91 95 58 54 63 64 62 82 67 96 52 63 86 84 81 61 97 69 58 88 57 74 95 76 83 61 79 76 92 97 70 81 92 85 74 88 96 65 99 84 67 74 52 64 79 70 75 67 82 90 68 69 93 77 56 72 58 58 70 61 88 87 74 65 98 79 69 82 96 89 58 69 80 54 70 79 98 50 69 61 55 92 80 90 96 91 73 84 74 93 87 58 85 70 68 99 84 53 66 67 64 54 90 76 66 50 83 97 54 77 97 82 88 76 87 51 78 54 89 66 78 86 98 94 57 91 81 74 99 65 69 60 58 77 82 78 76 50 68 87 66 70 58 70 91 52 78 75 57 54 76 94 86 96 99 78 69 83 71 62 97 90 54 95 85 91 85 59 72 52 53 80 52 97 91 97 90 55 85 63 78 
72 95 88 87 89 65 96 82 73 78 63 94 94 79 96 72 53 53 80 61 81 65 52 85 88 93 76 53 51 82 89 85 58 63 60 90 80 96 63 63 59 91 84 69 90 69 84 62 54 55 82 70 92 59 87 64 100 91 70 83 98 94 95 97 80 72 86 66 69 60 61 91 50 96 69 77 53 62 81 90 54 72 50 64 90 53 87 98 85 53 92 59 83 73 56 91 59 59 64 56 89 82 99 86 79 90 64 81 75 51 52 78 64 91 59 98 77 97 93 51 69 57 72 62 58 85 65 97 54 70 90 57 72 72 94 62 91 93 97 88 73 62 67 79 75 57 55 60 79 72 80 85 83 88 97 85 89 56 81 71 75 85 86 50 76 74 80 68 98 63 89 55 52 74 93 81 50 60 61 88 58 95 52 63 90 93 58 99 94 59 78 77 67 64 77 54 62 74 100 54 
55 91 67 86 88 53 86 86 51 90 60 98 95 54 100 57 58 70 71 91 65 74 92 61 90 66 57 86 85 81 64 62 80 88 95 90 84 65 62 91 97 76 91 56 55 54 75 96 69 84 53 97 60 78 64 82 66 52 98 84 64 57 58 61 80 65 85 84 72 82 74 92 64 53 98 85 70 79 54 60 98 64 81 81 69 86 84 62 55 70 73 83 87 76 74 74 67 64 72 54 63 87 75 52 87 55 60 85 90 58 68 64 91 83 65 87 80 60 87 70 50 61 85 61 77 92 92 56 74 96 66 81 65 79 56 89 52 78 78 59 83 93 99 100 87 72 54 57 58 71 86 69 77 54 93 96 75 68 100 73 88 87 89 96 59 94 54 84 91 90 70 97 55 71 57 77 58 51 98 98 78 100 95 77 85 86 88 51 50 96 92 72 70 63 73 100 69 73 77 78 
76 76 79 84 58 83 100 59 94 91 53 99 89 100 87 67 81 51 63 86 54 80 74 76 88 57 82 91 72 78 90 94 75 83 94 58 86 59 88 59 64 59 66 91 82 69 90 85 81 75 93 93 94 77 93 59 62 63 61 68 84 95 75 80 50 97 89 67 94 74 63 82 95 83 52 94 51 88 94 51 51 67 73 69 99 78 96 93 73 64 89 61 91 58 94 93 71 57 67 84 56 83 58 68 61 77 82 78 76 54 78 86 69 97 87 58 67 80 64 56 99 78 85 94 71 82 55 92 88 99 76 66 63 56 87 60 89 52 86 84 55 78 59 96 89 87 82 92 70 86 88 97 62 59 91 93 56 66 71 67 70 91 76 55 93 55 86 92 98 92 79 89 60 58 84 71 60 66 80 78 89 89 73 65 59 52 82 89 79 97 72 90 88 87 93 61 100 65 78 95 
54 77 97 50 59 96 63 76 72 57 89 53 61 83 81 87 50 78 91 80 53 91 99 87 71 91 97 79 93 80 94 90 69 53 66 100 100 99 82 64 92 82 69 59 92 55 59 68 81 100 67 58 51 79 64 100 91 89 93 56 77 74 95 52 76 66 60 65 65 58 69 65 70 98 57 70 71 64 59 57 73 51 87 100 67 81 59 75 91 85 84 76 87 56 87 62 72 89 92 54 60 71 84 72 58 80 91 72 96 59 63 100 73 96 67 62 99 67 91 51 65 80 84 67 81 90 99 78 66 92 61 92 95 81 93 69 81 75 97 70 57 97 54 89 96 76 59 85 76 85 58 96 97 52 56 95 76 98 100 81 95 99 67 89 67 86 76 60 60 75 69 79 84 93 100 64 80 59 90 65 58 55 58 84 93 80 85 97 85 53 80 57 94 67 63 52 69 74 58 74 
73 88 94 80 50 93 84 88 67 57 93 61 62 55 82 54 59 74 54 92 97 79 97 65 70 61 56 94 60 75 68 92 79 96 98 57 70 53 51 53 77 66 77 68 58 94 57 95 64 66 82 55 76 90 68 99 80 89 51 86 94 53 63 51 75 55 97 52 52 53 94 66 73 57 88 56 77 73 86 53 91 56 96 66 70 92 97 82 80 91 96 100 78 87 55 93 87 54 57 77 95 55 92 62 78 75 72 61 50 62 82 96 82 50 63 79 99 70 74 54 71 52 88 92 55 63 52 84 61 89 99 61 68 53 82 66 90 66 78 75 80 96 91 67 90 76 59 55 71 86 96 95 64 51 79 100 68 77 73 75 75 77 72 72 52 96 87 88 96 53 51 61 54 63 79 82 99 63 64 53 51 85 59 94 75 84 85 75 97 100 92 52 74 60 80 80 83 82 88 59 
59 95 79 73 52 97 73 96 92 77 91 81 52 59 83 69 50 96 89 50 72 90 92 88 51 76 93 50 83 50 59 65 72 88 93 71 93 80 83 90 84 76 86 72 55 72 77 75 94 74 74 83 69 88 98 55 85 88 90 97 51 91 65 80 73 66 57 98 79 96 92 100 92 51 72 50 95 50 79 94 55 60 92 79 91 90 63 63 59 91 92 88 85 51 87 79 56 64 90 84 96 72 84 81 71 55 67 95 84 96 57 95 61 60 81 84 61 81 98 99 70 53 89 63 51 58 74 68 65 54 95 51 60 64 74 52 71 63 86 75 64 88 58 59 79 84 56 69 53 98 77 67 64 58 89 75 72 100 72 57 77 94 69 62 60 94 69 89 74 66 53 89 66 87 91 59 53 94 50 95 68 71 60 72 75 73 67 89 70 95 52 54 74 89 77 97 86 93 87 100 
