50 100 200
15
10
19
11
19
12
17
17
18
15
10
13
11
12
11
17
10
15
12
17
18
13
17
14
11
14
16
17
18
17
10
10
12
20
13
15
10
20
15
20
20
19
10
16
13
15
15
10
18
10
20
20
11
14
17
20
16
17
12
16
10
10
13
20
20
10
13
18
13
10
15
11
17
11
19
18
12
10
10
13
15
10
18
15
15
20
19
20
16
20
12
14
10
14
14
17
14
10
17
11
19
11
17
16
13
12
11
11
20
19
20
12
16
15
14
17
19
19
15
14
11
10
17
11
19
18
20
17
12
16
16
16
17
15
16
20
16
13
14
13
19
12
16
20
16
16
12
10
20
19
19
15
18
13
15
15
16
15
12
20
19
16
18
11
16
17
16
18
17
15
15
14
17
13
15
10
15
11
19
14
18
12
17
16
19
17
16
10
14
19
10
14
12
10
19
18
15
18
13
18
587 28089
423 28177
346 21572
425 20577
393 26561
530 25063
445 29190
362 28626
592 28262
465 20763
558 20999
558 22608
503 29558
542 27282
440 26666
354 25601
543 25568
561 29575
380 27841
459 20586
563 27589
440 22266
601 28461
458 26144
301 24654
329 20035
384 29094
521 26709
548 27223
553 23457
415 23148
317 23269
559 25183
398 28542
545 25553
469 27902
533 20768
333 21361
509 21354
535 21286
532 20452
595 29330
465 22789
423 25926
395 27075
588 26309
583 20286
566 24065
537 25389
538 21790
35 42 40 37 39 44 38 43 40 35 36 37 38 38 43 41 42 45 39 37 37 45 37 40 36 37 38 35 42 35 40 41 43 44 41 36 38 40 35 42 42 35 45 44 43 44 43 38 44 35 42 41 39 45 41 42 39 36 36 38 35 36 41 37 42 35 44 45 39 43 44 37 35 42 44 44 43 38 35 45 43 36 35 42 35 45 38 42 41 36 45 43 35 38 35 37 36 41 44 40 
40 41 44 36 36 37 40 43 37 35 39 35 36 44 37 38 42 44 37 37 45 44 35 43 41 36 38 43 38 42 38 37 45 36 35 39 36 40 45 38 45 42 36 36 40 44 43 39 40 39 40 37 43 39 38 44 35 35 42 37 41 45 35 43 43 35 42 40 44 40 37 35 42 39 43 38 43 40 38 40 44 36 38 45 35 43 35 39 35 45 45 42 42 35 36 45 44 37 41 40 
40 44 45 41 42 45 42 37 42 40 43 45 40 42 35 39 44 45 37 43 35 35 37 43 44 44 38 43 45 44 42 40 43 44 35 38 40 36 42 35 39 39 40 42 38 44 38 40 35 38 43 41 43 39 39 36 44 41 45 38 42 44 36 39 44 37 36 42 40 45 44 35 40 38 44 45 36 45 35 35 42 42 43 44 40 37 43 42 39 37 39 36 35 38 38 44 38 37 40 36 
36 41 35 37 35 42 44 44 38 43 44 45 35 44 40 43 45 43 44 39 44 43 36 36 36 35 39 38 38 45 36 42 41 45 44 39 40 37 41 45 41 44 43 43 37 36 38 42 43 38 41 36 39 39 39 35 35 37 39 35 42 45 43 36 43 42 39 37 41 42 44 40 38 42 36 43 35 44 38 38 42 42 42 35 38 42 39 44 35 45 42 44 38 36 36 43 42 39 37 39 
42 45 38 38 43 41 35 45 36 37 35 38 36 45 39 40 37 39 39 43 35 35 45 41 43 41 45 45 44 36 36 39 36 43 36 43 45 42 39 36 42 42 38 36 45 41 41 35 41 35 43 36 39 36 43 35 40 42 43 43 39 35 39 43 39 37 35 38 38 37 38 45 43 40 44 40 45 40 37 42 42 37 41 44 40 40 42 42 41 37 37 37 41 42 41 35 42 38 36 37 
35 39 36 40 38 41 37 36 43 42 38 45 40 38 43 45 44 40 38 44 40 39 38 42 42 39 42 37 37 40 35 40 41 40 45 39 40 40 43 40 38 41 45 44 45 41 44 40 42 41 39 39 36 42 38 45 45 43 45 45 43 37 41 39 38 44 41 45 44 38 43 40 43 38 38 43 38 43 40 40 39 42 41 42 45 43 41 39 38 36 40 35 45 41 41 41 37 40 39 41 
38 43 41 36 42 39 37 41 39 35 42 40 35 39 35 36 38 40 40 37 44 40 41 35 42 35 36 37 36 42 38 35 44 39 45 44 40 37 38 43 37 38 42 38 36 42 39 43 38 40 44 40 43 41 37 43 39 45 40 40 39 42 38 38 41 45 35 42 43 44 36 36 44 38 38 38 42 45 41 39 36 42 38 40 43 42 36 43 40 42 38 44 38 36 36 37 42 42 45 43 
39 40 45 41 43 42 38 39 40 38 42 41 40 42 40 35 42 40 44 38 36 39 39 40 42 38 37 45 36 43 42 39 41 45 39 36 43 45 38 41 43 43 43 45 35 43 45 43 44 40 44 39 44 35 36 37 44 41 38 41 40 38 35 41 35 36 40 41 42 36 41 41 38 45 40 45 41 43 39 35 39 43 39 36 44 42 38 39 41 36 42 44 42 41 41 38 39 43 43 38 
36 39 36 35 42 36 38 45 35 40 42 42 36 44 43 36 42 39 35 45 36 35 44 36 40 44 42 35 40 38 39 41 43 40 36 43 35 45 40 41 41 39 40 44 38 35 42 36 41 45 38 40 40 39 43 39 39 38 38 36 39 45 37 41 43 39 39 36 42 40 45 41 36 35 39 39 37 39 40 40 40 35 40 43 35 38 44 44 45 43 43 38 39 41 40 37 43 37 37 38 
41 37 45 41 39 41 37 45 37 42 36 39 44 40 42 38 45 44 38 44 45 35 43 42 43 35 35 40 39 36 39 38 40 41 41 35 36 45 44 41 37 40 40 43 41 38 36 45 41 38 39 39 37 39 42 38 44 37 37 38 43 41 43 37 44 43 41 42 44 40 35 45 41 45 41 44 43 36 42 45 36 37 43 37 36 44 41 36 44 38 40 37 35 40 39 44 45 36 38 39 
41 41 41 39 37 44 35 36 44 45 45 45 39 37 43 39 36 35 43 38 35 45 39 45 37 37 41 39 36 45 38 38 42 38 39 40 38 41 45 42 41 38 37 45 40 42 40 35 36 40 39 36 42 39 42 38 45 40 40 40 38 38 42 39 38 43 37 40 36 44 37 44 39 45 37 43 40 44 37 43 42 43 39 45 37 40 39 43 42 41 44 44 42 41 36 44 39 39 37 42 
43 44 36 44 42 40 43 40 35 37 42 44 43 37 42 43 42 42 35 42 42 43 42 42 35 38 44 38 39 40 43 41 41 43 40 42 43 42 35 42 39 39 37 44 45 36 36 40 40 42 37 42 45 37 43 38 37 44 35 38 42 35 40 38 44 35 37 44 41 39 35 45 38 42 44 41 36 36 39 41 36 35 37 43 35 40 41 38 41 43 44 36 42 42 41 36 42 37 45 41 
38 37 39 42 38 40 41 39 36 38 38 36 45 36 35 43 41 38 35 44 39 38 44 39 42 45 40 36 44 36 44 39 35 43 45 36 37 40 39 42 37 35 41 39 35 45 45 35 40 37 45 45 35 42 41 44 39 43 39 35 42 41 36 40 44 36 38 37 43 44 35 40 36 35 40 44 43 45 39 41 37 38 36 35 44 37 40 38 45 35 45 43 45 43 43 42 42 37 36 45 
42 43 41 42 41 44 37 40 35 37 45 41 38 35 43 39 42 35 38 40 36 44 45 36 35 43 41 45 43 44 42 41 36 39 37 43 43 36 41 35 44 37 42 42 37 35 39 42 39 36 38 37 40 45 41 41 37 43 43 38 35 36 41 45 37 37 35 40 42 39 37 35 43 42 41 36 38 44 40 39 45 40 44 43 39 45 41 39 43 37 45 37 38 37 41 35 45 45 38 44 
42 40 40 35 42 39 45 41 36 44 35 36 37 44 35 45 39 39 42 35 42 44 38 45 41 38 37 41 36 36 40 38 44 42 44 37 38 36 37 45 45 38 38 35 38 37 42 39 43 43 42 36 43 36 40 36 38 42 45 35 35 41 40 38 39 36 45 43 38 36 43 39 40 35 41 38 42 37 45 43 37 37 36 38 44 41 42 35 44 35 41 39 37 42 42 45 41 45 36 36 
35 38 37 42 44 36 35 36 45 37 44 42 42 41 35 35 43 44 44 44 35 41 38 44 44 42 41 35 41 35 35 36 43 42 40 41 45 38 35 36 42 40 36 45 38 42 39 40 43 42 43 37 40 45 38 36 45 39 39 36 44 38 40 35 35 45 42 44 41 39 39 39 43 41 38 41 44 37 42 37 44 44 42 39 39 42 45 45 35 40 40 41 42 38 45 43 42 35 41 43 
39 43 38 40 43 44 45 36 44 44 45 43 44 35 38 35 44 42 35 42 38 37 40 40 44 39 44 35 42 36 39 41 43 36 45 38 40 40 36 35 38 35 37 43 44 38 38 40 39 36 36 37 43 41 40 42 43 37 36 39 44 44 45 41 45 37 38 41 40 39 36 35 45 45 39 45 42 40 37 42 41 36 41 35 39 43 38 37 44 36 38 41 41 38 37 38 40 44 36 35 
37 36 35 40 37 39 44 40 43 39 41 35 37 43 43 37 44 45 42 38 35 43 37 43 37 37 38 45 45 39 35 43 44 36 38 41 44 36 39 38 36 41 35 35 42 44 42 43 36 43 42 35 43 45 38 36 38 41 38 42 43 42 37 40 41 35 44 45 43 35 40 35 40 42 37 36 36 40 45 40 37 35 44 35 44 44 44 43 40 40 43 45 37 43 43 39 45 37 42 43 
45 36 36 40 38 44 42 43 39 39 38 42 37 39 41 42 39 38 35 44 36 45 39 38 36 35 37 39 35 37 40 36 37 38 38 41 37 45 45 43 40 35 37 35 39 38 40 44 40 45 40 38 40 39 37 41 41 37 37 45 39 44 38 40 35 44 41 40 44 36 38 36 43 36 45 43 43 41 39 36 37 36 45 45 42 44 42 37 36 36 41 40 42 45 35 36 36 36 45 43 
44 38 40 39 40 35 43 37 44 35 37 44 36 43 43 41 41 45 36 41 39 43 43 38 36 39 45 37 38 40 39 40 36 42 38 45 42 36 43 35 36 37 37 38 38 39 37 43 43 43 35 38 36 45 39 35 45 36 41 40 43 36 42 43 42 41 41 40 43 35 37 40 38 38 38 39 38 37 39 42 45 38 42 35 35 41 42 43 35 41 44 43 44 45 42 43 35 41 39 41 
45 45 39 40 44 38 39 40 39 36 36 36 40 39 41 45 39 36 40 43 44 38 38 42 38 38 45 38 37 35 40 35 45 37 45 36 40 36 41 38 41 36 39 42 40 38 42 39 45 44 39 39 40 43 40 41 40 42 42 42 35 44 38 36 43 45 41 40 39 45 39 36 39 36 42 42 42 35 45 41 37 41 38 39 37 42 35 38 41 37 40 35 43 40 37 38 43 39 35 35 
40 40 37 40 37 42 36 39 36 39 44 40 35 35 37 36 39 35 41 45 38 41 43 37 44 42 42 43 43 39 38 36 40 43 45 39 39 36 40 45 43 42 43 36 35 45 35 40 45 44 43 37 40 41 37 38 43 43 40 39 38 36 42 44 42 44 45 42 41 42 43 38 36 43 43 45 40 45 38 40 40 40 44 43 36 35 40 35 42 41 41 36 40 40 44 43 35 35 35 36 
38 42 37 41 37 37 41 44 44 35 35 40 37 39 43 45 45 35 38 35 36 37 44 44 42 41 44 40 38 39 43 38 37 37 44 35 41 43 38 37 42 37 35 40 41 35 43 45 35 41 45 35 36 45 41 36 37 37 41 41 36 43 37 36 40 39 44 43 42 43 38 43 35 35 40 43 36 42 36 37 39 44 38 43 41 39 37 37 40 36 42 40 45 41 42 40 45 39 42 44 
37 38 39 44 42 37 35 41 37 37 45 45 43 40 37 45 35 43 38 42 35 39 44 42 39 42 37 36 37 39 45 41 35 44 43 40 41 45 38 45 42 43 44 35 43 35 39 45 40 43 44 36 41 37 43 44 44 36 35 41 45 41 43 40 41 38 37 36 40 38 39 43 39 45 41 35 35 38 39 37 43 35 39 44 41 35 43 45 41 40 40 35 35 42 38 36 38 38 42 43 
40 39 42 35 39 40 40 41 41 44 40 40 40 35 39 36 36 44 40 43 37 44 37 45 38 44 43 42 35 37 37 38 36 45 35 44 45 38 36 41 36 40 39 39 45 41 38 39 45 40 37 39 39 41 43 35 45 35 43 43 37 35 45 35 36 39 40 38 36 39 43 45 45 40 43 38 43 36 35 44 41 44 40 39 43 37 42 43 36 40 42 36 36 36 36 45 35 41 36 39 
40 43 41 41 39 37 40 39 43 43 45 37 41 41 39 40 44 39 40 40 40 42 41 36 39 43 36 39 45 37 42 37 38 42 45 37 43 45 41 36 41 43 45 44 45 37 44 36 41 44 44 37 39 40 35 40 39 43 43 45 35 35 43 39 36 37 43 40 41 39 39 35 38 44 35 39 41 41 41 35 40 45 39 45 39 43 35 39 45 35 35 35 42 40 37 38 44 35 43 40 
43 36 35 42 42 45 45 41 42 43 39 39 42 42 44 37 40 41 35 44 42 41 37 38 43 44 39 40 44 44 45 41 35 42 45 45 42 37 42 36 43 37 36 43 43 36 41 37 45 38 45 45 35 43 36 42 41 42 39 45 36 36 43 36 41 41 39 41 38 42 39 44 43 37 45 40 43 39 41 35 41 45 42 35 42 37 37 37 45 36 36 36 39 42 41 36 44 35 41 37 
35 38 37 39 44 40 45 35 39 42 38 43 37 36 38 41 41 36 40 44 41 42 37 44 39 44 37 43 42 43 40 36 43 36 45 36 38 44 41 44 45 41 38 38 44 44 39 41 36 45 37 45 36 41 45 43 37 42 35 38 35 45 42 39 35 40 43 44 43 39 42 35 37 37 41 36 45 36 36 37 39 40 38 41 40 45 39 36 35 38 40 40 39 37 42 45 35 44 39 42 
45 42 39 35 45 37 37 37 38 37 43 41 42 40 45 39 39 38 35 40 42 39 43 42 37 42 44 42 43 36 36 35 39 40 36 40 44 35 35 35 35 39 35 36 43 43 43 42 36 43 45 38 38 40 43 36 44 42 35 41 38 35 40 45 40 40 42 45 39 38 44 35 41 43 39 45 43 38 43 42 40 35 35 39 39 44 43 44 44 41 42 41 37 39 45 35 37 44 35 35 
43 41 37 40 42 36 40 36 44 37 39 36 39 43 44 44 39 35 40 39 35 39 39 35 40 41 45 41 35 39 45 36 41 35 45 41 37 40 44 39 38 41 44 43 36 40 45 44 42 38 37 39 36 41 38 43 45 45 35 44 45 43 42 42 39 36 39 41 43 42 36 40 45 43 42 42 35 39 45 38 40 35 41 42 45 36 38 39 37 35 41 37 39 38 42 39 42 37 39 45 
44 44 38 35 38 38 40 45 40 43 43 43 37 39 39 40 40 37 37 37 36 38 41 41 44 38 37 36 39 45 44 37 40 37 35 40 44 44 42 45 39 45 43 42 36 40 36 38 37 44 37 42 37 40 38 36 35 41 38 45 41 38 42 41 35 40 35 42 44 40 36 37 43 41 37 35 42 35 42 39 44 42 45 41 36 42 40 37 37 45 43 45 45 35 39 40 38 43 44 42 
41 40 37 44 38 36 44 40 41 44 38 39 36 36 40 43 36 45 45 36 38 35 42 45 45 42 37 43 40 42 42 36 40 45 38 35 37 35 36 35 36 36 40 37 37 37 42 36 42 35 39 43 35 38 40 42 43 45 43 36 37 40 44 35 40 35 36 39 43 43 44 38 44 38 37 42 42 38 45 38 41 41 39 43 44 41 37 41 43 37 36 44 39 37 35 43 38 45 38 37 
36 44 40 45 38 42 39 43 35 41 37 35 41 36 41 42 45 45 37 37 38 40 42 42 45 35 44 38 38 38 40 43 43 38 43 45 42 43 38 37 43 36 44 43 42 36 38 41 42 42 40 36 41 38 43 36 40 40 42 40 45 41 37 45 40 44 43 42 40 40 44 37 42 38 37 35 36 41 37 36 36 37 44 40 43 35 36 45 36 38 39 43 44 44 37 44 36 39 43 42 
37 35 36 35 37 36 36 42 38 36 37 37 35 40 40 37 38 43 39 41 40 40 35 41 36 36 35 35 42 44 39 35 43 35 45 38 39 36 40 35 41 41 44 38 45 45 41 43 38 37 39 43 41 35 38 45 35 39 42 42 36 39 42 44 43 36 45 43 37 39 39 38 38 41 44 37 45 39 45 38 42 45 41 42 43 40 38 44 41 36 36 43 36 43 45 38 37 39 35 38 
36 35 43 43 42 38 39 39 36 40 42 40 36 37 44 35 40 41 41 35 39 39 42 37 37 36 45 44 35 45 37 39 39 45 44 35 43 38 43 42 41 43 41 45 43 39 44 35 35 45 44 42 38 45 43 42 38 44 38 42 39 40 43 37 45 43 39 37 45 36 36 41 39 40 35 40 45 41 38 37 40 41 38 36 37 40 42 45 35 44 42 35 38 39 44 37 39 36 39 45 
41 45 39 40 40 39 37 44 41 41 37 37 42 38 39 40 39 38 37 35 41 45 44 35 38 38 35 44 43 35 40 40 42 41 42 44 37 35 43 40 39 45 35 42 36 37 35 45 41 43 38 39 35 45 39 35 41 44 39 40 44 40 45 35 35 42 39 36 45 38 38 43 37 45 43 45 39 38 39 45 42 36 45 36 44 39 44 36 38 39 35 39 35 43 36 37 41 38 45 42 
45 35 38 44 35 36 40 43 45 43 42 41 38 41 44 39 38 37 41 37 41 45 43 39 37 41 39 35 45 37 39 45 36 43 42 39 35 45 45 36 44 39 41 37 35 36 43 38 39 43 36 44 37 44 44 41 45 45 40 35 35 41 39 40 42 38 45 35 45 41 44 38 45 43 35 41 35 41 41 43 39 43 40 41 38 35 45 38 44 41 44 40 39 45 43 35 36 35 39 41 
38 39 37 37 40 35 42 40 41 39 43 37 36 43 42 40 36 43 39 37 43 43 37 45 43 40 42 35 36 41 45 44 40 41 39 35 39 36 39 36 40 40 44 45 36 42 45 45 35 35 38 39 37 44 43 37 41 43 39 43 37 37 38 44 39 42 40 38 44 38 45 38 38 43 44 38 35 43 38 41 41 39 39 43 35 36 44 36 45 41 43 38 36 35 38 40 36 43 41 43 
42 36 39 35 37 42 42 35 36 38 39 42 42 44 40 41 36 41 45 44 44 38 35 45 37 37 39 42 39 43 37 41 43 43 36 39 38 45 37 45 41 39 37 38 42 35 44 45 39 39 40 45 38 35 41 41 43 38 42 35 36 38 44 41 35 38 45 36 45 37 36 39 45 40 35 40 45 41 37 40 40 42 43 44 42 44 45 44 45 35 37 37 41 38 41 39 40 38 45 41 
36 39 36 43 39 36 44 39 45 43 42 35 43 37 43 42 43 38 36 39 44 41 43 36 38 44 43 40 37 38 45 45 40 38 41 36 45 36 37 40 44 41 42 36 45 44 37 41 44 37 40 41 37 35 41 42 45 40 43 44 41 41 40 36 41 45 45 37 39 35 42 44 37 45 35 40 41 39 40 41 41 41 43 39 40 41 42 36 38 37 35 36 40 44 40 38 37 42 38 38 
44 44 45 41 37 41 42 41 35 36 44 44 37 43 45 41 45 37 36 37 43 37 41 35 41 36 45 39 44 40 37 45 36 39 36 45 45 41 45 41 43 36 45 45 35 45 43 37 37 38 38 40 39 41 38 37 44 38 42 41 40 35 39 38 38 36 43 43 40 41 38 40 42 36 38 39 37 45 38 37 45 43 43 44 43 45 45 35 42 36 38 38 39 35 39 35 41 44 44 38 
44 36 39 42 45 45 43 38 40 44 36 36 42 37 41 43 36 35 38 41 36 43 44 41 37 39 44 42 35 40 44 37 45 39 44 40 37 40 43 39 39 44 45 41 41 39 37 44 44 43 41 41 43 36 44 42 38 38 40 41 39 41 38 42 40 40 36 41 37 43 40 38 40 41 38 38 37 37 37 40 41 44 36 40 43 40 41 40 37 38 36 42 39 38 36 43 38 44 37 42 
45 45 39 41 39 43 37 40 39 36 36 44 42 39 42 35 38 38 38 37 45 45 42 41 40 35 38 43 39 38 45 45 39 35 37 36 45 43 37 43 37 44 40 42 38 44 45 44 35 44 40 42 44 39 35 38 36 41 38 39 42 42 45 42 43 41 35 39 44 35 44 35 39 41 36 36 36 38 45 39 43 40 35 39 37 35 40 36 40 37 37 45 44 36 41 37 36 38 38 43 
35 37 41 38 41 37 39 45 45 45 38 36 44 45 44 37 37 40 35 44 38 36 43 38 39 38 43 35 39 42 43 45 35 42 38 45 35 44 42 40 41 42 43 44 44 35 37 39 44 41 37 44 42 35 38 38 44 40 44 36 39 38 44 39 40 44 42 43 36 38 35 45 36 35 45 38 42 40 45 38 44 37 38 38 35 43 35 39 35 44 42 45 40 42 38 42 40 43 44 43 
45 39 36 38 44 43 38 37 45 45 40 35 44 36 35 39 39 36 43 42 38 40 39 40 38 43 43 35 37 38 43 44 44 45 35 45 42 45 42 45 42 39 35 43 45 41 43 40 38 35 37 45 36 43 39 41 35 45 37 41 37 43 43 41 45 37 45 38 37 41 39 41 43 44 41 42 40 38 36 37 41 44 36 37 45 36 40 36 37 38 40 40 38 40 42 38 40 41 44 43 
43 39 44 38 36 35 35 41 37 40 39 42 38 39 42 37 43 42 40 42 45 37 43 40 38 45 37 44 43 38 44 37 36 42 44 41 44 40 41 35 40 38 41 40 38 39 45 41 38 43 36 38 39 36 36 39 43 39 42 37 42 41 44 37 37 44 36 45 40 43 44 38 40 36 41 35 44 41 44 39 43 40 44 35 41 37 36 42 45 40 45 39 40 45 45 40 42 43 35 37 
42 36 37 36 40 45 38 36 41 40 37 44 45 41 41 41 44 43 45 44 40 44 44 40 37 36 38 41 36 35 42 39 36 44 40 35 41 39 42 37 44 38 41 45 35 37 40 40 44 43 43 40 44 39 45 44 41 35 40 45 38 41 43 41 41 35 41 39 40 41 45 40 40 37 36 35 35 36 38 37 42 35 44 42 43 40 38 37 37 35 38 42 43 41 41 45 44 43 45 42 
40 42 45 43 40 42 43 36 45 41 43 38 36 35 36 40 36 42 45 38 42 35 45 40 40 40 38 37 45 35 43 40 44 35 45 38 36 41 44 38 35 35 38 42 43 41 40 36 39 38 35 35 38 45 38 44 37 41 41 42 44 41 38 44 35 40 38 45 39 35 44 38 35 37 38 39 40 36 36 42 39 45 36 39 39 40 44 44 36 43 40 44 40 40 36 36 39 44 35 45 
35 44 39 42 36 45 36 35 42 41 45 39 39 41 39 45 35 36 44 40 44 39 36 38 37 43 39 45 39 35 45 43 42 45 39 39 38 38 44 37 38 37 37 37 44 38 45 38 42 43 42 40 41 42 45 42 36 36 41 38 42 42 40 37 35 42 42 37 45 45 35 44 39 43 37 38 35 37 43 38 44 36 40 35 42 36 40 35 43 39 42 37 36 36 42 36 42 45 43 37 
39 41 42 45 43 45 35 38 43 40 44 42 41 38 37 36 39 38 35 38 42 40 43 44 43 44 42 42 38 43 44 43 45 36 42 38 39 45 40 35 40 43 38 38 41 43 40 45 39 40 41 43 43 40 45 45 41 37 41 40 41 39 40 35 43 42 43 44 44 39 41 42 42 39 38 37 42 45 42 42 37 45 43 44 41 37 43 35 37 42 41 44 38 41 44 39 36 44 38 37 
166 10696
218 8431
187 9992
286 8647
163 10004
300 9146
220 9349
213 8869
264 9292
233 9991
229 11546
255 8167
270 9507
208 9502
205 10023
263 10564
176 10790
244 10739
226 8371
159 8911
208 9041
238 9428
271 11413
206 11547
271 9334
199 9878
300 9948
244 10459
209 9097
288 8155
211 10679
297 10349
183 9032
301 10584
205 9348
154 9633
291 9150
213 10949
193 11881
194 10024
246 8306
210 9413
209 9698
251 11486
162 11258
171 9079
267 9509
180 8912
163 8172
283 8272
288 8441
158 8470
246 11987
165 9485
180 11405
278 9116
220 11348
292 11829
184 11836
168 8518
287 8263
222 11226
262 10366
222 11857
271 10422
186 8992
207 11780
257 11168
261 8328
241 9634
175 11605
275 9973
208 11322
150 9757
170 11752
226 11478
159 8462
243 11819
180 8673
172 10401
197 10292
153 8553
237 11585
245 11771
170 10573
272 10523
254 8016
264 11917
235 10117
159 9141
215 10961
216 9523
177 10187
244 11662
243 11384
289 10555
292 10479
273 11027
235 9392
298 10772
985 947 875 902 863 981 853 910 936 981 844 837 892 994 941 952 854 814 1000 936 899 914 955 872 852 820 858 819 958 935 990 943 989 994 980 875 838 870 953 847 889 856 807 955 996 938 859 819 811 868 976 837 983 911 839 973 978 877 903 866 996 822 833 986 990 972 960 905 803 902 854 961 851 991 968 1000 936 908 973 902 832 966 973 913 912 930 900 963 954 887 810 858 903 974 861 961 862 809 845 925 965 873 884 956 865 805 888 811 921 837 993 964 932 890 884 999 941 850 945 829 823 854 936 847 999 860 855 866 896 830 957 848 951 866 845 979 911 993 952 850 900 817 819 950 849 993 842 967 921 951 945 933 848 857 898 879 950 980 934 984 951 853 851 933 871 844 806 877 895 908 941 888 967 978 943 860 862 953 828 925 985 850 897 936 987 826 963 913 830 941 874 821 852 879 873 865 971 867 869 917 
890 893 944 966 997 901 1000 891 932 930 811 862 959 897 851 952 874 869 919 874 977 990 908 870 897 895 999 935 892 990 939 951 909 874 860 904 980 940 986 990 964 981 852 878 918 808 991 950 865 833 957 911 814 822 828 927 810 896 920 806 924 949 847 832 921 972 850 873 989 897 998 913 879 896 869 813 807 973 804 948 933 835 949 827 853 895 813 992 916 914 966 868 953 896 922 889 835 906 809 954 967 889 814 980 843 970 869 950 974 913 807 813 931 923 812 936 935 929 938 941 891 910 810 957 838 956 820 911 869 945 960 926 887 888 942 834 808 985 953 950 922 932 962 857 946 909 836 906 800 845 881 931 904 840 911 985 829 983 857 801 885 889 805 849 950 803 888 888 939 939 904 958 826 948 940 874 847 866 959 887 912 816 968 986 845 941 809 815 954 885 960 812 908 886 802 824 934 838 911 810 
980 823 810 868 960 807 878 952 841 946 898 993 967 823 996 913 996 837 982 900 896 894 864 831 862 842 806 845 880 855 896 973 930 966 968 863 1000 980 880 846 896 864 833 847 930 840 963 924 880 873 853 948 869 900 932 849 936 866 983 933 947 982 859 994 971 966 819 805 816 878 804 974 903 992 870 861 896 899 881 826 843 829 937 806 993 970 857 959 986 896 842 830 877 857 994 888 820 809 910 824 967 988 857 972 957 979 972 849 998 891 967 874 926 850 800 857 807 927 942 917 885 828 888 869 965 837 812 807 955 850 945 939 890 889 809 874 966 994 839 869 887 801 870 810 966 962 885 951 904 831 858 827 837 952 998 896 882 950 990 849 932 990 920 883 877 935 964 867 813 901 990 802 988 980 966 851 804 901 888 933 892 875 883 838 831 913 884 946 940 975 960 948 897 883 922 867 874 831 967 882 
997 896 973 908 803 980 916 879 937 846 817 998 985 838 859 975 988 936 861 833 957 809 905 922 994 813 962 895 997 886 877 987 881 981 828 857 880 953 830 928 833 877 913 940 946 885 807 827 916 821 865 868 986 978 850 999 959 983 980 812 850 868 947 808 833 963 850 978 930 802 882 894 977 809 985 971 835 841 838 872 802 945 935 953 916 917 905 999 992 932 929 838 951 994 893 978 998 908 915 985 920 905 901 846 876 807 890 807 958 881 979 924 980 977 997 832 859 886 945 951 904 823 927 977 977 890 838 944 839 977 925 983 822 831 954 819 822 995 902 948 890 959 900 828 837 976 810 974 940 986 964 843 981 887 983 917 853 835 878 869 958 950 873 898 900 810 864 852 928 889 857 981 846 919 891 875 985 814 909 831 971 859 987 850 835 910 827 946 811 981 905 906 910 890 953 890 994 993 916 805 
911 928 906 802 936 842 854 809 995 968 977 882 884 895 850 863 947 995 892 893 894 864 983 925 933 926 853 809 839 845 994 811 917 807 995 860 925 801 843 898 854 878 970 902 976 897 934 916 926 931 916 924 838 961 962 850 857 833 951 896 969 839 977 980 976 803 848 991 957 832 903 895 886 980 964 927 848 947 984 973 923 807 855 891 892 802 882 987 875 825 920 816 956 811 840 879 909 954 829 924 821 901 884 935 961 965 980 887 925 909 830 958 934 948 930 896 962 882 809 838 850 803 834 800 836 952 813 913 969 918 972 844 837 901 812 806 848 887 853 940 840 950 924 868 990 973 921 959 860 890 811 990 913 881 932 829 974 935 961 878 834 936 841 865 958 915 808 815 893 924 989 858 876 823 913 992 948 994 860 985 920 837 990 855 915 948 956 970 977 806 890 994 835 883 821 897 890 853 910 900 
881 959 879 904 858 894 815 806 969 937 974 901 841 800 806 831 982 809 862 852 994 850 800 852 945 992 891 950 828 900 939 833 824 918 814 986 854 935 982 997 827 939 871 828 973 913 879 934 996 954 842 858 864 976 804 915 916 859 870 927 992 893 907 942 976 849 906 944 860 996 1000 902 950 820 860 810 835 975 864 981 842 913 969 966 933 860 963 816 805 871 891 886 991 942 810 821 825 898 960 988 883 819 900 874 951 815 856 812 970 816 903 965 921 898 917 848 818 844 891 979 907 950 802 976 841 961 937 908 946 854 872 834 807 831 950 861 842 889 854 865 997 931 897 817 898 917 816 843 934 915 938 961 947 914 967 807 981 827 841 863 815 908 969 904 954 939 964 837 953 900 836 860 974 975 888 813 851 816 931 983 968 927 929 926 942 897 878 895 984 862 850 825 923 802 912 953 969 981 910 904 
897 939 873 848 906 906 982 1000 942 818 994 842 870 874 943 880 894 990 1000 850 999 925 951 982 879 993 888 955 870 992 804 869 840 892 800 875 980 830 984 951 910 843 841 879 976 827 816 895 848 923 894 894 914 956 821 935 897 810 860 843 811 827 912 919 976 855 917 896 931 876 933 907 892 991 895 808 1000 933 822 879 921 969 967 905 847 882 965 922 961 979 930 826 804 964 816 914 862 962 852 973 914 985 850 823 891 847 973 926 811 922 911 814 830 878 808 901 876 809 821 855 869 903 844 883 920 873 834 914 880 804 852 970 979 904 994 951 889 875 928 919 943 985 817 885 964 806 871 992 856 939 962 876 837 903 885 933 862 951 952 851 864 837 904 853 915 863 939 958 890 820 910 911 856 984 915 852 862 881 801 948 978 925 958 806 864 960 873 810 854 815 990 891 836 800 852 808 902 846 889 967 
872 949 868 817 903 918 905 995 929 903 955 887 899 857 929 845 930 816 924 921 834 895 814 924 984 875 983 878 930 968 975 872 917 888 906 967 964 802 922 906 861 849 949 962 947 911 851 938 849 844 805 822 997 962 992 852 832 905 915 971 869 804 800 846 953 873 819 865 981 912 853 884 972 885 956 915 897 882 845 926 853 844 966 825 972 893 803 986 895 943 933 972 808 955 832 971 954 943 950 922 876 980 936 962 849 946 880 802 955 982 841 809 987 900 981 853 924 803 896 907 990 834 944 836 998 806 828 957 977 860 1000 883 994 931 827 908 981 817 943 955 960 877 896 965 995 967 905 929 962 860 982 984 892 901 939 866 975 878 847 896 980 832 982 952 811 946 925 979 919 929 890 804 899 960 879 994 904 813 878 934 897 908 890 806 875 969 890 965 972 858 817 977 934 887 835 829 954 855 953 899 
953 943 853 902 869 902 922 852 920 927 954 835 887 893 818 807 972 990 807 818 918 899 857 873 982 993 845 996 855 850 865 881 820 807 811 993 992 881 875 802 960 836 844 867 951 924 848 822 983 885 827 836 888 808 974 899 977 995 883 999 897 949 966 895 899 896 993 998 844 948 870 967 826 993 867 864 808 834 824 901 857 935 954 993 832 990 955 903 920 934 954 969 861 983 917 800 856 866 844 971 983 926 968 897 994 925 943 834 935 966 822 937 879 815 943 821 890 931 964 810 899 821 845 851 843 909 861 919 823 921 855 818 901 963 967 956 923 822 996 940 989 851 952 971 944 979 878 816 932 911 807 815 963 950 905 982 888 877 875 907 905 857 915 927 981 952 944 842 881 803 949 937 917 895 961 827 827 806 983 938 950 851 854 885 940 875 939 901 868 831 910 981 998 917 994 922 925 912 967 817 
881 897 864 803 806 913 940 875 912 877 809 900 842 968 940 802 846 881 928 839 828 824 806 835 981 981 801 975 931 943 895 955 954 944 990 866 890 931 989 900 962 810 889 906 927 942 991 926 803 888 960 898 817 905 836 941 848 989 867 897 963 800 973 834 998 841 850 874 853 979 847 961 992 842 800 826 946 996 994 816 845 807 902 824 821 937 846 827 872 814 801 875 938 810 803 955 916 869 935 813 968 848 914 970 930 816 828 806 955 913 935 1000 877 938 866 834 988 978 855 944 847 955 890 946 995 883 940 886 805 914 897 877 925 877 851 943 866 856 985 961 978 813 811 985 838 882 946 870 883 929 989 917 832 913 948 848 943 883 983 923 897 808 870 906 847 932 805 949 866 972 910 916 881 933 857 881 873 966 950 943 926 873 880 893 951 822 965 931 992 902 858 966 995 939 933 916 831 851 805 975 
870 878 995 882 894 837 843 922 912 856 843 838 843 912 868 948 951 985 938 955 815 825 988 1000 864 831 904 936 848 862 931 970 914 914 942 927 978 902 904 870 964 870 976 994 811 980 925 983 984 971 915 903 994 811 944 853 882 962 869 935 863 837 821 884 950 989 861 808 911 965 975 958 828 900 976 829 837 999 988 958 912 911 851 803 813 877 832 845 928 813 819 857 941 802 814 912 867 864 867 915 852 839 890 872 944 861 992 901 871 904 812 904 940 877 916 1000 952 917 893 835 969 909 859 834 951 989 877 928 826 879 1000 921 946 861 870 938 804 871 897 829 801 968 825 811 901 862 804 920 841 958 878 916 919 899 919 991 800 845 905 958 1000 980 880 985 802 880 814 805 974 874 919 876 839 961 914 856 811 945 895 800 858 906 932 804 953 837 853 833 800 962 987 951 977 829 852 927 968 913 904 910 
884 872 884 925 919 956 814 974 920 820 859 897 830 834 815 807 851 946 953 908 934 877 944 849 805 952 829 893 835 876 913 949 843 830 921 817 966 847 928 811 980 878 817 841 865 954 819 853 908 837 929 970 821 824 938 808 828 934 936 961 969 896 850 890 962 866 800 890 976 809 895 823 892 806 894 866 829 962 958 810 812 982 851 806 898 947 946 808 999 985 987 924 889 800 802 824 846 887 937 957 809 988 984 878 809 893 966 974 980 993 812 813 986 990 939 903 846 842 907 858 940 841 919 986 896 808 994 941 862 813 963 988 824 1000 912 978 983 815 977 965 999 953 924 966 873 981 824 889 927 961 837 854 908 990 959 988 897 800 898 962 812 913 862 906 828 827 888 943 892 878 834 811 998 958 977 872 833 954 876 970 972 813 954 864 812 804 987 913 940 989 899 914 867 841 802 848 991 948 867 993 
903 834 804 867 921 936 919 866 841 900 997 946 968 826 822 959 842 830 943 882 935 849 939 1000 816 859 956 824 881 875 896 994 875 916 855 839 919 918 912 884 963 883 807 980 958 819 910 946 842 883 870 976 812 903 959 837 883 904 994 842 924 812 802 931 956 901 983 891 984 820 862 821 829 842 892 965 938 818 873 857 987 965 979 819 977 940 892 804 943 842 839 901 934 866 988 900 800 947 944 954 979 817 860 892 879 981 825 869 839 879 947 894 945 959 948 921 907 981 904 956 882 927 895 833 853 872 854 858 868 831 922 937 916 936 935 874 861 980 831 858 929 861 962 888 873 961 869 938 881 884 907 897 955 809 826 838 800 922 928 986 946 871 901 827 959 932 949 908 834 963 933 865 969 987 971 840 803 827 862 834 993 963 842 917 891 989 876 872 821 809 999 977 880 911 999 947 877 848 830 975 
924 890 969 917 822 921 966 837 803 902 938 823 996 974 879 827 904 984 853 915 918 942 955 861 944 827 919 999 883 975 956 992 807 864 996 928 905 818 815 914 868 971 916 828 902 996 878 894 939 930 827 875 968 958 920 835 804 893 932 892 861 999 810 834 844 882 942 836 950 851 896 932 815 891 824 826 905 861 952 922 807 846 972 935 931 918 945 996 945 816 842 943 891 913 850 919 822 862 983 943 994 844 824 976 964 908 829 954 806 858 909 836 919 846 812 891 964 805 853 893 895 867 932 909 918 832 962 930 841 851 933 865 810 887 801 961 870 816 944 963 973 886 848 831 967 891 873 995 866 885 939 923 906 907 896 963 978 909 827 885 894 919 972 955 881 961 950 879 972 825 859 928 932 979 823 874 879 943 817 893 976 875 853 919 877 922 898 983 926 1000 1000 878 817 931 879 843 808 957 929 970 
831 845 841 997 877 883 800 963 981 834 864 923 990 862 844 919 850 931 949 838 892 807 926 965 950 1000 1000 887 993 887 955 996 812 937 803 845 818 875 991 934 971 913 911 979 854 810 888 866 808 998 866 847 806 856 872 860 914 989 823 884 963 905 849 876 889 947 878 965 903 968 859 988 877 921 805 854 913 884 826 809 888 802 890 868 873 830 953 904 898 995 838 891 822 959 901 893 810 982 853 839 887 967 891 884 894 846 829 921 972 847 902 880 982 995 823 976 814 910 897 868 940 813 887 896 856 898 943 855 958 939 900 899 972 963 934 884 875 800 942 809 983 817 831 834 912 821 839 991 937 894 913 878 844 814 980 872 864 841 956 842 989 855 976 822 810 911 882 961 822 985 997 901 912 809 958 911 824 822 891 903 837 920 833 934 894 954 997 986 821 984 875 971 807 937 868 810 993 893 866 896 
845 911 982 948 849 842 939 873 874 840 826 968 946 935 910 939 884 803 987 929 839 970 929 812 840 993 912 985 975 975 986 874 894 978 874 964 805 854 823 938 970 993 878 828 972 896 963 923 986 931 955 892 898 981 800 900 831 896 862 855 910 921 974 974 823 997 979 833 875 868 811 844 909 908 884 867 966 936 866 999 806 983 875 817 934 948 985 974 841 989 869 976 908 929 982 811 937 910 874 939 982 992 833 854 990 906 813 890 967 881 811 830 984 939 972 906 887 816 856 865 880 944 840 917 972 826 895 838 825 947 811 962 957 871 906 882 887 998 895 989 889 959 825 922 975 970 905 917 978 916 965 879 937 877 932 848 914 865 802 839 940 830 987 993 974 957 816 989 921 815 991 973 992 1000 832 896 855 986 974 867 894 941 958 950 877 963 913 935 878 911 943 805 894 977 936 916 968 817 973 882 
899 854 861 842 810 819 817 920 828 944 991 902 821 929 873 965 925 956 996 860 915 966 841 855 965 926 816 878 947 970 979 974 901 962 874 802 960 926 856 985 942 995 872 860 905 863 864 867 836 986 917 961 995 840 989 902 823 861 838 812 853 955 890 854 885 854 988 850 945 982 906 957 976 899 869 923 885 909 960 878 918 814 902 988 977 992 962 897 825 996 832 971 889 921 805 881 813 846 878 942 941 829 977 854 926 957 983 940 848 935 898 877 969 876 926 932 867 961 817 972 904 971 976 931 804 859 879 948 940 843 820 865 801 835 886 958 907 899 804 847 821 849 897 942 938 976 867 966 999 928 907 973 849 881 939 885 813 902 991 950 818 924 908 971 861 962 809 870 809 998 927 821 854 951 864 847 955 937 984 949 865 925 956 856 961 864 966 875 825 841 922 848 944 875 819 828 884 893 926 997 
833 937 938 844 936 907 814 803 958 847 859 962 815 911 813 900 862 928 851 895 934 942 979 817 826 935 810 998 891 814 917 843 943 883 992 871 972 814 806 978 996 883 987 854 875 809 847 830 957 971 805 820 981 817 864 836 989 847 899 849 850 979 946 830 969 966 907 992 968 871 938 815 822 955 804 917 878 924 938 824 807 848 822 829 937 812 907 833 819 988 897 817 903 941 840 920 922 840 937 911 842 973 964 878 844 980 878 967 920 925 1000 877 862 816 869 827 920 951 815 906 882 943 986 882 823 966 879 820 859 881 866 920 801 944 913 805 987 850 863 905 972 842 967 940 917 956 937 992 869 947 850 919 942 935 992 822 815 908 847 907 905 810 975 897 983 856 869 968 828 864 943 864 908 818 961 872 878 964 991 809 849 803 865 881 801 920 896 966 825 879 826 961 963 906 807 852 924 874 976 937 
937 936 994 858 937 906 958 822 920 944 838 862 808 878 996 957 862 959 857 806 908 944 808 915 829 847 836 995 842 957 821 800 968 800 912 814 976 989 856 992 846 976 809 958 842 862 821 865 990 904 850 991 865 847 828 882 814 978 834 830 803 862 873 819 838 949 804 958 972 986 993 989 885 815 892 910 984 967 894 915 910 837 904 854 909 933 822 922 974 948 906 909 880 942 810 902 916 977 906 988 889 867 969 993 966 947 985 878 823 978 912 816 856 849 978 966 890 963 942 826 969 821 921 1000 937 970 976 883 839 866 820 809 923 885 853 874 893 961 991 811 927 821 952 915 966 937 835 864 910 997 1000 897 974 883 939 927 968 829 866 852 979 872 991 960 867 942 872 945 884 916 886 820 922 905 821 961 896 978 816 921 1000 830 926 822 917 969 910 971 892 951 951 951 908 929 989 884 810 897 830 871 
905 872 849 858 920 823 836 947 968 978 915 847 979 802 885 838 850 888 976 806 823 919 925 857 996 831 986 847 803 944 969 824 848 976 951 840 826 913 892 846 958 806 888 939 871 952 973 954 920 988 803 840 904 833 977 922 944 967 975 943 992 976 894 885 893 963 807 980 844 992 922 913 975 868 825 834 849 961 820 993 946 823 862 980 983 860 909 947 813 984 981 896 950 902 991 818 914 922 819 957 855 922 872 883 893 972 955 866 855 838 933 838 936 835 814 995 819 956 852 847 805 970 929 919 901 877 825 991 895 993 812 911 964 892 859 979 807 828 957 957 982 913 961 991 927 877 942 829 888 806 956 889 997 948 866 919 930 922 944 919 948 869 829 896 891 937 946 889 818 962 935 937 946 938 994 900 835 915 802 845 894 901 900 836 848 926 929 805 933 949 916 983 872 875 806 878 953 953 951 849 
855 921 993 827 925 999 839 804 974 872 853 994 841 937 979 805 833 849 819 875 820 988 949 844 847 900 882 987 929 804 858 831 837 862 916 902 858 813 885 955 823 848 828 957 853 837 925 808 922 916 962 962 839 842 927 882 997 864 987 887 950 868 994 870 1000 834 936 830 959 831 948 902 959 873 817 831 996 848 818 868 815 986 807 882 839 844 808 859 854 944 965 809 937 811 971 894 872 830 831 966 887 871 985 837 988 1000 984 850 988 841 903 911 995 836 974 872 990 979 874 850 854 929 940 975 940 840 826 823 832 906 916 885 957 966 900 829 805 814 926 913 882 867 961 953 883 975 903 853 904 934 843 950 937 903 834 900 973 946 890 813 932 896 926 883 851 830 833 974 958 912 806 896 999 908 922 840 933 912 917 853 964 943 811 839 811 947 877 894 844 998 939 929 855 966 841 884 897 856 975 877 
995 953 820 960 981 883 835 989 987 854 836 896 843 866 861 895 835 986 968 859 871 994 863 973 837 871 881 874 825 803 870 837 823 878 820 858 874 814 820 862 932 843 907 910 934 824 807 918 983 916 853 813 824 977 858 969 958 838 896 908 903 873 970 808 879 822 991 924 836 983 884 982 992 849 1000 988 961 853 948 850 820 981 932 963 917 909 988 957 965 849 895 874 938 958 828 894 995 951 919 896 934 937 822 921 956 908 932 816 807 966 874 998 980 928 858 910 936 890 919 848 919 960 965 848 983 847 874 815 996 988 857 896 946 806 996 912 866 814 839 936 995 828 850 860 990 846 818 818 896 853 815 942 909 992 905 861 895 875 978 871 864 888 965 850 997 971 961 925 829 960 824 841 811 813 888 922 839 834 973 860 868 834 896 811 933 864 838 936 848 947 805 994 974 881 934 881 814 951 814 854 
972 949 883 851 910 912 831 888 883 946 930 973 973 918 871 815 915 892 951 862 946 843 837 857 872 843 872 927 952 913 821 927 975 910 892 893 973 824 986 903 964 874 870 860 974 911 900 876 918 966 918 917 994 895 877 923 868 802 885 835 922 852 807 985 890 922 997 951 885 911 863 968 863 917 904 845 974 948 894 815 815 935 928 939 860 994 806 986 901 855 812 894 858 865 869 801 945 953 989 993 949 802 952 923 880 874 972 897 945 826 918 873 873 893 839 829 958 825 863 862 935 879 987 952 805 872 881 870 896 916 858 921 962 858 953 850 956 907 890 816 972 888 809 836 812 833 892 856 968 936 947 906 987 820 845 878 846 976 858 977 929 857 982 833 910 911 950 895 935 918 963 810 851 957 906 894 936 817 991 852 961 959 815 868 891 823 917 978 981 839 909 951 960 955 830 908 978 824 935 839 
955 906 850 827 826 929 949 844 821 950 917 870 980 879 852 988 998 828 929 858 960 997 830 885 804 804 884 863 950 801 893 977 962 831 864 860 950 976 832 995 995 824 896 979 871 964 852 814 954 935 867 948 894 938 920 822 854 984 811 982 938 977 802 911 816 943 982 843 966 888 882 865 993 861 860 875 814 861 864 860 946 896 891 886 927 913 906 807 961 940 924 815 863 979 900 944 967 817 866 890 997 888 970 873 854 805 882 865 969 975 978 956 889 870 908 996 801 938 830 881 947 878 813 843 878 867 826 994 918 870 988 852 974 869 993 897 807 840 831 845 875 821 961 822 807 961 802 899 948 867 975 905 929 933 929 855 924 954 828 977 830 946 990 841 836 921 824 890 946 879 913 988 902 861 913 880 953 981 997 953 974 837 822 846 896 920 890 927 995 838 828 905 813 858 939 965 907 831 878 941 
868 896 973 888 811 973 895 866 899 987 978 911 980 865 983 902 801 894 913 856 891 895 809 815 897 958 879 912 927 825 861 895 812 870 822 929 810 844 812 961 835 870 890 801 892 914 975 802 935 871 988 882 858 820 837 889 913 958 961 959 941 985 854 947 979 964 842 850 848 958 950 848 960 897 924 963 836 946 957 905 980 807 948 834 870 986 852 933 835 874 956 859 965 879 967 826 949 874 958 809 971 915 995 927 934 990 935 847 844 810 936 954 882 923 847 968 926 932 952 933 907 956 932 861 934 894 968 976 944 909 898 848 942 810 918 841 891 830 879 890 802 920 886 929 946 964 890 806 922 915 977 869 998 933 895 926 821 911 867 864 890 996 865 809 939 857 908 981 965 871 892 817 953 934 960 936 965 871 848 881 833 896 937 986 969 886 998 959 911 873 820 842 924 955 903 981 812 817 911 899 
849 863 994 859 972 953 938 993 869 886 844 924 966 840 893 955 942 976 902 874 815 841 861 877 944 958 927 904 934 1000 989 1000 919 967 800 933 963 805 986 873 868 806 877 940 884 969 820 823 917 917 861 935 877 993 831 969 931 864 926 837 833 849 801 909 906 916 934 808 821 872 950 919 990 839 891 837 804 854 990 801 930 980 819 895 811 885 978 876 815 855 924 905 900 965 856 831 845 862 972 968 964 905 953 854 868 900 871 805 803 885 956 830 887 881 886 919 832 957 802 922 974 907 915 869 941 944 926 818 957 831 996 860 846 971 908 888 956 861 932 966 885 802 920 959 975 867 930 954 850 896 858 904 902 839 875 958 822 822 815 857 891 993 910 966 953 935 849 928 871 942 875 965 992 937 894 840 903 914 940 811 996 882 850 898 914 851 993 895 912 835 809 876 870 811 989 874 802 904 943 815 
955 874 849 884 813 933 900 823 813 928 827 942 891 865 965 956 902 870 960 841 899 836 1000 873 928 956 850 906 915 993 913 808 936 836 972 865 880 807 863 993 808 975 901 957 935 875 872 901 954 812 804 897 895 960 884 907 900 896 825 801 892 882 846 828 829 981 982 976 849 924 986 811 821 800 915 817 951 887 920 872 880 965 953 835 981 914 963 851 827 896 917 886 901 824 951 805 999 1000 982 996 1000 949 830 855 934 862 890 900 907 866 915 848 992 922 878 932 935 892 882 833 808 999 965 802 877 842 990 990 943 959 912 855 880 916 870 971 967 914 950 863 910 999 997 882 822 912 934 865 828 989 876 882 989 887 982 871 863 971 988 883 986 988 825 891 884 862 845 970 801 800 879 995 904 919 911 869 811 833 891 835 952 878 913 939 911 997 928 908 819 921 847 834 873 992 876 880 866 873 894 857 
899 952 848 980 930 982 856 985 926 999 831 912 936 982 841 827 859 896 931 816 837 831 887 859 985 868 987 982 933 841 825 885 888 830 985 927 877 955 862 1000 861 956 886 977 803 993 998 960 908 977 868 871 964 1000 920 990 955 809 852 972 886 972 870 940 819 986 813 820 852 898 886 863 888 856 950 885 878 876 896 857 828 848 819 974 851 827 886 833 826 833 845 990 885 855 860 899 983 857 882 815 876 846 883 943 830 973 827 957 914 916 891 817 831 806 884 812 804 853 974 806 902 839 879 928 972 949 814 864 883 996 986 978 802 862 961 841 945 833 843 862 818 862 900 931 905 887 905 970 931 858 995 920 835 968 994 919 944 978 979 835 805 849 994 962 952 843 986 890 801 811 820 908 879 966 837 857 841 926 863 952 970 992 961 835 923 881 877 977 985 809 936 995 886 856 977 863 928 888 873 949 
908 937 964 990 932 871 901 834 917 863 851 927 913 859 948 955 836 948 881 900 961 833 834 814 807 856 864 827 903 859 999 800 927 899 827 968 935 833 960 905 800 971 859 946 874 878 975 932 871 895 997 880 913 922 963 867 858 866 855 904 997 808 916 941 991 993 904 966 834 944 995 921 839 872 922 843 843 989 927 972 893 940 961 873 828 821 837 864 968 923 999 880 998 864 854 945 806 949 835 825 925 947 899 883 956 852 830 929 942 923 896 893 982 989 827 840 820 993 834 920 927 946 959 940 912 959 815 912 927 910 839 897 826 866 985 863 995 975 836 850 874 944 866 963 833 949 966 827 975 896 857 856 848 884 843 862 887 841 946 888 820 953 889 910 998 806 995 893 947 954 856 820 940 974 1000 944 888 833 920 916 897 879 920 826 817 898 933 887 877 900 826 832 957 953 916 981 939 888 883 906 
940 934 890 871 883 815 816 820 837 902 896 907 933 973 957 948 822 858 802 802 896 970 877 896 952 893 800 854 873 832 934 967 865 956 802 923 816 814 827 819 962 994 964 877 869 910 938 966 993 974 938 943 836 851 944 944 930 875 843 957 847 998 915 805 1000 988 897 830 999 803 967 858 943 945 936 891 965 881 931 945 932 932 959 801 980 872 891 831 993 916 967 931 943 850 942 806 894 868 968 819 887 909 915 909 812 893 830 801 921 991 861 856 867 963 866 938 885 979 897 905 885 991 888 969 843 950 835 938 931 817 844 881 844 859 930 849 894 826 862 846 836 827 855 879 931 961 855 998 865 810 887 825 824 834 848 1000 826 890 909 950 1000 993 819 869 803 868 812 918 953 879 967 979 892 952 935 872 827 971 941 934 982 928 851 898 941 819 929 932 959 978 860 910 855 989 967 898 949 856 963 806 
986 801 820 827 860 992 924 838 940 923 974 968 984 900 880 960 819 844 867 832 909 953 894 896 863 845 943 843 992 879 840 937 991 896 967 929 817 927 949 935 807 814 988 855 953 841 906 966 902 972 918 888 973 966 993 893 810 952 916 873 807 966 861 816 946 903 992 974 913 966 930 897 915 961 973 948 980 966 922 929 832 950 864 812 903 847 883 891 826 965 880 888 883 857 993 808 856 994 832 801 930 935 999 838 811 940 950 980 936 927 913 906 867 944 821 821 830 824 940 931 906 823 937 805 880 964 921 847 909 946 910 860 813 936 857 906 903 976 966 859 844 852 967 996 916 957 811 944 917 901 918 933 829 969 813 868 978 925 937 816 982 993 860 816 889 822 856 851 934 809 838 849 936 866 823 914 851 922 964 843 894 840 978 931 978 837 950 844 896 966 866 980 939 834 821 839 927 931 823 933 
831 893 958 891 819 887 911 959 971 946 892 808 845 878 897 865 834 923 866 827 938 851 969 924 942 874 944 987 896 813 959 807 888 858 947 889 841 965 855 901 925 829 960 981 940 934 819 883 929 853 926 929 943 864 906 935 820 974 859 846 854 869 979 836 942 834 846 861 955 987 810 805 913 837 959 873 925 822 807 917 937 877 804 908 854 912 1000 909 894 822 975 968 870 908 893 999 808 935 958 885 872 807 893 987 883 811 998 917 929 962 880 863 913 915 911 841 873 836 863 805 854 821 815 837 948 973 803 998 984 995 826 855 855 859 823 970 863 920 951 925 851 966 814 839 818 950 998 901 935 893 899 870 862 879 947 812 858 843 855 867 869 861 973 867 871 972 994 811 983 999 901 921 913 862 908 900 903 889 842 876 814 805 832 827 995 993 889 847 864 855 851 957 955 951 828 910 914 947 819 979 
952 982 855 814 849 841 992 801 999 891 994 844 969 891 908 849 830 961 985 989 932 943 908 905 839 978 823 877 978 938 889 861 829 915 941 811 915 801 869 859 992 971 981 812 819 876 942 915 848 853 995 914 897 857 806 912 964 920 924 812 836 845 885 933 822 862 860 994 833 971 1000 869 869 823 986 846 933 944 948 993 930 835 854 945 882 922 935 900 984 826 898 888 876 919 995 807 852 879 961 972 886 924 936 814 908 972 983 955 976 860 808 849 993 839 874 889 953 839 879 807 929 874 957 882 894 939 909 948 900 929 961 910 807 823 918 977 903 998 890 822 896 896 869 866 837 840 874 941 941 820 821 978 937 928 981 964 924 824 863 977 956 937 902 984 904 844 818 831 863 812 1000 908 896 885 920 832 818 943 885 944 991 877 916 939 901 867 818 898 907 856 880 946 871 938 871 831 936 872 864 881 
864 869 819 929 827 900 922 933 869 882 940 835 992 916 807 862 969 979 829 827 931 833 826 930 859 940 856 939 968 825 906 835 830 925 940 810 946 801 981 802 941 835 840 907 945 857 847 828 960 884 903 891 955 953 917 977 851 870 854 888 923 825 923 926 862 956 980 848 981 868 918 852 896 874 999 902 947 974 938 852 926 988 855 903 831 925 821 906 958 801 912 965 897 953 954 975 965 926 913 995 801 885 987 936 938 925 881 907 891 943 924 909 956 852 988 890 973 919 939 856 935 948 841 848 910 861 831 902 830 836 946 910 962 953 890 997 903 946 917 832 807 841 909 969 869 965 932 804 852 952 906 879 914 975 926 961 904 910 909 852 882 923 989 991 829 932 962 858 877 914 865 865 890 903 945 942 920 856 989 912 832 801 851 937 931 866 955 903 810 808 814 888 985 801 911 822 823 969 988 937 
939 963 979 930 992 856 954 867 957 854 823 927 871 942 831 872 820 994 853 801 920 834 988 930 822 885 988 849 802 866 859 913 890 992 948 893 988 893 919 983 907 827 851 858 997 947 968 804 899 827 946 850 960 803 982 871 853 860 905 805 819 992 844 891 963 975 807 902 968 887 910 923 923 803 996 960 981 925 912 831 890 890 925 819 807 869 917 861 838 875 847 971 824 1000 947 989 943 836 872 996 861 822 880 981 906 941 861 926 952 917 907 866 891 844 841 901 934 933 864 862 868 866 937 882 925 824 824 992 820 979 974 904 927 963 885 933 892 810 846 876 911 917 925 908 871 806 901 990 941 841 985 920 992 915 916 821 927 981 899 906 993 852 882 895 855 902 843 894 966 949 918 808 995 925 888 915 823 912 930 969 949 827 820 843 875 803 977 819 888 921 915 999 809 803 890 891 890 901 995 900 
888 802 857 876 928 867 997 853 948 852 898 936 934 956 949 914 939 932 870 897 994 862 863 890 983 984 914 868 873 818 904 897 888 815 812 844 951 972 825 837 817 878 950 956 874 971 822 867 937 844 944 833 962 941 902 898 990 990 850 962 890 962 837 822 815 802 975 877 978 929 841 853 877 886 812 848 904 888 991 971 992 829 833 949 902 871 875 942 882 915 976 927 871 917 915 941 841 811 921 850 950 972 866 825 842 810 824 939 812 930 853 990 927 905 895 929 957 852 827 863 998 839 832 825 919 820 808 987 825 880 968 852 921 863 837 843 827 952 865 913 830 839 864 888 902 862 919 896 938 809 935 852 907 867 805 926 826 809 943 864 827 984 850 1000 852 871 958 901 846 962 852 890 929 890 993 891 890 893 862 916 830 855 825 862 995 874 988 950 990 981 858 916 940 993 863 959 981 806 908 812 
902 870 841 826 931 898 808 936 875 955 952 932 939 855 982 997 801 869 987 966 911 850 934 986 985 902 857 896 939 995 863 926 916 831 891 943 812 869 993 876 830 813 817 864 986 889 893 873 927 978 877 969 988 851 823 860 955 943 860 809 935 854 883 926 824 998 866 943 920 915 868 812 818 976 971 810 947 915 910 834 823 916 938 961 951 967 847 831 961 826 918 901 821 911 808 921 805 909 878 842 833 858 992 953 941 881 808 895 832 964 818 913 863 850 804 980 996 828 910 958 920 812 918 852 985 927 924 918 828 971 894 801 896 854 819 856 922 872 804 980 981 957 952 938 809 874 827 999 830 947 922 925 915 878 942 916 802 939 947 926 841 894 958 826 929 880 970 989 942 988 909 878 978 871 890 888 900 995 816 906 951 899 951 825 970 983 878 997 806 856 896 872 1000 990 946 887 924 998 812 918 
889 887 833 925 986 882 819 882 915 1000 816 903 977 945 947 839 811 994 818 831 845 955 864 977 908 962 942 826 997 805 858 887 893 977 956 941 826 826 889 906 935 814 820 832 867 954 899 904 837 991 982 874 997 879 902 903 981 832 948 986 863 943 981 844 856 891 893 805 900 931 894 968 901 862 864 877 823 898 905 886 913 919 854 808 965 945 986 852 918 841 824 921 955 952 974 945 857 879 889 841 959 871 953 875 967 933 839 927 810 846 984 813 991 905 856 957 913 916 805 859 884 956 987 993 921 986 824 998 964 972 993 862 814 984 988 957 950 885 976 853 883 830 956 930 864 980 826 997 923 819 905 935 979 818 881 927 858 982 806 814 852 821 880 991 914 892 963 813 819 924 841 858 976 877 966 942 964 802 957 805 952 814 928 886 925 844 972 885 832 934 807 975 855 901 853 881 846 908 969 903 
965 952 981 827 893 863 826 974 817 943 977 861 928 980 976 929 859 893 988 874 830 872 925 888 903 956 992 859 825 817 946 928 924 821 870 892 975 846 932 912 837 941 829 995 983 839 938 825 839 867 947 866 837 934 847 898 871 831 859 968 987 897 916 968 832 965 812 888 950 819 987 983 908 822 955 987 941 943 893 845 818 852 987 911 940 863 996 837 917 944 964 912 814 866 882 846 820 870 893 960 848 837 812 844 917 872 823 989 832 960 847 837 977 849 891 842 973 1000 876 943 838 951 904 818 871 899 832 854 983 818 985 889 802 822 849 868 994 861 819 996 961 924 931 961 887 916 904 917 883 997 972 960 957 866 940 900 914 804 830 947 828 870 808 964 977 829 993 967 915 842 916 968 970 928 815 830 950 822 932 883 809 824 979 810 878 885 860 843 930 828 849 897 958 910 825 862 807 941 958 937 
979 994 982 935 805 833 944 968 877 1000 876 977 998 811 943 866 896 854 825 993 815 804 909 811 863 842 882 864 855 814 925 834 833 867 834 925 914 904 878 974 849 913 899 896 937 903 934 862 885 916 953 810 861 832 919 911 881 858 916 848 816 934 831 937 972 821 982 835 952 895 928 893 920 929 915 966 880 829 914 899 909 892 824 889 899 877 887 866 868 981 927 920 858 932 901 861 849 898 879 961 867 930 841 957 812 915 972 1000 858 954 997 811 801 976 865 849 853 819 827 980 930 992 956 927 997 880 802 800 854 842 842 980 917 974 975 971 999 884 877 939 845 916 925 831 952 966 960 947 884 848 895 864 926 955 846 983 946 945 908 866 842 902 858 864 874 868 925 868 844 859 928 902 812 800 991 934 944 988 996 847 895 897 922 846 976 817 920 926 804 803 934 950 861 824 859 964 930 924 862 898 
858 848 844 946 840 967 907 870 819 895 814 853 922 938 872 977 900 848 828 878 819 837 992 940 921 890 900 809 969 945 863 933 816 991 958 803 927 932 815 866 973 876 890 996 828 967 974 857 847 876 891 970 813 958 861 985 903 937 890 980 809 920 843 810 960 959 913 917 900 945 906 934 923 948 864 973 956 900 896 822 963 815 988 921 838 833 951 896 835 979 824 888 827 809 965 859 942 865 876 986 969 974 976 999 855 922 958 914 845 883 941 902 901 923 929 943 902 932 981 982 868 941 912 945 940 990 854 853 933 878 836 881 801 886 975 816 961 810 932 935 971 908 857 988 928 909 863 995 965 977 979 823 996 804 800 854 986 949 852 944 815 865 963 929 945 888 917 994 864 991 929 924 803 879 862 897 906 912 1000 953 885 851 900 984 978 928 856 999 918 821 944 974 974 902 956 991 955 992 845 997 
938 909 953 957 896 821 940 870 825 988 887 851 809 928 823 964 845 921 804 817 880 957 873 997 810 995 909 902 994 806 985 858 913 925 904 935 984 961 976 805 925 891 943 935 974 880 802 874 965 804 997 977 990 948 877 976 901 856 866 874 989 936 864 823 853 933 872 873 838 869 900 823 944 926 953 959 948 982 934 929 942 961 810 863 880 975 814 889 977 956 876 969 840 804 826 844 948 925 918 946 933 857 920 860 846 986 834 935 876 838 807 962 926 916 826 994 803 992 986 855 992 880 894 889 893 950 984 927 934 852 978 911 953 828 963 979 921 836 843 869 893 907 995 803 840 901 889 866 893 905 851 978 883 829 926 800 812 857 840 885 812 904 883 824 897 921 828 996 864 982 851 922 880 867 968 992 898 958 820 828 903 967 973 900 973 985 983 898 973 886 809 801 805 965 916 801 989 930 907 927 
817 881 833 995 986 891 823 804 929 925 963 865 937 900 912 925 986 992 910 980 952 859 840 900 878 972 839 979 951 883 830 935 886 855 837 846 989 1000 961 890 951 978 935 986 918 882 928 806 848 866 867 845 848 905 959 985 969 853 822 811 861 933 996 988 960 822 852 936 846 880 942 1000 870 953 898 929 895 957 894 980 816 986 811 822 918 854 821 945 999 997 952 886 821 841 999 855 803 802 973 869 880 886 996 935 851 836 806 868 815 926 981 823 918 833 886 1000 885 826 828 844 879 951 870 947 803 901 961 872 999 956 971 950 926 873 830 940 960 938 870 849 808 876 958 930 806 864 853 948 800 899 930 933 849 997 907 875 914 827 961 885 804 866 801 852 872 847 805 836 857 989 929 944 930 962 805 996 942 935 987 947 897 914 954 862 814 842 809 955 827 870 856 876 911 805 996 890 859 931 821 811 
935 934 833 926 967 853 955 940 961 940 868 932 991 833 929 893 810 860 957 838 854 818 887 868 953 935 983 890 879 834 915 859 985 974 995 946 879 872 920 878 847 859 811 863 898 893 895 867 997 881 976 899 805 973 976 897 836 876 921 883 935 892 930 901 952 981 979 915 952 928 963 964 940 896 964 882 916 940 951 996 821 928 935 973 892 968 959 820 890 860 907 870 871 941 807 969 873 959 998 858 931 882 854 811 955 893 906 877 894 971 928 817 865 979 953 907 888 933 899 882 822 840 821 880 817 969 833 891 944 811 996 893 854 920 937 833 996 805 980 963 916 882 923 952 903 881 881 998 971 902 854 920 914 997 849 977 921 945 927 918 929 887 981 952 849 808 856 883 837 867 821 866 810 805 835 842 870 971 987 849 996 916 1000 887 996 965 823 835 823 835 838 848 801 944 868 863 809 906 910 954 
974 961 968 999 836 908 962 909 868 855 813 818 917 900 833 899 973 990 860 820 994 887 876 895 993 840 871 913 962 986 886 830 921 967 849 811 898 987 897 809 866 877 830 872 858 805 854 851 928 815 809 943 933 907 968 962 998 964 802 955 973 868 961 915 810 827 846 848 986 803 946 932 970 932 861 836 972 898 833 897 813 844 864 983 807 813 984 839 933 875 963 829 951 911 805 870 823 856 919 836 891 888 921 805 891 808 976 800 837 807 835 856 829 877 819 996 841 947 879 803 864 898 914 913 1000 805 836 878 988 883 988 867 806 943 947 800 985 970 915 865 947 942 819 874 869 866 952 918 990 957 824 844 878 815 821 870 823 853 877 852 831 937 944 849 901 903 828 993 981 961 916 929 967 935 952 899 897 971 957 977 946 956 847 894 965 840 913 895 862 823 895 821 950 907 944 978 924 883 903 996 
977 964 835 918 957 915 856 998 844 985 911 971 900 955 850 991 987 836 901 856 864 861 839 929 941 873 910 946 871 810 820 902 928 952 828 950 921 821 926 977 907 942 847 855 972 840 868 947 948 947 918 949 810 817 960 946 989 888 872 906 844 926 891 964 887 826 827 829 882 837 950 909 871 820 853 879 839 817 882 823 857 963 976 977 951 998 840 818 820 962 807 894 974 934 815 953 926 865 932 973 934 868 942 886 839 890 993 941 924 870 968 829 974 897 810 912 909 918 803 826 845 936 958 880 907 835 901 810 900 912 918 833 888 985 878 825 878 887 901 991 869 861 961 893 851 973 966 809 977 895 865 869 883 905 899 974 889 877 949 927 959 834 840 894 887 958 937 962 999 933 842 951 923 954 884 834 932 924 867 986 956 961 853 946 851 831 995 914 940 981 905 933 959 804 904 904 834 948 905 910 
875 927 841 814 878 844 946 909 987 861 920 970 948 978 809 810 888 914 834 879 973 814 837 973 862 800 882 973 897 994 985 961 801 956 889 808 892 860 981 923 842 908 952 849 895 995 844 817 895 819 845 950 970 910 819 968 824 907 952 835 961 940 933 958 902 863 833 834 831 863 889 837 980 828 810 842 874 957 908 855 919 980 983 805 934 840 856 963 824 887 973 964 991 902 859 851 983 943 950 921 956 885 984 873 934 896 866 995 987 953 882 822 813 915 851 915 818 952 896 918 810 946 841 835 971 800 856 804 964 902 978 946 814 935 941 975 939 839 847 991 844 894 963 854 910 914 997 899 930 800 946 815 805 990 929 905 812 889 948 974 958 858 867 836 948 847 810 857 892 927 821 942 924 992 962 835 801 879 851 826 856 851 867 951 912 969 933 976 843 823 977 879 973 995 982 989 977 931 811 939 
926 989 974 857 886 884 890 930 810 958 916 823 896 824 960 942 812 895 976 903 977 812 934 837 998 824 880 825 896 867 957 906 900 974 853 941 982 925 805 816 950 991 956 868 850 965 859 953 993 870 997 851 828 810 807 955 967 833 990 907 865 868 892 889 864 967 876 859 908 888 889 963 838 931 819 826 990 986 965 946 899 836 837 825 972 955 915 946 841 872 893 915 841 820 918 995 800 887 822 948 909 880 887 915 996 967 888 895 950 952 854 814 949 879 854 909 913 834 911 872 991 926 899 856 936 925 850 996 815 910 990 938 808 886 947 939 871 996 815 993 873 821 845 879 889 992 957 872 968 809 998 912 806 822 925 836 956 894 970 948 824 998 883 960 822 899 822 904 924 919 816 980 860 802 880 970 985 888 945 959 999 857 848 928 805 915 819 857 925 867 847 962 990 804 881 852 929 939 812 911 
964 949 846 940 849 987 868 902 932 956 896 953 956 877 864 863 846 859 980 927 943 990 840 951 980 889 941 977 968 835 979 937 923 835 875 862 998 936 826 865 928 801 987 901 933 882 930 999 996 812 980 832 962 995 846 968 930 899 869 965 809 803 844 978 962 960 948 992 801 966 903 900 924 800 956 944 944 891 924 967 891 873 868 868 846 969 965 846 917 987 867 889 836 980 988 949 966 827 875 950 959 887 974 971 943 991 834 876 891 824 861 980 964 900 869 832 866 942 879 811 862 923 811 874 991 812 966 928 802 812 911 952 982 950 841 923 932 987 875 884 810 898 921 830 836 921 890 943 879 920 804 964 984 920 826 883 902 917 887 825 886 842 950 980 983 839 949 823 990 832 921 850 846 864 887 907 832 966 883 817 852 971 914 873 883 873 882 830 876 887 976 845 931 834 815 974 957 901 852 818 
818 950 959 953 995 961 800 841 874 954 830 922 975 914 933 854 827 833 922 836 848 888 871 958 929 984 800 941 997 874 828 848 888 885 923 999 889 808 987 826 913 812 832 833 861 882 966 827 834 829 843 836 958 926 912 875 979 813 905 911 860 980 841 832 992 940 881 957 864 938 901 908 896 827 991 991 935 911 804 972 876 803 967 949 885 807 969 942 922 985 934 967 997 824 812 884 859 945 900 806 888 892 817 880 922 909 943 932 835 969 847 969 906 912 830 877 982 864 826 956 926 949 914 883 990 857 806 969 961 816 908 914 886 866 857 887 945 823 979 986 991 895 900 821 823 886 945 858 818 849 995 886 942 853 922 981 811 800 805 837 991 811 960 953 931 884 998 829 960 934 953 948 965 909 895 965 804 885 896 957 952 986 989 820 862 815 922 968 833 952 901 960 999 915 987 897 926 838 873 952 
859 823 891 914 866 924 866 957 807 889 831 816 894 908 911 893 865 924 842 904 822 938 961 855 922 843 993 828 989 863 874 851 898 936 956 942 838 898 993 908 821 920 839 860 892 962 937 919 810 949 892 908 831 979 994 842 937 803 890 983 808 895 857 928 801 910 945 801 991 872 896 804 953 810 831 942 859 935 982 855 845 905 892 952 958 868 860 899 975 975 860 878 950 860 900 937 888 904 846 864 879 944 995 840 887 855 912 934 929 800 816 812 911 983 935 994 918 835 983 890 800 876 865 865 968 919 957 975 955 809 983 992 921 969 946 819 873 996 866 809 903 968 921 930 853 860 882 867 930 945 960 941 810 895 862 864 959 947 904 986 991 861 849 996 846 1000 890 886 869 942 893 964 875 985 869 821 982 849 950 930 802 870 921 882 863 956 813 923 986 957 986 842 873 985 852 979 873 923 862 829 
829 939 826 890 964 997 898 841 936 992 804 997 821 822 974 812 820 802 931 861 919 925 918 1000 817 1000 940 841 973 978 853 904 806 818 918 885 972 990 935 839 927 836 814 852 847 922 920 969 880 918 837 820 934 944 982 963 923 975 936 830 976 994 903 927 819 930 846 920 970 813 901 934 943 876 857 908 891 956 921 892 988 936 860 820 982 809 863 963 999 838 898 871 927 862 940 840 960 857 936 957 923 971 917 812 833 945 824 809 987 1000 935 942 997 894 883 871 847 855 871 886 937 937 814 996 885 956 918 974 959 829 823 980 846 812 874 820 938 897 877 934 822 877 803 970 976 932 979 815 902 949 917 936 996 931 849 915 891 866 821 888 918 922 932 835 970 820 874 886 819 880 946 817 829 865 848 923 890 808 945 871 837 871 992 976 858 840 823 896 980 864 833 936 979 837 862 864 946 919 896 816 
872 908 879 916 821 848 919 813 897 918 930 892 912 936 850 804 991 812 909 986 832 802 977 916 920 842 969 944 869 961 965 977 896 871 904 991 938 887 806 824 973 930 962 933 981 889 815 907 864 836 866 936 851 949 803 802 981 945 865 941 955 804 965 976 827 864 901 855 841 999 898 847 800 953 943 868 849 898 813 822 805 871 913 933 997 804 847 887 999 972 855 892 804 859 905 872 971 866 977 962 824 838 969 813 922 882 973 873 874 985 851 857 852 818 914 895 862 872 909 967 948 848 926 822 838 921 977 810 943 843 805 996 973 843 800 956 921 875 934 909 951 809 942 875 879 836 867 917 991 885 917 838 862 842 914 982 868 890 968 932 917 965 843 944 844 923 994 806 936 996 955 982 963 810 957 801 824 895 836 910 897 885 927 987 858 801 862 971 829 863 828 959 971 829 926 879 974 908 962 949 
914 923 867 902 981 899 999 836 823 997 966 907 951 931 939 864 910 961 844 902 928 901 846 856 853 831 833 823 852 902 961 957 871 809 941 815 935 842 878 808 998 985 912 907 949 834 930 898 844 878 873 832 881 877 967 826 963 857 863 901 894 864 973 820 849 895 990 917 889 874 908 865 841 980 986 805 949 800 941 939 842 950 951 999 938 1000 871 820 870 895 994 826 814 810 915 823 885 843 815 833 940 966 829 995 811 887 982 903 843 831 866 993 882 818 809 992 841 933 889 821 941 941 854 823 986 870 957 918 932 822 861 936 911 905 913 856 937 882 801 876 862 981 900 831 843 974 890 978 966 982 882 800 882 968 880 952 867 903 920 854 882 815 817 893 821 977 858 903 977 999 813 984 918 960 920 928 887 916 890 913 984 871 977 928 835 979 934 970 895 943 861 885 840 890 857 877 807 896 908 841 
835 976 887 974 865 971 869 932 862 954 841 979 958 942 882 943 849 986 959 871 988 869 921 896 834 903 811 894 865 946 812 865 824 937 885 831 890 814 963 817 858 804 996 970 841 817 949 907 972 971 894 973 883 976 876 904 824 869 840 931 953 914 972 904 834 945 992 951 847 865 832 969 866 911 854 841 858 827 974 994 988 840 985 983 922 887 945 960 964 989 974 957 974 841 915 951 872 966 963 917 815 974 882 997 918 840 938 828 901 913 881 838 888 986 982 910 986 898 993 952 980 822 830 972 856 899 827 1000 901 821 906 845 962 983 926 945 914 816 952 942 898 889 940 907 934 839 963 867 848 952 875 967 855 991 930 984 879 990 965 972 983 994 851 871 990 823 896 958 897 968 895 894 960 869 846 809 873 894 972 823 803 898 978 829 920 933 946 963 813 804 852 853 909 851 890 990 855 952 984 856 
919 821 881 995 955 899 946 988 856 833 867 948 861 864 988 801 843 806 990 840 811 855 926 833 945 929 846 923 801 870 924 994 945 910 828 931 944 802 918 878 971 915 829 883 977 979 951 893 917 859 876 803 982 955 857 800 820 987 1000 841 866 852 865 957 834 909 815 954 859 862 833 825 932 990 948 822 995 898 918 814 839 924 987 853 989 914 996 872 809 806 987 911 993 966 971 907 918 933 868 940 922 840 923 814 981 845 824 857 940 980 898 844 811 957 933 990 910 936 834 968 973 858 861 976 982 845 882 859 923 838 979 808 934 899 930 856 858 908 824 852 974 887 982 986 925 894 917 858 804 953 904 878 934 817 885 950 907 984 815 848 812 923 827 919 822 958 916 868 832 974 928 979 812 977 995 810 937 833 849 970 982 851 857 852 857 877 912 935 931 862 906 989 939 835 959 962 889 983 904 875 
936 887 818 947 964 977 868 890 858 947 822 932 884 997 963 817 987 985 920 937 988 869 989 856 809 879 855 921 1000 939 944 953 929 803 929 844 814 816 879 997 941 886 818 819 923 914 856 950 931 838 854 891 921 846 976 924 975 975 998 807 873 885 982 904 971 851 818 843 920 815 906 944 907 910 876 819 818 833 995 930 928 853 917 898 954 811 926 865 909 834 844 821 858 936 887 809 847 902 916 930 961 892 841 955 864 948 974 993 983 881 824 988 926 824 976 951 853 970 844 887 820 992 867 855 853 919 1000 807 842 918 994 996 866 955 819 816 958 862 898 901 820 831 821 999 885 963 920 941 983 906 826 960 908 808 985 956 887 983 998 957 1000 908 916 916 917 901 857 913 961 951 818 820 982 942 988 843 811 810 971 929 855 852 894 926 803 934 954 889 926 973 963 993 997 940 957 886 884 979 943 886 
939 992 930 845 824 821 884 932 951 831 994 800 918 864 930 873 963 861 900 828 991 853 979 889 860 937 984 969 849 986 954 944 992 844 894 990 987 804 907 824 883 972 959 925 988 865 919 920 906 947 953 876 803 809 915 974 803 836 805 900 856 826 828 950 811 994 808 941 801 991 860 930 856 830 906 881 908 916 825 939 907 863 851 839 961 923 968 885 879 975 968 872 863 986 914 823 941 832 901 890 862 856 855 951 971 902 884 884 979 833 838 997 955 903 898 995 830 986 972 995 947 889 981 889 817 809 956 868 949 836 875 988 930 965 847 941 833 824 864 991 990 843 951 993 912 892 877 885 840 923 857 938 965 903 941 962 851 875 857 859 963 875 836 932 902 908 893 970 955 856 895 974 967 839 906 977 918 869 843 901 847 852 838 857 939 996 931 810 884 982 963 841 991 994 885 962 937 831 944 941 
930 875 922 939 932 825 950 866 814 842 988 956 805 822 804 904 835 944 957 985 912 813 966 852 903 915 998 922 945 891 846 893 970 934 924 927 957 889 888 982 820 881 915 993 995 971 887 846 976 814 829 801 809 960 931 883 933 858 831 965 935 802 870 949 854 907 815 837 949 880 812 866 825 957 959 910 822 828 835 970 951 854 805 979 835 808 925 981 830 855 965 911 921 827 833 812 936 934 898 927 954 934 847 868 927 842 809 841 995 845 903 805 915 878 948 969 959 966 879 978 909 947 885 861 865 803 924 888 1000 920 868 826 883 885 919 940 874 855 909 954 941 948 856 894 988 959 941 965 858 826 928 983 932 814 989 903 837 850 805 910 968 880 892 849 907 970 916 847 975 802 870 802 856 947 867 851 933 873 829 962 803 844 873 911 851 843 875 835 996 883 967 934 963 946 801 984 865 940 953 825 
850 977 872 869 947 996 997 961 952 938 880 965 997 991 852 886 849 986 910 980 823 803 966 996 880 974 811 938 885 967 908 808 947 802 962 811 825 940 965 856 979 963 925 816 929 923 930 993 832 837 807 880 846 994 936 816 815 958 846 893 934 834 972 965 853 825 903 936 993 979 888 881 909 972 890 919 978 1000 816 879 886 891 901 882 986 877 828 969 817 941 861 926 874 927 969 868 821 822 859 996 888 867 945 853 822 847 863 819 832 828 925 802 971 850 943 827 900 804 972 886 977 943 810 870 845 906 909 887 921 811 947 970 829 839 911 878 907 893 876 970 929 992 828 991 857 900 854 971 952 898 864 840 804 966 819 997 807 969 875 846 888 859 818 950 819 847 917 984 919 858 834 886 971 807 843 830 941 865 844 882 834 928 810 819 930 816 939 937 994 911 938 900 973 934 965 845 914 932 879 899 
830 995 951 951 939 817 898 976 958 982 944 940 976 840 869 851 883 897 822 969 994 867 820 824 855 900 965 988 963 883 912 850 825 964 942 860 854 804 889 853 829 891 845 920 818 943 836 961 856 865 931 819 999 983 977 970 871 807 824 818 949 932 953 827 952 870 816 963 900 859 940 885 844 1000 864 952 958 861 997 935 938 843 857 980 905 893 923 953 804 906 950 947 976 878 946 935 860 826 964 940 825 958 982 883 927 962 830 945 829 867 804 864 822 867 808 863 857 941 916 967 916 825 875 898 954 870 845 885 832 990 955 863 939 830 814 865 811 859 842 841 930 905 885 826 913 933 994 901 875 882 807 894 923 882 921 850 954 977 819 921 958 898 973 942 972 929 956 953 923 884 993 932 982 853 920 809 845 982 894 958 847 879 812 963 876 880 989 812 994 898 947 811 960 955 871 849 931 990 913 833 
914 891 992 832 961 819 950 810 926 975 872 976 815 870 976 948 881 806 853 934 943 969 980 950 917 933 819 872 830 843 851 933 844 837 878 894 964 858 852 882 884 871 956 807 975 991 820 996 890 847 933 870 846 961 950 825 996 927 844 994 805 937 891 802 858 993 928 877 985 942 919 830 972 865 955 864 856 892 948 967 932 921 862 915 962 812 933 939 847 874 868 963 867 982 849 852 814 848 885 888 904 968 804 976 847 947 860 964 986 859 924 958 969 954 881 818 864 920 824 862 906 841 844 888 902 810 881 974 899 983 966 899 985 963 981 981 869 829 962 973 867 804 945 806 814 961 869 903 944 896 919 817 917 800 934 915 850 903 801 884 971 920 946 880 884 907 993 845 928 912 957 893 940 804 841 994 984 821 916 924 970 975 888 917 824 815 850 892 809 912 917 874 822 918 810 974 950 898 866 907 
874 902 882 907 965 983 847 866 953 858 944 844 902 898 949 892 896 934 987 806 914 883 873 846 976 820 997 876 999 806 977 822 815 927 864 891 900 908 908 925 939 897 972 898 951 941 887 874 881 945 939 836 936 975 823 864 922 861 854 838 882 888 947 877 966 960 817 944 905 832 857 979 964 820 819 997 909 922 910 824 905 802 933 937 899 854 942 883 965 919 897 957 900 962 982 995 896 848 974 837 825 965 873 855 935 813 808 857 832 977 935 871 844 895 828 864 955 920 935 861 970 820 874 854 803 886 999 966 955 838 980 876 992 964 916 949 978 988 941 844 919 920 832 1000 850 818 813 956 925 838 800 813 812 891 948 894 950 906 849 862 810 965 818 833 852 996 989 935 996 905 916 949 888 932 922 976 853 890 802 891 962 937 866 803 820 934 949 835 963 993 963 990 869 863 880 970 917 994 836 964 
806 869 965 882 816 857 897 894 918 974 949 942 938 863 999 945 818 827 860 855 845 943 829 832 1000 838 945 818 929 914 914 996 977 849 948 854 990 860 980 881 880 975 903 877 835 990 906 926 946 807 854 881 930 975 971 974 891 949 878 978 885 985 834 917 820 822 883 947 994 886 830 815 844 985 953 889 891 953 867 992 923 906 803 954 980 889 983 902 987 973 876 825 963 927 833 852 842 962 888 991 809 893 871 968 998 868 816 999 868 807 961 945 810 933 924 986 868 898 884 958 973 928 980 891 812 969 912 947 947 973 902 934 985 856 823 843 919 944 851 878 854 817 866 801 809 927 996 924 931 944 939 927 937 811 957 996 814 983 836 887 934 856 923 996 959 875 806 974 992 963 949 869 979 876 988 835 897 830 892 847 865 964 908 880 914 871 956 822 808 910 876 832 813 879 893 938 901 924 892 873 
946 950 805 866 842 821 866 910 839 910 974 814 886 821 905 803 809 836 902 844 986 925 815 900 830 993 981 920 897 862 810 959 843 823 883 971 940 906 851 887 808 894 898 911 902 970 904 909 963 963 936 850 835 926 887 801 897 907 897 957 957 908 864 871 834 820 825 804 903 937 891 892 884 838 902 802 861 953 895 884 835 935 906 854 813 933 903 949 934 988 937 860 961 990 985 880 918 871 834 800 930 904 980 946 804 913 853 946 911 890 898 959 913 803 925 964 802 824 867 899 939 811 894 908 987 912 985 923 903 842 978 978 871 830 955 884 885 893 815 997 853 802 815 911 866 821 930 872 888 971 955 801 827 910 814 865 950 917 827 828 953 813 815 889 855 984 806 952 831 800 860 962 928 806 976 917 842 833 920 984 896 808 969 856 874 818 821 993 877 949 864 946 893 802 839 917 1000 912 820 923 
958 928 962 815 848 913 961 876 875 859 883 934 855 915 928 832 893 859 815 875 974 868 999 822 991 822 816 961 971 974 941 811 823 970 949 891 963 835 832 853 885 836 981 809 892 864 836 856 948 912 930 924 809 838 852 859 952 888 867 834 889 996 858 880 870 966 825 861 963 802 861 993 921 889 853 833 961 970 874 800 874 828 897 860 969 844 894 991 895 804 832 980 816 936 971 825 979 910 956 953 995 921 836 949 836 978 889 805 959 939 877 953 930 885 935 939 912 810 952 826 843 858 925 970 929 997 972 874 893 820 961 918 823 997 953 881 821 835 868 913 825 848 820 807 927 826 930 874 963 865 918 935 974 931 947 895 932 917 836 853 922 970 899 816 931 800 932 990 957 847 850 898 967 927 842 814 806 825 897 907 887 986 823 947 886 933 954 950 894 899 846 1000 831 862 905 874 866 875 890 974 
870 900 1000 992 905 986 925 906 819 954 916 999 866 830 994 963 888 838 936 896 882 880 881 809 816 847 839 990 931 878 800 859 811 831 916 950 935 919 909 830 827 925 891 812 805 984 975 958 969 966 903 832 994 926 864 935 954 904 955 817 862 963 926 848 974 909 850 982 866 891 804 836 912 844 869 939 957 886 893 849 819 810 990 964 889 971 833 903 860 886 824 854 971 994 892 900 900 858 908 953 972 834 1000 923 844 895 910 967 958 824 882 898 990 925 957 885 818 830 835 945 910 938 830 867 937 950 911 933 895 828 876 897 807 993 994 840 812 907 898 935 983 856 818 831 857 987 827 856 886 855 874 1000 986 982 838 822 856 938 926 897 994 844 949 803 826 960 870 997 954 977 865 953 889 910 832 848 837 911 905 963 933 827 945 891 893 899 840 919 847 817 994 999 806 968 909 834 990 923 873 913 
951 997 922 999 902 920 948 806 892 836 826 854 859 993 815 905 897 890 994 807 997 898 911 816 847 983 852 946 908 940 811 997 851 864 834 981 848 803 901 901 827 809 925 859 930 910 835 884 956 915 994 883 866 933 999 933 990 916 913 925 910 905 884 1000 892 957 1000 822 950 927 919 894 835 942 967 933 838 899 831 917 888 845 915 923 872 870 873 976 913 927 860 863 869 808 894 922 880 878 951 946 877 964 825 924 868 952 898 859 955 908 891 941 848 972 841 926 800 983 805 978 901 825 863 996 892 981 856 813 817 820 896 876 997 987 867 992 937 975 808 934 926 837 808 813 857 951 942 847 841 997 908 830 901 880 911 964 906 996 957 973 887 995 807 840 982 863 908 943 865 814 984 998 910 855 967 889 852 970 849 986 805 848 852 932 829 810 946 842 882 834 861 902 828 989 873 838 971 834 874 960 
805 888 877 999 992 917 997 896 850 987 939 926 984 923 973 926 808 851 818 927 958 836 938 843 922 823 851 911 944 998 973 963 813 867 809 983 955 805 815 935 805 945 881 997 979 818 851 936 980 878 917 989 926 849 994 889 955 831 859 918 811 830 825 894 891 928 819 941 843 982 818 994 879 866 857 892 840 816 961 942 863 968 812 996 926 855 967 944 963 810 826 955 923 806 882 929 999 944 896 875 999 822 985 838 907 986 808 824 853 875 823 814 914 832 972 901 822 882 978 839 904 915 902 1000 853 892 871 815 862 905 996 951 930 909 847 860 891 860 970 965 812 879 958 857 854 929 849 981 858 836 870 903 943 839 869 971 835 910 809 982 978 882 998 847 994 834 979 869 941 929 933 872 989 999 805 930 882 965 944 841 997 907 865 979 860 934 960 933 903 893 917 823 909 983 913 954 910 983 813 863 
845 992 968 814 877 986 853 888 989 906 849 847 928 917 835 931 818 836 994 820 938 805 920 845 946 892 959 847 858 945 882 864 817 962 871 814 829 969 807 819 800 969 923 828 842 909 918 831 872 860 827 997 898 856 867 814 859 997 920 911 939 917 898 910 885 860 854 873 942 900 948 836 952 845 969 900 889 872 956 929 818 938 946 834 892 859 979 827 904 944 819 809 895 906 1000 887 890 977 901 940 850 930 810 803 851 938 928 856 922 805 800 873 997 905 871 925 997 977 855 878 867 958 906 828 909 825 987 839 842 828 840 979 846 812 805 871 946 807 809 999 966 841 929 886 940 861 967 837 961 948 815 865 967 808 856 866 972 856 969 929 983 909 833 986 936 812 891 871 995 890 827 885 838 991 805 875 801 934 968 980 819 909 965 818 976 859 812 815 886 986 989 942 924 960 960 822 861 859 925 926 
961 942 893 896 835 989 898 918 991 825 928 883 809 960 959 898 894 883 821 853 957 931 993 933 988 812 910 934 855 893 949 800 814 937 840 926 846 971 819 953 945 928 821 820 851 898 974 810 921 912 902 935 829 974 986 941 887 922 826 968 977 843 924 948 908 966 968 976 975 937 861 933 892 959 924 825 854 853 907 821 897 890 967 934 938 810 958 944 920 903 967 833 855 878 889 998 931 893 980 981 850 931 1000 863 801 973 811 896 854 871 918 870 801 964 926 944 920 958 846 858 1000 864 889 868 892 985 816 884 822 812 847 853 918 967 807 912 859 811 860 986 823 983 1000 994 912 979 990 940 957 912 901 996 890 809 884 950 879 888 808 906 939 809 962 926 800 930 1000 901 986 960 995 803 829 800 918 866 998 885 877 825 965 990 875 850 919 973 904 879 828 930 892 865 931 895 966 815 801 811 920 837 
890 924 818 972 841 824 922 898 965 812 904 899 968 944 892 916 936 991 847 966 810 805 969 957 823 947 867 949 931 825 906 946 918 948 840 918 806 946 961 822 855 850 818 990 880 864 880 952 992 988 859 983 959 822 953 972 951 961 816 996 862 863 1000 972 866 923 998 849 981 983 918 851 985 864 867 807 910 806 992 912 975 823 844 800 853 867 808 840 988 902 928 843 857 985 909 952 896 884 897 846 940 809 848 809 917 889 853 829 843 985 997 869 959 847 835 990 919 958 917 830 918 802 829 992 826 928 838 848 895 985 936 911 914 946 821 886 955 843 906 988 849 899 886 870 890 964 876 898 918 871 851 902 975 857 848 903 943 948 850 906 820 914 978 866 944 932 916 806 955 962 988 861 913 801 865 825 960 904 909 968 861 956 844 825 840 880 924 974 882 955 893 845 935 912 823 860 816 916 920 946 
874 845 913 923 807 831 850 830 807 959 856 874 996 966 967 963 967 843 953 978 843 822 865 933 881 961 926 992 811 833 885 935 889 948 879 860 847 939 982 816 809 806 923 886 838 854 975 899 912 856 940 823 812 845 925 874 892 934 814 908 880 924 983 868 830 989 955 943 866 991 805 829 899 951 878 843 990 860 848 832 874 991 817 858 874 840 935 831 821 962 982 928 820 848 831 817 954 984 851 925 954 849 809 989 998 880 831 944 913 803 814 913 817 888 833 853 853 923 962 919 810 985 968 929 826 935 874 825 956 828 835 877 944 965 934 873 866 803 804 819 975 918 956 815 921 921 835 988 967 801 862 881 907 870 976 981 851 975 870 992 968 909 815 934 806 991 958 807 901 860 975 948 979 983 822 819 802 805 928 972 858 833 838 832 873 970 920 861 999 805 839 956 826 995 985 916 956 912 873 831 
965 805 936 817 964 871 806 841 836 900 861 940 871 858 948 806 950 886 851 950 822 897 830 988 927 835 898 856 920 872 822 886 805 870 855 954 882 955 824 831 885 986 992 915 875 976 970 810 821 835 918 871 920 818 997 932 920 829 933 837 809 852 858 827 964 907 829 913 831 1000 996 987 814 961 848 919 889 906 821 976 868 870 892 854 807 845 830 824 980 854 891 968 878 959 817 964 873 900 969 959 991 910 990 813 979 997 845 827 922 913 848 898 999 831 932 932 901 892 808 970 932 991 870 949 829 840 846 941 951 930 878 983 977 889 845 862 862 985 909 873 941 830 822 885 942 821 894 967 975 873 923 814 943 964 951 963 843 887 845 927 911 895 1000 956 986 1000 838 816 977 867 883 857 835 997 859 869 979 802 814 849 861 989 879 877 912 850 804 946 865 811 867 825 950 835 972 885 816 897 854 926 
861 842 920 828 975 916 820 947 936 925 851 852 857 850 820 864 979 815 990 867 840 801 861 980 899 986 970 998 850 808 971 878 851 916 938 948 869 841 847 832 821 864 816 861 906 807 806 922 978 816 906 856 881 815 815 811 886 904 946 807 843 878 853 829 951 899 806 958 932 982 812 880 837 972 929 909 814 855 812 997 980 854 924 857 987 907 916 946 871 830 913 925 978 895 914 843 985 914 862 919 872 879 988 862 979 965 812 834 849 803 907 986 1000 830 804 963 871 990 831 966 991 883 977 904 984 949 808 811 834 850 933 872 813 812 997 827 936 804 967 942 901 932 930 985 810 915 828 896 982 808 974 913 846 820 849 872 865 894 866 956 937 894 944 838 907 924 922 846 917 986 973 898 848 870 851 997 960 920 847 994 967 813 952 804 903 985 875 943 843 973 901 845 989 919 896 955 940 918 963 911 
940 944 861 928 847 912 870 801 919 807 830 939 836 950 924 836 888 850 956 870 938 929 892 932 904 926 858 857 867 966 999 915 851 818 816 977 906 959 830 943 871 883 935 926 958 940 839 884 980 911 951 812 818 889 978 894 862 906 848 811 987 813 881 987 868 816 835 937 803 915 880 980 834 926 912 911 980 923 835 916 873 826 844 953 947 939 895 874 938 937 997 988 823 991 922 825 921 895 993 871 959 822 853 933 972 944 990 837 818 831 891 951 971 995 888 904 920 978 835 882 952 931 876 929 804 879 976 909 812 979 1000 822 976 858 979 894 908 991 906 998 812 934 906 833 898 970 944 973 837 925 802 898 889 949 878 873 808 931 994 861 820 879 974 832 855 994 893 963 828 841 890 921 817 825 846 981 972 941 958 939 801 898 956 963 980 986 984 907 874 879 997 825 846 857 857 910 889 914 986 983 
896 918 914 1000 933 852 914 909 892 938 965 934 883 826 847 802 806 817 929 884 988 949 880 970 857 947 894 950 882 956 969 964 859 869 882 972 856 922 815 851 869 926 902 827 970 980 904 875 921 860 957 998 856 854 838 825 940 910 817 815 894 986 896 816 857 870 963 940 928 868 838 836 949 944 846 994 953 996 983 845 999 993 957 943 893 915 866 819 904 962 999 919 966 840 892 843 983 804 992 962 854 890 803 984 842 822 854 913 978 934 841 978 934 991 836 910 944 981 928 917 864 987 814 945 913 981 868 842 810 875 838 804 829 875 940 881 958 861 863 964 956 934 975 869 984 957 987 843 966 800 907 960 972 944 842 845 997 906 992 816 991 819 815 949 885 826 917 956 812 914 920 922 990 986 870 841 831 800 852 892 932 855 831 922 994 880 868 950 805 955 879 894 807 903 874 985 982 920 873 946 
836 899 969 825 947 926 881 866 962 922 859 965 821 831 881 980 961 834 828 880 941 917 878 804 870 962 933 835 933 814 895 806 937 862 908 869 938 922 808 815 932 931 872 871 924 944 826 988 817 807 895 892 997 884 988 827 839 848 983 979 998 872 885 937 870 1000 838 811 812 819 944 880 896 992 826 939 904 896 899 870 853 837 838 938 921 970 970 835 985 809 822 853 986 869 985 843 943 916 841 910 899 979 879 849 987 930 969 863 834 937 825 976 831 874 861 836 981 886 845 926 999 953 877 983 866 960 934 854 954 969 942 970 989 862 812 853 826 859 963 991 896 901 848 870 819 956 954 833 942 960 828 945 945 902 840 879 955 899 998 982 839 922 1000 834 968 925 861 964 806 902 971 974 849 840 857 954 802 921 889 803 871 937 882 957 947 971 920 995 832 964 851 931 834 904 892 807 957 812 951 998 
913 985 927 940 803 962 990 846 899 982 882 838 859 995 889 856 817 854 967 938 955 840 986 820 893 877 833 861 933 857 914 883 888 840 987 982 1000 811 851 952 822 875 936 986 844 904 800 810 824 933 835 839 911 856 901 966 978 954 802 912 937 859 917 923 805 817 850 817 826 945 902 988 932 981 892 921 952 898 848 893 810 991 924 881 874 813 825 825 989 926 971 879 906 901 804 971 855 996 886 867 856 989 910 971 981 840 988 940 968 856 875 833 921 845 917 952 953 968 910 992 980 826 997 885 818 814 963 841 813 865 963 951 807 813 819 998 953 971 814 827 957 874 941 861 872 831 816 897 920 927 903 903 801 925 800 803 856 942 973 982 842 952 865 998 978 860 821 943 850 940 906 888 854 819 950 917 881 855 982 882 860 973 806 966 880 997 959 826 846 813 827 815 879 954 996 834 936 915 809 864 
853 943 811 833 843 910 962 948 877 911 934 984 839 904 934 849 946 941 906 931 831 946 885 998 945 951 878 872 902 873 847 807 841 918 832 956 985 967 903 947 891 947 998 895 853 828 971 968 803 917 943 890 895 903 829 822 969 905 895 887 874 818 819 812 834 852 883 853 900 858 931 926 932 854 915 879 892 885 919 848 983 952 860 828 989 839 936 930 985 942 917 869 879 903 838 955 951 846 895 971 807 811 970 897 864 976 899 966 991 917 974 919 934 818 928 966 962 1000 963 933 843 927 928 912 813 914 862 878 873 820 815 834 971 931 833 863 937 983 896 900 886 832 850 979 890 803 981 841 857 934 967 918 867 811 833 876 842 864 970 908 847 952 899 836 820 969 948 926 849 848 857 872 886 863 1000 957 820 996 932 812 906 919 966 944 988 853 964 916 963 925 859 933 837 939 856 893 975 930 921 953 
899 882 805 956 983 984 851 866 957 877 821 935 895 868 844 868 957 946 989 818 932 819 806 822 909 910 880 844 980 824 943 924 914 814 888 978 881 807 841 932 901 960 965 913 851 974 802 816 976 961 875 907 840 843 982 977 861 913 868 1000 932 909 973 995 821 878 916 932 876 960 832 907 964 914 912 901 888 808 863 934 958 950 987 878 999 989 968 833 898 871 897 937 914 968 843 851 961 891 839 818 855 964 908 843 856 853 882 872 943 955 834 889 874 948 922 887 914 855 972 893 924 861 893 999 924 864 913 858 988 814 854 879 983 863 801 938 852 952 906 820 875 971 992 874 970 825 859 801 959 953 993 970 979 864 908 959 892 819 883 819 915 930 894 834 980 867 831 803 917 882 947 927 907 839 839 918 888 827 934 918 891 902 863 828 907 844 982 949 959 900 973 973 952 859 947 908 961 964 879 929 
906 891 940 826 973 833 829 825 828 828 957 801 1000 802 970 895 947 809 839 934 818 983 926 816 883 895 927 971 962 801 832 888 946 938 927 893 898 875 890 870 813 841 992 805 988 987 809 880 906 825 972 871 849 903 999 986 843 942 809 948 989 805 897 887 838 943 833 993 918 874 931 906 841 940 985 946 805 845 995 857 865 951 821 818 858 814 813 906 877 860 954 820 830 996 837 896 988 833 871 824 823 850 913 870 809 856 998 952 924 942 942 814 878 907 925 933 833 897 977 812 944 865 845 938 994 806 816 976 985 897 809 995 851 965 935 989 983 830 813 997 962 976 815 878 856 922 912 936 951 929 854 804 917 990 838 851 938 816 871 966 977 918 988 910 887 957 949 939 895 805 918 954 816 823 921 942 932 880 933 955 843 876 995 855 848 847 964 823 949 866 923 924 956 819 878 831 843 940 986 864 
887 828 891 922 945 902 852 996 966 823 904 946 997 974 842 873 974 804 890 910 951 891 944 806 831 814 986 929 948 943 930 817 866 958 907 887 874 819 816 810 907 805 836 872 886 905 910 885 848 940 845 931 820 926 946 813 869 973 962 880 934 918 823 887 941 892 969 984 971 901 956 807 837 885 864 800 912 960 890 898 860 989 815 936 908 851 808 833 859 870 956 878 802 942 937 964 879 913 940 831 848 800 905 867 987 988 846 922 837 851 993 873 892 933 911 819 985 937 922 879 837 856 870 923 908 873 888 896 810 998 829 895 984 881 971 906 920 938 870 924 920 984 989 889 808 864 832 934 815 805 866 810 962 933 811 892 953 900 883 806 861 878 914 888 929 965 818 806 1000 961 864 866 854 806 864 809 838 942 945 995 894 968 945 961 975 881 988 883 928 812 934 955 835 873 832 987 882 904 923 923 
846 921 811 985 932 889 993 861 898 831 808 963 998 849 900 872 963 917 923 831 837 994 984 830 846 949 837 918 838 818 880 925 954 907 862 905 809 932 929 998 909 958 896 954 828 976 998 857 929 837 972 891 828 894 944 930 998 907 817 833 1000 822 852 866 876 933 892 961 930 804 944 888 803 821 888 912 927 889 959 974 811 847 870 989 931 862 979 812 960 965 890 872 947 932 884 989 944 946 883 962 893 864 885 945 877 822 965 956 874 915 885 966 877 988 914 963 1000 839 912 876 856 918 948 921 968 978 998 926 839 925 904 915 802 970 908 878 867 830 938 955 889 921 851 900 821 902 991 817 836 976 962 849 852 884 964 974 967 890 820 932 976 987 949 860 827 859 826 852 1000 859 923 887 808 909 946 849 838 940 854 920 973 890 933 869 987 987 950 913 872 958 818 818 825 977 991 821 915 963 887 942 
907 959 868 914 823 936 972 882 987 844 879 867 844 859 834 800 941 885 861 858 953 904 994 943 968 860 806 870 984 950 1000 808 879 887 816 894 927 916 924 974 860 895 874 910 957 809 803 935 933 971 863 825 859 814 910 933 951 989 985 960 929 955 980 859 980 913 807 811 875 891 942 838 883 907 865 918 963 948 851 880 967 959 899 859 934 961 823 870 931 816 828 949 946 838 813 963 828 887 873 822 963 901 876 963 978 933 970 830 921 887 877 928 843 901 985 805 854 976 867 867 963 908 937 901 870 833 846 933 895 863 962 880 976 845 886 962 881 944 878 811 999 807 952 811 935 933 933 877 872 813 818 985 858 884 821 817 973 901 967 971 809 911 876 979 827 918 947 967 952 876 844 942 895 885 903 950 823 946 925 940 970 960 827 892 821 886 921 820 976 831 855 995 844 885 817 823 861 834 908 924 
830 991 843 938 918 901 960 978 870 829 979 923 926 902 811 906 936 841 980 900 927 937 965 804 918 806 941 887 947 999 1000 937 969 848 969 853 948 983 810 889 852 885 951 965 987 964 932 852 985 919 990 853 998 915 885 879 991 904 965 867 862 817 904 850 909 967 838 909 895 995 973 900 835 814 922 848 842 883 863 805 955 945 934 953 994 848 984 969 964 984 844 829 920 863 826 953 962 964 898 982 847 877 802 998 951 909 800 806 911 899 917 826 830 822 890 924 824 866 867 872 988 860 957 804 929 919 881 895 843 867 854 965 919 950 850 986 867 992 888 931 934 921 934 970 930 843 981 980 834 864 921 844 986 882 990 824 854 969 927 959 859 983 996 833 834 976 950 886 877 959 892 820 828 927 807 872 969 997 994 836 803 851 954 868 903 873 977 908 928 840 982 849 813 840 929 879 845 804 989 958 
949 869 991 983 909 996 812 898 980 956 949 925 815 958 954 969 813 935 947 865 986 816 996 889 909 917 803 824 905 903 822 804 826 997 830 886 817 825 901 891 816 816 988 830 982 933 909 923 828 839 944 843 899 977 912 972 977 904 820 908 842 914 915 964 922 939 963 881 898 887 852 947 800 921 827 833 993 903 827 926 967 957 863 834 826 898 993 813 956 916 961 867 983 831 917 987 873 992 806 914 882 878 801 885 879 935 837 892 971 801 832 877 917 801 898 986 912 878 966 818 998 880 906 971 857 842 896 965 853 946 841 930 899 860 845 916 836 935 887 999 983 868 882 836 893 936 980 940 957 988 910 896 837 925 868 884 878 935 872 807 952 877 966 977 817 914 970 943 869 913 910 898 973 941 859 902 982 928 884 984 932 893 832 989 834 850 927 983 967 834 849 930 871 982 927 972 906 944 904 879 
914 920 944 826 970 973 801 927 842 893 809 814 842 819 824 869 857 903 810 852 900 875 831 817 864 874 914 825 807 835 988 859 895 833 953 863 981 894 832 834 945 887 824 989 823 864 856 907 1000 892 844 859 840 808 944 955 870 912 991 992 874 838 869 838 943 840 984 967 968 968 898 853 985 928 852 815 965 952 940 880 883 992 918 978 855 862 887 837 835 863 916 822 999 907 889 846 868 903 953 948 852 950 991 819 972 987 870 968 801 854 886 964 835 838 961 960 895 994 847 951 939 979 856 815 964 911 827 998 872 834 911 880 861 845 903 999 976 869 850 800 814 871 929 887 998 829 829 998 892 985 912 985 995 925 953 803 988 955 893 898 850 914 917 880 861 967 841 980 970 909 854 950 941 932 933 810 845 963 917 909 978 970 941 978 964 962 936 908 947 978 963 869 916 939 836 851 894 890 874 846 
972 946 989 822 862 852 895 900 900 957 824 832 809 865 821 913 843 886 951 876 940 904 967 989 818 932 980 898 928 875 922 901 828 958 822 900 839 845 877 967 920 925 978 853 899 932 938 998 892 804 953 843 997 800 946 885 910 841 867 878 865 900 922 815 980 912 877 849 878 936 836 910 978 821 899 867 966 983 936 982 991 944 912 927 910 998 998 876 919 825 852 821 819 812 974 954 930 974 921 946 904 947 981 909 907 986 953 965 971 882 979 904 952 885 832 995 965 961 932 823 863 911 913 836 864 914 901 882 841 921 852 880 983 902 810 934 876 853 866 839 869 971 800 898 895 979 869 959 954 898 827 815 978 930 828 824 850 903 875 991 817 908 879 841 847 944 837 964 829 987 927 899 944 851 843 890 955 843 956 840 906 928 958 880 949 939 929 851 822 958 848 977 950 828 805 896 864 980 943 911 
834 919 970 906 909 875 856 876 955 936 952 817 985 816 803 999 881 854 812 929 878 858 892 921 949 936 941 951 957 850 831 843 903 859 889 915 938 993 877 842 892 946 945 928 971 806 958 886 974 859 814 876 890 872 834 822 913 834 918 844 801 867 937 834 805 862 871 872 945 918 822 907 903 937 947 873 898 819 900 841 915 951 929 889 857 939 887 982 963 960 982 859 987 820 940 968 952 892 985 818 976 871 860 890 899 880 942 927 906 928 892 840 804 848 955 852 834 915 939 878 957 807 911 895 858 944 860 880 813 995 952 868 933 956 828 855 909 859 880 982 899 904 859 912 827 991 879 896 939 885 928 970 882 869 930 939 1000 930 974 804 871 871 810 936 876 869 913 942 980 819 918 885 998 961 903 933 833 873 932 933 842 959 837 970 959 981 988 929 856 827 899 919 868 818 922 861 963 937 962 885 
935 946 859 803 946 820 873 884 863 957 901 989 975 904 999 848 997 947 983 987 837 986 979 888 858 977 948 894 852 858 816 875 949 845 807 951 989 833 982 817 878 986 874 881 933 860 938 986 846 991 836 870 959 897 955 930 815 949 810 837 824 830 881 895 842 998 808 913 949 847 871 870 941 912 987 866 971 956 886 807 878 892 952 860 997 878 931 948 969 931 868 995 962 988 831 932 901 842 921 836 922 896 864 863 947 851 949 900 949 957 932 836 959 858 982 943 1000 885 934 956 914 820 817 884 980 826 961 925 920 845 863 840 920 935 827 903 989 840 865 894 851 827 984 971 905 912 939 883 952 845 813 866 976 960 893 979 887 816 922 986 841 821 883 891 917 901 848 941 903 936 841 838 806 823 902 972 884 989 852 871 1000 920 947 985 938 887 926 983 843 823 906 918 998 962 987 864 958 876 806 853 
853 930 969 887 943 988 984 949 883 886 830 907 913 944 885 992 842 960 919 813 888 905 960 976 910 977 965 872 811 837 819 952 841 928 894 851 975 882 949 818 924 841 959 803 949 842 994 987 875 985 905 802 970 976 906 807 848 808 842 880 818 914 935 812 998 890 988 959 938 810 1000 848 918 814 875 829 900 989 893 802 959 871 950 832 910 806 832 938 899 887 951 911 932 978 957 875 817 823 855 822 813 811 981 885 948 820 859 959 966 850 982 883 839 986 860 931 942 903 852 866 828 906 891 808 955 918 865 848 983 989 953 880 963 921 931 927 860 825 882 953 981 854 932 828 827 816 803 838 840 840 827 927 936 930 886 800 999 933 888 989 853 813 846 843 829 935 851 937 928 944 830 964 957 948 994 980 845 998 815 978 858 1000 800 867 878 873 971 841 819 923 952 821 849 883 936 998 849 926 809 842 
950 824 803 926 878 983 866 814 834 835 896 961 812 945 908 957 942 988 867 919 870 873 988 935 830 906 863 915 958 958 808 815 860 977 935 829 827 950 989 992 850 903 922 821 841 974 828 994 825 988 802 877 937 831 968 932 821 843 974 858 948 924 823 883 850 990 816 917 872 869 973 969 841 929 906 977 885 812 994 883 940 885 985 890 934 992 994 847 823 997 803 994 899 818 938 816 898 860 826 940 953 890 938 824 967 884 997 958 839 934 916 888 989 902 828 937 919 934 846 922 927 946 928 980 878 980 887 987 961 999 878 880 865 945 925 930 826 810 802 800 840 813 829 947 856 933 987 831 826 834 819 946 908 856 837 992 957 923 930 895 881 954 999 932 945 846 938 942 987 995 827 928 984 921 831 901 927 946 973 848 854 963 810 897 818 870 988 916 833 866 948 911 973 856 985 981 997 849 850 976 
900 934 841 811 994 846 918 961 997 851 954 869 967 810 898 970 934 865 884 964 978 832 818 854 858 849 929 869 984 809 852 945 934 923 843 988 877 834 952 830 894 979 905 932 844 917 905 969 986 882 924 967 941 894 952 984 862 994 934 869 897 811 857 916 881 898 869 926 957 873 877 972 908 826 889 832 831 880 843 952 947 896 859 991 914 878 926 982 954 834 878 921 817 880 915 990 801 877 843 823 968 920 958 983 961 892 936 897 972 948 832 941 881 872 996 937 812 866 867 857 819 961 903 866 802 931 988 816 909 987 927 952 903 949 807 914 816 955 865 911 945 989 975 831 965 925 897 996 861 877 843 832 909 929 913 902 802 871 948 863 880 831 880 965 809 912 902 830 819 906 973 944 981 993 913 875 933 884 848 987 960 818 981 941 962 937 837 888 810 814 918 810 987 962 985 959 821 940 853 911 
887 980 950 949 957 862 983 926 890 914 854 974 976 915 984 889 811 811 922 846 923 861 809 939 950 971 904 813 805 927 954 938 834 853 840 957 921 981 852 852 836 964 936 875 958 876 937 850 817 820 927 882 965 837 947 856 999 965 882 933 990 977 978 985 922 888 943 865 878 839 843 962 800 982 875 909 813 847 924 961 816 888 803 857 960 812 948 991 938 812 967 838 930 892 824 964 838 836 858 827 954 927 996 945 916 961 857 924 900 806 811 913 857 961 837 989 906 986 973 806 878 828 888 849 834 941 862 986 816 881 958 829 890 889 974 850 964 970 988 952 890 847 869 915 900 827 822 841 915 890 920 939 933 949 985 941 956 826 925 885 901 938 943 801 904 897 921 872 991 851 954 822 808 897 970 925 803 841 843 950 833 980 811 851 960 969 834 994 975 836 912 909 868 856 907 817 848 896 998 818 
822 964 867 943 950 815 944 942 804 959 840 989 978 817 998 827 833 882 883 964 860 895 968 843 961 866 828 943 938 925 858 848 920 951 980 959 937 861 847 963 988 904 964 827 822 816 901 984 875 937 812 986 841 912 857 927 863 807 991 935 858 830 834 845 921 859 938 937 887 929 894 968 859 811 992 941 882 916 818 840 991 858 924 923 876 943 936 849 820 881 892 933 946 905 895 895 869 855 889 817 854 946 900 811 948 822 842 939 958 833 874 857 964 932 860 949 919 841 948 882 803 845 941 845 906 968 967 824 897 982 864 925 862 917 824 954 808 911 912 838 932 972 996 999 949 889 817 829 831 885 942 877 906 817 973 982 899 873 998 893 949 946 956 982 837 976 819 937 965 960 881 987 822 883 828 909 834 804 990 992 913 999 979 907 940 942 950 807 800 983 965 887 881 851 891 999 876 890 910 910 
906 903 915 936 833 933 1000 837 973 964 815 995 956 997 947 868 923 807 852 943 818 920 897 904 949 828 928 963 887 911 961 974 899 932 974 835 943 838 950 836 859 837 863 961 929 877 959 940 924 901 971 973 974 907 969 839 850 854 844 871 935 978 899 919 801 985 953 867 977 898 854 926 980 932 807 975 804 951 975 807 804 867 890 875 995 911 981 972 890 857 955 844 962 834 976 970 886 827 867 934 825 931 833 872 844 906 927 911 902 816 911 942 875 985 949 835 868 921 855 825 994 911 941 974 883 928 820 965 953 995 904 866 852 824 949 840 956 809 943 937 820 913 839 983 955 949 926 967 880 942 951 985 849 837 965 970 826 866 885 869 879 962 903 819 970 821 943 969 991 967 914 956 842 835 935 886 843 863 921 913 957 955 892 861 838 810 928 954 915 989 887 960 952 948 972 846 997 859 911 979 
818 907 986 802 836 984 852 905 886 830 956 813 843 932 925 947 802 912 963 919 814 962 996 948 883 964 988 914 971 918 976 960 877 813 866 999 997 996 927 855 968 927 875 838 969 820 836 874 924 997 870 835 804 915 857 999 964 956 973 824 906 898 978 808 902 865 841 862 862 832 878 862 882 990 831 878 884 857 836 831 892 807 946 997 870 922 837 902 962 941 936 904 949 825 948 849 888 956 966 819 840 886 936 889 832 918 962 890 981 839 851 998 892 982 867 850 995 869 962 805 861 921 935 869 925 958 994 912 865 969 843 968 980 925 971 876 925 901 988 881 829 988 816 956 984 906 837 940 903 941 834 982 986 809 825 980 902 992 1000 922 978 995 867 956 869 944 904 842 841 900 877 916 935 972 997 856 919 838 957 859 835 823 832 936 971 920 939 986 939 812 919 828 974 870 851 809 875 895 835 895 
893 953 973 918 802 972 935 952 869 830 972 845 848 823 927 817 836 894 819 969 985 917 989 861 879 843 826 973 840 898 872 965 914 984 990 830 880 814 805 815 906 866 909 871 833 977 831 980 858 865 927 823 905 958 873 995 919 954 804 945 976 811 852 804 898 822 988 808 811 815 975 864 894 830 951 826 908 892 942 813 962 826 983 866 881 968 985 926 922 965 984 999 913 949 822 972 946 819 830 909 977 822 968 849 913 898 887 844 802 847 926 981 928 800 854 917 993 879 895 818 884 809 950 968 820 852 811 935 846 955 995 847 873 814 929 863 960 865 911 899 921 983 961 868 957 905 837 820 883 942 983 979 856 805 915 997 871 908 893 899 900 910 889 888 811 985 946 951 983 814 804 845 817 852 915 928 993 853 858 812 807 939 838 974 899 937 941 901 988 999 967 809 897 839 918 921 931 929 950 836 
837 979 917 892 808 988 893 984 969 910 965 922 811 838 933 878 800 982 954 801 886 959 968 951 807 906 972 803 930 801 836 859 887 950 970 885 973 921 933 960 936 903 943 890 822 889 910 900 975 895 896 930 876 952 991 823 940 952 957 988 807 962 859 920 894 864 830 992 915 983 968 1000 967 807 889 803 979 801 917 974 822 841 968 917 962 958 855 851 835 964 968 952 939 803 946 915 827 855 961 935 982 887 935 925 886 820 869 977 935 984 829 979 847 841 925 937 844 922 990 996 878 813 957 851 805 831 896 874 862 817 980 805 839 858 895 811 886 854 942 901 855 950 833 835 917 937 826 878 812 991 910 869 856 832 956 900 887 1000 887 829 906 976 878 850 841 976 878 955 898 863 815 954 863 949 965 836 815 975 801 980 873 884 841 889 900 892 867 957 882 980 811 818 897 955 906 988 943 970 947 999 
