50 100 200
17
18
13
17
11
12
14
14
17
20
16
11
11
12
17
13
10
20
13
10
14
20
17
12
16
15
12
10
15
16
18
13
12
17
17
11
18
20
19
12
20
16
18
12
13
11
14
13
12
19
14
12
14
18
19
14
15
16
13
15
15
16
16
20
15
13
14
18
14
15
20
14
16
17
13
17
12
18
19
11
16
10
14
13
11
17
16
20
14
11
15
18
16
20
12
10
12
13
10
17
13
14
19
18
19
10
11
17
15
18
18
18
14
11
12
18
10
16
17
15
14
10
10
11
16
17
12
19
16
14
12
18
14
20
20
15
18
20
12
20
18
18
18
20
10
17
19
12
14
13
18
16
20
16
11
16
12
11
10
12
14
20
10
11
15
11
17
18
10
17
14
15
18
13
19
12
17
20
13
18
12
10
17
12
10
14
15
12
13
13
15
10
10
18
13
18
11
12
11
14
573 25110
372 27721
500 24466
449 25722
558 20701
355 23828
398 26488
297 25782
506 25327
423 20954
390 26249
464 23260
396 24447
592 24102
393 25832
509 24501
370 26960
319 29469
467 22301
417 25733
396 21986
541 20332
591 20576
341 27680
296 20817
553 20043
472 26367
418 20886
303 24028
457 21821
436 21435
539 24087
316 21478
416 20677
521 29442
577 27377
432 23461
558 24202
329 29194
584 24108
580 20565
361 29162
498 20986
297 29908
338 28844
575 27887
345 22858
324 25082
438 21736
438 29739
88 67 58 64 100 56 80 75 79 91 82 89 97 83 76 86 91 71 65 53 89 85 79 84 82 78 97 80 57 65 93 99 61 69 97 70 69 93 63 68 69 79 82 80 86 65 85 80 65 79 65 50 51 97 88 67 86 86 81 57 53 68 60 87 80 66 93 61 61 73 64 54 55 90 77 77 59 96 88 98 74 70 89 93 51 74 70 91 76 96 87 59 51 97 80 67 86 98 54 97 
56 65 77 85 70 54 93 71 78 52 76 80 94 55 64 68 90 81 74 62 69 64 80 61 88 71 58 74 95 70 83 64 97 86 50 64 57 95 72 94 85 70 84 59 81 94 98 88 53 51 82 88 89 90 59 94 65 63 56 53 74 61 90 74 63 66 66 79 52 78 87 51 94 100 58 71 72 94 59 81 94 57 70 74 93 84 62 90 93 75 88 68 70 89 59 57 55 91 63 54 
93 56 58 63 92 86 90 62 65 81 88 71 55 79 54 99 81 74 63 60 80 93 66 60 95 67 82 61 86 51 93 93 85 92 64 67 81 82 90 80 76 60 92 56 82 78 95 68 90 59 75 98 84 51 91 85 64 50 60 71 55 68 72 76 54 50 82 67 66 61 78 66 96 70 65 58 99 73 50 66 66 56 97 91 84 99 87 93 51 66 87 73 77 56 58 82 83 50 58 61 
60 89 92 65 80 82 55 51 72 75 77 74 65 78 95 50 58 59 67 65 95 61 58 81 58 89 98 55 83 58 84 57 50 97 92 62 67 78 87 100 60 67 83 73 53 86 94 90 87 55 89 60 86 78 74 80 55 91 64 79 69 84 75 55 98 68 87 66 85 80 55 95 97 92 56 73 91 78 69 98 82 83 57 77 57 80 50 81 80 73 91 94 94 68 83 75 67 74 87 52 
67 74 93 98 60 88 76 83 58 63 81 80 58 61 77 96 88 100 52 84 93 78 72 62 74 51 72 70 78 84 69 51 70 76 83 85 59 53 100 96 80 70 55 82 57 86 75 63 63 51 84 69 64 70 88 77 81 54 76 59 77 92 75 60 86 74 90 85 83 64 94 71 50 79 94 66 73 92 51 91 90 64 88 67 96 71 56 53 63 77 65 53 74 80 75 93 93 93 58 50 
81 65 69 67 97 98 53 82 85 55 95 88 70 85 98 86 80 70 68 78 70 90 72 91 54 74 69 91 53 69 93 58 74 69 72 78 95 96 72 81 69 86 69 77 59 98 94 57 70 77 91 65 99 57 68 75 71 62 75 85 83 75 87 78 70 93 52 59 91 58 100 83 100 85 94 60 97 58 92 96 50 57 87 67 99 75 50 62 54 99 94 52 70 59 61 61 100 95 90 98 
84 73 86 73 67 63 79 86 50 51 80 96 79 86 66 73 58 81 58 62 64 95 89 89 66 52 99 91 72 53 80 79 80 60 58 66 94 62 68 50 92 58 55 60 73 96 90 84 98 93 66 57 86 51 62 61 99 87 66 83 76 66 58 96 64 96 54 80 99 92 81 70 80 98 59 58 65 83 60 88 84 66 81 67 60 80 69 88 79 54 59 91 83 82 84 54 83 66 61 86 
100 82 61 72 100 91 59 50 55 59 68 98 68 67 79 50 69 57 63 94 58 88 64 93 65 94 65 86 70 60 94 73 74 99 99 58 73 72 93 74 58 72 50 70 68 87 61 89 69 82 91 64 54 51 96 62 90 60 94 84 82 56 75 64 76 82 80 76 67 69 97 98 57 60 81 82 62 50 62 55 76 97 91 95 80 66 96 88 90 73 93 56 68 51 72 95 86 59 75 58 
98 62 70 66 93 84 68 100 88 81 91 56 94 53 58 58 82 77 66 70 99 64 53 71 96 52 82 91 54 94 89 77 100 79 98 75 54 87 79 74 63 87 96 53 83 54 79 97 99 83 58 69 83 86 86 91 88 70 93 94 61 73 54 60 59 88 88 70 80 56 86 90 94 63 53 63 79 52 82 94 83 65 82 50 88 68 65 91 58 100 71 70 63 88 80 52 86 61 65 57 
86 50 57 100 100 64 63 97 53 53 58 77 94 67 68 58 59 79 98 55 57 50 62 52 83 55 78 95 65 99 52 83 56 63 61 65 56 97 51 60 90 95 80 62 85 97 86 71 72 70 91 75 75 60 78 57 93 53 100 60 62 60 73 54 67 99 50 83 67 95 79 57 75 97 84 64 72 70 52 85 57 76 99 53 69 80 52 97 81 95 58 100 50 57 87 68 73 83 80 64 
85 100 97 61 64 64 92 73 91 100 100 86 88 100 100 50 86 63 50 94 79 87 52 98 100 89 87 77 81 61 93 84 70 67 61 69 83 87 86 65 50 97 89 73 53 81 53 64 60 55 86 56 93 52 56 92 83 94 92 94 72 96 54 78 81 71 91 68 83 94 65 69 78 99 88 75 82 69 65 61 80 60 64 100 88 81 61 98 66 64 94 64 90 85 71 94 100 63 66 82 
88 67 70 65 57 66 100 97 90 53 68 81 71 79 92 72 80 92 50 94 95 100 67 68 79 81 67 80 73 67 61 87 63 86 70 65 50 93 54 92 77 91 91 91 61 56 57 71 72 78 87 94 72 53 84 96 87 68 89 83 93 78 96 57 92 51 75 63 73 61 62 84 60 55 77 51 82 82 73 50 96 66 77 97 89 55 61 82 89 97 64 83 91 82 52 57 92 92 97 85 
84 77 89 91 81 95 60 50 59 84 69 86 73 72 63 60 64 82 50 94 75 80 89 88 92 97 79 60 91 97 55 75 63 59 60 71 88 70 63 67 90 90 76 63 90 58 100 65 94 75 87 98 92 57 60 66 76 96 66 76 83 74 73 57 94 86 57 63 98 94 92 67 58 80 94 93 99 57 100 74 88 71 95 93 77 63 71 68 99 67 75 72 87 86 72 78 93 53 71 70 
78 76 100 92 76 52 87 94 66 51 59 65 84 81 63 51 67 55 54 95 86 93 87 99 90 63 51 61 76 53 65 51 69 86 75 72 89 95 76 55 94 63 52 91 99 52 50 80 78 86 68 89 96 70 98 52 90 85 75 98 52 71 97 87 92 89 67 79 91 89 52 66 98 53 62 83 68 67 95 75 73 83 54 59 89 99 73 88 59 50 96 75 95 88 86 77 75 83 71 54 
94 97 94 66 91 64 61 73 98 91 62 71 88 80 79 72 88 64 53 55 79 90 93 100 50 97 51 52 61 87 83 94 93 70 51 91 57 73 77 95 97 96 83 81 71 51 70 99 51 50 91 70 100 99 68 98 73 90 61 91 79 98 67 83 100 95 97 89 55 95 72 60 57 92 100 97 55 50 69 73 53 88 74 97 68 75 57 65 66 50 64 73 91 70 67 87 63 96 70 96 
51 72 65 82 53 96 63 72 85 74 68 78 81 73 62 88 71 67 68 52 77 74 58 90 94 80 87 66 100 93 93 94 63 54 59 62 86 57 68 95 96 80 97 98 69 56 60 58 86 57 87 100 95 61 57 60 57 73 65 61 89 56 67 78 88 100 54 52 50 77 91 74 51 97 56 75 92 54 54 54 81 64 53 99 50 67 97 85 51 56 83 74 69 82 59 63 70 65 87 76 
100 73 68 70 50 54 83 97 90 79 85 99 53 55 59 91 54 55 68 69 59 62 55 58 64 77 81 54 53 85 76 60 59 57 60 83 58 94 86 93 70 91 62 97 67 59 85 92 63 97 70 53 76 74 67 53 96 89 83 88 81 93 59 85 59 50 55 50 67 50 59 89 72 95 89 83 92 70 78 69 88 72 77 55 98 86 57 92 52 57 96 60 89 67 77 94 92 52 58 90 
66 69 93 94 76 89 92 55 74 87 89 79 92 74 72 51 65 84 91 82 53 60 51 83 91 92 94 97 82 78 78 61 69 86 97 87 82 81 87 97 58 77 90 77 52 66 91 73 58 73 93 62 87 86 55 72 83 64 58 56 60 58 65 96 61 80 52 85 72 78 92 76 81 53 53 57 85 79 83 58 88 78 77 78 80 94 76 87 96 57 97 72 76 72 75 62 73 50 95 62 
58 55 82 68 85 64 69 97 100 90 55 55 63 61 85 81 64 55 55 94 69 84 75 57 96 53 100 51 54 87 56 57 78 95 80 63 53 84 84 72 83 89 79 50 76 93 71 53 54 60 69 72 95 99 50 98 62 100 66 96 98 91 83 66 62 68 90 68 79 60 68 98 97 60 59 71 99 63 86 68 79 55 95 57 65 55 82 65 97 72 63 97 96 85 64 84 56 70 71 84 
92 97 71 87 67 51 98 78 56 78 54 55 86 98 96 61 73 74 70 85 88 96 73 70 61 90 61 74 93 96 88 67 72 80 80 87 65 99 84 79 99 52 77 95 81 75 65 73 99 58 79 81 86 96 53 51 96 82 61 56 98 71 93 61 82 86 100 68 99 89 50 67 56 82 93 50 71 51 77 54 86 81 65 76 77 75 94 63 67 52 63 89 90 70 94 71 79 77 100 50 
86 96 87 95 91 57 75 83 76 97 99 95 95 88 85 61 74 56 80 76 78 72 95 83 97 98 99 94 66 68 94 64 59 52 96 69 84 61 60 95 64 84 88 80 70 69 93 63 71 89 74 100 81 58 80 100 84 65 55 68 64 68 93 96 97 58 89 58 50 71 74 57 86 97 79 53 83 66 61 51 50 86 97 99 53 70 79 55 65 88 96 89 99 82 90 93 75 51 66 93 
79 96 63 81 62 92 99 87 70 60 55 83 77 65 75 71 78 78 87 95 55 77 72 77 56 66 91 100 75 78 70 59 82 97 58 62 64 73 92 70 50 66 72 61 91 57 53 71 59 79 96 66 69 60 63 93 84 83 71 90 81 85 94 92 91 80 97 91 61 65 85 68 95 98 60 74 83 74 85 96 92 57 81 84 94 50 66 76 55 99 64 85 56 96 68 85 93 92 66 95 
72 65 92 77 76 65 86 68 80 52 88 55 66 52 73 73 99 92 96 94 56 77 66 91 53 89 53 92 58 99 97 95 54 63 67 93 99 58 82 74 78 75 78 53 88 62 86 96 76 75 73 50 69 100 76 56 62 64 76 89 84 85 77 73 92 73 90 61 65 61 96 87 79 76 93 72 85 55 61 50 75 90 95 71 60 77 54 65 58 81 92 94 86 63 67 79 85 100 83 53 
65 95 91 92 94 53 66 76 91 62 70 98 75 80 53 72 50 100 68 54 50 76 93 56 100 79 79 58 50 53 57 51 67 67 50 95 61 97 97 60 57 73 53 67 89 55 89 70 84 72 55 69 84 92 71 80 80 97 65 100 100 89 100 80 89 58 65 69 54 97 88 89 90 73 87 67 80 95 66 76 89 53 65 56 77 64 88 60 75 79 92 79 54 53 82 70 96 56 83 84 
68 77 79 79 63 84 84 59 86 76 57 67 66 65 52 56 82 90 92 83 88 91 74 83 95 64 97 93 93 90 87 84 56 70 91 93 71 58 97 85 57 92 64 91 83 62 83 87 60 84 53 87 75 77 99 81 58 79 51 96 66 75 96 76 82 89 91 82 69 53 63 99 74 67 83 56 61 59 67 77 88 90 66 52 84 54 80 88 58 96 93 68 71 72 86 57 50 85 58 77 
53 100 88 90 52 88 96 99 63 72 83 77 86 75 77 57 92 50 83 57 82 82 73 57 51 71 59 50 58 51 92 75 67 90 71 53 71 73 86 82 77 58 57 68 62 52 54 72 63 52 56 79 73 92 52 69 65 100 73 74 64 80 87 77 70 92 100 78 75 62 52 51 57 56 55 63 73 60 60 50 66 59 74 62 65 62 80 99 71 89 51 65 92 67 89 56 94 77 72 54 
72 56 68 96 55 99 58 85 55 98 76 85 57 70 65 78 58 98 90 68 55 61 92 67 58 66 50 54 69 93 58 88 79 57 95 98 56 54 67 84 100 76 96 85 99 57 87 76 83 83 72 97 92 61 57 65 64 92 77 62 95 82 61 82 89 63 99 86 58 78 50 77 100 66 72 95 75 61 52 63 75 59 94 92 81 53 90 87 72 60 83 96 99 79 90 59 80 78 51 64 
52 67 64 78 95 96 60 54 91 54 55 85 79 86 84 74 61 83 93 56 89 78 61 55 52 56 92 96 54 96 58 95 74 59 61 85 58 66 61 92 83 77 84 93 92 91 98 60 56 74 89 88 73 97 74 60 76 82 51 80 89 96 57 73 51 67 63 68 59 86 68 55 88 78 51 96 74 85 74 89 66 94 84 88 66 97 78 68 53 95 67 55 73 51 77 95 90 52 62 93 
99 66 87 93 57 89 88 79 72 89 100 100 83 83 74 75 91 94 89 94 70 78 60 81 88 81 80 66 75 56 97 64 64 83 98 80 65 88 76 51 78 52 54 70 58 97 84 82 95 58 74 68 70 56 86 59 77 57 77 50 70 67 92 62 93 67 94 70 74 68 89 65 98 99 52 97 100 94 63 93 92 50 91 86 74 66 73 91 55 61 95 76 52 62 61 52 92 64 66 78 
61 75 63 93 79 82 57 58 94 66 89 86 62 62 91 64 64 54 67 62 51 76 89 52 56 64 86 60 64 100 71 60 86 89 73 76 74 68 92 78 93 85 80 62 94 68 83 77 52 55 53 60 81 50 97 60 84 85 68 90 86 72 56 53 61 59 78 73 71 53 72 66 62 76 65 55 54 53 70 81 81 79 51 56 70 98 84 64 62 50 50 90 52 55 57 91 56 100 75 71 
69 68 93 53 70 82 96 60 59 86 99 58 65 52 98 67 71 100 53 63 99 71 86 51 53 69 78 94 52 58 93 89 71 91 90 58 55 56 54 75 76 86 60 82 96 80 94 57 62 90 54 95 91 81 69 85 67 87 95 95 60 70 79 86 91 67 77 53 89 84 95 100 89 88 89 66 78 93 53 73 63 56 84 62 98 66 55 74 88 97 71 59 88 52 100 93 56 97 52 66 
75 53 76 80 82 94 66 83 85 52 55 63 69 97 68 71 98 87 58 95 93 93 80 96 95 78 53 74 66 54 78 58 57 74 57 67 92 76 95 50 82 72 57 52 66 52 53 86 67 75 90 87 77 81 56 81 88 69 58 82 62 82 78 68 84 90 97 61 63 71 52 85 64 93 50 80 91 94 99 72 98 62 86 59 52 52 53 60 59 62 71 56 91 76 78 97 85 62 59 100 
84 64 97 97 71 92 78 96 67 72 90 88 75 71 75 91 60 87 53 52 58 80 58 82 85 92 54 84 97 96 67 99 70 97 62 99 95 73 93 50 59 68 66 61 56 99 84 89 79 66 84 95 87 82 88 86 96 84 81 95 83 90 89 97 66 92 99 93 66 97 56 52 80 71 87 65 70 76 100 68 73 61 55 97 83 93 58 57 84 85 100 71 66 69 90 52 94 52 62 78 
92 66 73 92 65 99 84 92 59 98 88 99 67 69 71 75 57 63 50 72 71 67 77 77 69 95 93 91 94 91 88 65 75 93 99 58 50 86 84 76 97 100 54 85 98 97 85 60 54 92 65 86 77 68 81 100 51 74 94 81 59 66 67 81 75 57 98 61 76 74 65 73 71 72 67 75 95 73 74 82 68 82 50 95 86 56 68 93 89 82 95 100 84 84 59 56 66 73 75 93 
61 80 62 61 95 71 53 99 81 95 67 94 85 66 76 80 71 75 76 77 86 78 79 64 87 72 99 51 90 97 75 50 63 60 53 92 85 72 88 79 89 62 62 62 62 60 81 77 67 60 68 68 58 100 88 55 97 69 97 67 77 57 71 76 88 75 65 79 85 71 69 64 88 58 55 81 72 62 82 74 93 88 94 96 53 58 52 86 64 66 65 77 67 65 69 78 62 85 90 57 
52 99 99 56 68 77 65 76 86 51 100 50 95 82 51 71 74 93 64 81 73 86 77 79 71 57 89 64 87 77 95 82 54 76 57 89 61 67 63 82 78 74 93 94 97 52 80 61 60 50 94 86 50 88 53 79 77 79 65 58 68 82 82 54 53 96 75 82 57 85 71 85 63 72 97 71 90 97 86 74 93 73 95 58 67 64 56 84 80 63 91 88 92 72 85 91 98 80 98 57 
62 80 92 79 63 69 58 98 69 86 94 77 55 76 76 51 95 75 86 91 100 58 89 65 75 62 88 91 99 52 51 100 96 99 69 61 88 70 61 95 90 100 86 65 79 83 87 72 52 83 61 54 53 55 79 100 71 95 93 77 67 51 64 82 93 57 83 77 98 75 77 83 98 98 68 73 65 74 74 96 76 96 92 100 59 53 83 95 91 73 78 96 51 58 85 90 68 92 76 97 
94 91 75 64 82 52 53 93 89 78 58 50 72 72 92 68 81 100 75 78 99 97 61 70 76 83 94 92 94 52 87 51 94 63 90 50 76 73 78 82 96 94 52 99 72 57 60 84 78 52 67 52 87 64 84 76 76 59 64 97 75 51 55 51 51 55 93 68 55 81 87 84 57 97 79 54 51 76 71 77 75 99 51 59 54 97 65 73 75 60 84 94 98 76 67 92 73 60 73 85 
69 56 87 50 88 82 92 93 94 82 88 70 90 69 57 89 70 64 98 66 90 82 79 75 53 88 63 65 88 74 65 87 62 62 85 99 95 74 78 97 99 100 76 69 54 92 77 86 61 51 55 86 94 65 100 86 89 95 54 64 99 54 51 50 66 71 72 58 98 54 85 78 87 82 78 93 61 76 52 96 96 95 50 93 83 81 95 81 71 81 88 89 63 68 88 73 70 59 98 63 
81 91 96 76 74 97 52 61 61 85 90 51 87 87 85 94 76 54 58 76 82 85 59 58 72 68 89 55 50 72 96 95 95 80 77 99 99 61 89 70 55 90 52 70 99 64 63 59 56 75 69 88 50 63 87 52 71 81 87 53 50 51 94 72 99 85 72 50 100 68 95 82 51 74 93 80 99 74 92 87 86 85 86 62 56 52 82 95 72 87 91 83 54 79 81 57 91 92 84 98 
55 55 59 89 100 60 67 62 90 98 52 81 64 99 59 63 74 67 96 63 58 99 77 77 77 70 100 76 67 81 100 57 58 99 73 72 87 85 87 64 76 86 73 58 78 75 59 89 78 70 72 95 53 88 56 63 51 82 68 73 92 90 78 84 70 73 76 87 92 87 71 53 83 69 72 87 75 70 68 65 95 83 73 93 73 85 57 76 56 96 95 57 53 64 87 77 99 55 52 80 
80 58 76 92 84 71 63 72 68 68 56 82 79 51 98 100 85 68 93 59 84 86 81 88 90 52 64 82 67 93 78 64 62 50 78 69 52 93 72 62 74 94 97 51 63 88 64 68 89 63 85 60 58 57 65 66 84 81 96 61 63 64 93 69 97 95 86 73 63 86 93 58 69 51 80 57 63 53 63 67 99 54 97 67 62 81 100 79 78 81 71 55 60 93 57 71 71 81 75 57 
98 70 77 75 98 61 52 83 65 72 86 52 68 65 78 51 56 60 72 52 70 100 95 61 67 78 71 60 62 84 85 58 64 50 64 71 84 72 52 97 89 77 83 55 96 89 62 80 89 78 81 70 94 52 89 71 97 84 68 86 70 65 57 93 62 74 91 98 53 79 77 51 88 60 58 58 96 59 84 98 50 57 80 74 90 64 79 99 68 66 77 74 51 61 64 65 70 81 54 98 
93 92 99 80 62 76 77 72 70 69 55 96 92 100 67 89 64 67 50 53 93 81 75 70 78 84 58 65 90 57 84 82 54 54 59 99 52 92 91 97 86 54 70 56 81 89 79 90 95 64 66 92 67 50 94 84 51 81 92 85 65 85 67 65 71 52 56 87 61 59 79 86 97 92 61 97 90 67 96 71 56 92 84 84 80 75 79 89 91 56 94 58 54 81 54 94 70 84 79 99 
82 53 81 69 90 76 69 78 73 88 70 75 77 82 78 76 91 56 85 67 56 66 63 66 97 85 73 78 92 57 73 93 69 60 53 75 96 74 90 87 52 90 63 83 74 62 86 92 95 77 54 99 86 88 77 64 64 57 64 60 53 61 88 74 73 79 85 57 91 74 50 52 51 56 99 54 68 93 94 87 60 69 81 66 84 96 97 61 87 57 66 68 96 92 92 55 55 63 82 62 
50 74 79 55 94 76 66 61 78 68 51 80 70 86 69 77 75 92 69 81 95 74 84 53 71 73 61 55 61 56 89 90 71 82 52 86 54 54 72 93 54 82 51 66 69 73 85 86 94 86 60 69 86 61 86 52 84 75 81 50 82 50 79 65 65 67 59 72 92 84 94 80 55 98 59 81 94 64 56 99 98 69 54 76 85 89 94 54 57 57 60 76 57 74 58 67 55 85 80 67 
67 84 100 73 66 61 98 71 98 82 79 54 73 73 90 89 90 84 72 76 81 90 78 68 75 82 69 75 86 66 79 51 71 54 58 91 62 52 56 88 55 73 72 97 93 89 96 82 53 61 73 84 79 65 82 53 60 91 57 95 84 86 61 62 97 67 51 86 66 61 99 56 69 79 56 51 93 58 81 53 81 52 65 95 88 66 83 87 78 67 58 82 59 100 100 74 67 60 75 91 
69 68 58 87 95 53 97 72 57 72 73 60 98 51 81 95 69 78 97 83 91 76 82 56 57 80 55 88 84 54 97 84 56 90 74 93 85 62 89 57 77 63 69 95 100 98 71 60 63 56 90 54 72 73 68 80 78 74 88 80 54 85 55 67 51 66 81 95 60 93 55 95 92 90 57 75 55 70 73 53 74 100 95 90 100 93 67 69 96 98 56 55 54 95 60 86 50 67 92 62 
62 67 78 80 73 87 60 77 52 99 72 52 61 73 99 84 68 96 54 95 92 90 61 85 53 73 99 83 63 75 73 75 81 83 90 78 96 82 94 62 67 63 76 91 54 84 57 95 78 71 90 81 98 70 86 83 69 85 62 94 56 53 79 87 51 80 92 91 97 59 89 91 75 61 67 81 54 74 85 82 77 58 79 53 54 81 71 81 86 90 54 79 57 69 95 86 54 96 84 100 
76 60 52 59 96 59 90 96 84 84 53 96 61 72 64 82 65 98 94 95 65 69 75 78 87 52 70 69 69 63 76 72 99 68 93 70 62 70 95 80 67 85 71 68 63 75 83 95 75 95 62 88 73 53 88 61 52 66 76 81 74 62 54 90 59 92 84 77 65 74 85 81 79 98 69 62 68 60 78 92 54 87 74 93 85 89 73 81 64 94 77 93 55 51 81 60 85 55 70 75 
242 8369
157 10539
194 10490
166 8809
164 9505
220 9433
271 8686
262 10086
288 8614
250 10489
171 8432
202 11209
183 10884
219 11878
252 10529
175 9204
255 8487
151 8423
204 11465
196 9139
256 11302
181 9786
185 9266
216 11434
148 9667
172 9347
221 11435
152 9073
220 10371
206 10194
186 9349
216 11937
263 8290
295 10229
290 10685
190 8041
210 10438
151 11687
163 8850
239 8529
265 9382
148 9767
183 8122
272 11358
163 9072
249 11350
254 9886
296 9141
239 11216
162 9341
205 11552
195 10588
228 9983
167 11856
222 10256
231 9395
196 8185
173 11787
153 8794
207 10648
167 8329
273 11032
248 9958
161 11822
259 9028
267 9240
218 8724
167 11960
246 8410
259 11043
179 9505
264 9466
293 10152
260 9196
173 9689
241 9347
271 11578
188 8772
148 9841
175 10001
169 9865
226 11692
218 11481
153 8712
247 10216
260 11154
276 8020
176 8896
289 11647
159 10427
265 11702
267 9904
255 10734
188 11578
225 11230
244 9193
247 11099
261 11783
289 9740
292 11466
70 83 99 82 95 69 79 72 67 94 64 61 66 60 56 72 54 92 88 55 68 99 99 73 92 56 93 81 87 93 84 70 84 73 56 61 62 85 73 64 65 68 77 86 86 68 68 81 91 97 80 74 82 98 75 66 93 61 70 58 99 82 73 96 72 79 62 58 89 82 67 62 66 72 77 62 55 97 92 56 85 51 79 60 60 53 81 63 73 90 53 93 57 79 82 63 95 78 90 76 64 86 89 99 58 77 65 79 63 74 73 63 91 53 76 62 69 91 70 59 70 54 93 90 75 82 67 96 80 72 74 52 72 58 77 81 98 60 85 53 56 68 81 85 65 98 76 51 63 59 70 54 52 68 68 100 97 68 54 83 72 54 79 79 85 76 51 74 67 71 69 52 90 55 82 56 82 60 71 64 83 78 55 93 83 96 89 98 72 69 60 82 53 62 98 96 66 84 97 61 
78 66 70 90 99 69 100 91 92 65 53 82 87 80 53 72 60 97 62 60 93 97 71 97 55 54 62 54 92 85 94 85 97 73 94 95 56 81 58 97 89 56 92 74 87 65 72 97 57 73 74 72 92 95 58 52 78 54 100 51 64 72 52 85 50 66 65 73 71 68 61 73 100 55 84 66 65 92 76 71 54 61 59 71 54 67 92 98 99 73 64 84 85 55 50 78 86 58 78 86 64 65 54 56 50 65 97 97 92 98 52 66 91 63 79 55 92 91 68 94 91 72 91 99 62 99 81 98 97 83 50 89 77 78 95 60 90 57 85 72 76 53 88 93 70 97 61 58 62 64 88 53 70 88 72 57 59 57 93 63 89 53 64 53 59 76 90 65 94 68 83 100 83 97 94 61 65 96 62 77 98 93 65 70 89 94 53 67 73 51 62 79 71 51 89 57 54 100 72 91 
69 70 78 71 88 52 62 72 88 83 81 85 52 70 99 73 86 74 69 94 55 54 83 98 82 50 77 77 88 54 93 92 91 90 77 57 62 81 62 90 80 95 86 52 53 50 76 63 62 86 79 96 84 69 66 65 55 96 69 66 84 69 68 73 78 64 56 64 80 62 64 54 57 72 85 82 54 56 75 96 51 72 80 90 60 78 55 62 58 67 63 59 87 68 60 52 94 65 72 83 90 84 68 53 87 94 91 52 74 79 77 99 77 65 50 93 77 77 82 74 77 58 65 59 89 87 54 52 86 66 57 56 53 78 78 73 51 86 100 84 65 88 84 91 90 50 76 85 57 85 81 71 74 60 87 55 63 59 72 65 79 59 75 76 100 67 76 84 79 95 84 76 71 68 90 66 64 94 65 79 79 86 50 74 60 85 51 83 68 92 62 71 68 76 50 96 73 72 90 88 
99 55 92 58 76 81 74 75 93 51 93 87 83 62 56 92 71 55 82 60 87 78 83 63 98 79 50 54 74 77 74 71 50 82 97 68 75 73 72 52 73 74 85 94 58 64 78 84 87 95 96 84 96 93 91 62 62 69 56 66 91 71 96 52 99 89 66 81 53 89 63 54 55 52 95 91 86 88 75 85 76 83 80 73 87 87 96 100 85 66 78 100 98 86 54 80 74 84 61 57 75 70 69 64 99 90 78 65 87 50 56 51 94 68 99 98 94 51 83 72 95 82 77 93 68 53 62 70 75 55 89 70 95 72 73 56 57 99 95 96 91 87 69 58 100 67 78 79 56 70 51 76 69 64 70 99 54 86 74 84 100 84 86 81 81 78 70 92 52 65 93 94 77 87 66 74 95 92 84 85 91 56 71 78 86 72 71 71 66 69 57 71 59 53 98 53 73 73 61 89 
59 90 96 76 80 50 80 91 86 52 55 76 64 67 78 82 84 61 92 92 67 95 69 89 54 90 79 91 62 51 86 66 61 77 60 56 89 75 76 68 54 87 65 69 93 55 79 99 77 91 74 76 100 88 63 65 55 86 59 67 52 62 93 94 93 89 91 85 87 73 95 67 64 69 63 90 52 58 70 53 63 65 54 78 92 88 88 96 99 70 75 93 99 79 88 100 84 73 97 51 56 95 89 54 50 51 94 77 64 84 59 87 67 84 53 80 50 76 65 75 78 76 60 50 74 98 92 98 52 61 53 64 87 69 79 77 52 64 66 94 100 85 64 71 97 53 88 62 56 78 66 97 60 63 66 84 54 92 75 87 99 54 88 96 87 61 52 55 54 64 58 94 61 95 60 72 97 73 56 83 62 87 59 80 99 97 74 91 67 64 65 98 61 50 82 55 78 79 97 94 
88 75 100 57 55 80 93 77 90 55 54 69 50 63 77 98 69 91 82 79 60 65 50 66 70 60 66 97 84 94 81 86 83 74 67 96 54 93 69 61 84 94 85 97 53 98 62 54 61 86 50 81 70 54 77 86 74 94 97 52 98 66 58 82 80 65 96 70 82 99 75 82 59 82 56 66 86 80 57 69 63 73 78 77 53 69 63 55 51 72 53 77 59 57 66 95 83 68 62 58 63 94 56 99 85 54 80 79 65 93 82 64 75 68 74 91 94 76 66 68 96 72 63 54 88 75 80 58 96 92 72 73 90 98 85 69 63 78 54 83 74 53 93 93 68 87 55 76 54 99 93 62 84 60 52 64 81 71 75 82 93 97 65 70 99 94 89 61 73 69 87 94 54 92 65 79 91 67 91 57 65 90 91 64 82 55 62 67 82 82 91 96 63 89 98 73 78 82 59 95 
55 94 60 65 58 96 56 87 56 55 73 50 97 98 57 75 54 59 100 78 62 77 59 82 100 60 65 99 85 60 76 72 50 53 62 61 69 59 57 59 72 51 63 100 93 58 80 54 52 89 54 67 86 74 56 80 68 65 56 51 53 97 98 62 54 80 87 80 91 99 66 96 66 98 93 52 62 66 95 88 88 78 77 70 64 50 51 63 75 81 91 83 76 89 67 86 56 63 66 66 86 70 78 57 66 65 66 77 91 75 59 67 97 74 65 69 61 65 56 80 59 57 89 50 75 98 60 86 62 51 79 78 68 57 73 59 78 99 90 87 57 70 68 51 89 52 72 72 55 81 50 74 100 70 51 66 69 59 98 78 70 87 57 92 73 82 81 100 66 56 97 59 55 57 86 92 69 63 88 58 55 89 74 77 83 75 73 66 79 54 59 91 61 50 92 90 82 90 91 77 
85 59 97 55 69 87 58 99 65 95 86 77 94 55 52 89 91 68 51 50 86 80 67 76 95 61 57 100 65 90 80 98 87 90 83 52 51 50 50 83 94 78 84 50 58 97 66 81 65 64 90 82 74 50 60 53 60 70 74 65 72 51 88 64 73 60 81 83 94 60 79 76 53 51 74 61 55 76 51 90 79 89 51 96 53 92 63 96 67 82 79 53 91 86 72 91 99 57 72 63 99 56 80 63 91 58 100 63 99 95 63 52 71 82 94 92 51 51 67 71 59 73 83 61 100 77 59 100 93 56 62 89 73 53 97 71 56 68 57 73 62 61 80 51 60 51 70 78 75 69 69 57 66 94 68 58 80 87 77 55 56 72 95 85 91 83 64 68 87 65 78 51 94 100 87 73 83 92 87 67 68 97 53 77 73 91 78 89 92 81 81 80 79 90 61 72 99 67 98 81 
60 82 67 69 72 95 88 54 62 64 73 99 77 66 55 90 66 97 65 94 62 68 68 73 57 60 77 74 80 65 96 62 56 77 66 73 72 76 61 50 88 99 51 84 98 51 65 95 57 64 71 74 65 78 79 68 55 86 50 100 93 97 89 67 81 67 60 87 89 71 59 77 58 60 58 83 78 73 70 69 55 80 99 60 85 84 99 82 100 79 60 78 94 82 87 75 93 96 51 78 82 77 52 93 73 64 57 86 54 89 82 80 100 80 95 95 65 66 89 53 68 95 64 53 89 59 95 62 82 63 93 55 95 76 64 86 76 57 74 56 97 66 85 53 83 81 62 55 79 98 65 55 76 97 83 56 77 87 73 96 96 81 61 77 69 85 83 76 88 76 71 68 61 93 88 71 58 64 57 68 72 78 54 76 94 61 94 82 97 72 85 82 87 87 99 88 51 60 90 55 
75 68 96 89 90 73 94 74 60 74 78 69 50 77 94 63 64 75 78 75 97 96 64 99 81 94 88 93 66 57 80 73 86 95 97 71 53 91 97 56 75 53 65 70 90 69 59 77 50 90 88 94 93 70 87 82 90 84 71 68 63 75 92 86 100 75 65 73 79 68 52 88 72 89 50 96 58 61 60 55 77 77 56 96 56 80 90 71 85 67 88 99 93 53 76 61 61 59 80 92 78 52 60 91 78 67 71 64 61 73 92 75 74 81 83 86 96 55 93 95 77 60 91 96 73 89 69 64 64 86 80 87 64 61 79 82 71 93 57 63 68 92 53 57 100 63 71 85 63 65 71 87 98 60 71 52 69 63 95 89 68 78 72 83 77 66 64 84 96 91 85 61 75 66 55 75 86 77 97 95 64 73 88 92 72 69 51 78 98 95 94 77 99 55 79 86 60 53 64 54 
59 87 73 76 67 87 76 50 98 80 76 87 51 98 84 84 85 96 81 99 67 58 97 100 83 85 96 55 90 69 91 91 60 60 56 52 93 95 83 84 64 59 67 86 79 81 89 82 82 53 60 69 98 79 82 92 50 63 59 67 70 74 94 64 59 71 69 65 72 77 92 100 71 94 80 84 87 87 71 61 85 59 53 63 92 61 60 77 77 67 81 81 56 50 92 72 71 70 58 99 53 100 53 73 83 56 98 69 72 83 66 70 56 100 61 62 85 87 54 99 78 97 69 99 98 84 61 65 96 100 75 50 71 95 59 68 89 85 55 72 75 90 70 53 69 57 64 75 50 74 62 86 62 94 88 72 50 89 83 74 100 56 75 70 89 50 92 90 54 73 87 99 75 63 73 93 79 83 93 63 81 83 91 77 85 74 92 60 88 63 96 97 93 59 53 64 77 85 70 85 
89 98 51 51 100 99 80 54 62 94 68 68 72 99 80 90 66 83 60 71 92 100 95 91 77 98 59 54 61 99 98 71 89 59 75 93 90 65 65 79 94 74 81 88 83 98 56 66 97 74 65 52 69 57 93 78 58 54 80 50 90 93 91 53 50 58 88 65 67 91 54 57 92 52 54 71 72 76 74 78 53 82 91 52 55 71 96 78 100 57 58 64 52 75 50 70 90 90 55 61 53 97 95 61 52 66 90 92 56 98 79 67 96 72 81 57 77 50 84 94 94 50 100 96 67 52 73 69 95 54 63 97 96 100 98 93 57 93 55 89 74 85 89 64 60 94 57 78 52 75 87 67 71 84 87 97 55 75 55 76 92 73 95 58 84 71 90 95 92 62 86 66 74 62 67 98 98 73 74 53 79 54 99 83 54 64 71 73 69 84 68 73 96 88 50 52 59 58 96 60 
57 99 77 84 50 54 75 83 50 69 87 83 52 83 69 100 50 98 95 89 67 65 94 75 93 68 86 70 50 61 80 73 86 61 93 62 62 87 98 64 50 50 52 94 61 68 85 83 63 76 97 67 53 70 62 100 76 57 86 89 51 54 89 66 61 69 95 66 95 56 56 95 72 88 66 76 81 68 98 55 71 76 55 94 80 94 79 77 69 63 87 56 67 83 84 94 50 71 95 60 94 93 81 79 100 82 96 97 100 75 84 67 83 62 84 63 58 82 83 61 89 77 67 98 79 85 80 81 97 60 63 93 74 93 67 99 69 56 85 55 91 82 88 78 98 88 72 81 50 89 84 81 73 53 83 87 50 63 90 96 96 85 94 84 62 79 59 71 86 50 66 83 91 83 78 88 51 58 69 61 98 76 88 61 91 59 61 73 94 91 75 68 50 72 87 96 74 65 72 80 
89 78 52 100 69 62 64 61 76 95 81 82 61 79 100 96 82 95 54 99 100 82 86 95 70 97 100 100 50 92 86 98 52 96 99 65 96 55 80 99 84 66 99 59 69 99 74 79 94 53 96 86 52 62 62 73 51 54 91 66 56 75 53 86 64 50 69 61 97 66 54 66 80 66 70 71 70 56 98 75 52 64 92 80 53 100 58 99 96 93 88 95 66 85 65 62 95 82 69 95 86 89 96 80 89 97 97 98 64 68 71 87 100 64 79 78 89 90 54 92 80 96 53 59 62 73 63 91 88 66 53 70 66 65 50 63 72 80 70 50 79 51 90 60 52 53 60 61 96 89 68 89 71 96 55 76 93 59 58 64 54 88 79 61 50 50 59 87 79 70 81 77 53 94 70 60 87 95 81 67 80 86 54 88 99 50 93 95 90 75 88 87 80 79 88 63 78 61 91 53 
72 51 63 87 100 89 62 76 56 73 83 76 97 82 89 75 53 53 72 87 53 52 64 89 59 88 62 77 72 77 61 73 53 93 89 77 55 61 59 54 53 85 72 94 67 53 90 58 78 61 96 52 90 67 72 56 73 84 70 51 50 58 78 99 91 84 87 76 57 52 68 97 87 62 51 80 73 64 58 91 90 50 91 97 60 85 86 70 81 86 87 66 70 87 82 79 78 94 66 62 52 64 91 51 92 51 97 63 92 52 56 62 56 60 70 93 67 97 93 97 68 92 65 93 93 93 82 67 62 81 94 68 79 76 54 51 73 75 69 53 82 80 72 60 73 69 62 59 93 79 60 62 51 80 56 73 70 63 74 89 84 67 80 69 91 72 50 63 95 95 61 69 98 52 100 59 57 57 91 57 87 75 98 92 79 98 87 83 56 70 86 78 77 68 71 66 73 54 70 55 
89 59 69 97 91 63 81 60 86 88 71 65 71 67 72 81 64 63 96 52 62 78 91 79 50 60 72 95 92 54 71 98 67 68 99 76 64 67 95 68 65 98 87 71 66 67 63 89 83 66 73 53 55 94 62 81 60 55 95 54 72 75 79 67 70 87 81 73 61 71 79 51 59 97 51 58 90 93 58 62 77 70 73 55 92 71 96 92 63 71 72 54 58 90 82 92 93 72 86 94 69 98 98 80 97 71 66 65 77 63 79 72 95 68 66 83 52 93 67 58 62 70 88 74 79 96 54 74 70 58 66 88 61 72 71 63 65 87 54 97 91 100 83 63 54 65 96 74 93 61 64 100 55 74 66 90 99 83 89 87 94 97 84 73 79 74 80 97 62 67 97 66 98 100 60 93 67 83 54 84 79 94 74 97 61 89 85 80 100 72 70 77 67 55 54 74 52 68 92 50 
68 54 69 63 78 81 80 88 59 57 98 56 56 52 86 51 64 86 99 94 60 64 63 54 89 51 55 62 96 91 55 54 56 88 60 89 88 64 93 57 57 99 60 56 70 95 83 84 99 57 61 50 99 75 59 95 57 56 100 53 79 73 78 80 51 92 97 78 83 69 83 87 80 68 97 89 64 84 62 87 87 54 82 58 80 85 50 93 58 61 72 78 91 50 77 75 92 64 74 95 94 84 93 54 77 74 57 56 90 92 55 61 78 61 90 53 96 75 68 79 70 79 67 66 89 68 100 97 94 63 82 57 63 99 77 74 96 68 64 65 56 65 93 57 55 67 96 51 62 78 71 53 52 50 81 89 54 69 72 59 68 51 84 91 82 50 65 72 78 100 52 95 92 85 57 77 73 93 82 84 70 64 99 55 63 95 77 99 70 50 88 52 83 99 81 59 64 92 51 74 
60 93 68 89 67 71 92 63 74 77 81 63 67 72 79 81 69 90 79 54 79 95 94 93 96 92 53 100 79 80 74 89 95 89 98 72 79 92 77 55 74 76 71 54 74 91 64 72 74 91 90 94 82 68 83 74 97 77 56 65 65 81 96 97 78 77 96 98 65 59 93 54 57 60 64 61 87 76 93 95 65 52 56 72 68 79 71 73 56 58 68 81 57 82 75 75 63 75 93 72 88 92 51 87 51 68 100 77 62 77 100 61 95 93 59 96 100 85 93 58 76 57 96 50 57 77 62 82 56 62 83 62 88 95 73 64 96 53 95 70 91 89 65 68 61 61 55 98 72 58 78 75 69 54 98 82 93 84 77 96 57 66 67 68 70 68 59 90 84 83 70 95 84 94 88 98 87 89 98 78 91 63 96 50 50 100 93 77 83 75 83 50 76 58 52 53 63 60 80 93 
93 80 99 68 80 58 61 70 100 95 74 95 90 87 86 74 95 87 55 51 84 95 52 86 84 52 61 60 50 61 82 88 90 88 85 54 80 97 93 98 64 67 91 62 63 56 69 96 84 96 65 59 58 65 59 88 92 68 60 85 89 95 73 68 87 84 89 87 91 83 73 59 51 55 53 72 95 52 92 61 59 61 95 80 84 54 82 88 79 84 96 84 75 69 91 82 99 93 58 84 52 97 65 60 90 71 96 87 82 55 85 55 67 78 55 64 91 76 56 58 65 82 75 88 93 78 93 63 87 83 56 78 76 64 67 99 92 63 72 66 90 56 85 86 51 80 74 57 72 87 88 93 92 63 81 90 52 59 58 53 94 60 72 100 71 82 98 83 64 74 64 56 88 57 56 62 93 68 93 50 100 59 77 95 74 78 85 91 91 59 72 85 84 91 59 89 91 55 72 85 
70 85 78 93 100 95 87 83 78 55 61 65 68 63 51 87 53 90 93 64 83 62 51 68 99 85 70 90 89 83 65 57 91 55 98 75 83 86 53 64 62 64 77 94 85 60 53 98 75 71 76 75 83 86 55 50 70 90 92 95 85 67 67 51 54 50 77 94 77 72 88 73 80 84 58 61 52 63 69 98 58 95 95 68 95 81 84 58 54 95 94 80 59 69 97 94 60 76 81 87 93 88 85 89 67 53 73 58 67 87 66 62 80 86 54 86 81 86 92 90 64 91 65 62 69 100 58 98 92 60 66 72 64 53 69 55 52 97 99 87 82 98 50 98 64 99 57 97 90 90 61 78 61 97 58 87 65 63 57 75 97 71 59 54 79 68 83 90 81 88 67 93 96 55 99 56 61 99 89 77 54 82 69 99 52 51 91 89 92 84 99 95 85 73 77 75 85 85 72 65 
92 75 60 96 64 87 100 89 92 98 79 98 88 55 68 64 73 52 94 73 81 58 71 51 77 81 63 58 91 64 94 72 74 56 87 69 81 79 76 86 82 52 84 61 79 100 64 91 63 86 63 88 87 63 52 63 87 83 83 90 72 58 60 97 75 60 55 72 100 60 71 95 75 73 81 72 86 78 81 71 67 70 77 63 62 89 65 94 80 57 64 78 93 66 78 67 85 97 85 77 77 72 83 87 97 75 83 53 58 75 95 98 73 61 67 60 97 94 86 53 67 65 94 67 81 88 96 95 60 96 99 51 87 77 81 72 51 54 51 86 88 97 75 98 76 67 95 79 83 54 89 97 68 70 61 81 66 96 91 92 53 93 89 76 53 85 73 66 74 60 90 93 87 71 76 62 66 60 87 66 76 57 91 100 79 96 74 54 51 61 68 90 93 89 63 89 55 55 92 61 
86 60 94 75 94 89 86 71 83 80 74 93 51 58 56 92 74 83 65 68 72 60 82 79 100 98 50 60 58 51 72 100 57 87 56 55 60 67 56 69 79 89 58 85 54 83 90 87 95 99 92 79 83 67 68 78 87 74 93 84 95 98 78 78 62 57 72 63 61 70 64 82 98 91 88 71 88 67 71 53 69 69 53 76 61 84 96 61 76 52 80 99 68 100 84 92 86 59 87 67 54 93 69 75 99 84 53 55 77 64 73 74 94 65 94 72 80 66 100 78 87 100 76 52 70 65 60 93 74 97 80 93 58 64 61 85 71 92 75 67 86 59 78 82 59 77 68 68 80 92 54 57 84 85 70 69 80 86 55 72 70 52 77 53 87 91 62 51 59 88 57 63 79 92 65 63 87 61 54 69 71 73 55 66 54 57 74 80 78 58 64 99 67 75 54 50 80 97 92 67 
79 84 50 79 97 60 72 77 76 96 78 79 54 87 72 80 61 79 85 56 96 76 87 80 60 63 98 52 72 73 82 52 54 85 79 79 53 70 70 95 76 86 97 81 79 59 81 87 100 51 62 87 99 92 87 63 84 88 77 74 88 66 77 57 65 76 99 59 51 59 82 78 95 74 83 51 54 71 54 80 93 54 78 94 69 60 51 96 82 55 66 92 93 70 84 88 57 73 71 85 84 63 98 50 88 86 53 55 57 58 87 98 73 79 100 84 100 83 95 57 92 87 58 85 64 85 75 59 93 61 81 50 88 68 85 66 74 58 53 93 66 77 91 74 79 73 53 55 77 80 96 96 83 82 77 62 52 80 81 80 91 68 82 98 84 59 97 54 93 100 50 66 91 87 83 54 93 93 85 66 75 75 67 97 53 57 87 81 56 100 59 85 88 99 97 97 55 83 80 75 
73 96 78 58 83 90 97 64 69 72 100 97 81 87 66 84 61 84 65 68 62 87 97 51 51 89 64 82 72 75 79 93 50 85 70 81 59 67 85 86 86 57 55 81 59 63 66 80 73 54 71 84 67 81 50 57 92 57 53 56 55 68 50 72 68 82 82 63 51 90 88 83 98 82 81 73 80 94 57 94 58 55 66 77 90 60 83 77 50 56 51 80 57 68 69 70 77 55 71 91 99 90 91 73 67 64 63 57 65 80 68 99 78 72 58 61 75 81 85 75 96 87 79 51 62 71 83 98 100 98 58 92 67 72 73 81 77 88 72 51 61 56 75 69 52 50 88 81 84 71 54 57 78 79 90 67 64 99 84 55 72 96 97 50 87 63 96 53 96 100 73 84 82 56 60 50 85 69 61 73 79 61 95 52 55 50 78 65 99 62 84 70 54 55 68 51 84 85 74 94 
58 67 66 77 79 53 54 83 81 58 93 72 94 83 82 57 50 54 73 93 66 80 91 54 55 87 75 60 90 96 95 80 66 72 57 65 53 89 54 63 73 85 53 88 79 60 54 50 67 59 84 76 55 94 100 78 98 100 50 87 69 83 54 58 68 51 50 53 78 100 59 52 62 55 76 63 99 83 74 70 81 65 71 73 85 83 92 66 73 86 74 56 64 100 52 96 71 73 87 65 66 86 86 52 67 97 54 65 76 78 93 98 88 76 90 52 64 92 72 66 84 61 79 56 67 54 52 93 83 59 81 78 95 91 100 50 78 97 62 66 63 75 64 65 83 76 65 77 63 73 55 84 74 66 80 77 56 72 96 95 65 86 83 78 94 55 84 94 51 72 53 80 85 54 100 55 64 85 65 75 60 80 68 83 78 51 100 62 72 86 69 63 64 86 82 56 92 93 98 68 
91 95 60 81 66 60 93 60 84 51 51 89 51 88 79 86 69 55 56 99 67 50 95 61 82 100 77 70 54 75 58 75 75 65 50 92 63 77 96 86 84 52 100 94 51 52 69 83 61 99 82 67 61 98 72 91 91 57 64 61 86 65 50 72 71 74 67 90 95 85 59 87 72 75 66 74 77 92 97 88 91 69 56 92 91 64 81 74 67 93 51 83 56 77 55 59 89 69 53 77 51 83 98 80 84 56 59 77 51 51 74 97 52 62 52 62 85 74 88 63 54 96 86 72 69 70 51 94 99 85 99 94 52 91 58 52 61 69 92 64 77 76 50 87 67 71 91 99 91 55 81 83 82 75 61 74 57 57 93 93 66 73 85 90 98 54 78 90 59 69 86 51 72 55 54 88 95 73 81 79 61 88 91 55 86 79 98 67 60 61 52 61 97 53 97 99 63 83 69 54 
61 60 65 89 66 54 94 82 67 90 71 82 91 96 89 61 82 97 62 63 94 99 75 86 77 86 53 83 99 73 86 65 54 74 79 83 62 65 83 60 52 54 69 100 67 86 73 69 86 66 64 55 54 75 89 58 69 93 96 63 79 88 64 84 84 69 82 54 78 89 83 79 56 88 86 93 98 64 88 85 100 64 98 99 94 73 63 53 71 55 99 90 94 83 72 51 87 62 57 86 75 97 85 93 92 69 53 69 71 71 73 65 72 88 74 79 93 91 89 98 78 62 89 50 74 63 59 59 82 100 85 67 62 99 97 53 64 86 84 82 97 75 74 50 57 85 92 96 59 84 99 50 97 65 56 85 95 91 84 89 58 71 83 91 63 95 64 65 88 50 88 60 83 75 72 71 53 73 53 61 60 100 85 81 97 74 52 58 56 50 65 99 73 98 74 88 96 60 92 68 
81 98 90 56 53 56 80 70 64 75 60 98 67 56 88 96 68 93 66 93 61 59 64 56 83 58 71 69 92 75 96 77 90 97 83 64 74 99 95 62 95 99 52 55 51 73 87 100 71 80 97 72 51 88 75 97 73 53 79 92 51 79 84 94 56 96 79 56 53 68 77 57 78 55 84 51 100 74 68 68 97 65 56 54 79 71 77 98 96 60 77 59 89 80 81 94 82 55 88 80 87 51 89 82 59 92 97 87 73 61 66 93 98 52 63 92 51 54 79 52 82 100 75 65 66 97 67 57 76 86 71 80 50 57 88 88 70 73 76 82 81 57 56 66 57 77 57 53 79 68 99 75 99 65 98 62 57 93 94 86 64 78 98 63 60 89 70 78 75 53 69 84 87 64 100 93 50 51 70 72 65 85 75 73 76 75 61 80 57 78 67 99 64 55 67 70 90 65 86 97 
71 93 51 97 92 59 94 99 87 57 66 64 86 56 58 61 74 84 50 69 88 73 73 54 77 93 70 71 70 56 100 88 77 81 58 65 92 73 75 58 88 78 68 83 73 100 80 53 60 92 61 62 73 63 50 96 81 83 80 83 61 91 99 94 59 85 83 51 61 95 86 62 75 72 63 89 76 84 77 79 66 56 88 86 59 69 74 83 90 76 62 75 100 70 80 70 90 59 74 57 64 96 68 63 99 92 72 78 95 76 80 79 69 97 84 62 94 73 73 75 77 96 87 81 72 75 93 98 65 85 62 68 96 96 83 95 86 67 86 66 99 82 96 76 60 71 64 58 67 80 68 80 78 64 76 57 65 88 83 65 56 85 78 72 62 90 60 79 71 73 55 69 56 92 62 83 90 86 88 61 68 62 62 96 55 68 54 64 100 94 96 98 61 60 74 56 81 77 76 96 
81 92 91 98 51 55 93 56 100 56 80 96 66 92 99 58 69 68 50 50 80 91 87 93 59 92 88 67 86 98 80 64 96 86 50 89 80 67 97 56 50 73 63 100 97 72 68 64 73 92 68 95 74 91 70 95 91 99 51 74 77 87 61 51 100 71 55 72 75 76 64 81 69 70 93 79 89 88 91 57 79 53 62 75 56 98 91 72 73 99 64 66 82 53 95 90 54 71 52 94 90 84 86 71 79 54 72 63 50 72 82 93 96 76 71 93 89 68 55 70 89 97 65 90 89 59 99 55 78 68 89 63 89 94 66 78 92 96 57 77 99 84 80 100 53 75 80 62 96 66 65 96 83 60 65 88 71 91 72 72 75 60 81 84 51 97 92 87 60 87 77 94 91 72 80 98 71 79 69 79 56 90 91 81 94 68 90 79 100 81 81 72 67 84 64 55 72 93 89 90 
83 50 94 97 69 72 89 100 56 50 92 65 57 94 88 100 69 64 97 85 59 98 92 80 57 77 69 50 98 100 75 68 85 80 77 65 68 90 84 80 90 92 71 54 85 63 70 90 82 66 100 78 92 77 85 67 91 73 61 98 65 77 56 67 70 95 98 92 60 90 53 55 74 62 92 71 68 64 76 78 85 72 57 66 82 90 89 66 96 64 62 65 51 55 60 52 93 99 85 88 53 80 87 62 79 81 97 68 55 65 60 83 71 83 69 69 59 70 56 66 71 70 80 51 100 63 88 52 97 70 72 56 67 67 55 71 82 67 77 94 76 66 52 61 74 74 66 57 61 82 62 79 97 90 92 97 68 64 68 80 82 85 69 80 78 82 67 91 92 91 62 91 93 70 95 86 79 75 76 63 79 75 93 79 94 61 59 51 67 51 58 94 81 86 56 100 90 53 95 79 
72 92 62 78 81 64 85 62 53 96 53 65 77 62 55 96 86 50 70 84 55 79 78 89 95 73 70 83 67 54 74 77 90 55 96 53 75 76 93 82 89 97 88 69 56 79 56 63 65 92 77 65 70 96 96 80 69 92 68 77 80 84 94 74 69 73 52 56 86 58 91 51 60 87 74 60 64 69 90 87 67 100 76 71 92 72 62 84 54 57 54 52 72 84 79 74 78 54 87 64 85 52 66 96 51 53 87 87 52 88 50 57 73 73 98 63 60 61 70 51 92 82 54 61 97 66 76 74 70 60 71 54 67 68 95 53 70 62 85 64 66 77 54 100 94 84 87 95 92 79 94 72 69 62 71 92 93 63 93 71 72 69 66 58 72 66 73 53 82 87 56 88 73 57 84 56 82 52 50 61 80 64 98 84 60 85 52 77 70 92 53 99 86 98 71 97 60 96 56 81 
85 95 54 80 65 50 72 75 100 79 86 76 78 66 84 65 85 75 57 71 66 57 59 96 75 68 95 87 55 68 90 56 84 99 81 79 86 88 84 81 72 79 56 66 69 87 95 99 65 54 99 60 55 93 52 60 51 88 63 92 61 89 64 92 69 69 69 86 99 78 88 59 71 57 96 51 53 83 58 85 53 61 67 96 76 50 93 81 70 96 94 52 74 62 86 77 92 75 50 79 64 64 80 92 97 79 57 73 93 81 90 91 60 100 60 78 73 87 100 52 52 73 61 63 54 94 97 97 69 78 88 59 90 57 100 67 95 87 53 70 80 55 59 83 100 62 98 56 82 94 56 81 68 52 56 64 89 83 82 80 99 55 69 57 70 51 81 85 70 66 87 59 80 89 75 98 94 69 51 83 97 74 99 81 69 84 81 81 96 93 100 58 72 81 60 98 55 85 95 75 
70 71 81 52 84 81 88 92 72 50 69 61 72 61 52 95 91 94 84 84 53 73 58 91 81 69 55 56 77 58 83 99 72 89 69 91 83 75 69 63 82 99 62 96 96 55 77 97 62 89 69 78 99 60 87 80 53 97 92 65 63 58 89 64 82 74 81 52 56 58 74 66 67 86 87 69 84 67 55 53 77 71 54 70 98 77 56 96 100 88 72 89 55 73 86 93 64 51 98 61 75 77 96 54 94 77 88 96 91 57 63 59 86 66 96 78 79 75 94 55 93 58 50 78 59 69 60 95 59 61 71 59 63 60 91 61 82 83 61 98 52 75 59 52 97 51 66 89 92 85 83 75 98 67 51 63 83 97 72 79 88 89 84 59 59 66 63 93 100 99 70 96 78 70 70 95 88 68 97 98 98 75 53 93 78 83 73 57 53 52 92 65 96 63 72 82 57 65 58 93 
94 63 68 65 98 80 73 96 74 67 95 77 85 82 72 98 56 98 79 75 88 99 71 53 57 64 58 78 63 58 68 86 91 72 58 79 71 67 62 95 58 58 79 94 99 71 90 51 81 96 83 78 88 76 95 60 79 56 96 51 81 85 89 66 76 93 90 82 52 77 72 89 76 51 74 88 82 89 72 98 91 78 51 81 52 97 61 69 100 61 65 66 70 87 83 59 95 99 85 61 95 69 62 69 70 56 56 51 98 99 96 83 79 77 88 69 67 54 70 69 59 96 68 50 51 83 83 85 82 55 67 57 90 88 64 79 66 91 64 74 97 87 76 58 98 51 56 72 94 50 83 75 59 99 74 69 64 82 68 58 60 92 88 54 80 95 76 54 64 84 74 78 86 89 52 99 57 73 78 90 97 96 82 76 99 63 80 94 52 63 86 75 91 89 91 66 66 56 86 56 
78 63 81 86 65 71 99 67 58 53 93 80 67 74 84 99 55 66 85 93 60 69 95 53 82 95 86 71 73 55 57 55 65 54 92 51 85 79 96 87 55 87 84 99 86 53 95 58 68 51 70 73 50 56 95 81 72 97 65 76 78 75 100 57 93 89 92 87 93 78 76 67 61 77 53 78 83 65 72 78 85 97 60 71 69 72 73 95 76 61 54 77 98 61 86 56 50 91 50 53 59 53 83 70 50 66 95 81 66 78 92 84 64 70 54 78 74 92 58 95 61 62 85 96 75 69 78 83 83 100 77 66 50 57 61 63 84 85 70 98 72 88 57 52 95 95 87 55 81 53 93 91 71 84 89 77 58 53 82 70 97 95 78 87 92 72 100 82 64 76 79 78 52 91 60 79 65 66 95 86 85 54 83 82 99 86 84 97 59 94 68 74 81 98 57 87 69 90 97 53 
82 59 63 71 66 93 52 55 74 73 98 53 94 80 56 61 75 97 83 64 98 66 79 58 70 95 68 55 94 99 57 64 99 72 53 69 66 59 98 74 85 79 68 96 70 78 66 85 90 93 87 78 97 66 83 69 73 82 82 78 54 79 89 51 57 100 71 95 75 86 84 53 55 55 91 78 96 86 72 99 82 74 93 75 85 64 90 59 50 83 62 56 82 59 90 63 64 97 62 63 73 81 98 85 69 63 90 93 98 63 55 86 57 66 51 56 61 59 97 74 88 92 61 79 70 52 76 87 84 53 92 63 67 80 56 55 50 85 89 56 69 99 98 55 53 60 71 75 85 58 50 77 73 62 82 74 50 68 84 90 63 67 100 58 78 75 65 71 82 58 97 62 93 72 53 65 81 60 93 58 85 81 85 70 78 95 100 99 52 80 93 85 62 85 96 77 89 100 92 87 
78 90 73 76 83 76 94 63 73 62 93 82 68 96 58 75 91 60 56 72 90 73 96 55 84 88 82 83 74 90 68 52 54 55 99 56 71 83 78 83 80 54 69 60 84 73 55 83 87 97 69 99 74 62 56 82 56 73 97 96 82 82 82 51 93 78 79 64 68 91 54 77 82 82 95 74 95 68 57 51 60 100 54 65 64 70 70 92 100 76 96 50 99 98 92 96 93 87 52 63 87 85 85 61 90 79 75 65 53 90 83 79 72 83 55 99 98 74 51 81 64 74 83 73 62 96 83 100 51 66 98 69 80 70 97 61 97 77 93 67 76 59 86 91 95 81 58 99 89 56 96 80 81 94 63 65 94 56 52 67 79 94 88 59 60 53 63 54 94 51 75 68 93 74 77 56 89 63 99 77 85 80 90 51 64 64 66 64 98 79 52 54 54 94 79 75 52 84 52 95 
77 72 81 96 92 95 71 79 80 95 80 94 78 68 93 78 81 92 96 86 85 85 76 52 95 86 98 81 96 93 96 90 76 95 97 53 92 90 53 98 100 94 59 99 69 88 55 96 87 71 84 96 61 79 77 93 85 72 81 65 71 55 74 90 85 76 66 52 72 56 58 95 84 57 99 84 94 82 92 90 68 79 71 59 81 82 74 61 87 82 89 72 67 83 76 51 56 72 79 75 65 87 66 89 87 60 57 71 98 100 65 61 80 65 66 50 92 62 61 95 100 85 57 81 59 94 98 92 82 68 83 65 63 69 53 84 60 94 94 61 88 89 91 75 90 61 96 99 63 99 66 100 100 58 94 81 73 76 72 84 71 59 78 89 80 59 86 52 61 63 86 77 65 65 93 98 85 69 79 76 65 57 94 53 100 77 81 51 91 84 65 80 87 85 57 69 65 56 62 55 
56 86 56 80 90 98 83 65 100 88 74 67 100 66 82 83 80 92 83 72 67 89 71 53 83 76 76 57 80 80 77 73 73 84 61 51 73 83 100 67 78 60 81 67 67 69 54 69 89 74 73 53 69 60 100 59 75 81 61 90 55 79 72 93 66 95 56 61 60 67 52 92 88 91 99 90 50 72 99 68 84 79 70 78 56 100 90 83 84 81 90 50 55 92 69 82 78 94 62 63 58 53 50 74 53 61 66 62 93 73 61 91 50 54 83 65 92 69 97 94 91 85 86 90 61 62 50 75 67 50 63 94 87 54 54 66 87 63 61 68 77 61 77 85 85 77 62 84 64 52 54 96 77 99 90 95 71 96 71 58 50 82 55 95 60 71 51 97 51 68 90 82 66 62 85 79 57 97 99 52 80 68 50 64 54 68 88 64 89 51 54 72 56 57 68 63 78 76 95 81 
55 52 63 83 50 77 58 72 94 54 92 54 63 81 85 93 69 78 84 62 68 62 60 56 50 65 69 53 78 83 57 54 80 97 87 51 90 53 67 96 79 61 78 74 97 90 67 68 52 74 91 91 54 100 95 96 82 80 91 68 52 62 89 78 75 75 60 74 81 96 96 92 89 71 83 79 86 56 55 95 63 80 71 75 62 60 59 55 99 81 95 90 96 78 51 68 57 96 74 70 78 92 54 62 54 76 74 60 90 63 95 69 95 89 91 95 69 66 56 56 71 69 60 70 56 72 92 67 79 87 99 50 50 64 54 93 75 91 79 67 66 97 93 97 90 59 95 86 64 80 68 82 99 76 75 92 83 72 79 70 55 58 76 78 57 52 61 60 83 85 91 89 63 100 57 93 58 72 62 73 89 66 81 57 68 65 55 87 74 95 57 92 92 69 99 98 86 98 64 74 
93 84 98 61 80 95 68 84 96 71 52 66 91 52 95 76 89 88 89 55 75 61 86 87 78 99 97 56 86 90 95 68 98 89 82 80 70 62 55 51 89 66 82 67 67 100 89 99 64 64 99 93 97 84 87 80 82 80 96 99 97 93 95 70 79 92 60 98 100 97 56 57 57 90 98 87 97 82 54 78 56 88 91 57 62 54 67 53 80 99 99 65 62 51 96 64 58 51 87 96 54 81 88 94 90 96 99 80 87 100 77 50 64 61 58 73 63 72 58 93 72 62 92 52 92 59 70 77 79 53 93 72 85 97 89 68 50 87 63 84 92 71 99 63 100 82 52 71 79 96 91 68 50 72 51 62 66 55 75 77 79 83 76 83 55 88 97 74 95 82 91 76 50 96 77 85 55 74 94 71 95 90 54 69 66 57 95 68 54 90 65 63 89 51 99 63 84 91 96 90 
68 50 86 86 96 91 82 51 52 51 76 83 93 94 98 76 70 72 72 56 98 81 88 56 62 53 75 55 59 76 97 54 90 80 74 51 97 88 88 91 59 81 54 71 74 50 65 51 65 96 96 89 78 58 100 57 91 54 57 53 95 53 74 71 100 69 53 93 90 88 69 100 85 73 81 52 54 99 92 56 80 70 53 69 74 67 95 83 74 99 98 52 56 75 100 54 63 89 54 97 62 52 61 67 66 99 52 58 54 51 56 70 74 60 77 100 64 96 71 64 100 85 59 84 51 56 62 60 100 86 91 84 64 98 59 94 50 68 72 53 90 61 74 91 77 57 79 96 50 81 78 66 65 74 58 73 86 84 63 51 64 58 75 53 98 90 64 87 80 59 65 57 91 88 89 73 56 54 58 71 93 86 98 82 80 76 78 73 71 72 67 99 85 51 86 78 56 91 82 91 
92 79 73 77 90 54 61 94 50 69 58 92 72 73 78 54 66 56 99 75 80 68 52 59 73 54 95 53 62 61 86 94 57 92 73 96 100 73 75 61 77 81 91 69 81 79 67 84 74 88 93 68 64 92 93 55 74 74 88 51 67 91 78 94 72 69 55 61 85 65 76 89 56 80 51 88 99 56 72 74 94 90 67 53 53 90 100 81 65 94 58 72 98 94 65 65 98 75 74 68 78 76 92 53 60 66 96 74 92 53 78 55 83 55 86 84 77 92 81 88 57 88 56 88 55 78 73 91 83 66 74 92 92 62 55 73 74 77 56 63 87 50 50 60 95 88 50 61 53 82 92 50 73 99 78 55 62 70 77 62 52 52 56 60 91 65 67 63 74 96 56 58 66 90 86 50 59 66 58 91 99 99 88 90 99 77 95 86 95 99 87 90 88 95 59 70 52 83 97 86 
92 63 65 75 61 71 88 59 97 67 54 55 61 69 60 68 79 59 94 82 60 90 74 93 85 50 85 60 50 58 90 97 50 90 65 79 81 71 93 65 71 74 59 60 81 90 79 78 65 80 65 82 66 96 52 75 100 51 76 99 54 59 62 86 65 71 90 91 83 51 83 53 91 53 82 87 79 94 60 80 54 64 95 69 90 54 70 75 66 86 50 59 85 98 77 59 83 67 62 74 53 65 62 51 91 65 55 62 74 77 61 67 59 61 56 74 50 96 62 76 83 94 86 98 100 77 74 87 71 63 58 96 77 82 96 50 70 53 99 83 58 82 81 73 59 58 72 62 59 87 95 89 100 93 95 97 70 67 87 79 72 68 57 91 56 82 97 85 69 62 61 78 90 92 72 94 80 53 99 55 96 86 90 92 77 88 73 54 82 82 93 69 59 71 83 81 76 50 57 99 
55 51 99 74 61 86 80 100 51 70 72 91 56 99 91 97 71 87 56 80 57 69 88 52 82 60 72 83 72 53 69 95 90 85 71 72 62 69 90 68 97 95 65 92 79 50 71 83 97 96 62 71 53 55 75 58 59 65 72 70 89 90 66 51 90 96 84 84 88 87 72 71 59 94 79 87 100 55 63 70 55 50 80 68 59 87 88 68 94 88 52 54 66 92 80 73 64 83 66 54 79 58 82 77 62 91 98 82 64 72 52 59 92 55 78 85 84 87 89 96 64 80 62 88 96 73 94 53 81 98 87 98 90 57 87 96 62 77 56 98 59 56 88 79 79 92 90 78 93 54 58 59 50 57 81 54 78 100 84 64 100 99 88 79 90 74 80 50 74 92 63 72 63 60 76 60 79 64 58 96 99 62 92 70 79 72 99 99 69 69 57 92 75 76 83 57 99 58 96 85 
61 65 88 80 62 76 96 72 83 94 62 53 97 93 65 66 90 86 60 100 79 79 74 79 95 75 63 54 81 98 96 50 63 61 52 78 92 94 94 89 50 71 85 65 67 86 76 68 67 94 51 59 53 72 81 90 57 71 72 99 88 94 66 74 56 83 86 99 60 82 91 99 56 84 91 76 73 87 84 93 100 68 57 64 79 75 93 50 96 52 54 51 97 95 81 91 69 70 72 50 61 51 57 73 54 93 83 60 96 85 63 82 54 61 53 86 94 59 67 87 66 83 75 73 91 75 80 76 89 69 81 96 80 93 69 67 81 88 90 72 64 67 76 92 97 86 74 56 78 88 58 55 51 97 65 70 92 65 71 54 87 55 84 61 97 64 66 68 79 77 56 69 64 85 63 99 50 100 66 83 68 91 96 98 60 78 79 67 89 57 80 87 79 86 69 71 55 91 53 81 
90 71 54 68 52 76 91 53 78 87 86 83 67 83 100 82 66 80 67 95 93 79 92 74 62 70 88 70 67 58 74 83 56 79 67 69 69 89 64 93 72 85 99 59 91 77 94 73 73 59 74 79 71 91 90 61 52 98 84 84 83 71 53 52 83 90 74 68 97 90 78 76 87 53 68 58 59 96 89 71 94 74 61 83 66 86 73 70 50 72 66 61 88 81 100 60 75 65 70 84 71 75 64 73 61 64 90 54 97 60 92 54 97 62 80 84 73 99 72 85 85 51 55 93 55 64 78 73 80 97 72 55 65 90 58 55 60 61 67 98 73 69 89 100 65 98 61 85 77 78 61 73 90 69 51 99 61 54 53 97 70 74 89 62 82 68 82 95 76 100 68 81 82 89 50 53 83 52 57 62 100 93 90 90 90 73 56 93 64 96 77 63 84 76 62 79 65 81 54 98 
63 84 90 94 78 58 97 56 79 86 67 73 74 100 83 83 64 68 68 77 57 97 88 72 56 78 82 67 52 61 94 93 51 73 74 95 62 55 83 96 52 63 96 69 79 88 91 75 86 92 94 85 63 86 90 52 53 81 84 64 91 76 76 93 76 75 84 60 88 51 57 81 76 50 61 83 57 66 64 77 53 98 84 84 77 78 51 52 87 96 58 78 99 94 71 84 51 84 61 84 62 52 79 53 95 59 99 99 79 83 95 69 51 82 59 60 58 69 87 66 57 50 79 73 72 92 90 90 63 53 72 85 69 97 88 63 92 58 74 76 53 55 50 85 61 62 91 70 75 62 51 51 57 50 58 63 82 99 77 58 90 76 59 94 82 62 97 82 59 98 50 65 51 95 64 71 98 64 89 68 79 66 86 60 63 60 88 72 87 90 93 89 91 73 93 92 99 69 66 68 
81 85 62 85 99 50 50 88 99 86 59 50 67 60 53 92 96 60 88 99 52 65 98 87 91 70 50 69 61 60 84 90 78 64 63 75 91 90 71 71 98 66 73 99 82 50 77 97 60 97 51 99 87 90 85 73 81 67 58 72 94 56 50 98 72 56 75 61 70 68 56 97 93 96 72 72 93 85 89 79 99 64 52 97 51 65 78 57 50 96 67 90 74 96 53 63 56 70 56 52 65 66 55 62 88 59 82 53 61 91 77 65 58 85 97 61 56 95 96 74 64 97 73 89 59 80 77 65 50 67 97 86 90 83 68 65 58 82 94 70 98 93 94 69 95 64 83 94 81 91 86 77 57 79 76 82 79 62 64 87 59 79 75 98 78 51 100 97 88 54 86 58 76 84 92 89 89 77 93 87 60 70 59 94 69 67 88 52 98 98 56 88 75 99 96 55 64 62 73 85 
81 82 66 60 96 76 96 61 52 91 85 55 80 84 98 54 96 63 50 95 69 55 62 93 88 51 73 71 84 95 73 53 81 80 61 57 87 81 85 84 69 62 88 69 53 50 93 62 66 84 92 84 60 55 99 63 93 63 91 57 65 80 93 52 75 72 57 76 97 98 67 64 60 91 60 82 56 80 95 93 77 70 92 60 100 59 56 68 54 92 56 100 97 69 94 68 78 57 52 95 62 57 99 50 77 67 72 67 65 50 93 92 59 82 93 86 100 86 57 78 50 74 83 70 65 87 74 93 61 65 95 98 50 91 96 56 73 86 96 78 82 65 62 53 54 56 89 58 78 83 75 56 91 54 95 95 100 96 57 70 85 95 78 86 90 87 53 90 84 69 54 89 74 83 84 82 95 78 85 91 76 59 75 88 57 99 92 89 83 99 96 63 98 83 92 94 73 50 82 97 
59 55 96 78 89 61 68 88 80 85 89 87 69 82 54 92 94 76 78 95 75 77 74 88 93 62 68 63 79 68 92 57 90 81 62 77 53 84 67 100 77 99 67 66 77 63 75 52 88 100 87 94 54 95 56 89 50 92 80 85 55 73 57 64 94 78 51 62 53 92 95 54 95 74 55 97 79 87 88 66 84 93 82 94 69 52 95 89 62 75 93 59 52 69 56 62 100 93 93 87 63 53 74 66 86 96 70 52 96 100 67 56 61 67 63 85 77 54 85 51 93 80 67 74 51 74 100 92 75 72 95 81 64 66 86 81 55 80 61 67 82 74 63 65 93 79 55 80 69 71 100 54 73 91 65 86 79 71 95 52 62 76 53 86 65 94 60 51 68 100 71 80 97 58 78 50 78 52 70 72 87 85 59 80 68 75 82 93 69 70 86 67 68 87 82 70 58 87 93 55 
98 71 87 74 82 52 75 92 55 74 78 53 85 54 91 64 98 53 59 96 98 89 80 74 75 89 78 95 59 63 51 68 93 72 95 72 81 90 77 83 79 78 50 92 56 52 67 58 83 74 83 80 66 72 76 76 94 83 96 56 99 76 89 93 96 96 69 67 50 74 55 65 50 98 57 84 65 81 79 69 90 59 85 92 87 89 65 64 100 53 67 92 89 81 70 98 66 58 67 75 96 100 78 54 50 63 92 73 99 83 66 68 92 55 73 54 95 60 84 90 97 91 51 82 74 62 67 66 57 63 77 99 92 89 50 86 75 74 80 71 85 65 69 61 87 61 58 61 59 64 87 100 82 63 73 56 58 53 65 92 87 64 76 57 63 89 86 77 54 99 86 82 76 91 99 63 96 80 61 97 68 77 64 96 55 75 56 53 72 82 59 75 91 84 89 100 54 71 63 59 
99 76 84 95 56 94 74 87 70 61 64 96 72 53 55 96 84 63 51 69 78 82 51 67 79 85 73 70 66 82 88 61 59 53 82 67 80 50 87 65 62 57 73 71 59 86 65 68 76 75 86 85 88 87 52 58 63 93 95 82 67 57 79 69 91 93 84 87 78 99 71 70 88 56 83 77 97 75 69 68 88 85 59 100 93 75 59 94 97 54 60 96 80 66 86 95 51 51 80 98 69 64 84 99 91 52 82 95 63 72 58 85 50 94 91 72 50 79 78 82 94 94 92 57 70 59 61 87 92 82 69 55 85 57 60 80 55 88 63 74 82 56 56 85 51 54 53 81 89 56 50 62 89 65 75 72 71 95 75 67 63 80 80 66 82 93 94 70 55 75 79 70 87 75 88 65 64 74 91 98 57 72 68 52 61 55 92 65 80 95 56 51 50 53 80 74 77 93 71 63 
86 67 90 92 70 91 59 79 82 73 88 55 62 56 88 69 52 58 100 85 96 72 75 93 86 82 66 54 70 83 79 83 95 68 64 72 66 92 76 93 68 76 99 78 88 93 84 58 79 79 79 66 63 67 99 83 70 84 88 66 73 99 79 83 99 83 85 59 77 83 85 65 83 72 54 50 94 97 92 98 84 88 96 57 63 90 57 100 51 97 92 100 79 63 99 97 85 51 76 74 67 54 50 74 100 75 55 71 69 85 63 74 90 58 82 72 96 81 60 85 69 57 98 66 55 55 96 62 94 56 58 77 63 57 90 83 86 80 59 69 68 78 94 84 80 62 89 84 78 98 99 64 54 98 52 82 75 59 51 79 57 98 79 98 84 70 55 100 55 90 80 54 62 97 77 78 60 54 53 95 51 81 68 59 75 54 96 50 92 51 53 54 97 66 78 59 93 98 57 67 
75 69 75 86 86 68 58 97 67 60 84 84 82 57 58 63 76 51 97 100 79 67 77 73 57 78 77 50 76 97 51 98 96 97 71 53 95 50 100 100 53 73 59 51 55 94 98 66 74 68 61 76 82 60 93 88 81 96 62 88 96 79 83 61 86 84 54 99 68 82 73 83 79 59 84 82 60 94 62 80 75 51 84 79 84 99 74 85 53 51 71 98 60 64 66 71 100 92 97 81 50 88 51 54 94 51 96 80 56 69 93 76 66 87 79 84 59 80 60 52 79 94 82 80 69 51 76 68 89 75 81 52 92 55 91 80 81 71 83 92 54 64 95 58 64 79 87 68 89 85 83 100 92 68 77 97 84 95 54 65 92 63 96 87 95 74 87 71 60 79 77 55 54 93 60 66 68 73 78 78 95 78 80 66 68 87 98 54 78 82 83 97 56 99 62 76 65 69 95 86 
93 52 94 58 63 55 58 91 68 58 57 92 51 74 63 68 58 57 75 80 71 72 71 93 91 100 54 63 88 94 57 73 52 76 78 89 92 55 100 87 69 90 81 81 51 60 80 84 66 62 67 91 88 90 93 64 67 92 74 65 60 64 69 95 53 79 94 76 75 67 58 57 96 72 61 56 94 73 86 78 65 54 61 81 98 66 90 83 59 60 76 56 68 67 77 53 52 95 61 91 88 92 50 99 83 84 92 85 69 88 57 71 64 95 67 59 66 65 76 64 56 72 96 80 79 75 75 77 63 74 98 86 71 73 56 67 74 69 68 56 94 72 82 87 89 63 100 56 82 83 71 88 58 65 57 74 52 57 87 61 75 59 99 99 87 69 55 86 62 85 81 94 56 69 71 51 53 53 78 52 93 66 92 77 76 54 60 91 51 79 89 73 87 69 87 77 76 55 70 52 
68 59 65 77 70 82 76 92 85 72 86 75 87 57 91 86 89 56 56 71 97 92 56 65 94 55 95 90 52 70 86 83 98 89 54 84 84 64 58 83 51 66 100 51 71 58 87 50 58 58 73 74 89 78 86 54 63 61 64 82 67 96 84 59 66 99 90 82 88 98 69 53 67 97 58 88 84 74 83 81 96 95 79 62 50 76 90 51 62 54 52 98 57 70 86 95 56 60 82 78 82 67 54 59 53 95 76 89 56 60 100 87 86 82 68 61 85 83 92 61 96 91 69 65 93 91 99 71 72 61 73 84 78 89 64 56 60 96 70 97 59 76 85 98 98 66 99 77 88 50 81 68 77 70 56 50 79 99 93 81 89 99 61 66 82 58 92 53 73 80 54 66 90 62 58 55 87 84 89 94 65 79 87 80 81 86 53 91 89 69 76 50 59 60 77 76 68 98 57 94 
53 61 63 68 79 96 97 58 92 76 58 99 64 57 64 83 61 57 74 96 85 79 64 92 95 73 87 88 83 53 90 79 53 79 64 64 61 65 65 95 94 50 73 60 60 53 77 64 93 92 84 88 91 62 53 50 79 68 98 51 54 50 85 71 67 71 67 100 59 62 66 58 70 87 87 97 57 71 86 53 59 54 77 81 86 52 89 94 97 67 76 59 62 71 86 79 93 67 81 77 73 92 77 71 65 63 91 50 86 64 57 77 99 100 97 91 87 77 75 94 71 96 51 56 83 89 51 90 62 88 71 71 50 89 87 68 60 93 84 86 69 97 80 80 84 87 56 89 81 58 52 95 92 80 84 70 61 53 77 59 77 88 92 91 96 65 61 52 92 76 97 76 80 96 96 66 66 86 59 88 63 51 73 72 53 76 73 99 86 76 77 92 76 71 88 70 83 94 60 70 
66 93 98 84 58 86 74 50 60 55 50 64 74 72 66 90 65 96 97 56 70 76 77 73 88 67 66 81 51 52 71 78 83 89 76 78 83 56 64 80 81 50 64 55 65 76 53 73 60 87 65 75 90 73 93 80 93 100 64 92 67 61 66 89 54 83 57 93 98 81 65 75 84 79 78 62 55 100 55 87 51 53 56 88 70 87 97 65 68 69 69 77 99 64 91 97 95 57 81 86 65 58 83 79 95 52 95 94 72 84 51 76 53 78 95 96 56 64 79 51 68 82 78 72 64 70 59 77 62 79 96 65 72 75 72 87 96 79 99 65 91 85 71 85 93 56 54 66 85 55 57 75 64 77 81 74 52 52 61 90 52 81 68 97 94 52 87 70 62 55 73 90 79 52 63 98 94 96 64 76 73 52 78 56 78 55 94 55 98 59 81 69 54 92 51 64 86 66 75 68 
72 99 98 85 56 68 55 80 74 82 95 68 93 50 59 78 89 55 57 78 73 84 56 57 80 56 51 96 76 76 72 91 83 51 69 69 54 64 65 54 97 79 77 75 94 69 99 50 67 58 78 56 87 69 67 78 59 52 70 55 71 92 85 58 72 85 55 50 81 94 94 77 51 75 96 85 61 95 99 54 93 63 80 94 70 54 50 60 64 70 72 58 80 87 58 80 69 84 63 94 70 100 82 76 77 75 97 83 59 84 51 57 82 84 91 95 81 82 74 90 61 58 74 81 60 72 77 64 60 97 73 57 81 85 54 70 53 81 76 88 78 83 51 83 85 66 73 69 61 88 77 54 50 50 50 65 60 67 81 88 100 93 92 82 66 78 86 60 76 76 98 79 69 66 75 53 64 56 79 100 90 87 79 63 61 75 97 79 98 68 84 92 100 99 98 78 53 97 73 73 
60 66 60 98 88 68 97 78 77 67 73 80 93 72 67 84 75 52 54 54 69 52 68 97 87 66 56 73 97 63 66 79 51 87 74 67 76 68 66 88 64 98 61 77 67 85 56 73 53 65 54 59 64 75 59 83 61 52 77 98 51 93 66 50 81 60 52 100 70 95 87 85 91 96 73 95 93 79 97 90 66 88 82 73 88 66 66 56 77 73 97 63 58 56 52 91 92 52 89 78 95 65 64 55 90 83 94 89 96 81 76 74 90 99 63 81 96 75 95 57 83 75 89 78 56 91 63 79 81 69 51 94 96 76 56 94 84 72 50 79 58 51 83 52 54 88 71 82 70 67 62 68 99 88 79 99 66 82 76 76 66 75 58 50 51 58 98 64 78 85 87 92 56 76 75 98 57 94 61 51 91 54 90 74 83 80 53 66 91 72 74 86 57 74 66 79 59 55 96 58 
73 69 63 84 89 57 90 58 73 68 70 76 82 81 84 66 93 54 84 90 73 63 98 77 54 94 74 74 62 52 80 57 80 90 96 53 94 84 97 89 55 80 79 55 72 94 64 99 88 57 56 99 55 80 57 57 50 69 92 75 63 65 71 100 64 75 68 57 96 98 68 55 51 56 94 87 84 88 84 70 70 76 92 93 94 54 56 76 51 75 93 74 56 75 69 86 67 52 66 61 58 76 98 54 80 54 78 68 85 93 92 85 76 93 97 83 61 88 80 95 78 94 60 54 76 90 75 89 99 87 56 61 98 76 74 71 68 96 56 64 75 88 98 62 91 68 79 86 64 87 75 79 79 91 97 80 59 70 78 69 78 51 94 86 79 74 97 67 86 96 74 59 52 66 76 55 92 91 88 53 76 68 71 76 56 79 97 74 50 85 50 72 84 70 62 78 99 86 87 51 
51 97 89 50 67 80 55 80 87 54 97 69 68 70 74 70 81 96 69 92 77 57 97 98 75 87 96 68 52 60 98 99 55 78 84 79 84 69 94 63 62 92 57 87 86 59 58 90 83 90 80 75 53 92 53 79 91 71 100 68 51 57 99 100 94 69 89 58 73 90 72 55 76 57 98 78 91 73 96 85 89 96 51 73 68 65 82 95 71 54 87 57 63 52 98 92 88 76 77 85 53 92 72 65 87 84 80 87 71 65 63 83 66 92 51 70 58 68 63 100 66 77 94 66 92 52 98 58 96 66 69 54 57 67 57 76 87 57 91 62 67 93 70 63 78 52 74 76 53 57 56 77 93 53 87 86 79 82 87 52 67 55 76 74 74 86 90 66 85 50 59 59 55 61 58 73 68 97 53 52 83 51 84 62 60 98 99 69 65 97 61 85 92 100 92 68 82 63 53 98 
71 72 77 58 63 82 96 59 75 97 92 54 64 56 83 63 65 99 69 64 58 51 80 56 59 85 82 62 80 69 91 75 63 95 76 66 69 96 66 90 91 79 68 85 82 53 57 84 63 76 55 91 99 90 77 88 55 71 55 100 100 59 70 72 60 82 83 76 82 68 91 92 76 100 69 63 82 60 93 51 99 93 71 54 67 66 95 84 80 84 55 69 62 72 83 62 62 72 86 88 65 95 94 58 51 60 92 96 98 78 55 100 85 63 76 89 63 70 84 68 81 91 92 84 84 98 96 76 82 76 55 81 72 59 61 76 89 92 67 99 54 63 80 98 96 56 65 85 78 53 73 50 71 97 54 58 97 100 71 84 86 92 93 52 54 95 52 72 85 75 69 63 65 90 67 87 89 98 62 70 93 65 65 80 86 55 56 85 61 84 83 96 79 63 62 74 88 72 94 63 
87 90 88 80 65 85 50 87 99 56 50 67 93 86 90 85 66 94 54 61 66 71 62 69 85 82 80 88 91 67 94 66 95 78 97 53 63 61 72 66 51 61 56 53 53 57 99 80 84 85 65 64 78 100 79 56 85 52 71 86 78 74 94 62 59 77 57 94 76 63 69 85 50 52 54 86 62 53 73 88 99 97 55 56 78 76 54 85 93 89 85 69 80 55 91 83 81 85 86 73 99 75 87 59 99 81 91 77 75 81 87 73 53 51 80 68 60 78 72 58 63 81 89 65 52 74 66 60 79 56 88 62 82 99 73 88 95 73 71 60 96 78 94 90 64 84 53 86 76 70 74 92 67 78 71 93 91 87 61 79 63 91 94 68 78 62 66 84 99 77 91 55 90 90 63 67 64 58 93 84 77 58 70 96 77 79 73 97 79 55 90 75 98 82 83 73 58 61 53 67 
97 81 88 59 57 70 89 70 94 60 61 62 83 59 60 76 77 100 93 93 63 62 50 65 93 77 62 72 53 74 75 81 66 85 74 59 67 88 97 85 71 64 91 92 64 95 80 62 65 90 95 73 60 77 83 67 60 83 99 55 57 76 90 78 92 84 91 95 96 78 64 74 98 76 84 94 99 77 92 53 81 53 72 51 65 79 86 57 94 52 57 67 66 73 79 81 56 55 84 85 91 60 75 76 89 80 97 64 87 83 50 55 84 89 99 64 81 97 86 96 59 93 97 96 93 84 59 79 67 97 99 68 65 98 73 62 79 84 68 54 95 55 94 72 81 71 71 67 90 67 86 88 83 69 87 69 80 68 64 68 73 64 97 63 83 62 84 87 86 68 83 60 65 72 60 65 100 59 96 63 54 96 70 53 79 56 62 88 64 81 73 100 90 77 71 99 72 89 60 98 
72 61 63 75 57 75 58 64 79 74 96 80 68 85 54 57 55 53 98 90 61 94 59 93 77 82 53 70 58 94 92 61 79 70 99 81 52 76 56 94 84 78 76 56 65 72 86 89 61 73 99 76 58 66 62 66 84 74 98 89 85 70 89 62 79 61 88 95 59 90 100 80 99 82 64 92 74 94 98 87 65 64 73 63 85 97 98 67 60 52 69 70 97 65 92 76 88 100 98 83 61 76 70 76 97 72 68 68 61 59 79 56 52 53 75 64 62 57 77 81 56 83 95 86 66 69 93 67 55 69 55 86 74 96 84 98 68 54 78 67 64 87 90 79 93 72 57 77 88 74 84 97 56 88 72 76 96 99 74 92 77 86 90 75 82 83 97 70 96 79 95 61 85 54 77 52 66 65 53 58 77 52 92 92 84 78 70 50 50 86 56 69 84 97 85 87 53 99 60 100 
64 78 87 62 85 74 74 67 66 83 94 77 83 50 66 90 90 79 68 90 62 61 93 89 63 70 79 59 70 74 92 76 54 96 65 57 60 64 93 67 77 83 50 61 68 94 53 80 81 100 74 59 51 65 99 65 73 60 68 87 53 98 83 80 66 65 69 69 63 82 94 60 100 58 80 66 88 55 62 57 57 52 79 86 51 67 90 57 89 66 58 61 63 64 76 52 87 70 55 99 87 57 57 100 71 70 90 70 54 86 82 67 86 60 66 82 82 76 68 100 57 86 56 62 54 92 98 54 95 70 99 59 78 97 77 94 78 94 91 51 53 87 74 55 92 65 52 69 81 74 59 70 82 62 59 53 86 97 65 57 93 63 87 77 86 86 81 84 94 91 53 72 59 87 90 78 63 64 95 50 61 58 70 55 69 92 62 92 95 79 100 95 59 82 85 73 85 69 54 70 
51 98 52 80 99 83 54 77 97 70 91 77 90 100 61 53 55 99 86 69 55 77 62 89 96 66 75 90 94 57 76 83 55 50 72 80 84 52 52 81 75 90 76 71 76 84 100 72 60 94 84 87 55 80 71 92 81 99 50 72 55 74 81 85 64 94 79 85 69 69 84 87 98 77 52 94 52 98 61 65 94 93 58 73 66 81 68 71 70 70 94 78 80 96 75 77 53 68 69 56 66 53 78 50 53 55 52 67 76 89 62 73 99 83 72 64 87 93 80 62 58 62 96 59 71 70 96 75 63 71 62 68 77 92 64 72 58 52 65 62 64 88 65 90 81 94 52 87 50 84 67 83 77 52 55 58 66 93 78 78 95 84 73 58 67 66 66 59 73 53 71 51 74 97 51 73 88 79 77 94 81 59 77 81 54 55 53 93 64 58 59 95 64 62 75 56 69 94 89 77 
88 82 92 93 86 59 94 74 72 70 52 50 78 75 75 93 80 50 69 66 87 66 98 54 84 53 85 92 54 67 97 50 80 80 50 90 90 79 94 73 83 90 82 69 53 55 79 91 88 60 56 92 84 67 83 69 52 63 58 90 55 51 64 97 97 51 77 93 67 68 82 66 66 100 63 58 67 67 71 69 93 91 90 92 81 91 87 83 62 57 52 86 80 87 90 74 66 92 81 82 66 78 62 70 76 66 53 93 67 98 100 59 63 51 51 83 75 61 64 81 100 57 65 97 66 83 80 51 95 66 90 66 74 77 77 60 68 92 94 96 57 70 100 86 60 94 59 69 74 60 94 86 91 91 64 97 87 65 65 96 56 65 76 77 88 53 87 69 70 88 60 63 72 88 61 70 100 89 87 58 51 84 99 53 100 54 57 75 97 91 66 57 53 54 51 55 88 53 100 87 
65 89 68 79 88 70 50 68 76 53 70 81 90 83 66 99 67 59 52 90 53 89 90 74 83 83 84 71 53 70 58 83 100 58 75 74 90 96 50 57 54 78 68 84 50 95 62 72 72 84 94 57 74 95 85 66 85 50 80 61 82 95 88 92 71 76 74 78 94 95 74 53 96 57 71 52 97 52 98 98 92 70 89 75 67 97 52 50 58 57 52 63 55 70 71 98 93 63 80 51 56 91 52 78 61 91 66 59 51 96 61 72 62 90 99 97 62 74 74 59 100 50 84 98 71 52 74 90 93 83 93 72 86 96 95 90 73 89 58 58 53 56 90 97 91 64 61 94 74 85 79 57 80 55 90 57 70 71 53 58 94 86 93 96 57 53 99 52 99 50 97 69 60 75 83 96 88 95 84 65 95 99 64 83 62 88 89 79 88 99 66 77 80 73 70 94 80 99 50 96 
86 77 73 63 65 72 78 59 52 62 55 60 74 77 65 76 52 63 98 93 51 95 58 92 50 62 77 85 79 60 77 67 52 84 87 81 90 94 56 80 53 90 76 51 87 54 54 68 73 68 69 70 53 64 77 99 79 92 67 97 50 76 69 58 59 84 99 82 71 85 64 72 94 72 100 63 97 56 90 73 73 85 93 55 99 50 80 59 69 88 69 52 56 90 98 81 73 83 78 51 73 78 53 71 100 62 72 57 85 51 92 73 81 78 73 54 66 76 75 87 91 57 52 52 83 80 86 70 61 71 61 74 57 51 67 98 70 63 76 56 80 74 61 67 50 88 74 71 77 63 95 75 71 59 54 56 79 80 72 72 90 84 67 79 90 85 62 90 69 94 67 84 68 82 57 94 63 89 65 66 55 73 100 98 98 91 75 82 75 77 100 99 84 73 57 87 99 85 73 72 
64 77 93 68 89 98 77 88 87 94 56 94 72 68 96 77 97 77 53 97 82 80 97 71 77 73 55 80 62 60 57 77 51 97 80 98 89 86 96 72 64 96 98 73 73 93 53 66 82 99 100 98 75 68 74 66 75 59 79 87 53 79 68 58 76 96 97 73 59 87 99 96 80 62 90 88 65 70 82 80 84 97 66 67 52 77 59 83 94 54 91 77 74 87 93 63 98 81 78 100 72 72 59 54 81 61 64 84 88 98 90 81 74 72 92 92 56 53 52 78 66 59 72 59 59 50 52 82 85 78 62 70 80 65 89 69 95 70 71 86 69 72 82 51 69 56 67 90 67 86 51 54 70 89 59 50 63 65 51 52 98 67 100 61 83 62 100 80 55 97 63 68 99 87 68 97 56 50 92 78 94 84 88 61 98 53 89 58 96 79 71 70 59 74 53 51 93 93 92 64 
95 76 75 59 80 99 69 58 67 89 53 54 80 78 56 70 94 93 72 96 75 88 95 94 81 96 78 100 91 65 53 87 79 74 68 71 59 50 64 85 56 70 55 94 70 65 64 88 81 93 58 55 50 93 54 92 77 95 96 52 89 87 92 71 59 68 64 74 66 57 54 88 100 91 91 59 92 80 66 74 94 79 51 68 96 71 86 58 85 97 86 89 93 93 73 50 70 73 56 88 73 75 58 57 81 64 79 73 65 63 71 58 62 97 64 50 72 72 59 77 98 63 80 95 57 84 90 91 86 78 66 73 92 53 87 71 67 76 90 95 94 79 53 96 66 61 84 55 56 91 67 86 64 69 91 72 83 54 83 86 68 80 70 100 71 76 88 90 99 70 92 94 90 85 79 87 62 88 90 86 77 67 85 77 95 83 99 95 89 79 95 51 84 87 55 73 81 74 50 98 
56 95 94 90 65 85 85 63 87 52 59 94 99 97 51 86 78 53 61 85 93 65 66 53 95 90 81 55 71 51 62 74 79 68 55 55 58 75 97 82 59 51 92 90 100 94 75 63 56 97 98 66 81 78 81 79 82 71 52 79 83 92 75 58 84 55 74 80 51 61 50 56 60 51 85 72 94 89 61 61 86 96 89 73 96 94 80 73 93 93 99 71 82 72 88 70 62 67 85 72 62 57 92 92 66 70 84 61 81 60 66 59 53 86 65 70 88 55 73 50 72 78 74 52 51 62 93 97 92 94 100 57 54 93 68 67 58 98 83 74 54 92 58 86 55 78 82 79 87 77 63 68 52 97 62 60 65 79 73 94 69 75 67 98 54 60 67 63 84 88 65 75 55 96 64 82 53 94 62 55 75 55 74 89 69 70 70 84 99 87 61 70 64 55 68 59 90 86 96 95 
80 87 60 62 66 66 99 72 92 55 77 67 76 83 90 76 51 80 78 89 58 84 88 65 55 71 67 59 88 86 78 51 68 97 63 53 80 76 67 53 59 90 82 71 53 56 57 61 75 94 99 100 67 79 87 96 94 72 81 93 54 83 55 93 55 59 63 94 77 97 74 87 97 95 64 60 98 86 82 51 100 98 74 57 92 86 71 94 57 76 100 87 51 62 92 89 69 64 85 63 67 53 76 95 50 95 54 85 68 80 50 81 54 72 61 72 70 82 77 99 83 71 54 70 73 94 58 76 53 61 74 64 59 74 69 63 100 69 95 89 61 54 93 59 57 100 84 76 51 62 71 88 66 83 63 90 87 70 72 80 85 68 80 72 64 58 61 61 66 86 62 50 84 96 97 75 59 88 92 53 92 67 98 63 98 75 84 97 64 60 62 67 52 70 99 96 69 88 73 70 
61 68 52 57 71 90 88 71 63 76 56 76 56 59 63 81 88 73 58 75 69 74 62 89 85 75 92 86 92 67 54 52 68 69 84 97 93 63 91 93 92 91 85 59 76 82 96 71 68 65 80 53 74 76 96 96 62 90 82 55 87 85 51 80 97 88 75 79 66 94 70 62 55 72 96 81 83 80 94 72 54 100 87 68 75 91 65 74 83 91 70 66 70 71 83 51 82 74 88 72 81 81 100 65 58 78 78 57 73 68 83 93 60 86 69 61 69 90 51 90 62 85 99 82 71 75 92 79 60 52 82 65 59 95 66 92 96 81 63 98 93 56 52 59 81 99 86 60 82 75 97 83 70 95 88 88 73 94 100 56 100 50 75 60 78 76 69 51 90 57 79 92 53 62 68 60 63 50 65 89 98 80 50 99 71 53 75 99 60 51 53 66 86 57 66 65 99 92 98 87 
85 70 64 69 63 50 97 64 68 95 88 100 94 99 52 68 55 80 77 68 99 88 96 56 79 61 86 56 92 68 60 63 52 50 58 56 75 79 66 98 69 86 80 71 51 70 75 78 96 66 99 100 59 93 69 90 55 86 89 72 68 94 87 63 90 55 66 68 83 70 57 97 53 56 92 88 85 81 65 54 78 85 89 50 60 79 70 96 97 90 78 75 96 56 64 53 80 99 64 71 93 71 97 66 81 88 58 69 52 93 61 73 50 90 87 85 60 77 59 98 94 96 61 51 55 92 63 50 92 57 50 72 90 79 94 61 73 78 67 71 99 99 56 69 98 85 67 80 75 64 57 57 50 89 75 76 67 69 79 82 50 72 96 61 68 56 69 69 91 81 96 90 67 81 97 61 50 93 56 89 81 54 90 77 75 87 75 84 77 54 71 67 88 60 74 73 93 99 78 57 
92 70 79 60 63 97 63 71 87 59 79 82 100 57 67 78 58 56 83 66 85 83 51 74 96 98 87 85 82 98 52 77 76 62 73 99 70 52 95 58 66 84 87 80 66 84 66 65 76 99 95 53 67 95 97 82 65 70 67 65 60 55 68 79 99 92 63 92 56 55 91 64 92 54 61 75 92 77 75 78 57 72 94 58 71 100 93 65 57 56 87 97 75 95 74 61 59 90 80 53 65 66 65 80 57 55 81 64 85 100 67 87 92 68 52 51 76 100 89 66 89 90 65 60 79 60 69 87 98 82 67 99 91 66 98 95 80 82 67 56 51 98 91 55 65 51 81 63 93 54 64 62 71 66 73 74 89 83 65 71 52 85 56 86 69 65 84 64 52 52 93 98 90 95 100 100 82 86 66 79 83 62 89 83 84 66 76 86 76 77 94 92 100 68 67 66 67 65 50 86 
81 63 89 74 95 70 79 83 61 100 56 54 80 97 64 71 61 58 97 68 66 56 90 69 97 72 62 76 81 95 57 76 98 92 90 81 75 65 88 92 82 75 64 98 66 67 50 55 55 50 86 58 88 50 82 67 56 98 58 87 53 84 92 60 69 74 99 66 86 62 85 71 51 86 98 82 78 78 95 54 100 84 83 62 75 71 90 60 55 60 68 93 60 65 51 53 75 91 100 81 80 51 97 76 55 66 50 98 82 99 99 78 60 71 76 52 86 67 79 92 76 95 92 87 63 70 60 68 84 80 80 75 82 70 50 68 66 60 96 94 61 53 85 99 52 58 94 50 87 98 60 91 81 95 84 75 66 56 89 69 61 65 67 73 81 58 72 76 74 63 83 64 58 75 100 87 52 58 92 74 53 82 82 84 83 76 56 84 87 81 66 92 98 68 71 71 62 51 62 65 
58 53 81 71 54 86 97 70 84 58 74 75 75 88 91 80 96 65 62 79 81 69 89 55 50 93 52 78 63 76 60 90 83 55 77 92 94 61 91 72 92 50 72 51 58 71 52 88 96 96 66 85 52 82 62 70 76 82 52 71 84 90 55 90 62 82 86 72 100 86 53 83 76 94 70 58 51 77 61 68 70 85 95 55 55 80 79 71 100 69 86 94 59 99 74 80 58 60 85 95 57 78 98 97 91 68 74 72 76 56 82 92 74 84 51 92 98 68 80 92 83 96 51 68 60 52 93 54 83 93 91 99 79 76 80 97 82 85 92 61 88 55 67 100 80 63 98 67 85 65 80 89 74 72 100 66 68 68 59 89 93 87 58 97 77 100 59 81 54 51 100 86 55 70 75 95 66 62 92 61 76 86 99 67 52 52 89 57 97 58 89 51 99 81 62 98 51 94 58 70 
77 84 66 63 57 95 79 74 51 57 57 83 87 54 50 73 54 77 53 97 59 66 95 64 98 67 96 65 97 82 91 55 71 87 96 90 99 81 67 65 84 51 99 98 51 83 97 90 78 68 77 91 81 64 96 92 84 53 88 100 79 62 95 77 56 53 65 82 91 69 99 52 87 64 83 50 72 62 91 68 69 97 80 55 97 79 91 60 94 72 86 62 89 57 55 89 75 98 56 72 90 75 96 84 83 84 64 88 87 66 73 73 66 54 85 94 70 55 88 100 61 67 97 76 84 73 52 80 78 61 97 67 70 88 66 58 62 55 85 89 50 70 59 91 52 70 60 79 67 89 96 53 76 92 53 92 85 69 76 77 82 87 99 65 91 64 68 90 100 63 57 83 67 52 96 91 100 56 70 73 80 65 70 63 54 88 96 63 65 79 54 99 61 86 72 71 88 95 89 76 
90 88 91 96 92 52 85 94 93 72 78 50 100 91 94 60 76 87 63 72 87 98 57 85 77 72 61 87 100 81 75 64 86 71 69 57 91 91 78 74 84 62 93 73 58 80 61 68 91 100 53 91 84 54 83 53 61 71 93 60 100 82 53 71 74 79 92 63 65 64 70 90 63 94 90 60 90 78 62 54 79 90 85 71 91 57 94 79 88 64 53 60 83 53 89 97 57 96 89 50 54 95 89 83 74 69 51 74 99 99 64 77 99 71 99 76 87 75 98 99 80 100 97 75 65 55 100 64 62 77 95 61 50 78 97 62 96 98 81 73 65 88 66 81 56 95 97 55 74 80 76 52 66 51 76 92 51 78 94 53 93 58 72 94 96 56 58 79 100 94 89 90 78 59 96 52 62 56 79 88 53 78 54 71 58 58 84 73 72 74 94 68 83 67 98 82 99 63 64 95 
58 75 84 86 57 93 79 88 58 63 75 96 64 94 99 50 94 51 56 68 98 95 73 57 52 69 90 59 70 59 88 65 62 64 80 92 77 61 89 79 94 93 86 59 87 65 63 93 54 66 83 58 81 54 72 92 59 84 57 62 78 86 94 68 56 86 77 79 99 91 69 74 89 84 70 62 88 97 79 75 51 100 68 55 92 75 95 98 53 55 84 71 96 62 67 76 71 52 60 69 50 56 74 89 93 66 91 72 88 77 87 65 76 56 83 77 92 67 84 96 76 84 55 94 59 60 51 54 80 57 88 100 55 64 77 63 63 95 74 91 87 77 85 66 92 79 66 74 85 79 55 83 68 89 56 81 92 69 65 66 91 72 86 94 96 100 83 52 72 99 51 95 92 77 82 97 82 70 51 94 91 100 97 66 95 51 50 56 80 59 93 73 76 77 68 70 69 73 97 64 
97 59 89 68 100 94 100 93 97 84 55 76 64 82 66 71 93 50 81 56 77 93 51 76 100 52 82 65 71 100 62 80 52 90 78 79 84 69 53 78 92 89 98 89 96 51 53 54 57 75 97 79 62 61 77 100 72 57 89 96 95 55 83 53 71 90 87 71 93 99 79 69 61 80 50 78 76 63 82 90 73 70 92 98 60 78 95 52 89 82 64 72 75 70 58 60 63 89 81 56 64 74 88 74 72 59 50 64 98 56 61 71 72 69 78 63 57 96 97 60 97 94 61 64 78 62 63 67 89 96 67 64 75 72 78 96 71 85 52 91 54 88 80 91 78 76 69 56 99 70 63 51 83 88 59 70 54 52 64 62 68 57 99 73 61 80 72 51 61 100 92 69 71 90 64 73 65 99 60 87 76 66 73 58 82 86 68 59 65 50 95 91 54 75 78 100 77 64 59 100 
59 72 97 69 84 74 79 81 56 99 97 77 67 62 86 78 79 67 83 83 96 93 86 52 97 100 51 83 83 95 95 89 83 74 97 77 80 58 56 91 55 93 96 72 94 92 72 89 84 62 57 89 94 80 85 91 67 70 56 59 88 73 73 51 50 94 89 63 55 90 79 96 50 62 96 60 72 57 96 77 90 74 95 86 96 81 60 54 74 74 50 96 82 59 87 84 85 60 64 99 63 87 88 51 62 80 87 53 53 76 98 100 87 63 93 70 98 100 64 68 87 62 96 53 68 89 80 51 54 70 75 78 81 69 51 87 61 54 52 100 70 84 76 87 66 93 56 94 87 96 72 93 100 89 97 51 62 67 98 78 72 74 64 55 93 60 65 95 97 85 84 68 53 82 56 69 82 90 64 95 79 92 85 59 86 53 52 57 77 99 91 91 85 95 64 53 58 70 83 62 
60 75 95 83 78 79 75 64 50 92 65 54 76 68 96 59 80 82 78 79 56 73 60 68 96 86 99 83 52 61 71 68 80 86 98 70 82 54 85 99 83 77 83 71 95 57 67 96 100 53 64 69 75 65 95 60 85 98 85 98 61 62 84 62 69 75 95 77 52 90 81 79 57 52 66 54 51 60 56 75 76 85 61 68 80 82 64 74 61 95 74 95 62 71 65 90 97 57 60 84 92 85 97 56 66 83 85 78 63 92 90 76 99 100 50 88 80 86 77 85 81 56 55 54 76 98 71 87 98 73 59 88 95 51 57 100 54 97 78 75 92 85 91 64 100 84 84 87 79 96 73 96 99 89 98 89 96 73 92 55 78 86 61 62 69 52 63 81 65 59 92 72 94 79 54 78 77 50 87 71 55 91 69 93 76 50 80 84 58 81 76 97 86 81 74 91 67 78 99 52 
53 71 97 82 95 92 80 69 81 74 83 85 91 96 95 60 51 90 85 74 56 96 90 84 81 79 81 81 78 86 88 82 84 62 57 69 62 90 99 51 75 64 81 92 81 53 68 74 53 51 60 89 74 88 70 64 97 50 84 74 83 81 50 55 69 98 100 65 100 67 61 97 93 94 81 84 51 70 80 56 59 83 60 64 59 74 74 61 100 96 92 95 56 92 92 86 91 54 63 58 95 96 94 97 83 83 60 77 79 76 81 95 85 64 73 99 51 63 66 57 95 72 73 87 57 73 95 63 76 75 66 75 82 82 53 54 61 66 83 88 84 53 75 93 80 68 84 100 99 55 84 80 55 65 84 83 53 82 99 97 93 97 75 63 52 83 61 89 59 71 52 56 83 91 76 53 73 89 61 75 96 52 87 50 72 68 78 53 95 87 52 55 72 97 64 93 96 81 95 98 
99 100 78 58 97 73 80 99 73 67 59 55 95 93 63 100 63 80 66 65 100 68 92 62 71 80 94 98 99 78 85 89 70 56 78 99 55 60 74 88 92 70 96 52 53 64 74 51 92 56 54 99 91 98 61 95 60 73 61 51 63 84 55 86 90 82 98 60 57 74 57 84 57 55 96 85 81 68 81 63 61 72 52 78 68 68 52 69 63 88 82 81 84 56 69 77 98 66 96 81 55 98 94 65 94 88 82 90 70 90 79 75 76 78 99 53 61 86 94 62 61 90 98 93 55 57 94 88 54 60 60 97 79 61 84 80 97 94 62 69 94 95 56 60 84 98 62 55 81 89 52 53 76 71 65 81 75 53 79 64 98 72 91 80 87 71 85 56 68 81 87 77 87 62 95 79 98 98 66 92 76 100 74 65 87 56 84 65 67 58 68 100 71 94 63 69 89 93 50 64 
93 83 94 89 83 94 98 76 57 87 56 71 80 57 100 52 87 96 70 58 74 83 94 65 55 67 58 79 79 55 55 61 84 89 77 72 58 73 82 68 62 96 86 50 54 81 68 58 90 98 87 72 62 55 61 78 67 59 78 100 83 85 62 93 50 62 90 73 84 64 59 97 82 98 58 71 66 99 90 52 87 79 60 56 61 61 78 58 78 91 97 99 88 84 59 79 69 76 62 87 88 93 83 82 58 79 84 94 59 61 53 87 87 68 69 70 62 77 92 86 60 81 68 51 68 58 88 64 62 64 95 50 75 80 71 57 59 62 58 92 79 58 82 66 96 60 55 50 98 64 92 83 55 100 79 56 52 80 50 83 75 95 89 91 74 82 52 94 57 93 50 74 77 57 95 92 51 97 79 72 87 100 58 96 55 52 77 70 89 83 96 74 100 76 71 95 74 99 90 66 
92 78 65 65 57 97 70 84 89 90 97 97 98 83 89 60 50 62 62 79 90 70 62 80 97 55 51 73 79 74 68 60 76 90 92 53 54 88 71 68 76 88 62 76 59 88 73 58 73 83 96 63 91 93 96 77 52 90 50 50 55 99 92 79 87 66 71 87 55 91 62 90 74 54 73 59 69 84 66 50 87 98 59 73 59 51 72 68 68 65 72 97 79 93 74 61 81 83 67 82 79 53 82 51 71 81 94 100 90 78 95 50 75 83 69 78 56 70 79 58 97 83 79 91 99 100 96 78 95 97 60 50 51 88 53 77 69 83 88 73 56 67 91 84 58 80 63 87 88 88 58 52 67 91 77 50 62 79 90 58 54 79 77 76 72 67 91 55 77 95 72 89 61 84 86 56 51 74 67 55 55 100 75 58 62 85 91 50 56 76 98 82 65 51 80 100 65 51 78 76 
59 83 89 64 62 57 58 80 73 99 55 50 92 70 97 99 95 97 71 75 97 73 58 67 97 70 70 99 62 100 78 93 81 55 54 71 96 97 59 85 78 82 89 95 75 79 59 60 70 58 50 99 55 85 65 91 94 51 92 68 71 51 83 76 66 72 80 87 98 97 92 65 88 65 83 93 51 66 73 63 81 51 95 66 67 98 73 90 83 99 89 73 56 94 93 55 94 82 71 56 98 53 81 57 52 89 74 61 75 67 86 90 97 95 84 93 62 92 52 76 52 58 78 81 75 81 52 96 62 87 100 75 96 70 89 91 58 78 76 88 62 92 72 96 93 66 71 85 71 73 94 71 58 55 87 85 74 89 91 67 88 99 87 66 57 52 93 57 96 99 71 78 70 50 72 95 77 58 54 52 79 63 91 68 81 72 58 86 60 70 71 72 54 55 95 56 87 65 65 67 
81 67 75 79 73 64 74 62 61 66 60 72 77 91 55 65 54 96 51 51 81 73 94 67 55 52 91 59 83 53 79 57 54 63 76 84 61 60 98 72 67 94 83 66 76 99 83 78 71 88 89 64 94 80 72 70 82 99 67 84 68 53 68 61 62 81 59 64 61 98 61 92 71 58 91 85 85 88 76 85 71 80 56 97 60 87 90 82 60 99 87 75 81 88 61 97 88 100 89 95 90 75 100 82 75 53 93 55 53 84 85 56 50 73 61 55 53 58 96 55 81 75 70 58 63 53 97 93 84 71 52 60 82 59 77 60 67 61 83 72 83 84 67 72 51 77 68 86 82 87 63 60 97 52 60 57 88 60 58 70 100 85 88 51 91 85 56 97 94 96 54 95 69 98 98 86 92 89 52 83 75 94 56 94 63 55 100 77 53 92 100 53 58 88 57 87 56 56 92 72 
65 56 72 97 61 69 57 90 78 73 92 67 54 99 57 78 53 92 63 52 89 95 65 81 59 78 70 67 51 90 99 81 61 54 50 100 75 94 79 92 61 89 55 74 62 74 93 91 55 94 77 63 77 74 58 80 87 76 88 66 59 80 55 83 75 65 57 57 100 88 51 76 75 95 86 84 92 65 76 62 67 78 63 93 88 92 58 72 55 53 52 74 53 53 70 51 87 74 81 96 99 52 99 96 74 75 93 51 69 64 66 86 55 75 100 97 96 58 66 77 87 84 90 91 86 82 95 83 80 75 87 97 65 65 79 78 89 91 84 60 78 77 84 73 81 97 82 76 99 65 75 68 79 97 57 69 86 58 51 51 94 81 69 76 70 68 63 73 97 79 73 82 78 93 78 77 89 50 51 72 73 81 53 79 88 78 73 98 67 74 60 97 71 55 58 55 78 93 100 94 
69 63 58 95 97 93 70 95 89 62 100 97 81 93 62 84 60 63 76 51 69 80 90 63 75 83 97 95 68 76 94 52 75 72 81 75 55 82 65 88 71 95 64 84 69 80 56 95 86 55 66 96 75 73 55 90 70 52 97 67 55 59 99 77 88 56 55 68 77 90 92 65 81 79 98 94 76 61 68 50 98 94 64 89 99 70 80 91 94 88 79 66 58 83 93 92 59 80 52 93 67 83 94 66 84 69 63 68 87 73 60 68 76 53 94 97 87 50 84 50 63 64 56 77 58 65 52 70 80 56 83 64 95 61 83 60 65 59 85 74 66 66 86 100 59 78 68 59 60 64 82 100 71 55 66 56 81 73 74 66 59 83 86 95 87 93 94 68 89 88 50 84 69 76 59 84 60 89 72 98 73 87 68 84 94 69 59 90 62 69 89 90 75 79 78 87 61 91 59 97 
70 57 99 80 60 66 87 61 79 51 67 73 74 61 84 97 50 77 92 70 81 62 80 95 84 84 52 89 90 72 75 54 68 79 54 86 95 74 59 61 55 61 70 75 52 61 87 94 51 94 78 79 92 96 78 62 78 92 64 59 67 68 94 87 50 57 86 71 55 68 80 64 81 53 65 92 51 72 67 52 64 58 53 86 86 85 82 53 91 55 73 51 88 86 67 91 64 97 84 80 58 66 98 73 76 96 90 98 82 80 60 56 61 70 59 99 71 50 54 96 60 98 69 79 63 90 56 64 73 73 70 96 66 57 97 88 61 78 57 55 82 60 62 69 61 84 90 77 75 69 59 83 65 74 51 78 71 71 77 84 87 76 70 56 91 82 95 78 72 65 60 61 88 73 92 64 76 57 63 98 99 73 66 94 100 53 52 98 99 71 64 75 72 84 53 90 87 68 59 68 
55 84 83 76 99 70 53 96 64 85 74 66 63 66 76 71 76 98 63 100 67 88 86 84 51 76 58 86 78 62 67 62 74 79 58 100 61 86 77 93 65 77 74 87 65 56 61 99 89 74 85 86 51 99 80 87 76 86 92 57 96 81 68 78 69 96 63 82 95 72 74 69 63 97 98 75 89 68 87 59 92 52 58 99 97 88 62 69 76 56 67 83 71 96 97 65 90 74 64 94 88 51 80 91 85 74 75 78 94 62 79 61 79 69 84 78 86 84 63 51 94 62 54 97 89 74 60 73 57 78 63 52 81 77 66 74 51 82 71 88 84 58 55 86 70 96 87 69 82 56 73 95 96 52 83 68 69 98 100 88 55 86 97 61 97 70 70 63 50 69 87 99 54 66 61 80 75 100 87 68 86 57 60 80 91 88 68 70 68 79 62 58 79 85 79 52 73 93 61 54 
92 98 92 74 63 53 93 59 97 59 79 64 78 95 64 80 61 92 56 90 83 61 97 82 75 76 58 66 62 94 85 89 60 82 85 85 62 80 51 80 58 58 97 85 86 93 85 56 81 70 77 95 83 87 60 99 62 60 76 96 54 53 92 64 81 82 97 65 91 67 80 83 79 72 72 96 97 53 95 79 50 83 57 83 50 90 96 51 50 76 57 75 86 84 69 79 58 68 59 84 55 57 90 52 73 94 90 51 89 90 77 56 52 75 54 61 73 88 67 55 64 53 72 52 56 79 66 54 51 99 86 52 86 92 52 95 75 58 98 81 88 82 75 84 61 96 100 56 89 69 57 81 67 64 73 99 59 71 66 94 69 59 65 78 79 83 83 85 82 92 77 89 55 92 73 65 73 92 68 79 52 81 87 92 94 68 56 56 58 100 90 91 55 75 74 62 91 78 97 87 
87 68 74 53 65 97 54 83 52 84 76 76 53 62 54 62 88 69 99 63 52 100 52 72 65 70 53 89 65 63 74 94 64 59 91 51 92 50 79 75 93 57 57 53 57 65 84 81 67 54 67 91 74 73 85 95 69 85 61 58 52 50 56 100 67 95 72 60 86 57 52 62 77 65 65 51 55 50 100 92 95 63 65 99 63 62 80 91 99 89 90 98 55 76 83 99 96 54 50 92 69 52 80 77 64 69 59 68 80 82 84 68 90 63 51 80 76 76 84 74 100 92 87 53 77 98 93 99 95 93 56 64 75 81 80 78 64 80 82 94 93 59 60 86 87 68 96 62 53 97 59 84 67 98 87 56 77 87 52 59 83 93 62 91 75 93 87 86 68 95 54 86 82 71 51 74 93 93 88 56 85 64 63 91 82 79 84 61 88 81 53 93 80 61 96 71 69 78 71 87 
